runtime, mean, median, std, 2%, 5%, 10%, 25%, 50%, 75%, 90%, 95%, 98%
100,-74.0,-71.0,11.3754120804479,-90.82,-90.55,-90.1,-84.75,-71.0,-65.75,-59.9,-59.45,-59.18
200,-82.8,-83.5,10.897706180660222,-98.64,-98.1,-97.2,-90.75,-83.5,-72.25,-71.5,-69.25,-67.9
300,-91.6,-94.0,11.560276813294742,-107.46,-106.65,-105.3,-98.5,-94.0,-84.25,-73.0,-73.0,-73.0
400,-106.6,-106.5,12.451505933018705,-125.0,-125.0,-125.0,-113.75,-106.5,-97.5,-94.80000000000001,-89.4,-86.16
500,-117.6,-114.5,10.60377291344925,-132.82,-132.55,-132.1,-125.0,-114.5,-113.25,-106.9,-101.95000000000002,-98.97999999999999
600,-125.6,-129.0,8.834025130143111,-135.46,-134.65,-133.3,-132.75,-129.0,-117.5,-113.6,-111.80000000000001,-110.72
700,-131.6,-129.0,12.650691680694775,-159.04,-153.1,-143.2,-135.0,-129.0,-124.25,-122.10000000000001,-118.05000000000001,-115.62
800,-140.4,-140.0,14.71189994528239,-162.28,-161.2,-159.4,-153.75,-140.0,-125.5,-123.9,-123.45,-123.18
900,-148.0,-151.0,13.557285864065861,-167.92,-166.3,-163.6,-156.75,-151.0,-136.5,-130.5,-128.25,-126.9
1000,-159.8,-159.5,13.407460609675496,-179.46,-178.65,-177.3,-167.75,-159.5,-154.0,-138.9,-138.45,-138.18
1100,-165.8,-167.0,11.88949115816148,-182.74,-180.85,-177.7,-174.5,-167.0,-158.5,-151.9,-146.95000000000002,-143.98
1200,-169.0,-168.0,12.116104984688768,-186.46,-185.65,-184.3,-179.0,-168.0,-163.5,-152.5,-150.25,-148.9
1300,-171.6,-170.0,11.119352499134111,-186.82,-186.55,-186.1,-181.0,-170.0,-165.0,-156.7,-155.35,-154.54
1400,-180.2,-180.5,12.544321424453377,-197.1,-195.75,-193.5,-191.5,-180.5,-171.25,-167.70000000000002,-161.85000000000002,-158.34
1500,-184.4,-183.5,15.232859219463691,-213.58,-208.45,-199.9,-193.0,-183.5,-173.5,-169.2,-165.60000000000002,-163.44
1600,-187.0,-186.5,14.724129855444769,-213.76,-208.9,-200.8,-196.25,-186.5,-176.5,-172.8,-167.4,-164.16
1700,-189.0,-187.5,13.311649033834989,-213.94,-209.35,-201.7,-197.5,-187.5,-180.0,-173.6,-171.8,-170.72
1800,-190.2,-189.5,14.218298069740976,-217.58,-212.45,-203.9,-197.5,-189.5,-180.5,-173.6,-171.8,-170.72
1900,-191.8,-189.5,13.287588193498472,-217.58,-212.45,-203.9,-199.0,-189.5,-182.0,-177.6,-175.8,-174.72
2000,-192.4,-189.5,13.358143583597236,-217.76,-212.9,-204.8,-201.25,-189.5,-182.0,-179.4,-176.70000000000002,-175.07999999999998
2100,-192.6,-190.0,13.26046756340062,-217.76,-212.9,-204.8,-201.25,-190.0,-182.25,-179.4,-176.70000000000002,-175.07999999999998
2200,-192.8,-190.0,13.429817571359635,-218.12,-213.8,-206.6,-201.25,-190.0,-182.25,-179.4,-176.70000000000002,-175.07999999999998
2300,-193.4,-190.0,13.290598180668919,-218.48,-214.7,-208.4,-201.25,-190.0,-184.5,-180.3,-177.15,-175.26
2400,-193.6,-190.0,13.116401945655676,-218.48,-214.7,-208.4,-201.25,-190.0,-184.5,-182.1,-178.05,-175.62
2500,-195.0,-190.5,13.431306712304652,-219.02,-216.05,-211.1,-205.0,-190.5,-187.0,-183.0,-178.5,-175.8
2600,-195.4,-191.0,13.558761005342634,-219.38,-216.95,-212.9,-205.0,-191.0,-187.25,-183.0,-178.5,-175.8
2700,-195.6,-191.0,13.8144851514633,-219.74,-217.85,-214.7,-205.0,-191.0,-187.25,-183.0,-178.5,-175.8
2800,-195.8,-191.0,14.09113196304683,-220.1,-218.75,-216.5,-205.0,-191.0,-187.25,-183.0,-178.5,-175.8
2900,-196.0,-191.0,13.978555004005242,-220.1,-218.75,-216.5,-205.0,-191.0,-188.25,-183.0,-178.5,-175.8
3000,-196.2,-192.0,13.89100428334827,-220.1,-218.75,-216.5,-205.0,-192.0,-188.25,-183.0,-178.5,-175.8
3100,-196.2,-192.0,13.89100428334827,-220.1,-218.75,-216.5,-205.0,-192.0,-188.25,-183.0,-178.5,-175.8
3200,-196.2,-192.0,13.89100428334827,-220.1,-218.75,-216.5,-205.0,-192.0,-188.25,-183.0,-178.5,-175.8
3300,-196.2,-192.0,13.89100428334827,-220.1,-218.75,-216.5,-205.0,-192.0,-188.25,-183.0,-178.5,-175.8
3400,-196.6,-192.0,14.249210504445502,-220.1,-218.75,-216.5,-208.0,-192.0,-188.25,-183.0,-178.5,-175.8
3500,-196.6,-192.0,14.249210504445502,-220.1,-218.75,-216.5,-208.0,-192.0,-188.25,-183.0,-178.5,-175.8
3600,-196.6,-192.0,14.249210504445502,-220.1,-218.75,-216.5,-208.0,-192.0,-188.25,-183.0,-178.5,-175.8
3700,-197.0,-192.0,14.832396974191326,-220.82,-220.55,-220.1,-208.0,-192.0,-188.25,-183.0,-178.5,-175.8
3800,-198.0,-193.5,15.224979474534605,-223.46,-222.65,-221.3,-208.0,-193.5,-189.5,-183.0,-178.5,-175.8
3900,-198.0,-193.5,15.224979474534605,-223.46,-222.65,-221.3,-208.0,-193.5,-189.5,-183.0,-178.5,-175.8
4000,-198.0,-193.5,15.224979474534605,-223.46,-222.65,-221.3,-208.0,-193.5,-189.5,-183.0,-178.5,-175.8
4100,-198.0,-193.5,15.224979474534605,-223.46,-222.65,-221.3,-208.0,-193.5,-189.5,-183.0,-178.5,-175.8
4200,-198.0,-193.5,15.224979474534605,-223.46,-222.65,-221.3,-208.0,-193.5,-189.5,-183.0,-178.5,-175.8
4300,-198.0,-193.5,15.224979474534605,-223.46,-222.65,-221.3,-208.0,-193.5,-189.5,-183.0,-178.5,-175.8
4400,-198.0,-193.5,15.224979474534605,-223.46,-222.65,-221.3,-208.0,-193.5,-189.5,-183.0,-178.5,-175.8
4500,-198.0,-193.5,15.224979474534605,-223.46,-222.65,-221.3,-208.0,-193.5,-189.5,-183.0,-178.5,-175.8
4600,-198.0,-193.5,15.224979474534605,-223.46,-222.65,-221.3,-208.0,-193.5,-189.5,-183.0,-178.5,-175.8
4700,-198.2,-193.5,15.406492138056604,-223.46,-222.65,-221.3,-209.5,-193.5,-189.5,-183.0,-178.5,-175.8
4800,-198.2,-193.5,15.406492138056604,-223.46,-222.65,-221.3,-209.5,-193.5,-189.5,-183.0,-178.5,-175.8
4900,-198.2,-193.5,15.406492138056604,-223.46,-222.65,-221.3,-209.5,-193.5,-189.5,-183.0,-178.5,-175.8
5000,-198.2,-193.5,15.406492138056604,-223.46,-222.65,-221.3,-209.5,-193.5,-189.5,-183.0,-178.5,-175.8
5100,-198.2,-193.5,15.406492138056604,-223.46,-222.65,-221.3,-209.5,-193.5,-189.5,-183.0,-178.5,-175.8
5200,-198.8,-193.5,14.695577566057075,-223.46,-222.65,-221.3,-209.5,-193.5,-191.0,-183.4,-180.70000000000002,-179.07999999999998
5300,-198.8,-193.5,14.695577566057075,-223.46,-222.65,-221.3,-209.5,-193.5,-191.0,-183.4,-180.70000000000002,-179.07999999999998
5400,-198.8,-193.5,14.695577566057075,-223.46,-222.65,-221.3,-209.5,-193.5,-191.0,-183.4,-180.70000000000002,-179.07999999999998
5500,-199.2,-194.5,14.531345429794174,-223.46,-222.65,-221.3,-209.5,-194.5,-191.5,-183.4,-180.70000000000002,-179.07999999999998
5600,-199.4,-194.5,14.540976583434828,-223.46,-222.65,-221.3,-210.0,-194.5,-191.5,-183.4,-180.70000000000002,-179.07999999999998
5700,-200.0,-194.5,14.717336715588184,-223.46,-222.65,-221.3,-211.5,-194.5,-191.5,-183.4,-180.70000000000002,-179.07999999999998
5800,-200.0,-194.5,14.717336715588184,-223.46,-222.65,-221.3,-211.5,-194.5,-191.5,-183.4,-180.70000000000002,-179.07999999999998
5900,-200.0,-194.5,14.717336715588184,-223.46,-222.65,-221.3,-211.5,-194.5,-191.5,-183.4,-180.70000000000002,-179.07999999999998
6000,-200.2,-194.5,14.427751037497147,-223.46,-222.65,-221.3,-211.5,-194.5,-191.5,-183.6,-181.8,-180.72
6100,-200.4,-195.0,14.34015341619468,-223.46,-222.65,-221.3,-211.5,-195.0,-191.75,-183.6,-181.8,-180.72
6200,-200.4,-195.0,14.34015341619468,-223.46,-222.65,-221.3,-211.5,-195.0,-191.75,-183.6,-181.8,-180.72
6300,-200.4,-195.0,14.34015341619468,-223.46,-222.65,-221.3,-211.5,-195.0,-191.75,-183.6,-181.8,-180.72
6400,-200.4,-195.0,14.34015341619468,-223.46,-222.65,-221.3,-211.5,-195.0,-191.75,-183.6,-181.8,-180.72
6500,-200.4,-195.0,14.34015341619468,-223.46,-222.65,-221.3,-211.5,-195.0,-191.75,-183.6,-181.8,-180.72
6600,-200.4,-195.0,14.34015341619468,-223.46,-222.65,-221.3,-211.5,-195.0,-191.75,-183.6,-181.8,-180.72
6700,-200.6,-196.0,14.277254638059798,-223.46,-222.65,-221.3,-211.5,-196.0,-191.75,-183.6,-181.8,-180.72
6800,-200.6,-196.0,14.277254638059798,-223.46,-222.65,-221.3,-211.5,-196.0,-191.75,-183.6,-181.8,-180.72
6900,-200.6,-196.0,14.277254638059798,-223.46,-222.65,-221.3,-211.5,-196.0,-191.75,-183.6,-181.8,-180.72
7000,-200.6,-196.0,14.277254638059798,-223.46,-222.65,-221.3,-211.5,-196.0,-191.75,-183.6,-181.8,-180.72
7100,-200.6,-196.0,14.277254638059798,-223.46,-222.65,-221.3,-211.5,-196.0,-191.75,-183.6,-181.8,-180.72
7200,-200.6,-196.0,14.277254638059798,-223.46,-222.65,-221.3,-211.5,-196.0,-191.75,-183.6,-181.8,-180.72
7300,-200.6,-196.0,14.277254638059798,-223.46,-222.65,-221.3,-211.5,-196.0,-191.75,-183.6,-181.8,-180.72
7400,-200.6,-196.0,14.277254638059798,-223.46,-222.65,-221.3,-211.5,-196.0,-191.75,-183.6,-181.8,-180.72
7500,-200.6,-196.0,14.277254638059798,-223.46,-222.65,-221.3,-211.5,-196.0,-191.75,-183.6,-181.8,-180.72
7600,-200.6,-196.0,14.277254638059798,-223.46,-222.65,-221.3,-211.5,-196.0,-191.75,-183.6,-181.8,-180.72
7700,-200.6,-196.0,14.277254638059798,-223.46,-222.65,-221.3,-211.5,-196.0,-191.75,-183.6,-181.8,-180.72
7800,-200.6,-196.0,14.277254638059798,-223.46,-222.65,-221.3,-211.5,-196.0,-191.75,-183.6,-181.8,-180.72
7900,-200.6,-196.0,14.277254638059798,-223.46,-222.65,-221.3,-211.5,-196.0,-191.75,-183.6,-181.8,-180.72
8000,-200.6,-196.0,14.277254638059798,-223.46,-222.65,-221.3,-211.5,-196.0,-191.75,-183.6,-181.8,-180.72
8100,-200.6,-196.0,14.277254638059798,-223.46,-222.65,-221.3,-211.5,-196.0,-191.75,-183.6,-181.8,-180.72
8200,-200.6,-196.0,14.277254638059798,-223.46,-222.65,-221.3,-211.5,-196.0,-191.75,-183.6,-181.8,-180.72
8300,-200.6,-196.0,14.277254638059798,-223.46,-222.65,-221.3,-211.5,-196.0,-191.75,-183.6,-181.8,-180.72
8400,-201.6,-199.0,13.915459029439166,-223.46,-222.65,-221.3,-211.5,-199.0,-194.25,-183.6,-181.8,-180.72
8500,-201.6,-199.0,13.915459029439166,-223.46,-222.65,-221.3,-211.5,-199.0,-194.25,-183.6,-181.8,-180.72
8600,-201.6,-199.0,13.915459029439166,-223.46,-222.65,-221.3,-211.5,-199.0,-194.25,-183.6,-181.8,-180.72
8700,-201.6,-199.0,13.915459029439166,-223.46,-222.65,-221.3,-211.5,-199.0,-194.25,-183.6,-181.8,-180.72
8800,-201.6,-199.0,13.915459029439166,-223.46,-222.65,-221.3,-211.5,-199.0,-194.25,-183.6,-181.8,-180.72
8900,-201.6,-199.0,13.915459029439166,-223.46,-222.65,-221.3,-211.5,-199.0,-194.25,-183.6,-181.8,-180.72
9000,-201.6,-199.0,13.915459029439166,-223.46,-222.65,-221.3,-211.5,-199.0,-194.25,-183.6,-181.8,-180.72
9100,-201.6,-199.0,13.915459029439166,-223.46,-222.65,-221.3,-211.5,-199.0,-194.25,-183.6,-181.8,-180.72
9200,-201.6,-199.0,13.915459029439166,-223.46,-222.65,-221.3,-211.5,-199.0,-194.25,-183.6,-181.8,-180.72
9300,-201.6,-199.0,13.915459029439166,-223.46,-222.65,-221.3,-211.5,-199.0,-194.25,-183.6,-181.8,-180.72
9400,-201.6,-199.0,13.915459029439166,-223.46,-222.65,-221.3,-211.5,-199.0,-194.25,-183.6,-181.8,-180.72
9500,-201.6,-199.0,13.915459029439166,-223.46,-222.65,-221.3,-211.5,-199.0,-194.25,-183.6,-181.8,-180.72
9600,-201.6,-199.0,13.915459029439166,-223.46,-222.65,-221.3,-211.5,-199.0,-194.25,-183.6,-181.8,-180.72
9700,-201.6,-199.0,13.915459029439166,-223.46,-222.65,-221.3,-211.5,-199.0,-194.25,-183.6,-181.8,-180.72
9800,-201.6,-199.0,13.915459029439166,-223.46,-222.65,-221.3,-211.5,-199.0,-194.25,-183.6,-181.8,-180.72
9900,-201.6,-199.0,13.915459029439166,-223.46,-222.65,-221.3,-211.5,-199.0,-194.25,-183.6,-181.8,-180.72
10000,-201.6,-199.0,13.915459029439166,-223.46,-222.65,-221.3,-211.5,-199.0,-194.25,-183.6,-181.8,-180.72
