64 2 3
0
46
57
1
19
57
2
27
59
3
13
41
4
21
55
5
30
51
1
6
9
7
25
48
8
9
59
8
9
33
10
29
45
11
17
54
12
25
38
9
13
32
14
24
44
15
17
36
9
16
59
17
36
41
18
50
54
14
19
48
0
20
56
9
21
59
6
22
46
19
23
28
6
24
47
11
16
25
5
24
26
2
27
48
28
30
49
29
31
32
6
30
42
31
56
60
32
50
62
17
33
35
28
34
60
6
12
35
2
22
36
28
36
37
1
29
38
34
39
56
30
40
55
41
54
56
12
42
57
0
43
53
9
44
56
7
21
45
14
46
53
41
44
47
7
37
48
41
49
55
47
50
59
4
42
51
28
52
57
1
48
53
12
40
54
29
43
55
3
23
56
31
54
57
8
27
58
14
53
59
37
43
60
12
13
61
10
11
62
7
60
63
0.4043783075968084
0.6064980193442643
0.9700777026359974
0.9261742276408166
0.6611446411283681
0.9360711166089373
0.8454510059449404
0.21057567397771848
0.08085623119365681
0.8248883642214494
0.7721597581863682
0.6428296684116507
0.5727678923598569
0.786769823508495
0.015572898992494477
0.13866935181189977
0.7088888621535476
0.8948559389310985
0.4668499849308517
0.8501640524484182
0.43126739097043765
0.38804182202419024
0.16973171145501298
0.9611426294976566
0.3808813276992653
0.16851694243699356
0.4975073017876336
0.1324870344438781
0.5390260619475031
0.8197943235308819
0.5981496348528993
0.12495653274973662
0.039800200824774645
0.31674711431328095
0.4199097401017531
0.706074685869914
0.28849028625170725
0.08439585785894899
0.5599613909171013
0.18668970326251177
0.4825856313285213
0.3374064690185852
0.687907669671607
0.9281158701126571
0.056034903549033954
0.018083521470228958
0.5582508574918517
0.31983750964146485
0.591907549659597
0.847208804667804
0.3965482903994638
0.680267227652076
0.6430981970263366
0.7659456560496487
0.10272289983888416
0.4607333947152076
0.02559472585690581
0.8947010266642744
0.26869813135285314
0.45408688399492647
0.0004639584990770995
0.21635240899983377
0.6777387065452398
0.6202010180861697
0.5980999204831707
0.7701167227673328
0.45280327850083857
0.9953336733856699
0.5087167451245872
0.7683878850066317
0.4889713898813003
0.6844465632511797
0.07410020734235157
0.9285704571735087
0.0921923976009289
0.0639412898996885
0.19335272299157624
0.7539461330594203
0.2966174329741219
0.30751910410349304
0.12971669906508076
0.660890677075409
0.5918874520852746
0.6808218253826758
0.15972450492813206
0.7302828209019606
0.2924932932176755
0.08208485986753233
0.32046669342538714
0.6505056244733018
0.021503041845345572
0.7030212529470783
0.5823500265147
0.9922259415722982
0.3745905435852436
0.9939849338449123
0.9522896932364487
0.7336467793131802
0.38705659873619613
0.35917469416011827
0.5543992045530812
0.5222077283331565
0.15055301925789022
0.7144642496333008
0.8634571899080338
0.2868759722398271
0.20706157922251722
0.19168612485778957
0.5403972485602241
0.6442200641268361
0.06068801394721046
0.031079468575202496
0.660859032600922
0.016920838715231756
0.4339837793183544
0.8005145295735903
0.8061849432985242
0.5489036649231332
0.36651983838610724
0.1448389567028029
0.5465899951075457
0.6194168124228492
0.8062805730748797
0.4306101253297179
0.43284609861574774
0.2638591550194628
0.338975391168154
0.2639408702469682
0.8455413346622098
0.3919818592521539
0.3896598857870741
0.2926700344982205
0.21604210842001526
0.582167697368549
0.732418778392973
0.48386621659288587
0.015868283108983694
0.06735499694952851
0.05208880280755057
0.00936384211136676
0.15268899213188292
0.5997492214789544
0.763489495628354
0.30289387764972586
0.7282418089396177
0.8448386201023561
0.14413396607586193
0.8328006430436189
0.7571934002942149
0.9100029673632484
0.2522114137149767
0.49731900331504486
0.5743731852218911
0.31775737840682206
0.40516501136179905
0.9931964852227441
0.2495660350286013
0.9452723555253617
0.6669048022342797
0.7455302244882238
0.40670333560838046
0.7264233171310519
0.6983677142716189
0.013693587835422183
0.9936643728711012
0.6593059345553565
0.24011976650712197
0.11379523388710144
0.8169079652218865
0.7538174923742804
0.5075319287966465
0.39999631013054837
0.22012341666773672
0.7164941013284327
0.4330282452726971
0.3423422380658464
0.16115735480680504
0.1575885165634413
0.8479192995675924
0.04599035127879991
0.7020269546841847
0.7312953375166727
0.446976731451469
0.896092227390258
0.39952416995968154
0.6557926875132273
0.8441087297941957
0.4616093269634921
0.4946822005381285
0.5506644834703333
0.09586558401869627
0.9643342997889695
0.18984752185374043
0.7133993848639959
0.4902649418738342
0.5426713970572622
0.5935693740030191
0.19634303034709777
0.5702285385544928
0.9761325325263109
0.8044077272690477
0.4226537541551044
0.6935279247348498
0.291457619711906
0.2199636085122555
0.28701129900828093
0.6504200786600735
0.19452641234097845
0.397602627712737
0.7039988426978661
0.6490475301895287
0.6470027879337638
0.16165043976737004
0.7624495657421565
0.8745166834356985
0.7562647927360019
0.9665027666377677
0.30291269491080863
0.9889937303474241
0.13915122490833176
0.06562654804383072
0.4278445400253885
0.6998349175480667
0.39420873601442463
0.12759005239530585
0.795057761565597
0.9241206074208106
0.45820612129220484
0.8144544222089056
0.28993436974575615
0.769065453618027
0.894076237087831
0.045645951877851476
0.834097322255335
0.20825257478443882
0.7821725721324941
0.04715361053077627
0.7675020265385306
0.959670021769456
0.8077734935326969
0.5827487957036197
0.21373221622673377
0.9981699433485504
0.8903772266682008
0.6041465978871678
0.33810314040659484
0.7622071284564648
0.627243017389974
0.35538579892045274
0.9377031365176121
0.4414602604507476
0.2826553225435767
0.5234696579331722
0.24135617776115637
0.832801050053694
0.9539694501459054
0.12966867904315593
0.024849450070679957
0.1853452848214927
0.3767577903368765
0.3647273109246697
0.219838701449371
0.21627747960015165
0.03904564137813615
0.39243167066911555
0.04897643778224359
0.42727341865965485
0.9773660919910173
0.8649813281814978
0.015598580761554626
0.5500866859776051
0.20458343616830055
0.3850496725621849
0.46022818383895936
0.8705031269725046
0.6107766803166681
0.6547468081693667
0.7346524032583588
0.19284824155540303
0.9720003737940188
0.5730426947407435
0.5751202275982737
0.5273750150376629
0.7088770755693649
0.09811822468698639
0.4377851287067368
0.8437066694190613
0.7053295390946837
0.5147318648313975
0.7830793142916799
0.5135689685285609
0.4479393006207346
0.03186263040275328
0.8247546644649468
0.20573215719320082
0.23516022660884084
0.36894913207543234
0.6837931376466313
0.07973328457775375
0.11702032699283327
0.7168567831943662
0.6910435007032095
0.9866063389226383
0.8877848627155647
0.32038978205980695
0.002339112784641162
0.6398449793448507
0.9378388420246812
0.652531361913285
0.127387028113231
0.9230167952117099
0.47828989781037046
0.5749162046565564
0.4459391279380359
0.5728066913838296
0.9547818628226445
0.12940975755354178
0.8566444627702714
0.41559756605752396
0.014570432338807615
0.6195401143362494
0.8245254761178095
0.9039159585198593
0.32013040813757876
0.04353067796391663
0.9007172523060833
0.6422021529409827
0.17629149521738285
0.6032589020990287
0.46917524600090155
0.4653403379450062
0.17476960533716102
0.8716554869423514
0.9670913412213752
0.13095724937112585
0.5273420305813314
0.8325035216892143
0.6961303418316988
0.3109275324984573
0.42012594330047304
0.8753738360569183
0.9357437361379946
0.44982303461093953
0.2706083665012444
0.7389173701003866
0.4743604456795545
0.7843221955593689
0.9126448636224768
0.22652907547387857
0.33316442717993866
0.009121843050124312
0.17422922125551854
0.28732505100908734
0.4194805293578233
0.41622563403246216
0.9598025882552711
0.35097194310023694
0.8496759435743214
0.834135229320711
0.3469278369172961
0.5777561758496046
0.1044919681079175
0.8332592835302036
0.6079714260710339
0.5158424975586333
0.35599541966553494
0.012409196228674757
0.35235250966975806
0.1093909510960388
0.14931445540134636
0.849029597501631
0.07336550517801965
0.6874648641424072
0.7300109917079812
0.17678213807210552
0.08989850367439867
0.1119161832717559
0.22849332120386578
0.1700138155015707
0.8302963984420529
0.04312930297913453
0.4659675893726746
0.6045482435672508
0.21322182022875424
0.31392207514350445
0.5612364184411601
0.483788051710507
0.9743736904735067
0.8937464076332141
0.03462861691868713
0.15019127017580125
0.6399209799394349
0.3994820648110381
0.8042265793846968
0.9209146754688053
0.23590158063195188
0.4456821725833928
0.1669275262548756
0.5202064817064825
0.608375896674463
0.8979275135486195
0.7203903350640645
0.5309713942216966
0.6722931221108728
0.22395177009173828
0.6900102394140654
0.9931084331151637
0.3946619937667999
0.47426499869037164
0.9003705890525275
0.2985680635875153
0.9691052662189433
0.21657047286094533
0.26579393688673847
0.058798542213369
0.3144820557255533
0.1463679925328898
0.7496511466660591
0.5681870949775593
0.8641748667435631
0.33818429936479155
0.07589381655330274
0.025510422232895902
0.23252841660308055
0.974819983622757
0.614926662181518
0.9499127113698711
0.6532852207370828
0.8745326361322037
0.8884075081354378
0.23924587329272173
0.59958511798375
0.18673232919835614
0.263067715882065
0.28979121154512744
0.43387368002619564
0.31707035609773515
0.9365521653568855
0.5708453988310945
0.8735059174005477
0.8816245933431607
0.6126453323000559
0.9711147154168898
0.562348039632575
0.6888604529972694
0.2055819299563334
0.850297547897829
0.6224019009294146
0.053740467088550625
0.7719414569730823
0.9813251352319157
0.3380621657180102
0.4461131134202926
0.6515039863138404
0.11873955927916113
0.11605892133028761
0.9720813499292904
0.9320454569585849
0.25822726661448236
0.38322667147376965
0.6513301281625272
0.26730108014246057
0.07376152481045029
0.5404232808485128
0.35695012638348533
0.3711453690082792
0.3269593064747387
0.476825244058974
0.524284175994359
0.28989358704810897
0.6794812959643688
0.3535013288374912
0.2922764595758036
0.7655300037380648
0.9948450578370006
0.1458067933514805
0.5322662931765262
0.7002096407252217
0.9200684975919653
0.8275907809828695
0.5910719232113686
0.37673358465961615
0.5110600212229489
0.7600098523034567
0.7808382801995936
0.5855501454709241
0.8568571497618339
0.4766407671106354
0.22925379502841792
0.608442808335949
0.8515369695107239
0.4475607453755961
0.07873157070880454
0.972299944086299
0.42371900720238587
0.04759095468212304
0.13735225688239627
0.2842479152901969
0.38705184996319
0.6947503019379069
0.6820460516584281
0.22685938197315536
0.4933441822383132
0.2761047098572986
0.5136215813604034
0.6423645239292434
0.6388481877296593
0.41917217865758216
0.5534381895634134
0.5633577180626319
0.19531149028782568
0.2652757423119697
0.5322994669554213
0.0719108618176687
0.7620997989451315
0.5579250897810578
0.871801009348773
0.12000355810732866
0.7647317529655077
0.06504462123057908
0.777458784368276
0.8904286057180237
0.49223854109448817
0.2970647984420579
0.07978423238184817
0.54471173907543
0.28656168167400153
0.055477961104889784
0.33330957685047646
0.9435015529421584
0.619491647165003
0.9198147886120346
0.06187527819052552
0.041361542908324056
0.5229123296079354
0.5281673914875235
0.7657766613848013
0.9279866631090409
0.38136543925815136
0.9548901672933289
0.46384439897491403
0.9321313586124984
0.06485440662257325
0.8927666550119674
0.5779056219120418
0.8116501260703866
0.26890191404414654
0.27498927131360373
0.890951303219702
0.7795129993325067
0.6884010538670631
0.6292886027554795
0.5909805543903548
0.5694723700402212
0.6668972034135101
0.4859732832659702
0.2949775442733873
0.738653132958194
0.19231665902381123
0.27388890852683656
0.8800530261283496
0.11866596983101396
0.6328710759091363
0.46456114298456186
0.28669031638590003
0.6160327997959657
0.6005406707173283
0.3437819462580163
0.25589959788754335
0.8554755271169637
0.8093327766042263
0.6260670137875061
0.9818676583881496
0.21870352543488936
0.6719291223824857
0.47356893896885544
0.8848509509509008
0.9429518731742154
0.8321097666247677
0.6304189646311568
0.6794819364843877
0.25377408226321874
0.9771505510575185
0.04741253061018025
0.2080073218099775
0.9897073710179793
0.47981785644921626
0.9865586698628148
0.21007244544335246
0.8345028940418966
0.233621749854367
0.2580377928747719
0.3873167649352336
0.6665876616245553
0.8623428087189774
0.6128825371886177
0.5075764924117949
0.8930763038439704
0.16436492929804314
0.776992165235049
0.05782330936484703
0.07147716297332607
0.06116346794133154
0.6447791377056643
0.028403751074632888
0.8746509571469155
0.8831639912283019
0.7408492055169984
0.9017524378307783
0.3578964804610022
0.5591540787432295
0.44633687591931737
0.7489876357803356
0.13061474092070158
0.06421050002632467
0.4715104274132943
0.28096786334159973
0.22352584836478673
0.8759506610613728
0.16979101137235586
0.4990656078165091
0.8579375985740795
0.1560627723683533
0.5469120699620658
0.9872141804614476
0.3064993685732007
0.2885066722161155
0.9108553564546992
0.6462870613676371
0.30829538079026897
0.9384057519652473
0.2887349284600246
0.0603230237335568
0.34120932754351874
0.149755118379457
0.5149196376298399
0.08414092950036711
0.14041371556063698
0.24859106528990593
0.5294450092618613
0.29017062671698457
0.8310090939290734
0.9202999492277338
0.19769543446492255
0.8323192586973905
0.3144564342265739
0.6181882550778173
0.6068819728875087
0.3549079147950577
0.16912367725805844
0.641670007908762
0.24720449895625274
0.013323088610430078
0.2400160175053081
0.5528197446972486
0.941324405873705
0.6559709553049515
0.7691568025392979
0.9616096393900412
0.5021587032073269
0.8238546165140604
0.1187107762865498
0.306197755593865
0.08182144108222378
0.3202178788995317
0.3985014993238285
0.4516840926833917
0.9603661383640772
0.5136963330733983
0.13429130803156364
0.369271540391798
0.45373659751873086
0.5948234475100173
0.27025746182346755
0.9251969732369093
0.3992456844500061
0.7816987892914092
0.15140452360188994
0.4062025700508707
0.7562107890745362
0.3069130242949648
0.20391254537492987
0.6937226830054684
0.8540077690222668
0.5244176284491253
0.08583569496811438
0.14820328663214355
0.7925211367138773
0.39878617680237904
0.06877053622907237
0.26262345789230757
0.9039392848251344
0.04415472848102264
0.20228897528843282
0.2236130876131026
0.44123626310320874
0.33993965130271886
0.036419926335214625
0.0007926068739413372
0.16256060979705877
0.004315345979441165
0.331369031447475
0.5339540052103028
0.7534796056397426
0.7770358159370966
0.566565951611073
0.23987322444862558
0.8519430714518081
0.6739671725306744
0.3542024099412452
0.06508537550912707
0.7656017132039359
0.27601518831866345
0.10936730343474588
0.0859262439026316
0.8906012535241289
0.7624190530944474
0.5507248432752722
0.617777156498992
0.8634856225912909
0.3603611733294053
0.5911090929091561
0.663285869980297
0.8891446060785605
0.3976248306465717
0.1359639737609476
0.03489930375431849
0.6062443089340689
0.2419478725306583
0.48353719402347184
0.9688685073730873
0.06692755714562004
0.17937477271818114
0.7312330066812219
0.19986155211757295
0.3948410172627347
0.8430628768250602
0.49623562386188125
0.2739726298895313
0.2114650340221561
0.47527650626961526
0.43913747298792993
0.05260418903156172
0.3281622420589556
0.1793018149325919
0.04684593932068537
0.3398258016854774
0.042473221982641474
0.18444840626614123
0.3150814499903345
0.8339594297608154
0.5048483612999904
0.8871501469662436
0.5478282916240419
0.20748820368620846
0.8638669713187239
0.27216157715793554
0.46685663459565774
0.02320519040972846
0.39569669226807724
0.48887851052759024
0.9380160881642129
0.6870343353205098
0.8960003461487658
0.7256445300524789
0.3372484273792826
0.7886409621424411
0.7298877441583719
0.8024547300346978
0.03237635045437304
0.25541029408002336
0.007681149600143766
0.2156318994443549
0.3111816835780957
0.8570056047485302
0.12348125554674039
0.058698418557034726
0.07600606497898943
0.4251476612882137
0.7318086277657855
0.8403589124062977
0.573213159585894
0.3259492137605501
0.03672247153109498
0.8068817641824519
0.9349837523583636
0.1308307452889722
0.5002109008788852
0.969119602312032
0.9637237465026486
0.8911850340620183
0.16357427310136685
0.18958679276061008
0.09541749454548065
0.4260674923138298
0.6653587726617385
0.11274679675061527
0.23713124137021202
0.9146764944833362
0.6698691085943805
0.046291423467060944
0.6829891823839096
0.6718518724064786
0.4725384493339916
0.9804764814299888
0.4554317974602725
0.07954622867592798
0.7105812665232543
0.6243808277871506
0.45447767009689877
0.9000876946123657
0.5770217150373668
0.7155556433679957
0.5798422134521943
0.19273011434585696
0.42123530556733146
0.25315450981443555
0.06702747551013322
0.5501630933985816
0.26473370014795594
0.391964565762538
0.18705016001142272
0.330510956304913
0.5396915263793028
0.5186310444547172
0.9631765090477274
0.8342544477436917
0.751202927125903
0.3951896133936864
0.6501241055360357
0.03556825299200295
0.9150440979810368
0.8290954759244622
0.25055284858716775
0.8307223935419901
0.2983387473081197
0.0046415433046193
0.7656572337525778
0.8366740254865563
0.025851463643493444
0.7485916056406997
0.431432888943049
0.4816323725139522
0.3046404605437938
0.8983591543370738
0.2893644912812653
0.31253618836097663
0.018822226336061676
0.14950060381557173
0.1118615991350006
0.7913321539295162
0.9685561585509903
0.5010271300605997
0.2513603013805056
0.7965152284730108
0.5593587519837862
0.9510403668805676
0.8348349477041118
0.38521532797937563
0.0887700201353886
0.692086900568538
0.3124323676706111
0.8036258755476673
0.33650085720772427
0.13481377947806117
0.800649942110512
0.8623315841379416
0.33906076897642246
0.5222464263744244
0.29823371500223084
0.6624275726538772
0.337758068884351
0.9224858555370066
0.13569029646740716
0.778905611195135
0.4046268506355831
0.0315758674288843
0.9800863063587013
0.3873385450767667
0.6307159180487987
0.24913068751898937
0.8893598724010516
0.6085591681312907
0.0803702203801322
0.877148286764748
0.9489048931825453
0.234550970379805
0.9957839741095189
0.04472977181720916
0.7199907256520612
0.7420745142785318
0.8121618585452813
0.39729071257371207
0.9359932437642439
0.03581587968401401
0.5247646961830089
0.7923542978837471
0.537220698418809
0.3053175056142997
0.9621623968674923
0.9458425628446296
0.894626777498376
0.2498307465403885
0.707303415180122
0.4261985943641059
0.44180574880422163
0.009058944802772473
0.4760285489065572
0.8515470737539804
0.571084876905465
0.021474854215084216
0.278835132810767
0.48498603181409716
0.6476868467079445
0.18880048711757458
0.09440632017961847
0.5404248102751225
0.19719599620369976
0.4991179185655348
0.4305124438296106
0.2155282368599839
0.8880472093549427
0.39579244355319143
0.22271967262427828
0.5721938156115915
0.29929867175686264
0.29539730172214196
0.8314157857805408
0.922466214184864
0.8311774340302509
0.3625240173459585
0.1131056332420427
0.4129789625745288
0.8372340363768436
0.7840265460892314
0.315074615677841
0.5690984467015885
0.5969251409248402
0.9699378775899528
0.040219056938400666
0.9764936365978424
0.6167425162850877
0.33142935452994415
0.2530474958638923
0.8640112854656882
0.504701749394198
0.006406557383736633
0.28223483685196804
0.7629859212168371
0.06656604219914308
0.817740735320696
0.37347915219757455
0.21276000520242344
0.8900045607387389
0.05579068895887962
0.22380611085115432
0.5766958414765899
0.5047922631443409
0.6586912594568262
0.45419014092709775
0.37110138722230246
0.2330837851713844
0.013544596890875948
0.5321266514381939
0.31837757761939045
0.6414915777134186
0.9702107047130601
0.5106801040916036
0.3230739598532556
0.2311814296059287
0.3121028574787801
0.9129614244889904
0.996024356138308
0.9162237007204621
0.64587530923913
0.8301030426970377
0.4010020796071887
0.9757257869755785
0.003391678721208269
0.004990502824866128
0.6332666369654125
0.12421078855268297
0.10232896699437954
0.5976735804992321
0.9005033373120609
0.9009733547694979
0.15056242512728646
0.04789117006344501
0.1876081471240788
0.9829105447032463
0.3394611843235672
0.6563236586725235
0.3104522683824186
0.2874043325692336
0.9659768641934573
0.4260156105938572
0.5025176522732392
0.7891992948355445
0.23755765221475234
0.20791559544885574
0.8217088957419851
0.2843106907774243
0.939149248594249
0.05106822228295016
0.8201260332342999
0.9878548013115128
0.0069692489483992315
0.1397864140868923
0.48794605194644913
0.1427734955208636
0.6515924090460062
0.31108146249510427
0.39651867503984006
0.32147647104149757
0.6197801538990358
0.9914331113541185
0.7421971066822841
0.9872473277659614
0.9765004182422392
0.7304055822307133
0.22173880755792597
0.47890741307298945
0.8072878075475531
0.2982406244183965
0.7778254368896336
0.6539209647417467
0.3147135097047542
0.11230590228673565
0.803286443491721
0.09611585709450954
0.6682584209656108
0.664660692851068
0.4853115117839183
0.5281932919661051
0.17161584214111802
0.775332357098457
0.4947553478410194
0.4283410823525795
0.4860320458927634
0.8040219526369061
0.7659646216920889
0.8430757129227613
0.7723596748431552
0.3420417869634913
0.2923240013893996
0.35214218014378684
0.24046152023045653
0.4066228426975791
0.5025933520904506
0.8822083406751121
0.5305059830669904
0.24217883877302082
0.684053628616837
0.741948576473309
0.08829664754559352
0.11552826951505857
0.43703144940599403
0.26385303157774065
0.9837945236008137
0.014063866769322253
0.587557164870225
0.5269795977624882
0.9211084583405617
0.8118425627392652
0.6237372667966921
0.2729316728085516
0.5166118416945663
0.018230887664274387
0.6037266623198982
0.07353373455234036
0.7606398168966241
0.11238722045190841
0.5135270853557335
0.6825022248640787
0.3295774178027777
0.529234592047908
0.03355474044061879
0.9162172006126929
0.3815594184606288
0.14853061197170647
0.7756002918131807
0.33793177249383033
0.5002240417334949
0.8246417894495274
0.7960326297419331
0.08617122632288665
0.2578661791743677
0.6321842438011988
0.10960288063620982
0.08925931449263136
0.2590660966771904
0.7067574368920747
0.4248553371416601
0.721848696637562
0.2676741020740977
0.11678395089221105
0.7290598951356422
0.5145329285803856
0.4732183305100004
0.8670103127744875
0.3733318957836036
0.9248237547418096
0.8507614277096796
0.8579212176442705
0.7887827763322249
0.49757106466747336
0.4424023717226775
0.46432580953048574
0.37771236863337865
0.08513036060094004
0.9326377809471139
0.32755956874316494
0.13252917558241617
0.30495167806385215
0.6268497343285889
0.6891406278827193
0.025308011060352742
0.4840061727524222
0.2414512446320488
0.42884073402937284
0.8926771462177653
0.44942074174703717
0.23762425943444032
0.5404718296917479
0.49302792121159944
0.34151245650000117
0.07932400534173989
0.09316673706297607
0.8961608311392609
0.9796862201154862
0.4175975575582409
0.875028462554544
0.09352929348484029
0.7179346455361219
0.2330063734996023
0.11316084195008369
0.7905819608231667
0.6067323899243116
0.512394283890097
0.34880290659674207
0.006524857182379162
0.29517929667181875
0.08126339008704841
0.7630009658360002
0.2922596041711647
0.07624564452085403
0.48219125043297617
0.2435630589152269
0.79688207781835
0.5259439258525568
0.6791355358139618
0.36967586280510434
0.6733715896514092
0.5326438428387235
0.019365066596240044
0.7596808033205228
0.42493782152760173
0.4972164890580407
0.9813205631746995
0.29704110652371585
0.5966021034411361
0.8294577392129939
0.3417611611084028
0.4991019730815608
0.08244847935207777
0.37408184835814917
0.2371185573328407
0.8921728855077014
0.3924395639083176
0.6491582834958444
0.3009118407269552
0.8897800389346884
0.4352565976188991
0.9554130597206658
0.7439385247107889
0.6572685872016616
0.6652420823769647
0.41212505226585094
0.0883961157509886
0.7916215708019724
0.3660360846758618
0.8965235383953712
0.5173337157849022
0.437595307343013
0.7851976950838123
0.7830266053126219
0.2805869910118205
0.3574778869248041
0.3740932134788143
0.5101869001445729
0.28276528638151377
0.9351930323106644
0.8275904904589569
0.8690235440869982
0.7007071656408741
0.2206625150634235
0.2886586852015577
0.6299745144342466
0.6328501363816523
0.42341573505530616
0.1437089164658948
0.7580655532919129
0.9739390992589855
0.9564763795798542
0.11426057752833563
0.49610020314771375
0.4689227006431512
0.26241325029500007
0.8856364933223358
0.3278532454588763
0.886463292652911
0.9401501857519383
0.874938808948531
0.5965876687758682
0.9225980291582531
0.6458556257552377
0.4048836763293818
0.3300691031595765
0.07382664605716505
0.12697089344422174
0.3362216793179438
0.07064930838534322
0.7356202973668181
0.7194221905442828
0.7315086338804498
0.8451438776692428
0.29490733257005053
0.9046863573950398
0.44025732619482005
0.8671051942096639
0.8794529753113187
0.1484817746344408
0.4814050396262245
0.36662344442526995
0.0013469482313432923
0.7371179191549946
0.40154074308104415
0.15229182222134618
0.7339054707621514
0.019770367564753033
0.35633014779463335
0.2758459416327591
0.11458109334588129
0.8694516259298362
0.09449381241535426
0.43946173627788876
0.9550519292992136
0.5756451189084865
0.9648961685175964
0.8070171165027352
0.05698495634480549
0.9229680354382517
0.783498858199098
0.6267747439799312
0.5485537995114955
0.9032466010011464
0.11792399306734158
0.18966102830203302
0.5270484188867842
0.1835530101155316
0.7724100230617728
0.3533402340578664
0.033444435359930136
0.05375758443604184
0.618012223252531
0.9954033711643041
0.7619607202262254
0.8613576414045556
0.12235705744759673
0.919038008930855
0.36400658139986675
0.36718962241147657
0.9071564759042906
0.8605232514461477
0.53987540937848
0.7494745663773466
0.88985123267108
0.040953091361146554
0.5953978722985325
0.7841975353545104
0.40520558743730783
0.9746724734581058
0.7433052802368152
0.39261903262238884
0.00705908698785207
0.7548363555654449
0.5963691385359695
0.8225596226124222
0.10461750041144602
0.8943736269369259
0.08913564421176146
0.29330608990445406
0.8228428016876499
0.604780341836287
0.37796882283647815
0.5374504123800544
0.20395680954394968
0.9181795036349909
0.8787425314633295
0.03286309176864943
0.7789353408153481
0.5735235847014365
0.4838216867918449
0.8275597551156673
0.23370511865703125
0.14581502251386125
0.47318408193323924
0.9031134172365015
0.035552514325510765
0.8480371857447632
0.11413359085647234
0.7295420354456627
0.2938095654648457
0.809822676305584
0.6710586643090612
0.07748448870425717
0.743786269906063
0.4018947402853258
0.004989818987561012
0.3134779180959518
0.3039435770225233
0.7543331965282156
0.025597128621981602
0.4938988673410487
0.47531309903693253
0.4055267883664757
0.7976067711645681
0.4566296457063326
0.5418022982989695
0.43985727310111833
0.07660441020769126
0.2291321769211523
0.5658648862480999
0.5475169299152595
0.9282110162075947
0.8856314681254922
0.10450094613758798
0.8414721291732021
0.875518680636269
0.6989570591537525
0.3148965435637029
0.1690280456220502
0.3496099345444962
0.3735039319748976
0.6594708374283186
0.8484473273514803
0.2291952227643912
0.4299749551734773
0.221144233862813
0.17460439995659494
0.6635311357519367
0.7345954999876685
0.8211204947050795
0.43755907497380797
0.1317875781830632
0.7967910785782502
0.7279426196732908
0.21244656624146607
0.49596594781448267
0.7256209727151558
0.46198435707165575
0.09095259932694988
0.5630625254459479
0.10487324051491564
0.8091550760770946
0.7104890796974764
0.7474367569945616
0.766080156818426
0.11618930724682341
0.2994429249581312
0.3110207489523984
0.2309227383701009
0.8908954530913478
0.04359838111653869
0.6176821856136726
0.27810140613699363
0.25492947529073073
0.8962751597873311
0.3107632022306023
0.703176524048848
0.3926818875224184
0.8397470095441412
0.8252636176661311
0.7972124178930092
0.3338249188611295
0.8872972994653987
0.021865333880347393
0.7340008762434498
0.7679733911038835
0.8659538326304173
0.4446455427637751
0.3087296032144027
0.014373832635710349
0.003741705787093208
0.3003700909692878
0.4580366259100257
0.8084411883010152
0.06255424655101882
0.06579223590058947
0.6243105312188434
0.9429530834860569
0.2784388042194027
0.41701432912921577
0.1964567302175757
0.6365523899156369
0.38796981321072743
0.4627461978147518
0.35860298542925695
0.30302807267705756
0.2019335478213269
0.0009772399486615013
0.2612200315811297
0.2574994584225324
0.09094684846763323
0.48035576202339636
0.05323677280693839
0.9766573579915381
0.8341775485552727
0.6324637096786924
0.4627264896579143
0.8659111251627373
0.3315694327485995
0.22970064176080085
0.9866918363033317
0.05130118266715189
0.900096813095683
0.7133410982392759
0.9505405739339807
0.4804350346735051
0.6609935179217272
0.12094184689068033
0.414223417572941
0.013169197969322477
0.24568478485612155
0.27238634010838225
0.4410872158989986
0.8676292248819257
0.26202987560160174
0.7833094759306226
0.9490559935804894
0.5108566182836083
0.41267419148251916
0.7009984216482475
0.09315558168449867
0.9913702864019595
0.6835685638023271
0.8175661041565736
0.23038044948469394
0.5115694979206712
0.9678213845137561
0.8227864684814096
0.7578557296796817
0.47249867871450024
0.5994141660199152
0.5601983227885653
0.755038412973419
0.23458778000136948
0.6154609883155812
0.0460355095823648
0.4100270262722523
0.9183681793950802
0.17923479408578347
0.13921421499263675
0.1715397808861212
0.034894860268451455
0.5540720259705982
0.6487708174160272
0.5473385783750423
0.0035154256720583144
0.8193896008643071
0.8671012734646515
0.037912078413946726
0.17196183796122677
0.43271328116699315
0.8226365097078361
0.2387236799299426
0.1723878609758357
0.6438154939087992
0.29130252031741755
0.1761812427808208
0.6759138853014766
0.7218397201516707
0.5495003137001341
0.9504534014079742
0.5643178214809135
0.5822614707972249
0.42904916334665444
0.14005425578169917
0.9803650864212471
0.8091586847953813
0.8134012128727236
0.528039664301738
0.5714364189267264
0.2847477560744637
0.8656364408215685
0.10121363807815342
0.7165159448072795
0.5421118671478473
0.7484118780240349
0.160257731893666
0.7382079725315305
0.5731641647049845
0.16668666245142205
0.6182881710245816
0.5474972865901311
0.23917152141109
0.9281035236827992
0.467066770295537
0.051750651848333606
0.10730095109727511
0.6385389322569479
0.6070391988500216
0.8699684187122865
0.12647834086760423
0.024609822707432505
0.38394406811652093
0.5508508076796155
0.6259654607308076
0.5290649030791655
0.44191962660944983
0.25323803277792223
0.8888541824655114
0.7085848807328755
0.6339068783861332
0.7801154342057973
0.27123507793116275
0.7103503566780159
0.9821222447322641
0.49824354366227774
0.41938840166737157
0.5995177267212267
0.13620247638293792
0.19591732306046228
0.7128298160478513
0.2551973113008419
0.4454767109011051
0.7153600010834124
0.6848435489069299
0.8616250532788776
0.4618633238989902
0.9159422859824011
0.5367057624618026
0.38904691902717536
0.8446265861420242
0.7249330200107545
0.7587347584764542
0.8283367118101003
0.00797876124594843
0.8251356815481592
0.37077644149220434
0.231452112831816
0.14416556751515597
0.3048114423013788
0.8311458428546129
0.0823157478537222
0.07552913209389112
0.8366418720872743
0.7719924228823699
0.9823255795422334
0.39986978524369365
0.40310379648783257
0.7750613409750028
0.15735989455913924
0.017287579866089975
0.3442769468603325
0.5083795135535659
0.010064904487894433
0.47514566921690915
0.37099661445550935
0.6964379304982274
0.5811939626549225
0.9684361894624491
0.2525913363785437
0.7901735030381443
0.3125524846147033
0.1910971456527648
0.0624837816195003
0.030867820468240215
0.2528080592217843
0.11373220040959653
0.8523612989325439
0.06555161858555336
0.8876627897999037
0.3256299658871711
0.8603476291141682
0.36212749285196055
0.5551904380329645
0.5510897440457518
0.7977134283132392
0.31238797063769075
0.6715802845388888
0.11060558520080777
0.8840220330968647
0.014700254474752983
0.4070385245381932
0.03602038745283598
0.702504995880734
0.9987373521825105
0.4134694952688467
0.13978703280916072
0.702827586211844
0.33973637530684053
0.7255587766475284
0.6427371828443829
0.008202901122570827
0.9899418135041058
0.7788527964137961
0.3415839510397941
0.6258202031722452
0.15807977050554822
0.35429607914510197
0.8050372099534343
0.5461864472819611
0.8150208934762838
0.002204297013273404
0.8234017683298374
0.30580824248266836
0.9807268973360581
0.29382867770225984
0.4027591383810165
0.26115588892944863
0.825720157845853
0.29816041355052914
0.23403862912685214
0.43711532509999507
0.5753952788736395
0.06250748738298173
0.8603862469328937
0.13605756967205995
0.3304012614384678
0.9495863678792285
0.5782051965977698
0.5279958229719977
0.28096841731526223
0.9923162334180478
0.012807665892571984
0.9897398604119446
0.5881705227064857
0.7873247511751269
0.5462817120001163
0.504444815121906
0.9512203342459921
0.7670205579325913
0.7207227159311262
0.5756046984065875
0.38174715966217854
0.6247042354473854
0.29390846123558645
0.4822893885564252
0.20436349118296204
0.7267322230796587
0.18678801427398883
0.6578175403775047
0.7878923580925199
0.3915871467999671
0.5880017613811934
0.3029880434186766
0.27479025322051265
0.29518821092401626
0.1539043286514673
0.8731067179363414
0.06413903699041235
0.5718241011152891
0.708728620297096
0.00496610421582222
0.3297097154416895
0.0482271558016899
0.10637804666778283
0.4185417579680415
0.721061102177175
0.19260289383268359
0.6148290535262726
0.15900585618769436
0.2799321361265994
0.13207481372355578
0.1918515444251172
0.840328403827522
0.11762207926759438
0.5933021261251178
0.5839590331113451
0.459176895658823
0.5701918061962195
0.594616558026922
0.4808727289258313
0.9062672723642904
0.13007085517748596
0.21546144009764667
0.9245653590498019
0.235985950594512
0.5349958362755084
0.7350894510189564
0.1514006440116179
0.5917494483571999
0.5003113368029443
0.8452019911096528
0.6594057406248245
0.8713153184567574
0.12297223915245525
0.12453783729102308
0.49173310693384664
0.31873043145481905
0.7898608485290188
0.7548464446064224
0.37451906251228695
0.10005855592255186
0.06721783963992767
0.9259471110211962
0.07489609716535184
0.06596376354109945
0.25061280816808573
0.14909693059394657
0.9603156792039871
0.27040178983179364
0.543064942497149
0.495383408954424
0.985852063178474
0.991135645138656
0.035983123149200935
0.00621535371168791
0.7781057006839931
0.8678718275018132
0.4220242851271534
0.14131520084214821
0.8339545403371685
0.9057464795060264
0.8627580784847559
0.5837627479079505
0.5378419966983738
