64 2 3
0
10
19
1
4
63
2
7
32
3
10
36
4
29
37
5
19
52
6
28
54
5
7
51
8
24
54
9
56
63
10
25
42
11
54
55
12
47
49
11
13
48
14
25
39
15
47
55
1
16
28
6
17
56
18
22
46
0
11
19
20
35
49
15
21
60
5
22
32
23
44
54
24
34
52
25
38
54
5
26
38
12
27
30
28
32
52
8
29
59
30
37
47
24
31
61
32
44
56
33
38
54
34
58
59
26
35
49
36
60
62
37
50
56
3
38
47
21
37
39
40
47
48
16
21
41
11
31
42
11
24
43
14
40
44
23
38
45
26
44
46
47
54
57
1
48
52
28
49
59
40
44
50
2
51
54
6
11
52
4
28
53
43
54
62
19
29
55
38
52
56
9
44
57
53
57
58
28
29
59
15
20
60
18
43
61
17
33
62
7
31
63
0.5491369746755214
0.0863382974937057
0.5089450919509435
0.6296263346222922
0.8349352540757297
0.4157829417019817
0.4827481887248528
0.7032418124663422
0.4481401246925688
0.5156092405707803
0.5372456404369125
0.004623933881325315
0.48757683824086606
0.509272006149528
0.027538893906322026
0.35757764979515794
0.5874204063470261
0.16683752879704683
0.5714125740501136
0.9581912828374196
0.6692383803312654
0.2992015874564625
0.7335719090948126
0.5322886496943898
0.8609228810327986
0.8060612208942107
0.46503833531634264
0.9724722721589893
0.8108371727291876
0.556576656413545
0.14816703356626149
0.21215446313190756
0.42990267920375935
0.26722044523868405
0.6213601132289004
0.07019271893238499
0.08781812982599824
0.48152052434359405
0.34488902657601317
0.22967481576855742
0.7609000738341375
0.6847474850243738
0.49376055256990825
0.7737825683453684
0.12943846574589102
0.618395656287597
0.14967545635536572
0.358457796368323
0.1715207858819584
0.6592918084559022
0.23174130909650947
0.777850176393251
0.03487575391270603
0.5236351376201913
0.13841502200617972
0.008503483012466506
0.9548492583174817
0.43114097490598624
0.08157095979025542
0.9157506153418372
0.7098386966234285
0.20774986679230523
0.5533186768286588
0.2596872295409989
0.4809158464793102
0.7444987152456364
0.5891851266298107
0.23371267211468894
0.05521693925478699
0.8782834444347936
0.7584821882542222
0.2745187581840216
0.10592368856259726
0.3318839824149712
0.05395659561641408
0.09278106598694902
0.678921599303604
0.12843704931511357
0.7467437043950883
0.8254307442771699
0.29780185961115524
0.9547955781823046
0.6245103442764554
0.02813092230119163
0.04346038284804821
0.32627485650418997
0.03291345261965184
0.2371905442256107
0.30256196949141934
0.039981493216446284
0.8140404553024294
0.8885736603033432
0.438510623723527
0.25402021155770227
0.5808520909173925
0.7579185765859757
0.05010107474577197
0.7879341840566221
0.023028930453149132
0.5471929748005687
0.6534613582256931
0.3915901069319767
0.7439008465206121
0.6839797523404046
0.8191070285100802
0.11609434335512892
0.7924089364499733
0.695500284347957
0.8015251975144598
0.3648696028451125
0.41662067505431555
0.671636255049935
0.49091739708437887
0.294112199657127
0.1736903911622757
0.8684743453667827
0.7789889803695003
0.9261787292392705
0.6720937765981964
0.5279604824495976
0.08554916884234809
0.22059710918023756
0.06533212709139269
0.5564234537417806
0.772242898315917
0.8968429438503214
0.8099913782542578
0.11254753104923865
0.5584818684812884
0.48495123595066425
0.0681491213200841
0.5623852710907485
0.6854725841806786
0.875109440509001
0.6253632390653676
0.9423518165080226
0.7979161650390048
0.3494554381319167
0.4536139545201203
0.918427562677086
0.5395207833232127
0.21010205179386254
0.910242052608125
0.5889139335688766
0.455059002450936
0.25245009281281094
0.7049225631219193
0.31955008227254467
0.4656068047551921
0.2843047088957463
0.45585983666474295
0.033942977484015646
0.8316107534490839
0.8921575549487796
0.8924770373198799
0.9808588319535504
0.21975477495675377
0.2865102858582058
0.10049743870608852
0.608639696756413
0.6024701746070222
0.6974079371440759
0.9279966512685224
0.003887064826450848
0.30797783020803227
0.3251243268024998
0.5730861395114714
0.7224649639089478
0.23642741862197136
0.24613670414994793
0.920548461784787
0.09611028433609503
0.7723030659174946
0.39591922991876416
0.7117535839580289
0.16977264773773448
0.3189599352455498
0.19346523351244427
0.36253865276051045
0.675060863343341
0.3067720080759192
0.6772766103741779
0.9358143372707011
0.8471483110650141
0.05621555169852843
0.06911400392939737
0.8616183999427052
0.8254179133824593
0.4595932824589978
0.5413514790420687
0.6049534382512453
0.8164778136108871
0.6466488805039241
0.4643641108499025
0.4095723737812357
0.17696820891871368
0.22270966807499637
0.3970562215982063
0.038813510169531495
0.20468968376219143
0.3106241203931246
0.7575120856721975
0.3281138729225145
0.6988596850927072
0.17818778095493137
0.7703365867612534
0.21856616540585416
0.7568676281039202
0.8707767611599337
0.9824488756013513
0.5930775334674855
0.8315862830333334
0.9768753346011848
0.5043586350567985
0.3543427440455412
0.46998338072252255
0.182989128976366
0.8936223952105213
0.02078226299187591
0.25005492705756915
0.22140235665814145
0.33616145304529144
0.6408703103736197
0.10964598576340079
0.9910718987541334
0.970718927085022
0.17122405628603188
0.322705996507074
0.7363807890553081
0.8786083563635068
0.8453826194894255
0.9058822317035413
0.3071411062739018
0.476738773241291
0.5282507405843176
0.889198914897355
0.2635694592780087
0.20016749151465574
0.028569092766362547
0.04817525888749741
0.9953181653056871
0.8943408317066505
0.19604092428677689
0.8810977920236669
0.31373554663888426
0.2718736456728035
0.6309580610356021
0.9694417446726512
0.8409518668309975
0.11548534671299882
0.6594999849094552
0.7871427022083942
0.36112060259508727
0.789430717776269
0.15618576152649
0.11360960187335845
0.535493091481582
0.2906936264198521
0.42081628309624663
0.27800358229561106
0.16244405458619793
0.6691157689713814
0.08930845071070603
0.7080606657734441
0.1934244989618149
0.3002850971109602
0.20349041712877924
0.10606787083079183
0.31768974212217815
0.1279457878446275
0.5304566791076033
0.40202231128150523
0.4163880049639962
0.37318710187895876
0.7721161095772258
0.3261294114567559
0.7892802829943784
0.817186182876421
0.6519331665237486
0.2577294725473972
0.6546120384118713
0.6142391792364048
0.10608261607536162
0.900196216150353
0.7795700092731552
0.7547680823056951
0.9737415430881141
0.7113524974474741
0.3737012393641045
0.5751467596315697
0.736912186549474
0.6895957306127048
0.042054818701562025
0.8868394842004238
0.6404247320423597
0.8096081933673746
0.9634712874760886
0.726492284951182
0.6750087484118468
0.38415819232205994
0.9283131448566139
0.5241165344780823
0.6795516037295077
0.0011914173679675732
0.5335556180737049
0.5433827457727853
0.3536611848644907
0.039948653221580144
0.4701547167939226
0.34437862486969717
0.5817455853246447
0.5417292121332046
0.3461542051196188
0.6904399758877048
0.5775096485496223
0.5471118712038449
0.7794114610280247
0.3571363098287964
0.4769947535035337
0.9649228128725872
0.6084276976432932
0.06667424941599931
0.27463232857494313
0.9462791422292163
0.04755194935266582
0.8445710049696236
0.954511946272478
0.1828194165446836
0.8141979505782744
0.5594774335655779
0.7523061588673806
0.9168780376701536
0.6415372291616913
0.8545050003446422
0.30761971170670277
0.287044314137909
0.8857562370500867
0.3730026681279658
0.3087121717956596
0.7211272312768936
0.6752715933161575
0.06274352233600233
0.9058594124798548
0.5402145695048596
0.6177853928509336
0.9781994008357711
0.6539622110483982
0.6874331885189379
0.7160300487773891
0.32239162583144165
0.610331227348938
0.9268337082950203
0.9488495408422843
0.05934869765537021
0.7889899537360096
0.2807788142642912
0.5692036429833627
0.23938722980172167
0.18103560699408483
0.3023541026914588
0.38564765348311614
0.12193935065523209
0.627273247104776
0.14189173344085915
0.3470718824923251
0.5060132773183579
0.0039947314194408445
0.3139349129035558
0.024053935673801985
0.9750607947875106
0.32771326652730104
0.5038616810486244
0.32865303925263156
0.5608304857838815
0.41126509168937153
0.6627276587386506
0.1503377334559367
0.1484883105680318
0.5646917361791997
0.053169313349274216
0.38939167243784945
0.25942102787939536
0.5861313567377405
0.11194017786836297
0.13905328918911508
0.5578556510328782
0.19485606717207726
0.023608314165152522
0.2985353327454724
0.7300915333653344
0.3246509983460786
0.26100688024248264
0.11169911169129809
0.35367700072878894
0.9678776511971641
0.336408548655149
0.8255935284020715
0.023241624188865884
0.042222532659486944
0.7829613435454738
0.5153030875065538
0.12679396421418598
0.7695836218504387
0.067258496163357
0.0371879321037617
0.7732830645778169
0.33476427231059824
0.15096198679702189
0.592797973647458
0.18666640011424873
0.8314090652029472
0.9032568102390736
0.025244021910060366
0.5790210411026262
0.11561265242718544
0.12870258214990293
0.8556548945087955
0.6249989530563892
0.38019432310876944
0.19606184053823816
0.5747653183792922
0.5045502688827381
0.5420050929396271
0.11454434562210714
0.48913240031392435
0.5282209812938666
0.5834463684279052
0.39270202915468855
0.033047112073429696
0.03968399659285915
0.8304072135757082
0.15463141771270594
0.9534645196684413
0.8779966401409973
0.8179196752755649
0.42874106830455494
0.7240718965856875
0.015170327795238081
0.3692574998940549
0.6005298527773196
0.945600162212833
0.09502150801495313
0.23494879318212913
0.4063025331750263
0.13893713968285581
0.26415321604585706
0.3574438141461075
0.6301825393690376
0.050764680259869466
0.9683885664859315
0.4842265573251726
0.6960313753109479
0.9086323362538292
0.8348912793815517
0.668789636925417
0.8926733787825968
0.04146010603693129
0.6946453291501812
0.7408234703780922
0.16735945775100947
0.0654954777945137
0.9621193612249905
0.6308047672587637
0.5606800917307454
0.2789569807297274
0.4881439007928434
0.37119565239293995
0.8416035980112999
0.47740910447468554
0.9031093347325744
0.9116036854010053
0.48612814777733926
0.9912386772576107
0.27033847652772736
0.6526049248307084
0.6506104605268078
0.5212669507534978
0.9197514134705731
0.5206404251098291
0.8325061180571349
0.1506702614043991
0.46859616502654877
0.08635449135536855
0.04006610113079301
0.18485527608827557
0.6795896340554858
0.3087842641068379
0.19742619128695982
0.31941156512971125
0.45451016844702175
0.2839752407482846
0.5969010890272933
0.9154511853117989
0.70962082094705
0.04650675560330264
0.8265960074650357
0.2052434415736596
0.2376244975292604
0.6885886276945515
0.47498510599394106
0.01340876386218004
0.3513819256333717
0.5733252382095915
0.1283873817183694
0.34736443291397456
0.32350632521952194
0.6779261198242561
0.88454755054394
0.8006802926116136
0.7962114425188815
0.4546072747296005
0.9799325410183173
0.5066049230264735
0.19951899677955798
0.05426201902790917
0.5171755587186552
0.7178408754930444
0.29861125406475175
0.5833586940426868
0.808125897273066
0.9458210185664246
0.43417807686704646
0.6478565089289648
0.6838598278124135
0.1567207880919229
0.8142696326795077
0.694633855671825
0.39103858522971136
0.4689969556687529
0.16157385246728662
0.4807556074749003
0.6253946642926997
0.4217642087677428
0.2866496282993467
0.39968675375037166
0.12225565319272191
0.7536951511334236
0.23947680515561764
0.12572705126393247
0.7946649535743101
0.03208919758203643
0.9570445142635348
0.6513270193819027
0.9252181460469036
0.5560592266335177
0.9228402496752673
0.5538154059758357
0.43229734559749633
0.6193426852518006
0.8632712371622263
0.5324172361992853
0.6935741230372997
0.12945033331518452
0.6853289402226914
0.2144680967904138
0.33941460656362643
0.6108666796209958
0.6291967007531308
0.03996169132072935
0.21280495166623492
0.325113955733928
0.2957688956168001
0.1920146140039921
0.6456967155686859
0.6792749388607593
0.4388495272189965
0.3748166666481477
0.7205504053403421
0.6407859238626796
0.17242747685847692
0.8444669149688634
0.028602770783206277
0.3302783871378341
0.974548080590586
0.10557340669859505
0.016758362983301023
0.3082791396472878
0.7300945556292574
0.9521573292264356
0.8616536804885886
0.43143839692500574
0.416156570745421
0.6932777305093635
0.24350175360840942
0.6164521869610803
0.3918339132747819
0.8578941590985903
0.5569243125097675
0.8895610697532532
0.4349185432368483
0.7148285317894566
0.5500859888742398
0.9959966656615861
0.4718193539343958
0.699809460602064
0.5897551580457361
0.8827190140243318
0.02802194090138188
0.031205911052055058
0.5286820357354836
0.12430759913683731
0.3800681818944246
0.19651881528558612
0.9830367216461788
0.8701180732914513
0.3717322972487992
0.917485703955007
0.12990576093730177
0.7314230893579804
0.5269722516174691
0.8610393606907863
0.6620829596327459
0.18448473867118675
0.4480019326350033
0.4269708619299434
0.24321932921529033
0.6553315764204669
0.5123714395971845
0.7406519780101013
0.7581868743100232
0.16496784150186183
0.03925116597165734
0.42524599943355046
0.02994945205095667
0.08422010432192029
0.40021891329746984
0.9476312954405302
0.991763807504661
0.7331669815677647
0.4333928857854943
0.42656616148367377
0.6738671365320449
0.5318517279403346
0.0851194849973761
0.39719443274155775
0.7434732446639114
0.7728521220453944
0.897921196525116
0.9510560022750145
0.8255315306006318
0.7635493813105829
0.15712870981156724
0.6618133322105264
0.14914967050217853
0.8823655566384003
0.9789527374347949
0.7467471836013183
0.7027193555275929
0.433645322144274
0.32858806258276807
0.7354119172155302
0.19028568213613606
0.06105997247949746
0.49410650326306016
0.6436968977802289
0.12100645134354338
0.03422282867615911
0.5947948809096812
0.8389743276623757
0.8244649492326426
0.4922600362366706
0.6198617188698919
0.9443936694579654
0.10889496626160888
0.1686663824109701
0.9606097181041234
0.694947144907227
0.38506231772828625
0.7651182813283968
0.768464016358653
0.33569526740845035
0.11616601233330259
0.9688231133516897
0.8266688898175584
0.5434931081028724
0.010188576160873875
0.4213523051578667
0.6003506837509226
0.17253660686016226
0.8316621248600359
0.2914251132862885
0.3522342234774508
0.09367421740055415
0.21387358690254887
0.6706883764732124
0.5807263274944087
0.5726065069615384
0.8933706417244254
0.39276278788159447
0.7307545409349626
0.6301012614377338
0.7831035708483346
0.15260217476527727
0.04614176530779068
0.2147662084343449
0.5605930931751852
0.8566684839525774
0.31214432916957935
0.08294154423086164
0.05462527819976626
0.027319006764800258
0.292226418830158
0.3093716926586174
0.4688385689108935
0.2358252953265242
0.21597707899659924
0.9208231215884884
0.9422613667497671
0.5217839724449359
0.27496033697508104
0.5951258038619133
0.8753741744067216
0.5919025038594045
0.6578672214726705
0.8154853593459406
0.7461886860620796
0.7530548545831288
0.21507554772139292
0.8665800853044923
0.14342702523972573
0.9317246533684652
0.11311475444916574
0.6952070148899008
0.3770629329235927
0.2046221438049456
0.019504404464002034
0.6103543895998323
0.04869209681880593
0.2117855056743695
0.4948952751613169
0.2864578596860755
0.37016682031979775
0.7657745985931392
0.3843457742840186
0.7598955580662249
0.6354842350469402
0.37278489027418116
0.7948611864830094
0.938012650191952
0.5005103812796682
0.6173662805897124
0.2435780636050392
0.9135208262159193
0.5340007826241052
0.5658729695172351
0.6486736645185535
0.2009918566940614
0.2551470699136822
0.8821491617368583
0.7975444693281694
0.23827712349831787
0.6203703286071001
0.4380797790381349
0.9789876027708777
0.2319976543401563
0.5899002036299897
0.9929756587971107
0.49060853795205606
0.0011524887202966072
0.9430832728797406
0.6792112351255526
0.9765177728935314
0.030079157917794808
0.2513307251969791
0.7995241097201334
0.45967310004225104
0.9187791636036374
0.4048394793011798
0.6073161287510555
0.44132749585363185
0.9487753140860012
0.6413628228939652
0.6599959832878232
0.6289679395440925
0.31935025163277386
0.24350007606872504
0.8899488017625492
0.18368879702722907
0.3122519321924646
0.38470121407249347
0.9118426541901327
0.31985556116087865
0.7250371536675101
0.43399070210240553
0.2581842377150848
0.37578806219407446
0.5060750163091394
0.2880576561167495
0.558209945095793
0.8681188594060587
0.103945264840274
0.9764110984369754
0.4760578283416721
0.36760611948801625
0.3489778162916004
0.8406609531859974
0.24372864316718224
0.5970329337312131
0.35508268393356013
0.47105524566840085
0.876507368360794
0.44257276058037476
0.18497567682513338
0.5372035793595236
0.6679951290463615
0.13850414726626514
0.13974324054716625
0.7304847944102058
0.9495062216468689
0.6587270605940422
0.08223710142889484
0.2857648149701427
0.982177434536826
0.15940956090575753
0.9478164219216998
0.31687979546563183
0.2690948598565803
0.020595534495180923
0.6809813457139525
0.43494655153548456
0.09735062346357892
0.017374340274047162
0.2814075809048726
0.9625853479869888
0.4721561643648593
0.11970593527430329
0.8116641263630824
0.5900913774465864
0.06636317961259564
0.2427274388795161
0.09141924481473696
0.2399370153977628
0.0665584789981013
0.4335185098588643
0.5633451833434352
0.5235741859443684
0.6130048320173124
0.8372606211134759
0.6961360204174024
0.85834970262795
0.22546943932027141
0.6005874338366727
0.7546809646079341
0.8057436502239591
0.6497996375097982
0.2967924783766336
0.053438730494270614
0.6705721886895497
0.7832805589180973
0.27175767231732173
0.3540766774836758
0.33056980574684824
0.43545593289229667
0.4313127344952967
0.5521943575296662
0.6038195132744278
0.31052406074414585
0.26530092255298576
0.6691807205369915
0.14096561586687728
0.4211858096651431
0.2185978858094233
0.5157734882408131
0.8797293728433123
0.6159106916687084
0.4660010378616877
0.0379833401804045
0.83303500627144
0.2867527885906004
0.9658237541065651
0.6220127150211104
0.5886373230855655
0.6283137850886165
0.048285191801836214
0.006063059401838489
0.40912416038133625
0.9060023848934362
0.9414395154950559
0.6484925104419056
0.14229236494936914
0.44244866759881796
0.4042327687070927
0.916169470865058
0.9044699607448475
0.3956136352401848
0.07089723330302755
0.971206328251967
0.1740524498427687
0.46003199991462285
0.2401220167783007
0.7470721340113582
0.886517256062871
0.9033297442893996
0.9271072230966867
0.43169703012657923
0.31137386380606435
0.21465313903153727
0.614108304578114
0.4524412197680455
0.38103654043421875
0.29132532283019774
0.5509188012054463
0.6071918052548114
0.7386838309293307
0.24126921849106564
0.5190092249015457
0.6584390067835164
0.8600052201826858
0.6276135257935695
0.7153989033950513
0.3276491981525127
0.22556293664766702
0.6674788270919816
0.8686807560564824
0.2789005392333248
0.9615075453711928
0.3724482758274781
0.4260305806911393
0.6810452893750476
0.9468997787335669
0.3547569181648995
0.2775016344916882
0.39726201254818927
0.0452373288055965
0.45335339101752736
0.43821857410294207
0.5044440085336355
0.7148442277164252
0.41245991303877705
0.7586449768316249
0.7079087155153878
0.5358317794951376
0.734307333574482
0.6774776314598945
0.11202615103647973
0.04994383286188986
0.4068998350691825
0.7157551247123654
0.9519012611060657
0.3935886598240621
0.7883629767260572
0.6880228170005722
0.7361610975668746
0.7000431423395412
0.9988956989202632
0.8731684281196935
0.8853427426293558
0.0945406420778464
0.3729626342397896
0.34669783659496645
0.28952171485113876
0.28755093587926883
0.5762185212827822
0.6787099572172784
0.7636049374064531
0.7692896098193085
0.8225282441909196
0.49659505375906987
0.33187433291857915
0.23584626016194055
0.48008388776943334
0.7381154350572584
0.39411133328923365
0.9829578989371258
0.20093467363437278
0.9550592283305784
0.7926654550199407
0.8798175111783753
0.12737486689028454
0.889962412511778
0.006936478277614899
0.3279163656221131
0.7150234434702689
0.14423793421474485
0.7103803589762105
0.9469111483477463
0.7766525302965338
0.33664498058398873
0.5400504408340092
0.924601789475658
0.8279571332120036
0.9300194986154017
0.7390815770169702
0.6857908760203862
0.28674433401221466
0.15169114152058216
0.23454619770897023
0.8643034587873107
0.8032359192583852
0.4176479477334276
0.9518739924796824
0.38222158364393044
0.41929751799989723
0.7567913893395595
0.2350709986985534
0.13809170150857608
0.6430980396278382
0.8376253232533706
0.00719311462935468
0.7341210724741747
0.30268396535714126
0.29720036297293095
0.6091323570961672
0.1756578689085776
0.14937023236912506
0.00884541521207527
0.5421691390297885
0.7396175875887604
0.6394859964189887
0.7747508828373638
0.13388645853143533
0.34078971496464994
0.4463625030489422
0.07993543263848935
0.9677537163026365
0.40491600221531787
0.7611507279393558
0.5935690954080509
0.9938457802814105
0.38928079085721856
0.3173950848774142
0.4968359996501249
0.7722306506313261
0.20840495149295002
0.18752596898709406
0.4041504864432396
0.6805139121781653
0.6563762546415446
0.0881743694153384
0.9115884893472209
0.14071276498177043
0.26183721405411364
0.031601717343443414
0.41491066464745696
0.4612146632998936
0.019328870015010602
0.8395135080932167
0.20237426808775127
0.4718599705822586
0.33517945823863926
0.6737658929991359
0.1953122119617723
0.23898822120511676
0.655855921217029
0.5209869007607306
0.202706202149747
0.36270377716996927
0.7018321665928868
0.8158779872886359
0.8726212432705941
0.03794469076181384
0.4924171114064968
0.34109838382905167
0.9999360700972089
0.11603484604478098
0.19971180635867547
0.819695086287219
0.9541069506089309
0.058883880778082376
0.7806778087200301
0.6715850793249826
0.7305123437821236
0.9605846630637548
0.4983872138973334
0.0345497514331653
0.4051740798617488
0.7978456075592234
0.2973257110033155
0.606769758953151
0.03722242285974575
0.09041838138633407
0.08529091658215338
0.05458043882419883
0.043551083718217476
0.009780901812770026
0.09526289137325183
0.39305237465658227
0.6052407552242252
0.036978459040307055
0.8362973134275816
0.552002762269842
0.23097265309224857
0.30413398180976836
0.279538978118279
0.4158889786932286
0.651981053148966
0.5630880565022867
0.9475732408926727
0.5777715163364001
0.8818535813216516
0.6149480794206998
0.22262646013622356
0.6954071399590708
0.48733168178876807
0.9064889032193902
0.5645380684601852
0.08280031007816435
0.9486601765832732
0.46785877590583647
0.8478094361051998
0.06105434229262796
0.41097593553081035
0.5053877284389711
0.6059087383770237
0.4119307544155807
0.26653488863164654
0.2718837084271881
0.47151633629876777
0.5929370689588767
0.7194058221648958
0.18771692143701246
0.854772862142339
0.6303973876341615
0.5066850091811312
0.5742587411405847
0.9399589066747812
0.5500492117062068
0.7690706237027952
0.7820847176181034
0.29578937027012975
0.07525289920665801
0.3665414534155298
0.6903829439751307
0.05058873457634916
0.5298280534878685
0.5816128122737405
0.1519899038976501
0.3645674844905248
0.76076909235793
0.24421571515290852
0.4646846499961165
0.4775641293164621
0.8130944789963764
0.38723653644692213
0.8764175739485337
0.7097817958283289
0.6290442928712374
0.274896458414983
0.30121595145174396
0.9472654062066516
0.6500434618214253
0.8683064382892807
0.978369312624096
0.4440310352754808
0.4089910473228343
0.6847510531815707
0.3143202033466632
0.35830892846623585
0.2724348655183153
0.17578683068111078
0.5333080008306204
0.3973146370282088
0.7349088171943874
0.5578719013924012
0.30021945080736456
0.7095038525488051
0.33583703981877644
0.561749135688469
0.45899677033030184
0.16718732943198333
0.09408253745269846
0.3172700379146137
0.26044172230141704
0.41776140767472403
0.7253529633956273
0.046923725709389186
0.6195895411391039
0.9648855556019229
0.8790811191329271
0.709186756518512
0.37267633485053053
0.8738303776128634
0.4220401085302503
0.7459922696057523
0.6668705358874122
0.2608354082947614
0.8206047828950362
0.0909034042990654
0.36841357943841513
0.39484815187969935
0.054288250006981675
0.01045392997989425
0.537809748444873
0.6788668003039936
0.34762746151534896
0.5992297359562975
0.24581124517767128
0.7595466339208621
0.2669945117029564
0.21207308499999733
0.9469270117918522
0.48002486752484763
0.5148959879882622
0.2169680270231933
0.10150751519326617
0.7658215627598098
0.2591238089036695
0.6532131288819631
0.09579853456859588
0.14829632204144616
0.33785715154981655
0.4333529626392455
0.10844681076038376
0.33258869652275513
0.8668453410152356
0.4157291017208097
0.9299311938443003
0.741569134004401
0.09929342222332083
0.6716094106629842
0.33827875362082194
0.013888252211964769
0.7618597087108558
0.21286846849150998
0.13838477963540852
0.6780271374146781
0.10591236739585552
0.9807433390557543
0.11629540693485729
0.7318572550192677
0.8757609640172253
0.8974905776011332
0.9320712161163816
0.17022387658407812
0.4385557127326557
0.47277159914568423
0.06189605320069935
0.4157687453819956
0.9386216395919488
0.7670274043477026
0.5949741499819484
0.1268207203702726
0.6352650961381312
0.5910767678104026
0.7962048027916507
0.04178631832152058
0.05714622787753709
0.930105019835593
0.8537893940340585
0.9539000946406424
0.5418332009358346
0.4605147177118728
0.12960112368758214
0.881445370444778
0.3548536857581053
0.8080025627118801
0.7007898878860709
0.3408788901490085
0.20784979741336562
0.014219508507496537
0.9508893136912641
0.15808907739825406
0.11885277324989518
0.2131039424631379
0.5664241909479707
0.9303258194949805
0.5900651231518622
0.9432269770415314
0.3967015176277743
0.08403750497980511
0.01260754452455215
0.9208006267975324
0.38771041827097263
0.5369025374340776
0.8010141584022171
0.6228719472267629
0.32070655066576226
0.2552421054599424
0.3684848213607619
0.10687486301290594
0.806962030854087
0.05594186628762543
0.8057956447477578
0.036961815556040944
0.6028176170073237
0.4243721244665297
0.6010620638793049
0.9358503555669312
0.9186784504647412
0.9501191660471985
0.02207262296814594
0.9312768555942483
0.8972841131730795
0.918444158355712
0.018209332312666082
0.2035813095687652
0.16030918808679961
0.26956060141733695
0.8681171693019077
0.4648414280126183
0.08911808049173142
0.6907151998804125
0.02019788307263004
0.9553338716463047
0.3514058063480704
0.6119316268762338
0.7816749654795265
0.43966890285753724
0.6768222091512176
0.04018981240280883
0.06568103996761165
0.2873130040003157
0.7802604003000507
0.3149551168773087
0.7734480840011606
0.820464937867191
0.8033083462910899
0.7193694191654316
0.8376759381268227
0.35674628530111396
0.3739890483227454
0.4394095282421834
0.01404018042428501
0.14116681779353935
0.6604437935221394
0.9132844860028321
0.5917634190381397
0.3791585589237242
0.057966383454003734
0.8326429864740792
0.610645248330452
0.3915192785150029
0.8076404018305008
0.8100125427569125
0.4396383789577418
0.34229874958978757
0.13414194494321263
0.3588809322382389
0.22365067995954102
0.1825717656766248
0.9717797706883937
0.4532322471562653
0.9841148557565143
0.19342438566910503
0.2616788038162623
0.5133799494312536
0.5067803098899516
0.35266459530404004
0.8170742642668359
0.6650263314472552
0.9783875748292427
0.9703987165806965
0.6318517770230772
0.13770084288760143
0.7495731706819426
0.02371324890412918
0.43310720849408524
0.22671443049536244
0.5652792035407711
0.25353149336378067
0.015608081492734183
0.9869282437483825
0.7995629049274793
0.24498301461363725
0.06218828298162027
0.6933419389031551
0.18157905037938982
0.6731876129032113
0.7124236658094909
0.3144225942933939
0.9836054283585423
0.3149265383293879
0.5136811539407514
0.7220478223366279
0.013249158791041271
0.8808465376950856
0.5770302486432761
0.9688038093016752
0.2789922305260989
0.3531692980550688
0.687439539411421
0.9763645963093112
0.6407712522032506
0.390988940896389
0.6107369787898359
0.08494244233130921
0.6624517400833161
0.36689748152019597
0.24951536334241597
0.24712613159952468
0.7689658255266496
0.432675732745858
0.865724399188006
0.7099637131275187
0.24476147394083736
0.3677733272361572
0.28611315648482405
0.5895038617720862
0.6463900324747267
0.4276402673006233
0.7310724921934353
0.14271708825875096
0.6888459839702036
0.40123638140698425
0.7314846672089156
0.06503606763472225
0.38858235082055814
0.8893830114277882
0.8225497674232353
0.9711677852448634
0.8911232972023949
0.7975537138542379
0.07454772791457065
0.17704308765210097
0.49908162089305586
0.6896578906835775
0.021332493812071807
0.720287711821647
0.48049361144051583
0.9918077492212486
0.30121375543699913
0.03171225645908016
0.2195982199412767
0.5482807583918641
0.9663859759660465
0.3125418966723883
0.4805448618192748
0.9559365760512395
0.8174846228649936
0.7105548999187612
0.3618633618588445
0.5007717453293723
0.7723343212960492
0.5812375317648262
0.5227703023993215
0.4445542920591119
0.4379982997543149
0.6197654790954613
0.47727145222030065
0.8191532805546795
0.7382047364469007
0.44703536744383754
0.15452138971456275
0.2927685050115111
0.3415939242414605
0.8592667028819483
0.6525206131321455
0.19149151056840918
0.8581274602661568
0.6375594783067811
0.6477945005794268
0.6652191174435647
0.6298130114852766
0.8058374462803308
0.43947387607794464
0.2761006185279289
0.8974745356905146
0.5265966049823807
0.7699272664275711
0.47844180537265757
0.3216003610263264
0.8916770461790561
0.010098013690531205
0.06430232093659116
0.16174962077278432
0.8554914208252263
0.3620586889812919
0.17945235106090063
0.7827718456440717
0.1829124234493077
0.9418842718265972
0.28924904839908194
0.8835113192843519
0.532159331695824
0.664075444730183
0.24099677808394004
0.33805517453743805
0.19868289502430803
0.7495697548404922
0.37771257689969595
0.8855732031069098
0.12064932242299875
0.8532900854744327
0.8585804902310169
0.9938376591975394
0.49163242884471936
0.6746661954669736
0.0932949243184007
0.029041520216753325
0.46957394003530883
0.44140717909839133
0.15039084114639756
0.008767425877946433
0.7814048398082216
0.6772453407634991
0.33049321798244924
0.365627222938984
0.7093650299302232
0.5381649489125995
0.24797052550003307
0.2239139959859765
0.7801977742919989
0.5991154829616134
0.6067466928250332
0.011475591216945191
0.6184657115603394
0.7855510943318513
0.5560997608216183
0.5852753424941646
0.5474860487355532
0.20498372171024437
0.10915137051223678
0.608304992470611
0.4069668921653944
0.4337133895992953
0.0978852411164649
0.5788311337115779
0.21081689367142353
0.8593394053210004
0.23561741456595875
0.19064826028515736
0.7440811540122907
0.38684928580028877
0.11909232193675023
0.868571493626002
0.7530149745304846
0.6189072029774634
0.7468769379142164
0.6049208960958238
0.22432345871016013
0.46920896451481464
0.7976990127156793
0.23043642648803986
0.993278438395423
0.4456573340322606
0.36803104787560803
0.10086477628220258
0.8191112778560532
0.12423230684492637
0.3127195560520345
0.9544436813397196
0.21765202393997274
0.7621417892071135
0.4628388279280189
0.35566427259523303
0.7973275897998244
0.5584413509519356
0.5936602475343881
0.39539278866742456
0.5799148832958888
0.3772923989146626
0.7974361700164274
0.8471266206982405
0.16477376556642265
0.1721252899677097
0.1454136194184965
0.4303198865572888
0.9796296098795471
0.4987419171809221
0.9885704209268309
0.08486297645264007
0.4613539924341957
0.32777016667541425
0.5730536228948259
0.8110464464045294
0.8362799356115181
0.3083912570759091
0.7679737293094896
0.6598665210340776
0.932974357275119
0.9543849357933966
0.026243546513656457
0.4078273930655245
0.7987746106672446
0.7255083614843049
0.4529460935644899
0.09425862369045468
0.507500227155194
0.48576198047992036
0.11006333466052953
0.39557020500966156
0.5742229162521846
0.7030907425819257
0.9752526804399271
0.13745773094144143
0.05122175201741952
0.6679645868990308
0.060568410118997495
0.07179751623459973
0.8105925552030541
0.8601518959346693
0.1475423772464467
0.4063350947734119
0.6383033626461437
0.5233360068536959
0.7995978216518821
0.4432201634220474
0.5014187409182225
0.2964578979278343
0.8010116836555611
0.3672833258495609
0.699589632361575
0.3475213279039757
0.7745367346268592
0.7342719875147582
0.7106887585717362
0.4986955032705761
0.501571082257237
0.6754279308382085
0.4168235728185904
0.47285452548704876
0.47791969822356994
0.34819056848758567
0.24967754826291377
0.06272971627965429
0.8768904812392303
0.47029651266724437
0.3599443472587628
0.48399772965158494
0.1949863077146088
0.812092068195737
0.9952568407575737
0.9574945316411076
0.5457589981345196
0.9987642541591163
0.7646620308421356
0.1599229593436815
0.40820632541099255
0.3320741855469582
0.4246138868038405
0.8809136553716883
0.29541666177761405
0.14356049181564334
0.24746171131334205
0.010910654558350275
0.9379962614526691
0.07188526623421898
0.1694399660445347
0.07175800088577022
0.4232842659449064
0.19493445587942115
0.7768703107665194
0.06653288420185333
0.6462758024249142
0.048016022556962135
0.2508039780747461
0.06675156268075777
0.07236144399177524
0.13051446551165724
0.5350216107173216
0.6044978924157017
0.13059884807799949
0.9274111784041233
0.21774501869421825
0.6875477244762394
0.18531790646653534
0.6148105012602861
0.21487978194051327
0.6523365186064919
0.8449998441382269
0.9762595525296819
0.619519147937128
0.13739337384859507
0.7926442413755306
0.7686890042732616
0.9794177323548201
0.724183100347209
0.8376383873746017
0.1878507321975481
0.6593972132666187
0.35458933192696296
0.8707946573663375
0.26994018160520095
0.9404483614032556
0.34876874487052034
0.5830978336879973
0.17761870185418405
0.934095777433775
0.46656233819781767
0.20850606206651234
0.01047232919447394
0.15976330322052734
0.8871310717333515
0.8227597592943247
0.510209809782294
0.9962813113090506
0.6991698274594135
0.5884188359417611
0.27328673337097453
0.25220308603192865
0.8772577945044
0.8502655514357212
0.8153454565963911
0.7366015678870965
0.10471317893193133
0.5539810699693789
0.540696917898827
0.7990912550937792
0.2832061648775984
0.2847903380007051
0.1590277670768705
0.4258404394000498
0.5950124701575701
0.6367544379937392
0.6550785842463267
0.3408585179291902
0.35124446414005095
0.6149870785712509
0.9677515230079454
0.07802892614439261
0.642236947229147
0.7277714784874534
0.5444327707422921
0.798249728495812
0.36546719480221557
0.7252412902338471
0.6822782219949712
0.20063666961216187
0.007105115733848533
0.0940116864147531
0.4427947542378885
0.4325510690829445
0.5279602873912818
0.9906012304266056
0.8190259529447919
0.22788444395300822
0.5117329153709193
0.7156722070529855
0.5876311291692996
0.9500500022357357
0.44991931526886564
0.7518216532968773
0.09766063658749624
0.014771163189841285
0.12195351284151568
0.27478597242693514
0.6683802793625515
0.5324235224779594
