64 2 3
0
7
32
1
34
46
2
20
36
3
33
36
4
12
59
3
5
31
6
28
47
7
27
50
8
53
58
9
30
54
10
54
62
1
11
18
11
12
28
6
13
46
14
42
61
15
28
62
12
16
38
17
25
57
13
18
44
19
40
52
2
20
49
21
54
61
22
54
60
23
27
63
24
43
48
23
25
46
21
26
62
27
34
59
28
33
51
29
42
55
10
30
38
11
31
46
16
32
52
33
39
60
34
35
43
9
14
35
3
36
53
1
6
37
11
30
38
39
56
60
36
40
52
41
48
55
18
42
60
31
43
50
18
44
63
27
45
54
7
23
46
16
30
47
14
29
48
0
49
53
14
50
61
0
18
51
45
52
60
7
12
53
36
54
61
19
55
59
4
27
56
17
33
57
34
58
61
28
43
59
31
51
60
9
53
61
14
24
62
17
59
63
0.9094534428363923
0.04346912065232966
0.1447570561347532
0.13632127592756438
0.5595967054783431
0.1283414605716966
0.9504311154992087
0.12342654108464535
0.6362407962109535
0.2874161047369145
0.31219846762527437
0.48952704910757894
0.018027403303597422
0.47705320473103885
0.1698534620671932
0.20267759456707957
0.5477530773898693
0.6633579185217183
0.1644106096575637
0.8775482286062979
0.5859977485530167
0.9136594284398775
0.0010219447646445667
0.0067249227403720635
0.06456401534611678
0.10144370787154122
0.7638698157138365
0.20850028032563872
0.9918496170453075
0.8916537530438692
0.9164919085663694
0.008041200040671326
0.5380188181738487
0.032399150415140965
0.477228579033368
0.2458995034804562
0.6170438155859903
0.2628502605528096
0.6208035983062496
0.923555205192858
0.4440313097761529
0.02743174776239099
0.2820040541461998
0.10392601377743615
0.5184754748211391
0.7187302409606287
0.00901049347806282
0.4201673942125713
0.5710639272612056
0.06936587952484441
0.5507108903078887
0.03759474515496786
0.10440306610967542
0.28846794610733495
0.06692245926364582
0.6769665597016218
0.0625562445841209
0.8662067281496262
0.6526949557716567
0.7527274486907993
0.17193415556520242
0.2309316770963954
0.9166276200802115
0.7966916572210472
0.4411003021026435
0.7358790230931921
0.9700257281431167
0.48026431194756525
0.2314685328219318
0.3062628166402398
0.8502521114321875
0.7327154861199794
0.8815974517673726
0.04278347929935533
0.902337748244867
0.0076311395626940115
0.34865223231494846
0.3159057266761429
0.9421113195625396
0.6272307181613744
0.5248285811018247
0.2261083608508262
0.6040064890119442
0.2391273633904829
0.03743848598119437
0.5825462218331237
0.5540429274576469
0.1504970469142698
0.6691334479885281
0.4788023458359518
0.6498640667742571
0.09101746351155393
0.22634244470778342
0.05636989738314291
0.7287294506597405
0.4043347834708775
0.5837766380014928
0.2851014654810783
0.4088821522900945
0.015171200101722682
0.28454009854583606
0.9213118800683217
0.6538850253024595
0.5824458670619982
0.8128742226174902
0.9141491972727456
0.4783255150677639
0.3890412833860838
0.5598463969032151
0.6144251772715654
0.1011556220183153
0.6904463165789171
0.4379013043120502
0.13905522813524207
0.7323096921744703
0.2327957672297063
0.5497893966053692
0.6145327131904574
0.33898838826292677
0.8135718296504482
0.6084975696486042
0.68781275931055
0.8783339034487475
0.018778233239187703
0.788330293722353
0.6187803695556636
0.989787135594543
0.4039737151246303
0.010921421657133057
0.5498104250259988
0.921157320507627
0.9636898782681977
0.06174009604955544
0.32131230292680535
0.32000108986613607
0.9418226404361877
0.7020051564049317
0.7405559488142581
0.9681112939688763
0.10410626149605284
0.2805356190495535
0.5577625527101145
0.31267428986787726
0.5982951813297293
0.12068634500622355
0.4425112226224288
0.9273185067048535
0.8498065634387301
0.542845493931283
0.7328944289386471
0.29685507329977423
0.990895710450741
0.5081865793733488
0.3377257863352747
0.913436235636423
0.8771748258313552
0.13273607494867268
0.4293577430614993
0.03475110271102033
0.8495412039606106
0.7549894468922741
0.8197824519879288
0.09513415990582774
0.09183508469865265
0.5217010859497456
0.7748384779333781
0.10039608720260074
0.09089428535115385
0.13235164869402016
0.8349935481139071
0.5016115978179365
0.6412745713049305
0.8691458965586208
0.5021591170580542
0.5272482970859197
0.2701688655344069
0.25249759912841985
0.9603793685342625
0.9594662607990848
0.4587877093700298
0.02301667329840007
0.09453779159064835
0.34858407179739404
0.5583692539092753
0.4753503646084928
0.586773520834773
0.5772293356397951
0.690437788078815
0.7012805362528869
0.8955793806546434
0.326312543366474
0.922569834343375
0.9782602828417679
0.8146470763453747
0.03731153278367527
0.8132913973898098
0.13570022876941523
0.30513495919124023
0.9684156276730269
0.6880271737141571
0.5066376413188279
0.7390468376236589
0.3783755917715732
0.24114713474830918
0.989381244020403
0.4286224110991411
0.09015023254620491
0.9141920624998854
0.9928101589504952
0.01797815821259985
0.9852823657243853
0.20593864968649134
0.6188044913629076
0.9652203878753435
0.4063592053513363
0.8701571279656943
0.5700432060827191
0.9748628127060466
0.08755795510254749
0.9450443410452362
0.18339629408613656
0.2605334115060862
0.48661215961799065
0.1801375263629954
0.8317321254136002
0.009432556537064762
0.6876155354397506
0.8235743723276333
0.8585197832206195
0.778702737428837
0.9735238171103516
0.9482515819091228
0.39720483109779336
0.23727704542375483
0.6767471426983261
0.9997429268238757
0.9371617963196456
0.7532030961327122
0.7095258790348319
0.7561144072971274
0.07726441061305322
0.19696340234041476
0.24043439508642872
0.682077567438953
0.7474834345986487
0.2709941167546499
0.5949582452930323
0.87989528563747
0.7283371165003407
0.03486926003791946
0.12023317604013861
0.29946162410345534
0.014912987128215982
0.8485476174370362
0.9160659212767499
0.1947237050369991
0.9807728189874456
0.5092511513677234
0.6092684220803272
0.9770092215599546
0.3133372702423355
0.33556878163660453
0.22523207605391615
0.6289566998816193
0.37548853716398256
0.7511310149429491
0.8138283971127332
0.02415821283204278
0.29103790547279507
0.9814382302548846
0.6266219389318844
0.10867260067287676
0.8036368323416189
0.879905426348005
0.04967366453856459
0.4182292557943408
0.6491616637536838
0.14547003591960594
0.3153538298998845
0.24189460871698432
0.010493957893594197
0.5741122111044715
0.5415028155856452
0.4433437053969964
0.5602923820186686
0.3955391228129106
0.13581481814427576
0.7978023122438798
0.7223938469796057
0.21969840039549504
0.23230838113875207
0.4969031693212431
0.767732460784893
0.6719039850883237
0.04091166569416915
0.6308903681293307
0.1839058707890492
0.9970223265236534
0.08065716037548643
0.7899327080190439
0.9558257995937071
0.5437158191722437
0.2635236255730429
0.005299817701079235
0.09028179374861445
0.7250444172250272
0.2866240360921183
0.5534379020315386
0.7766035327378394
0.8223210449833361
0.8905315363351405
0.7268451776019003
0.30080851224224403
0.9326720842318423
0.9885182204187014
0.9415964596012066
0.41545211528557746
0.8788294719860705
0.3021286208458164
0.6374771160259947
0.9793328802687268
0.8618874585446815
0.39326769551234386
0.9943590386955173
0.841744267408203
0.5157162311133593
0.8074370080695792
0.8841792030097355
0.06591122644592595
0.3052935785864018
0.3602475935135395
0.8586186365077049
0.7100028099449331
0.7930580983301841
0.37560889331466374
0.3237354097319062
0.3206160218842766
0.1890296376220152
0.3116587284982918
0.402729363040791
0.022819436626785428
0.13482550865815635
0.3558484663592706
0.5579002185507905
0.25206158991633476
0.5009009071447542
0.08849112658930702
0.010330356678347252
0.4793462067835824
0.160603057526291
0.1934583186842972
0.3719691825006528
0.1441715464318678
0.7864346935102068
0.68341034733931
0.4008510145027553
0.963331566090256
0.6706248620929844
0.010969742296609297
0.0811809214963175
0.9871631426329122
0.6595561424429014
0.17984512947211728
0.4835648965202276
0.870771107433038
0.01091195069619244
0.03884874308249742
0.5407440546470957
0.1988192816967883
0.9654349115821761
0.7112679285696666
0.6942228707554273
0.03828601445784907
0.9346630710643818
0.36612158176985277
0.2804014910483794
0.5694197993059038
0.7968309364542119
0.3169371876071022
0.41743938689483284
0.3038677474880037
0.7003706176836171
0.39840580514953894
0.9894000466935843
0.3597529694203846
0.5314220820723108
0.09601619856287358
0.3871253906535147
0.655766047661743
0.9512250381860795
0.3858274689564398
0.2996829899975213
0.547076885711902
0.3107304554826881
0.6981470610635091
0.2184528530235993
0.07018836689814278
0.49317347752281426
0.25577570622248347
0.9934994964312781
0.04240218961316411
0.9083298647382093
0.019915174160424542
0.9582931808126228
0.4050901116069304
0.9616636325923147
0.37282631933319543
0.33709862973097204
0.15583756439558294
0.843257703066601
0.5262551743974216
0.4556472788832743
0.8940267035843453
0.8265922518080765
0.39727746211521897
0.5225793886035445
0.06142982680300946
0.43574539932376966
0.1582229407876189
0.5911194522599449
0.4357186373895988
0.45156109495317653
0.6431711239725773
0.5623567159536917
0.2889909903158223
0.3921118626590655
0.24450563779190793
0.4616935479752735
0.08129020452370861
0.8907247680415369
0.9730763201349547
0.4116967488261015
0.20784500369970282
0.9587418242092168
0.6214338507395925
0.45470271591495537
0.3310924848725615
0.9860582178447858
0.18421584059055385
0.3307872529249325
0.46135352254439976
0.15617890392957068
0.8392143106034523
0.5421372358047357
0.23875778212895282
0.6858372365122695
0.9525293364197059
0.8338276164878898
0.956918120806184
0.789843286025811
0.6435851273977095
0.09695896589399522
0.04380431977864829
0.07722725535305863
0.6574257318328721
0.8976874403992703
0.740167577043505
0.3959850076417557
0.387208882774972
0.22817840634379216
0.22002735039684362
0.512833422131107
0.14551716269432713
0.30938364304998067
0.7808373787224885
0.793395858465188
0.9197022674799868
0.24637069115661803
0.47446967586583766
0.5749091809065857
0.3498718436223073
0.2349497432223523
0.8282159481520966
0.7560407010287524
0.1856534216761363
0.3082406456236928
0.7796802420628343
0.1583144656306663
0.8719290637236634
0.36440130561739914
0.6361848968200678
0.6716834665348823
0.9849917722756318
0.8416406988563084
0.7407938269900404
0.6083787828178067
0.7118899307578008
0.3300640743426094
0.6575381104232305
0.27782692635715533
0.8972294976119902
0.4715280998182466
0.8907153944064852
0.08838715885067039
0.6696965407459134
0.9790789683936275
0.09972204594624057
0.09027541879942202
0.740939142648439
0.8340900123431447
0.08791600371398067
0.3217607921649279
0.254319791251732
0.7907401887738096
0.39204383948348887
0.522799006461427
0.21918004025599047
0.15047228429668835
0.5633565488115297
0.7124887303018504
0.7172747943104115
0.5559403547118953
0.2097792044299066
0.7160190930228044
0.443290075681226
0.550083444506175
0.5749017500332829
0.009620341723269532
0.8197223035539706
0.25988025519877833
0.3243286788052626
0.05858389082049009
0.6369001148831944
0.7741729193573522
0.29343186236494667
0.01694142115996977
0.6662193028857089
0.2259902342167064
0.27493383069351285
0.1669527882409293
0.2798974319166899
0.782783803584104
0.3235586607201463
0.8765366383613178
0.16116608101609786
0.8543947951124089
0.21127151101860808
0.10253266452772913
0.6804415039946373
0.14786843228058644
0.824886847296241
0.6511056045986308
0.6901903672291504
0.27143006299598493
0.49761814505112
0.20894147863526036
0.22226551356034618
0.9281677232949349
0.5521514681896924
0.9373080786252134
0.0005178686584713654
0.21461323238985908
0.47473803008889814
0.32405600248898814
0.8764009836484858
0.1277254188368846
0.08800691332961896
0.8106014103907919
0.02014563256925439
0.14021420443889532
0.9310630321238791
0.8011249562752242
0.8396308936512232
0.2681332696622897
0.781296556174877
0.6937169323047034
0.9555100846839962
0.9372010397899867
0.40401235467307695
0.32533002849123294
0.856983601726231
0.25215505546071715
0.5716500772316153
0.7676280347070514
0.09883356267848364
0.016301092828675978
0.3489079392110507
0.5913041309638328
0.7045165505588036
0.8072316866296044
0.000952966311116743
0.9194350097551387
0.9209086397472181
0.9278796520738319
0.9094425965433964
0.8259313974844129
0.4083885912593851
0.4751525245462992
0.013690901140216427
0.33197859683451014
0.09272867036894661
0.7434160035848175
0.03785594654459512
0.7553303814937424
0.6459905402849789
0.5067198271622354
0.21744216380845072
0.19255420581300597
0.22869138796414246
0.5885502442571635
0.65892886204218
0.8374784680022023
0.8479372523538863
0.3306206976264561
0.48448899568965076
0.5037360236005369
0.03415656858478888
0.07873251636160905
0.05011323821349023
0.6209226730823239
0.3575105283498512
0.05619780213426728
0.6002215875529964
0.9866647421145796
0.07072382386622633
0.9891298970521363
0.4573771682189446
0.428929806618363
0.01837604601697651
0.6083607832037465
0.6352002518035946
0.9259393783382842
0.9698411468258428
0.24716503510115662
0.5551123946710974
0.9262417761875724
0.39306470131409477
0.9670538959569033
0.3080084272730199
0.32392356726036875
0.8388306428654106
0.5636265570060263
0.14639766816101474
0.5194028192671519
0.47753563746905825
0.1300474032239809
0.7689465232608798
0.39546282783310427
0.4796928974825452
0.8051207224188645
0.21209953605012166
0.5082344065030191
0.6942738947744992
0.8953380995843965
0.7081706563471627
0.19401449033779583
0.8618957916836693
0.7745250433192934
0.9229237495223946
0.04816306641808721
0.9842244235143464
0.4228477886701263
0.1453147011785456
0.19648954844231425
0.7983563994309777
0.09130381417074607
0.7394224774795961
0.1744973164674618
0.76671819839957
0.9666158277233863
0.14207079870990047
0.5360064589958269
0.5758304205554388
0.3138784664028227
0.035466174590720545
0.9930634954579903
0.8117991145153902
0.5203786525201826
0.2738547343482651
0.06958342160668873
0.5181889094485532
0.6018858538184086
0.29517926135579897
0.5283815059300222
0.7712001611251567
0.3689174757543504
0.36150272593019595
0.9855619079688164
0.8073877497402605
0.9172670810559154
0.41077506639927064
0.5831054985415804
0.18671812427217205
0.9271828285996577
0.3671303289020734
0.9019525103724562
0.4869908530939786
0.44961576910430057
0.6046289409990528
0.6811078209050213
0.16475851598913482
0.058000399514904544
0.9978650121240152
0.6900526181999078
0.9541004937808625
0.6230007607910067
0.526858097646317
0.4764962213099675
0.30865960231012957
0.36160823610766957
0.7007185234171646
0.6649633178688219
0.7814025104760606
0.18990938708430172
0.31992015764384096
0.13925034331152586
0.3955611668869802
0.28201964849734373
0.43784768674128516
0.7546497773156116
0.8650837636904406
0.048825569219070886
0.497421641163003
0.7627284893046844
0.7303542082286292
0.2276665905851305
0.5795743100272779
0.4718433804344434
0.10806835329125086
0.10426188266166014
0.7639140369052729
0.4582429352997359
0.3499333697574978
0.09189645335312202
0.5023792762216126
0.5085843797354105
0.5595890151949799
0.814328203974576
0.11945623334816202
0.6498494614444905
0.7015401435375345
0.043100839469321306
0.907363407045205
0.2073827612404755
0.13289974353458012
0.5282402148795365
0.7092414371487803
0.8142516223212638
0.6407204710300309
0.5477724260610607
0.5523924363530122
0.45864959263650695
0.91167631022237
0.8134246435221782
0.7278474933126652
0.38727910256608544
0.7219401351046701
0.21027684462153695
0.4189893664649438
0.32844872631483113
0.855428272400798
0.6258236969519505
0.05443183839999388
0.6953959545416494
0.9144352532324064
0.07915215462938152
0.27354868344555483
0.14548463707610548
0.2892017009136145
0.15168137863092934
0.20610141893707112
0.22800249709763087
0.9565641549116506
0.9647699139440868
0.44192291971548203
0.24031783643326599
0.7749415226698412
0.7384968548941389
0.30610427665300277
0.9720547886772773
0.35348578912792006
0.26440048030315655
0.8043283393973002
0.09862457729637508
0.08565782566384894
0.2756601289867676
0.7371831478120795
0.7547489747785823
0.006277751046897984
0.12459683005471711
0.18229675942513168
0.5110573480112249
0.44098210972743157
0.2296694860768671
0.13494606685032962
0.1277955903362893
0.944622072209407
0.37887729100984313
0.35967241317564347
0.6511099423523987
0.25969612999153346
0.24760149550892563
0.32537019381164034
0.21422775949304362
0.3919120215856273
0.48643563238381604
0.9963479195917095
0.36524915191162355
0.32865640001713714
0.43586462508221724
0.9735954350605859
0.16904659515630072
0.6637622913087651
0.11768728407930384
0.12702245922094235
0.6849394465211693
0.024796535956087995
0.20657575199449318
0.10157071849125265
0.32556152891540524
0.5750865024650265
0.04252161088232387
0.9089328145617537
0.23145490301869776
0.38583480602831755
0.7746132053481476
0.546946879559998
0.483419646704485
0.026448938526217547
0.1949097033662398
0.8015632747250184
0.6034362109914669
0.4603232487566158
0.6178282919854191
0.03194556586963526
0.16933660550888618
0.31228121021727573
0.3832111677310758
0.17301605944206433
0.02963790797555388
0.8462498246671009
0.37760315612243567
0.21101320245388067
0.8465055976487174
0.47475152667208376
0.04357492581266986
0.9948828285762349
0.9720137884104243
0.40093377919324547
0.8398878763114532
0.34435653393884214
0.4759536697425558
0.32654935229929216
0.5732826840295661
0.6186087517544229
0.7994482202466695
0.5447014734855571
0.12967817074395005
0.4147682522794952
0.9351813247900282
0.35420490216046563
0.053422811199029585
0.8577530032519325
0.2148552178749159
0.42336854495570597
0.38789554319186526
0.5872099607887079
0.45937319324979686
0.2462835502057389
0.6991162251557529
0.961205412406523
0.597394337361534
0.7688664128178297
0.6570916861772921
0.9680095386272362
0.8617035066632451
0.39903327383677645
0.5827051165018626
0.7569536175249978
0.988041999712398
0.8496622014459201
0.33886071295543685
0.9383595549969248
0.7506263680668258
0.4681615231723969
0.6081523357677855
0.09370215250434089
0.011192347465299068
0.6360767147252447
0.7651747501566555
0.2570076436239491
0.6047622281151122
0.12950233533000532
0.23711166511211446
0.8787674430423801
0.928573326951255
0.09985639620072417
0.06009274183539315
0.6827345617197875
0.20826982974773145
0.8808915542776398
0.5595683759865483
0.5616540823964761
0.9680093370319635
0.11419716001073299
0.2680225375405849
0.638191043966752
0.2141594636442875
0.2735354449422107
0.2800978325775373
0.8690862887100471
0.8129839047128788
0.13581843761668244
0.609736110988197
0.6422866078557319
0.2791134763218709
0.8132421044331652
0.48495828949211406
0.20301436356174263
0.7675135436499133
0.8740354529458315
0.0856816222798642
0.5508115602541986
0.7670959151501282
0.9226499327910214
0.7844585130630708
0.595347944795992
0.06468442094483584
0.8170751283025396
0.304739267842452
0.8753751995131482
0.8746539625950525
0.13037578199837385
0.8924159197741381
0.8878896851809586
0.855717822224703
0.4034159276634587
0.9239266929584217
0.07275262742256983
0.3974497008700254
0.708247056858762
0.39893756524459456
0.08060113376489197
0.3406734971428971
0.995748879961219
0.30212183959656025
0.43814794854061323
0.0655170339089235
0.7871330160465551
0.7212247732242921
0.23645784304273798
0.7472558145262539
0.8836024348544433
0.24384834390768895
0.9903840994354407
0.9021514476048549
0.408962331764246
0.5834209998213002
0.4771384683613693
0.49555555346954827
0.24159329886389014
0.6595169994893821
0.592038785689752
0.09388297536413537
0.8880717778567012
0.803282120024735
0.00670124878610634
0.4083682633809117
0.9425284956275962
0.4176314003432289
0.03333742412736962
0.20569936735410432
0.6940875744084659
0.41940613252807724
0.35864607076076294
0.6396475756738617
0.9696278207845628
0.6446962611981197
0.6768401690499359
0.8359520656289938
0.09614618477227022
0.2029292338567954
0.21761341115515043
0.4292842031556019
0.0410367667534518
0.9518611700067183
0.1260125322780331
0.471857407999164
0.35020332758601835
0.5149239565497257
0.8627937254214765
0.2983501285037896
0.4909239658849589
0.6337669386313097
0.08711083082430193
0.99837641997603
0.29750696063140614
0.4435627542348711
0.4824245197138659
0.4189643730151209
0.060265188208249776
0.8511828154073703
0.9303198396109796
0.8722794245806956
0.08190483200113896
0.9551929459994517
0.7485196992288596
0.8834205589544342
0.9033218126115024
0.892649376333512
0.03316536478259824
0.2905463216366013
0.21691781532771204
0.4635704406433493
0.28160507699638404
0.6490311611836747
0.8636404860163388
0.9862271183410759
0.1277229295916733
0.8593106812239423
0.013949002381966502
0.7636991104936791
0.5861012203608312
0.46754818571050405
0.9023661821463939
0.1704457119913142
0.2394452456678462
0.30299610409541866
0.3454591081189252
0.7454535949179669
0.9505193727995922
0.36261019320373666
0.15670821313191496
0.26776694544878654
0.23006736834523545
0.9384205575301076
0.7993193619088529
0.2276914114335048
0.3301269219499757
0.17606449641930788
0.7458921323174578
0.5832959075064281
0.08779271892996732
0.05214137114465622
0.5449483676230884
0.6662478874707229
0.23239088841658007
0.7753660386816068
0.8479058435049688
0.8631299091913206
0.41341286273449596
0.786290538330116
0.5866675521629361
0.5529558898340597
0.04852311987360147
0.8966703206834418
0.7153340462652342
0.12416648027358912
0.23020080579674906
0.5025697217903679
0.7835429082568169
0.17339574761094945
0.03563267010652049
0.34517393926842455
0.16383492208345474
0.16412242299116708
0.4273346748004252
0.18091102009926807
0.07393495743380285
0.6071736916751798
0.12150684454069727
0.8324911811372809
0.8908023597804573
0.05305698522880198
0.3609171561950262
0.4608920986035825
0.6919373663973168
0.542763485191215
0.5277606243158323
0.5166842788496642
0.9573066470281983
0.32666776915084317
0.023321751490910092
0.7565013563475674
0.5757456055499254
0.3948192195781941
0.3602241915542085
0.4399351968975703
0.6156972362677452
0.5575738552073825
0.645202967310928
0.6292593342007334
0.5084328681579261
0.23631116320116285
0.8061542231576841
0.14397863135629552
0.5509050769476821
0.18673350657747734
0.5220573122009636
0.923572267228339
0.2675054958049793
0.21248270413562742
0.9162978273959873
0.8909512765806136
0.2633776575053359
0.98541898122193
0.7107184875925042
0.8576979586509657
0.5362422320320811
0.31348351715030576
0.5461637752497503
0.1868695679539183
0.8964720312335116
0.11062061645317067
0.22301216574562943
0.3620138463744689
0.3699373315580997
0.06256711979200269
0.1244786635332692
0.02511760781620309
0.6935897637740669
0.6264705722195887
0.6513251364943685
0.7526261366120889
0.10543329799325885
0.4843179229941378
0.13502869233449288
0.7884860148744454
0.8336371073682337
0.631290975729405
0.7427303212839806
0.12699038790593353
0.674565048257497
0.16006598681853734
0.5520522096205059
0.0931240517494013
0.7076021272150731
0.9544486175822839
0.028073543030110115
0.0964875473144452
0.19421101605351876
0.5837410030269531
0.022360234750111396
0.8617889864977873
0.03331877014695517
0.559385831484838
0.8504294159767422
0.005776629159894187
0.5843891325816287
0.9609936349864893
0.23104958593825375
0.3247979516777221
0.9636800175499287
0.2549163393795232
0.16936443971963944
0.40717293210008243
0.3220060658374476
0.5637689453643457
0.535481152526327
0.529252619929438
0.8702252267336502
0.1397342538956542
0.9396969863013706
0.8884148700686254
0.7704145508143112
0.6129639263927836
0.7774859570184015
0.7560285260300673
0.6263862276181419
0.2965991494552078
0.36262435847416696
0.4637048519170881
0.3498919885429196
0.33215861571059946
0.3753845646928812
0.0999357538487694
0.2610569879501866
0.031152244512873684
0.469883892638409
0.1531408657941239
0.16710592876008235
0.6991177041200676
0.5113517413649401
0.9263656497288861
0.8966628332302244
0.6240404356121763
0.2912004093858923
0.36119272899112753
0.8421592322266924
0.6607133296726471
0.4638911669527265
0.33043219219231323
0.1793640068895126
0.8950726655511428
0.7266036301015945
0.9051648665356279
0.13041653340914672
0.7446377025780336
0.7961889598648278
0.863458384812726
0.9770882082507477
0.5896459990763272
0.030587413499739258
0.07208051925756276
0.4354548868702285
0.2514048509868283
0.1571239850180286
0.9464303922833709
0.21149253894470765
0.18916711676603937
0.3871647484017273
0.3979136830793878
0.03357680250213313
0.7704982967376435
0.9390683131812589
0.3911689667446927
0.2631327451725075
0.6223181319698138
0.8819369353298377
0.23827425332657726
0.9400516970325801
0.26733500025083123
0.5322912577435048
0.23786888064640166
0.42355328372515855
0.07302487516722656
0.510858345599303
0.32282589269074424
0.5328777055723942
0.3778927558364179
0.6295745546241842
0.379717348006281
0.022159808284562654
0.1464215090516775
0.31837979142245953
0.8886710793619026
0.45104311924839446
0.8265474967524957
0.4792419623595109
0.4447597280663649
0.3574708607505541
0.13512898320541278
0.47842991422669334
0.6098360360043925
0.7499945998487761
0.05476115606277532
0.8939628075173564
0.4541790422102253
0.3941038595873453
0.09850929852731327
0.2662807884370145
0.12170251061467441
0.980114637484381
0.40110315850756373
0.1837133626758103
0.8958767805980665
0.14555641960377297
0.6438195915159184
0.5200314294246543
0.909062959296303
0.43453244512617817
0.2488582431800428
0.5542922101297431
0.08717733296756902
0.57456693816985
0.21230550002378645
0.48814847301493736
0.22686313137407565
0.8867529641963005
0.09883596918228033
0.6130208567272826
0.6953557044247138
0.5018081874103059
0.3782822944322012
0.5307448149016751
0.47759622661842127
0.961228035304958
0.33581693965060044
0.9298952296299072
0.32484090049673475
0.2695672799739437
0.10686882155624322
0.07169597746290624
0.7945565632094498
0.4281449174180847
0.29551548164310504
0.3885386212563652
0.5194366951007429
0.9946936460915713
0.2354076919387571
0.20316889389428783
0.4358382647870336
0.9918307554965768
0.404418994477038
0.011109877175551897
0.9894124273613749
0.7847307312847384
0.15157642759225753
0.924911792800434
0.8126752818158747
0.032672818957072636
0.579333178594536
0.2286423670395098
0.5019793485960858
0.9260533151505289
0.4759790200355348
0.1661927722269695
0.918810764627427
0.5317244267330814
0.025070060919657577
0.8266381261347128
0.3907533088306726
0.33384937722110297
0.760023452521003
0.567079966036169
0.8391321450316434
0.5886234580362812
0.9232189877461014
0.11043522982791387
0.6966939440219792
0.7276856029133191
0.7595367590532934
0.09228761703238697
0.005988536983114745
0.13127517843640746
0.6828470077626213
0.44689681396750036
0.9227227437678446
0.5449647941494876
0.6776596951652968
0.9767482916235997
0.4403401549445398
0.03907225022644489
0.4166647516689974
0.0536070240829406
0.8128540256165544
0.9745478256093039
0.15090039413244605
0.6419094405487156
0.0225261662445162
0.7123331214453696
0.39476094279227647
0.43202301789315045
0.8150801916721234
0.5261707735531648
0.48478909189044483
0.9005420854000987
0.16865199741447412
0.2864780112131535
0.38458426200965257
0.6965615849311962
0.40481521005459786
0.7318702146105487
0.8910131380906744
0.9491024037326382
0.7129571880912773
0.7374150557744251
0.10362744272201474
0.2547214257048217
0.6607912403073068
0.3222607839814754
0.4737300451168215
0.09581480764039985
0.5341513391546777
0.5343114524050986
0.3427521697419974
0.8007928431763627
0.48268598983632816
0.08221620890123416
0.1351894368368035
0.05620926513710944
0.856612374625985
0.761718065063463
0.23958010254386186
0.5589079836253917
0.03224968587098731
0.1943154259501073
0.5065031886884377
0.032808376200503475
0.24285224190356602
0.15095166855878261
0.6434700443997394
0.1081003033312179
0.4935183472192356
0.03074955914993316
0.9777414536992484
0.2585409282176194
0.1230247027753466
0.9580174879348295
0.15022698989644145
0.5975959915448192
0.08984076865919577
0.7282020991893587
0.9076612189005461
0.6758183637603812
0.24054555480419393
0.11813795446655517
0.611131419040488
0.30176143110251696
0.15516372115165467
0.03772120482429875
0.6274051816380893
0.5377548526567238
0.9509093740136608
0.6244921419469829
0.5371595709370462
0.9233175145064022
0.49099047869176415
0.6711423695522921
0.8053607696630042
0.3326062652844398
0.7544932347288715
0.6431738354589216
0.04343218952123962
0.7424733397178499
0.4054917606488593
0.8305496159907463
0.16808097567242175
0.19512024788350868
0.5707352071043725
0.25380895850141794
0.2919912905491885
0.07947961873369735
0.7954527798524625
0.4403447894531749
0.06981721918040029
0.2815264715297424
0.41085039643570864
0.7560281107511058
0.8416783339431116
0.18163203553198237
0.9276206541983403
0.22810264257500956
0.6371199105194127
0.819513630025985
0.6097476917474421
0.32469242244700414
0.5104713725180934
0.33093220361155584
0.5402919918006763
0.2568186544962835
0.5930161960561531
0.2219095941679763
0.230259941068093
0.7370023316751144
0.40711161361328585
0.43141177348602544
0.09682605195743177
0.1382679967929208
0.7753292351471033
0.18640931130217908
0.5289795168570367
0.2967222267763886
0.9286948053661592
0.5013525624537303
0.6741995219275286
0.7555317899640559
0.2930139819469728
0.6811827487091934
0.44115085022016554
0.8455266897950529
0.5057296176455418
0.40762396675168167
0.9556433453653731
0.5789973848206531
0.8223037205155813
0.8010143243580179
0.43444683759097646
0.265529580275666
0.49026091441339714
0.0833026697065713
0.18728307474959505
0.7135864128835187
0.20451017415808848
0.2781677964273144
0.27271886457082717
0.8991053041028659
0.47660493982096697
0.22032683585851964
0.42358801797288437
0.6090040499572511
0.029273696817824213
0.3836145232290449
0.6535460585649141
0.9357096856026635
0.5053336356640543
0.7518006049787302
0.4941637356228076
0.658839719611518
0.13536678785273115
0.5837757324993309
0.49587789429735374
0.2436116469143198
0.7089994530493896
0.3249773382237017
0.16350035022263099
0.5210683645381758
0.8826329474176698
0.815163575087477
0.19279269250791986
0.01895087266708828
0.7457456651089297
0.5247340587564332
0.8920796835264766
0.12640492069646925
0.9470924465529088
0.5058265474399344
0.8869115869807443
0.21079988775664804
0.31367041592913214
0.2709647065871823
0.8303929677592666
0.7011806125665846
0.5379195089161419
0.7710115520588166
0.953005263515408
0.8516664267727657
0.6778203130749121
0.8571228187253417
0.4186010277731723
0.12237174597785438
0.5890528525268868
0.326740593980415
0.3132615047022782
0.4502216156055254
0.9208999088272607
0.15666803250019923
0.2088145617369057
0.04023463169881769
0.025975264817094446
0.7214986976205795
0.1903020563331167
0.22205687275799868
0.5706159413299878
0.6378924495594497
0.6532005528769397
0.23633678629422417
0.06222583872475429
0.8973980275433097
0.5804459847985088
0.25130883061484144
0.9794215862761099
0.8441091009946053
0.19298831695036056
0.6045508007013144
0.011531489141852869
0.9594834316518939
0.9540879526606384
0.4787863328044416
0.2644280950215554
0.16934752212979165
0.022725998742273545
0.10652600929976641
0.11578580978150188
0.21859896082503327
0.45909627124115815
0.05306749701202318
0.43752457996658045
0.7510399431170024
0.5043513702785183
0.8131335122241293
0.9426355520044774
0.919447576132242
0.6299294970871478
0.15141601756865342
0.35543904333928034
0.8056972646173597
0.6251923555147384
0.014420208068552376
0.5701721285212555
0.9302548685436208
0.18777526316533044
0.02828499504598625
0.3237326999491097
0.7641852017107377
0.9126513562855472
0.7558970248289132
0.28781530307072034
0.9306403842587143
0.2911926155535507
0.17124939609242962
0.7073723089589592
0.47665776770964186
0.9346989732308734
0.027419590074175604
0.5911495041667272
0.5288953515227053
0.09854841970748918
0.7519760583486468
0.2684832014260504
0.8381331678724884
0.5183007321260469
0.16428350456679852
0.7823693256070875
0.584550086424446
0.4974614856707754
0.28954585304946445
0.18318748859698708
0.026918554754270407
0.32032596280870784
0.7354915792965793
0.5056583821837788
0.23508273428390503
0.02581595785899604
0.7468191287840409
0.2310376966423453
0.9895628920355959
0.3657294009833233
0.6125631430555224
0.17059256564355763
0.05298137580551443
0.25430388999576936
0.5347147905812134
0.4953603730609051
0.7889565267900855
0.7297297295001524
0.13855638437177453
0.7423125221249492
0.35968575957994897
0.040141720720127116
0.34210716042551925
0.5771202427447076
0.676391719276715
0.8817835526397809
0.06039068311815843
0.46446407244571797
0.41947604399699023
0.724771983083083
0.19075002132236674
0.884650419880114
0.3724161671898255
0.9251841648215191
0.782031444686159
0.27284104834204914
0.28322770148322873
0.9851782460382678
0.942412400717637
0.9621807318374622
0.8545647040562052
0.5851612818972824
0.7008399848500297
0.37964684596433496
0.8558710472135711
0.39879078857301364
0.2054797883837961
0.8490663375007671
0.585367058412831
0.3211505161640281
0.24624399047814827
0.0009364918718136606
0.5464675993058267
0.950673206257384
0.6831444930674908
0.3012119970696585
0.034944493252035747
0.3625421524467046
0.2774108505230415
0.7170038374034206
0.3640322695578416
0.6665876923355594
0.05732438294436282
0.8708722078857087
0.5363281413143359
0.6866224398183408
0.3060980699286413
0.6772064662347943
0.19528905720538614
0.9682942381299344
0.6427409583541157
0.45685528129534636
0.24618491991398805
0.4753156187173898
0.28679687403830334
0.39120399545416773
0.6056956955183886
0.7052944798435407
0.12816150798564063
0.6082559762939366
0.10653813151013602
0.7728573766208455
0.6289267511549209
0.5441568273104644
0.8744154872576583
0.4435217493775715
0.6485474664935432
0.15664489391092706
0.08380335073536782
0.565961663913097
0.311754128991759
0.8052477596410136
0.14105579791041545
0.7066570476354714
0.46530989446256865
0.7304029414771588
0.004140448428789467
0.2704014142533546
0.6278730995187658
0.22008815193015585
0.2642013580090731
0.14064870467203727
0.2281694056914192
0.0031980413417641573
0.8330885500728815
0.10152985370437462
0.14122752030682528
0.14151165051480674
0.914099625120719
0.12341209583290746
0.9339227651062385
0.795834345419243
0.9862547220165779
0.8757654794242217
0.9406115408250404
0.7507213229735644
0.17969532180209302
0.45089907040248334
0.7208504894681657
0.28115803017170193
0.2560377943043053
0.3700183181581591
0.9697817060919093
0.5615968242210937
0.5871170547622775
0.580548715899114
0.2931351824494557
0.01898099225446881
0.13220726637518554
0.11520530730051703
0.8535244407177439
0.18556971441874204
0.8594129259405413
0.06609327291062927
0.7800899105441187
0.08025660627852826
0.448020765649798
0.2059625957780008
0.7281127091825755
0.8261296486077868
