64 2 3
0
2
33
1
29
52
2
25
37
3
35
58
4
13
38
0
5
7
6
31
42
7
34
63
8
13
23
9
19
28
3
10
12
1
11
14
12
24
38
5
13
16
14
25
44
13
15
22
16
41
62
6
10
17
18
43
47
19
31
46
18
20
59
6
21
39
22
45
47
1
23
31
3
24
36
25
39
60
4
26
32
13
27
48
28
34
56
7
18
29
16
30
53
12
31
39
32
43
56
33
43
55
12
34
49
4
35
48
32
36
55
26
37
38
13
17
38
20
39
47
1
20
40
19
41
47
18
41
42
29
38
43
2
23
44
17
45
56
15
24
46
9
47
49
2
6
48
41
49
54
34
50
53
30
42
51
26
29
52
23
46
53
10
25
54
19
47
55
5
22
56
55
57
61
25
49
58
23
56
59
19
37
60
26
55
61
14
20
62
35
42
63
0.3511787889534379
0.7854131813873666
0.07451531154786728
0.9845878145625065
0.4755667009812491
0.9806473745756187
0.15055267933801653
0.9270527930904492
0.3636687490774506
0.3064076094006215
0.3414569318572638
0.49413331960221096
0.8906503465650194
0.28433430132349535
0.27496379921272096
0.1885654745149652
0.9824495496809924
0.8299466077044562
0.028083509956381647
0.13741724734402072
0.2853423683361138
0.918454135559083
0.21026324062587332
0.4449466308079115
0.6375079124972487
0.5019957134676402
0.9965296299607999
0.8850482097466842
0.19749700333886155
0.018004416060119488
0.890066729088574
0.32496565091176954
0.02407936045212089
0.47951201392913134
0.14144674585477413
0.7988361555641837
0.7812993817685141
0.6680002612554428
0.4712536055233101
0.8138948238739412
0.9051598214284027
0.5369355790440058
0.7501609252115137
0.07853912493915882
0.2969150340954061
0.16255581590206514
0.16564584334065546
0.6839960438973313
0.2611266007597782
0.5005424755808445
0.6176746404406075
0.9982525311928396
0.7022124349858313
0.7024313386031236
0.615993293669273
0.39916016999211423
0.617740454284535
0.5914634196558437
0.4501316877562963
0.1412667509231793
0.46575158374656156
0.036606827994929314
0.944558954175029
0.09264225084319988
0.32785537859605696
0.18718643543781244
0.8662580800630637
0.39896425717545614
0.21845700082442598
0.8923059959491388
0.11562141904900858
0.833143550505142
0.15409167290292614
0.426536676558381
0.39162048340631617
0.538924225068724
0.07579178266057118
0.05199030584230213
0.49657559746867397
0.011074981159172714
0.6553432508127289
0.5082561721298868
0.4729691970971557
0.15412976562456804
0.3437069858319234
0.07432107891545925
0.4799089369298385
0.3648205646691236
0.06804609516369642
0.9594007964050055
0.367665917422782
0.5775680017392326
0.7413752112457533
0.30755985217555715
0.40274320453906864
0.48283616784891037
0.9805664388131498
0.4369459732668287
0.930629104026684
0.9995384772770083
0.20880931350318233
0.4608632658151808
0.27905675800615737
0.3821767909919499
0.003293840698302297
0.10411928260059644
0.7737769321661486
0.1439309389709994
0.17063489164540824
0.9509012990055983
0.5210116502320754
0.06375551459247963
0.7291668755302557
0.8403412743618943
0.1543155399202153
0.7602562089563287
0.45763062182688174
0.0908714665754885
0.9938988904539089
0.013933678556193207
0.36397010904143456
0.4695100191578324
0.33990933245480437
0.008594742427576407
0.5966879349444786
0.7832690542344558
0.0018065673167710905
0.058590937359782824
0.16277469393287702
0.8613513389145184
0.6941267917390925
0.03812180804113274
0.48650732059893564
0.20825209754309015
0.8670273319828693
0.31003540659051043
0.15579172156786325
0.8843882988094474
0.5710182410913989
0.03508206355010701
0.5098586459776892
0.7032502532978644
0.6027889668678609
0.9256107686319731
0.5626660336034289
0.6053958476880835
0.03178163320388394
0.27424771149501426
0.2555156328008925
0.8116190647173717
0.5185800472607839
0.47375468850782265
0.9406401481236384
0.8532863595389282
0.06603642284705535
0.33913952817589377
0.42455989574167563
0.7520186055413357
0.5115349350099107
0.7512942210403561
0.7002941645159413
0.2510055428318043
0.19365332213905884
0.8012371770113775
0.06788829998649704
0.08076675754296514
0.10956514981965326
0.7128862824984565
0.05265794270281332
0.07429492678514693
0.41846802866378374
0.01212116806443242
0.11102882930057156
0.8847146084067314
0.9311964653708632
0.8781877810910144
0.48690067901123724
0.006736500988971383
0.2607815032094586
0.9211519725473944
0.3023582463660216
0.6659016071256425
0.7826441710557853
0.11422374507290156
0.01602295514591401
0.23602975709313845
0.8226510323571979
0.7395574295385788
0.3313711067566181
0.9709332129169619
0.3944995504330524
0.8013279052853756
0.05941345088408634
0.3930471690073548
0.18355983590762248
0.010573575351099707
0.43343747823112744
0.4114111147324643
0.9308007506159508
0.01179643285088039
0.3293092443104486
0.6919914438001401
0.27352731282763776
0.6541653490364271
0.11130159568622233
0.6530311492053236
0.16510225707593307
0.19956527685206427
0.6272263091102108
0.49222689739508585
0.6076115511438264
0.7726288623216758
0.9091970018332889
0.7940175976832168
0.6355803671925697
0.6804832004054276
0.6361355028215425
0.6187871599195185
0.4000794850619178
0.46775311023344046
0.6853878690418572
0.2144148280242536
0.1670044196024385
0.7770364352317721
0.384341492747887
0.6519550527776053
0.9888694789744752
0.605406362019735
0.10273184680082059
0.015309921208028987
0.649965163425303
0.2807290348140433
0.42082021955409643
0.6721113432612115
0.4597295417677929
0.7786842455713481
0.46576784586494324
0.45830588888759427
0.5851865699844669
0.1448734563616233
0.6043266060686769
0.33333719578392984
0.27500772802362106
0.2962356385551297
0.06687612053687364
0.7811580821555301
0.7786693857244197
0.25432170100043505
0.04444290931529904
0.05703307630822152
0.7674778483558535
0.4508333073729538
0.8433493894623285
0.009645010346278182
0.3962699685453639
0.3647869085037386
0.5957140063686466
0.17712622055399652
0.8737504944994415
0.5424579552444089
0.1220704161987528
0.32853231824108287
0.7412396518022952
0.7688482319887486
0.7155367827334538
0.9191098042882818
0.5778839092407855
0.8542929605728616
0.4214575374862549
0.475958489297154
0.2839844217243075
0.18126400994968916
0.3536488445206092
0.6400591385654922
0.18682279839150928
0.3593999773033927
0.41520176353075955
0.3489402176685503
0.209525932032111
0.374513906182958
0.01850424737920997
0.32010186251927353
0.8164275909482583
0.9857038908523016
0.7414920049735952
0.4415062029105329
0.4264173912408349
0.8801628327644606
0.9608719768371926
0.3425736186782191
0.16715192851670524
0.7396704461553049
0.02401967993393206
0.6739264732656277
0.5632569468699513
0.6767274977763271
0.0605942423687974
0.7339441456332103
0.57320082881567
0.2783594090271536
0.8202413092639622
0.5806648986018276
0.8573779803269566
0.21988708336381257
0.6194132882812597
0.16144917514503543
0.2245007231910251
0.8162307290566577
0.981609094041464
0.3596701529763615
0.6645456705644702
0.9625216344830405
0.6593225607692698
0.3720789994063938
0.8864092823701721
0.34556397780180104
0.643911487106024
0.985544993995252
0.7269082328925836
0.9464935261491868
0.9964448910129313
0.9824756787706549
0.5261485390199917
0.8104452891638232
0.19124334190827486
0.1976189151564599
0.8149140101801652
0.3087449877656967
0.7209402642541383
0.6692093731132362
0.9929900309117995
0.4327251065356207
0.9466257383628323
0.3637536303097185
0.5202049018122951
0.7218608424745038
0.9468843807141343
0.9130413432440447
0.49033992333714327
0.6972359521339355
0.613216986248488
0.3592585741939117
0.3481490881139764
0.3232973123875654
0.4462267101313082
0.46053644166855523
0.9207221791380892
0.48263407476800024
0.7115735879451155
0.3445197139731694
0.7080624435435002
0.026694875491151127
0.5030762479732348
0.29463103287147474
0.1965577672392088
0.39130913397530576
0.4680552318117165
0.5368850566072648
0.2353496413489098
0.08217842697569577
0.7482689359239703
0.6826442179535203
0.17078202142343013
0.216209714714233
0.5133599676167602
0.5164171922431168
0.09589420793733483
0.23389969342146688
0.32947631823989887
0.109644895600998
0.6765016189669859
0.8989355189934634
0.31653219987384884
0.8810939666296475
0.8924482771196741
0.5574322147997796
0.248051123813938
0.6935761544422283
0.5081158217644277
0.41639266358338956
0.5709971385820937
0.17432268842120524
0.4375873542201544
0.24178403237444013
0.7900235459393106
0.8565057700102288
0.1789880974801209
0.16450967486776535
0.5756979396269334
0.8958606423087674
0.4819664072059292
0.11499764020612024
0.34683851292981316
0.8585600304224562
0.5092737760534326
0.8748121467294487
0.2568971942838527
0.4122477765240079
0.21204702198889136
0.10428456622566573
0.31765156652051685
0.9435195177228641
0.5432655278823717
0.13819005531563422
0.6951637743560982
0.5676874790936843
0.3258029613119586
0.3183351898385126
0.3171477574465187
0.32833858713964914
0.2022711870534738
0.5406944098903497
0.46983884228057626
0.9121261919706343
0.4625370570542128
0.9154286437813316
0.5380889882111928
0.43714013781389993
0.16975632981557431
0.8767962862749022
0.3879098854176899
0.5974866352101627
0.8940306513807846
0.7897540170916292
0.4880274900187105
0.11763914959778665
0.4170855194310923
0.04808035726037507
0.6240109756726521
0.14959255403404093
0.9998654179216528
0.6200003245786293
0.042681164369215985
0.4069155696408716
0.7130426799964574
0.16448789205088055
0.9281846208938642
0.2940149176198201
0.22102763729906538
0.4284182846281931
0.06875172897343929
0.11853700143459045
0.5184530654524815
0.26839120566804553
0.6059585001659608
0.2535795513658363
0.7643829166439549
0.5866662574212484
0.7915048806703725
0.2232116400174068
0.6152172614403529
0.8015341194797017
0.51128173897666
0.8190491244221622
0.6568153839561506
0.38805449128364344
0.9135515184190044
0.9141087689106853
0.25619692557612705
0.7331425526078688
0.20835145852130144
0.6391123792992653
0.5769462061479503
0.7521350930016206
0.02475777432701809
0.6894596969687307
0.7271402819560294
0.04175465302404002
0.43782852272232453
0.302343478759184
0.42118293621593217
0.9402065804740971
0.8479207014527859
0.6794110111929461
0.215558010078144
0.43297432591042206
0.8508931935163884
0.13888857287237122
0.7865385811424478
0.8083509907416498
0.7385410846214119
0.22449062917146378
0.4370487159165951
0.6114740940910578
0.6036279160671113
0.8564916861847773
0.00848698303724138
0.07868316521915197
0.3485335067314004
0.8692885436662048
0.27000833242043976
0.6357214026232266
0.9402812838732798
0.06014608999037485
0.17311481672929718
0.6338789479827631
0.18247551403221907
0.9885605250052262
0.31005917199911315
0.023151141238366035
0.3117665735796188
0.6334764726222143
0.21152192959567617
0.5297019617696926
0.28692213832185864
0.061478298548364174
0.11738033879450926
0.32928353370344143
0.2053621526295326
0.05313773806511801
0.12721420675911232
0.6937089217132937
0.5931677504176193
0.7097614468881304
0.1285063141770436
0.983341856613861
0.7255274663101107
0.703052878078252
0.6617877789081574
0.3971814562203142
0.18802776029784518
0.5398855524769138
0.5226062526447772
0.4543746632739243
0.8966219235765959
0.3584232840336814
0.9719952700230274
0.3630191381911704
0.4536159252605344
0.9325409212588011
0.45796444692018434
0.24981633021848626
0.28733113955716394
0.6638577029241234
0.6708452790578655
0.1333240279596184
0.5813501608096995
0.9005225458410338
0.46437294394415396
0.36676323840913394
0.3193535307745081
0.5667883960335492
0.11957691391646441
0.8606726152203356
0.5051806680358024
0.6780336696870901
0.04782773022590836
0.9316303229281759
0.5112735056226761
0.9706942256619636
0.361066552828312
0.7110170062342429
0.3540122042593147
0.35494163768969333
0.609735465095409
0.3686769617361696
0.8621263491869906
0.6798147731037149
0.6082100927415653
0.2983407750077094
0.5746445412072694
0.2625278291410339
0.5239493758331619
0.7349002018587006
0.130254497437161
0.7560403940152925
0.7346298453573266
0.2176736204018661
0.29138608638733443
0.8800779641027647
0.1162718604586308
0.1556352525751592
0.597696522453396
0.6041682440231624
0.949392314777579
0.11810233847155127
0.20493273833248393
0.62735068823078
0.09285634881887916
0.19515690117065043
0.6994906279918418
0.4303493945290462
0.49040870654872637
0.025660564849717016
0.0678151869775977
0.3541876221920208
0.7082590552206807
0.6455188884837492
0.1162645425817248
0.005964018500513424
0.1776469527538712
0.2392246233454708
0.2959921303604347
0.7926699228056295
0.7652895065269597
0.4632199448070904
0.6557205802331845
0.6614542274508584
0.4974128436867836
0.37009062244157065
0.05574269874998139
0.8559609554567013
0.9576862520043906
0.5730465945721495
0.9822087656568289
0.4169055342314597
0.6867017282874197
0.14973675321158708
0.1463701195636935
0.4502593377833045
0.6542369909236015
0.857472062847272
0.6138235854168763
0.3700766660291801
0.7747842304214385
0.9621367302554273
0.7350469937528548
0.7727811868149854
0.6660258935500922
0.6416941661649136
0.6554110581648058
0.3533886484791431
0.2046949146471312
0.10642292272142273
0.8368957072077188
0.05002671815596549
0.7654765149994888
0.5547986715565252
0.04544611935609366
0.2592923968461156
0.8154519063656065
0.08970237262277181
0.5959858708800955
0.2739305614280746
0.31753497729937663
0.8167893465408278
0.30885723981611424
0.5598073065984994
0.23285085511029713
0.17391800029419957
0.3869435656739114
0.6813743822649279
0.13261109694502093
0.025326637679846553
0.7756919922026618
0.6415528744903414
0.29221651827497175
0.6229570807092306
0.2633310277075209
0.46772977865592713
0.4021545391221548
0.9318200066477015
0.3174394680358097
0.07982552096527795
0.22341740304452107
0.5328733378643827
0.1091346053361556
0.7525389444516888
0.7079693321401668
0.7065620272187957
0.3650724887403445
0.7807436808334168
0.5380388048899046
0.9320381761090042
0.3672185013638235
0.14139017770289763
0.6062683226492015
0.8668321110095161
0.2918192463291389
0.9173224050716309
0.3194316247332123
0.1286240616125992
0.6745703138598004
0.09647098507457341
0.7854576429335549
0.7640996852012439
0.7321969166511599
0.6541249765937469
0.0371657436551488
0.6456579210699427
0.39468429725443654
0.5448417435354661
0.4669441480747253
0.6561134171804563
0.15062094703117102
0.014677959757515735
0.6289288566624172
0.2560410260940945
0.9073596159504855
0.708038993080018
0.8900841320674356
0.5657898566253682
0.7340640409257093
0.7495041535398468
0.5364284216940752
0.49157129604910565
0.6906072116911935
0.9903315913002979
0.13943300053154617
0.991672223499145
0.8973843540319827
0.9907968360162928
0.5189923124773534
0.29245935750131613
0.07505946741316916
0.7229624791973882
0.5582089408333739
0.7317953229358497
0.39138676755788315
0.3626314777020745
0.31370744884289137
0.8521619094773292
0.6339879855295788
0.06161759844461634
0.7312875911709505
0.11050762966850924
0.2075128029009049
0.6381378293321014
0.5709407503965878
0.43751212123453265
0.27524433428871653
0.7945610578531085
0.85251608354471
0.3336365240518837
0.6508609098048477
0.07256149394576061
0.3107921073485398
0.07029915684083421
0.056791895638277246
0.7854111983692086
0.052509293516068256
0.24537192598031676
0.7688147519784487
0.46346487130890657
0.7887636276036303
0.9687056481836265
0.7444092543722518
0.4125267804003292
0.1963124099330109
0.01163522090497715
0.89195078992988
0.37630119988171806
0.43288863712980563
0.8144779575875369
0.8071961767480583
0.1342278556226597
0.27831363860078684
0.9763069418081162
0.9955069510353581
0.2115967163744521
0.08754811991253642
0.4060704552512173
0.34954727008293496
0.1944433688261168
0.186511855508673
0.732722953715538
0.928159128625414
0.24293888309565403
0.4997332774013439
0.9752561938538818
0.6647274068214712
0.4425733082558898
0.5280180596859023
0.40889656659983287
0.35841168008913726
0.9386497469884654
0.9138500776740537
0.25594244236944597
0.6804197045627727
0.022598788847799978
0.9813025461549242
0.4047710594993481
0.4188984243386211
0.73180981287404
0.03264761071193534
0.24421820328729726
0.34629142890460485
0.48282309158565895
0.8056145623421042
0.27204993401095323
0.5882802273626604
0.6788635915838922
0.5546066334553698
0.7989779011365311
0.5717141984865601
0.1409272172084972
0.9014032200404185
0.15447912453869928
0.033784942363673354
0.8293789704547619
0.07289377548096532
0.977613379280966
0.6385471653649781
0.5715344972681934
0.36223504234351955
0.5517795046967283
0.30821087501993205
0.933701035281817
0.6601040301308362
0.4218355990388212
0.8725185866338782
0.2369514535085403
0.11061557831092683
0.16307314317406196
0.6261688133673354
0.05829530434544228
0.940787128459651
0.03801714276356749
0.6539259910746903
0.5359478119720871
0.9033277186554047
0.18137488491565978
0.7775659821149588
0.8581495692772606
0.0013537385736571705
0.794778618883319
0.5293095966855217
0.5871403097179692
0.842420057383912
0.385776631292743
0.9242742656182956
0.869032058638725
0.5582653040629246
0.5598102698011601
0.2304839044280087
0.03706462814815181
0.5915709874613965
0.8100411163951453
0.21901571122948105
0.8775985944276545
0.5741408159333495
0.8165746281159845
0.7399420743938075
0.6021382371911957
0.39565537422937824
0.3131890230179295
0.6946847068102993
0.6906585874525705
0.8886588811950454
0.16690131958853793
0.15328725830441048
0.5214909140059949
0.6025302504862582
0.07916997946383986
0.6923368414959853
0.19280482619436445
0.44641411587708535
0.8602737253093693
0.2075164530711815
0.10152978772530696
0.7576226053322254
0.6364428670081141
0.9349468680423906
0.780083772647918
0.11348849440645947
0.4489035620159242
0.044928310547278305
0.9755601798938405
0.6277867559019645
0.6641835025317638
0.5012195629544484
0.3705426352206972
0.3954912325737372
0.2450473534985973
0.9357339325416769
0.6376860564400552
0.3378292002159473
0.5879749168522413
0.263112397478947
0.7784440292092545
0.6364408630924377
0.8293313525476799
0.4946477591082259
0.436671333101034
0.9458980163529896
0.3034054164446033
0.5638421710607736
0.6355495532704696
0.01553709315780194
0.7610598396358078
0.8874624949940814
0.5304575843344028
0.5512243646766173
0.8860978391747689
0.09039886319703072
0.949888018121143
0.3643327763101152
0.6602823070569185
0.3295197793974538
0.9491282519551743
0.9418509306217987
0.14565417951567527
0.49073582421202655
0.8932390134518637
0.8983411029364817
0.5617903431416281
0.6468722561788934
0.1762406601644988
0.9291227761774374
0.3260030737054763
0.8654532931507968
0.5906063836570989
0.1539675482372892
0.9749704265369512
0.7430276606842545
0.14061791699264292
0.3660582880231048
0.7634604330527687
0.8617948628387047
0.061655373404285285
0.4590936301172176
0.7551231681685422
0.18606495554635782
0.08298229817209024
0.8142103374262994
0.04033220485172562
0.8712577242742346
0.9930315355384665
0.7664101946178061
0.33816037489496364
0.6054811074825126
0.4158921413527673
0.8853108753913709
0.3847643234228635
0.4716298826945735
0.31753664997080266
0.9241381639251314
0.19054523407228707
0.8048014497279855
0.5756283069359285
0.781037735781669
0.7639422411152057
0.41567629319598387
0.26782130893856726
0.061613948023230614
0.7102952321511273
0.6404166611899136
0.8854718779742985
0.037966435986849234
0.6368212974955477
0.343698859360944
0.07147183557490078
0.9495642727477867
0.0005580437480267042
0.10515519707485543
0.13409380062898157
0.16690605281500293
0.8438424733273466
0.5182893110418457
0.259111866026812
0.03463816159320354
0.038740275887400144
0.20479062519434754
0.7437309148346765
0.9082478410102587
0.25117647637823914
0.9748754079703845
0.011141318057768634
0.49817770474406387
0.7660410425609144
0.14891727005660516
0.450961664124919
0.6004486918663688
0.7244648677893055
0.0011170722659654686
0.08883977581124936
0.8510202388064984
0.7876783362894896
0.7523553218672678
0.6805561653941331
0.4099580228262104
0.9508013071601741
0.9997425553707999
0.15028061048824293
0.6043022500198949
0.8229540281336611
0.6615545893736118
0.937569467830747
0.03501949672232074
0.9383047126388437
0.7773079335200157
0.36993616530182327
0.6793231341330823
0.023731337427330024
0.8044270671313206
0.16433021123619507
0.20859547872517314
0.9782024560738617
0.2830730732646952
0.6703187052799245
0.42934994468117205
0.6899365235037815
0.11143600300453393
0.3556152220412655
0.07363357523499969
0.20833074187716105
0.019327860293657406
0.5637402882889715
0.9326586865994209
0.74889092070368
0.39378407684712446
0.9224615554141461
0.062478536278142593
0.4614851926155341
0.06545465489661173
0.25476079328885415
0.7511982022577244
0.45789285204308816
0.16133864088562744
0.2119111092160081
0.5784961387146069
0.7126021368422321
0.8789396218092032
0.610385121736056
0.8254119118720954
0.9006215849895711
0.04459219173416684
0.5444681462233605
0.1462012496989603
0.2141295074235533
0.9658138104087782
0.25973862563198347
0.5137048543413565
0.7606223231182689
0.7488213456649939
0.9278478343647675
0.17897579197726587
0.8647514206031234
0.0549497193849805
0.6669038568773356
0.004056735013633239
0.24036134760845151
0.646901824468247
0.7417718240840842
0.96669267184736
0.08217966623348827
0.3126083069109863
0.2291999780388485
0.44313387446427677
0.8633926510476136
0.35361101023935426
0.8825810745876813
0.06156976594889607
0.18794661975739546
0.5938610795958923
0.44867563152217804
0.8964454258240079
0.19871046657369662
0.7022187177818295
0.3696866596936823
0.7313076623412077
0.8596080653778354
0.6420680654037298
0.21344021814207859
0.17972290041042505
0.8231806579255492
0.6904444683001538
0.7029718638646737
0.6767981450180368
0.4767145547884486
0.7509631996916164
0.3531639417974125
0.9976700970957663
0.02079958667086168
0.4842839085274441
0.1665816168792924
0.6554432726934271
0.18131983474295754
0.20676998534358237
0.8324109837773794
0.15376635218558343
0.7966401585096955
0.21830439926716272
0.04651552965462635
0.08970345556915515
0.33303382672907356
0.6002600377508622
0.2194888481913586
0.19371494298050673
0.6701844191593807
0.8295649770698723
0.1289136771735664
0.464292744334602
0.7201787944687221
0.1664573792813142
0.350865186578706
0.6394703610602075
0.8250605320183073
0.31824785226756125
0.5157594243426484
0.6720984676483434
0.13671676606016203
0.6427094339313858
0.28011296158611554
0.2466710514737267
0.8782709231269107
0.36749738045917957
0.2471161653030035
0.8088858384742407
0.7552917181124748
0.5614964723763474
0.11833989464692507
0.6550372320909331
0.1346036173472568
0.7424611871145639
0.2015629142428167
0.3178402857406414
0.4028879804751565
0.17579077707675328
0.4813081829421111
0.19333836172985985
0.6497947079270098
0.6679056800030565
0.7631512074869764
0.21773632174941604
0.48129010993454824
0.22564668620008266
0.991602982001617
0.8601686126194985
0.5320423736753062
0.07744091747207527
0.5759867467262895
0.9616653420132654
0.5440003822820475
0.7918057566730641
0.20973399064972353
0.6309253483720603
0.1413523297838608
0.3722276091578467
0.9412433551157531
0.05773963234234303
0.500126095152318
0.11577951950507948
0.1711906152655196
0.6650299449496296
0.3127473669548503
0.2886918580602297
0.5161484150294008
0.10120574484837352
0.43577515468934636
0.22533455246857714
0.6613397728513776
0.8481445433365676
0.22347204516524855
0.5373117616263982
0.3543626718147799
0.5426821826577999
0.0993139149989174
0.8852243838453442
0.6805422328116784
0.830613197622308
0.19132517781987002
0.5176853126381081
0.09196551362278949
0.1927209880346087
0.8382297732314259
0.09276103527798552
0.5195992101687293
0.3750515962273159
0.5146280568530973
0.7848014207164619
0.7949686970538726
0.40781824327129135
0.30922844253583204
0.5498164468206279
0.9533506146995787
0.6165117707086981
0.352398185759774
0.868632655398975
0.7752344483867067
0.190001518624489
0.29386807877051335
0.37666764044363554
0.9571594965125875
0.6666066793153286
0.5160771103821381
0.21756746247415615
0.3528956826336488
0.5159398290279917
0.7083104506468306
0.7221566796255292
0.2003738858845997
0.4199451295130677
0.7036174528091127
0.8944921956478827
0.5780135571999219
0.8161529164630588
0.1760515606384584
0.8042743282020248
0.32529924820349354
0.17100207755462304
0.32147566742112466
0.6352162395700407
0.987053850450051
0.5909148876354693
0.0007177466494198148
0.13603860994981976
0.10307478998675801
0.573058890561102
0.9259545022173696
0.7843182413708335
0.02675315412292434
0.34684069381772487
0.8663188465462792
0.5647173621785517
0.8197753934414586
0.9549478717487538
0.03449220735744041
0.26788706137549056
0.6089442854835246
0.004435790377277038
0.06586638999337902
0.7600268920148577
0.7020916791535384
0.3131197250336738
0.5355653652827644
0.7418405280798771
0.8498351720767913
0.9729254764740324
0.889029518714209
0.5224317079938112
0.7437413215800434
0.6497751769143129
0.8633416802683925
0.49488885178512276
0.5307340217542126
0.823064850761431
0.9210282458208779
0.39399692815780796
0.636034156916524
0.4130487395990876
0.417652473022772
0.624395886780822
0.36137819119052195
0.3355311136546466
0.8023386487438148
0.9285926380035038
0.8307949287159848
0.7786552066508252
0.09421135814487125
0.38182563603412045
0.9308596664043444
0.3299626000009901
0.9064463188285982
0.39101739493538135
0.9631422654349685
0.2793077718897736
0.34747229894730636
0.9134297913903765
0.13890987412343114
0.9710204477213964
0.17028779883995426
0.03981228895406874
0.4161673379181363
0.8897662197265697
0.9915761150402185
0.43543509016064175
0.7376086183543485
0.0744863557681561
0.6265272356648058
0.7248393058649732
0.49143880063530254
0.7272903521757588
0.8084930708544553
0.34288958328466534
0.9641382115266378
0.8203464976398267
0.8264146332956404
0.5545051295133201
0.597858319950238
0.3682192720267937
0.9632427285416919
0.27618280567345455
0.8440064317829727
0.5342352208534427
0.4592750734965404
0.49297935533445447
0.22689905246582542
0.2756412536625147
0.456700114567571
0.1855620992713114
0.8351102121820493
0.9628190738758182
0.13986555419388846
0.9944728798070942
0.6287810330376516
0.50615562998974
0.10674235385786257
0.9809304637133623
0.3372168591297301
0.6980446604489889
0.09481962197886418
0.8919140171454881
0.10018457309311912
0.26964723267999
0.8074020540132254
0.5425284180572855
0.589017775886214
0.3785595229749291
0.5583823874533771
0.6149223193749516
0.5182815477263479
0.9200678260949923
0.12034481240963146
0.8231336162139222
0.07366643962503405
0.09610073060477176
0.5597145247459352
0.37893198019397656
0.6764678906410463
0.01825891616343467
0.8754838993243806
0.23091966131060626
0.29808971213106217
0.8936150694219354
0.8932989618082474
0.9474159368529445
0.8898556196443103
0.8645651800395837
0.9999850822469473
0.8061525790305615
0.40624038225062964
0.07940312043569375
0.04826168055568547
0.5205199492720756
0.09119979202853545
0.7537669839534014
0.888017841754358
0.683379839479498
0.9317596375670039
0.07799189313799304
0.6923395944695195
0.28574778907822596
0.9815548593740949
0.5346246829651513
0.06078068974009243
0.2970054741454602
0.6486969449881312
0.6162611665771836
0.20840080240348924
0.006255270655651568
0.8350594565093248
0.15237614036614422
0.3489420471824386
0.32485671392243554
0.6053314796432387
0.8396240613478616
0.6636057030113034
0.8689763789328462
0.8963731988153082
0.6094380907004361
0.3633825719190015
0.3350545002188249
0.5726199794435691
0.9738437564203111
0.9443218091454345
0.8391138893473423
0.1278360277234668
0.860217944702785
0.7758382371419041
0.6354077062981489
0.04242213550546803
0.6562600689274424
0.37887470374756316
0.2939567662601652
0.6801421935835456
0.6965910056534488
0.8600062563187847
0.3094801849917973
0.47248824068850226
0.8095441797262637
0.5293603801934499
0.2354387419300643
0.652173539786547
0.8719356232237003
0.19239425423166345
0.4751420253250337
0.5128473948718432
0.38427603672065813
0.32747226534654394
0.33658136862662
0.22119475845599057
0.2630829074952542
0.25661677697835017
0.28444153906136427
0.5257765452502893
0.3266465577593467
0.2838697439445015
0.7202494519928203
0.5353548788111528
0.54275173245907
0.618889999714427
0.49501623516397697
0.71490420702711
0.12988893330294837
0.5529201634100268
0.1382600968475911
0.9293374943763573
0.38801829785291153
0.2547650795886306
0.8005312423191547
0.6315108439798771
0.006397328464386232
0.041304566123826714
0.0935931247164038
0.09484453758311007
0.44739681398856324
0.22115373681632167
0.005435528540641887
0.13955274763619097
0.7204174048105717
0.2576394375474661
0.2221375209970985
0.1941171071478781
0.16665859769651825
0.7751072492822939
0.9686165161649901
0.5376544077710855
0.6790826060654528
0.6733433747355176
0.8379833473377016
0.925714964981892
0.23573306273503936
0.9955543636257719
0.3738122279456272
0.8702829699292264
0.01949129321166576
0.2830647680558219
0.34360389867073204
0.9602029363411524
0.9166366369062457
0.006220071451704667
0.7322029667533784
0.8225473573873195
0.41093742311392867
0.22214679779835833
0.5580991830491111
0.06897932717622779
0.5533178231004843
0.2166061149593117
0.4774676885041468
0.8782560515222702
0.12141990976389927
0.09606535481359324
0.32420461905200293
0.2206184218105034
0.7293449473429481
0.5812264394822092
0.3200905178027146
0.4952494362408819
0.4539379888618994
0.8876643912313509
0.536308723268824
0.2938031978926642
0.5118656530786652
0.6213690769056763
0.6908694232267492
0.7657622381606178
0.6291638862660283
0.016398512610226845
0.4685671412176774
0.2565794463176515
0.9594514185151927
0.4250394110743475
0.6198131032529816
0.9576928122674337
0.3930340253363621
0.5713867118686324
0.4777210231297945
0.8433903405426123
0.06295179033241571
0.08341903108179927
0.576601627188271
0.07686409144729656
0.3315681298536698
0.11284876630126672
0.9564648712686811
0.4977306144346024
0.9791158010156987
0.42149787356590107
0.5923148178951542
0.47010580587594664
0.8579374883085574
0.8779018827105008
0.32275728503527956
0.8501944024535607
0.24934775274438992
0.29882554498979796
0.5123000493918287
0.9155547865540173
0.9226534175344135
0.634368802238074
0.8579664011616513
0.22244645319440692
0.9003168685641064
0.38628257250181985
0.6207281412569516
0.18620352616239333
0.5110576219143218
0.26353619978016574
0.4719527303486083
0.5950512394221953
0.9285062683304762
0.07363290884189688
0.33666087125494903
0.681447588656134
0.6101855846508376
0.02441597293576203
0.7676409057559839
0.697234988235609
0.04372355164862207
0.9612602774358457
0.43059472963514367
0.3696484159989707
0.27794339250736066
0.836289599498397
0.7100627543547748
0.7518306826900502
0.5051638015667433
0.985973777341555
0.7323979919888272
0.2660640311869805
0.26123269419076445
0.610458283740597
0.04434880519263951
0.19706145392929353
0.9273463821085216
0.957864932739915
0.646299258460002
0.059666075905375315
0.993410455932724
0.6933634897732188
0.9499821585089272
0.9396561550423645
0.38110956512141836
0.1722131418643601
0.03511068927511962
0.29591886347165774
0.09969618638962197
0.7864464220957634
0.7948257680948276
0.49976192584118717
0.8900966121049066
0.2813520433614496
0.04468524874109203
0.03718055778196405
0.34010614668193817
0.4166545038249466
0.9563911125555363
0.14275729211152766
0.1186624075233248
0.04733717434826101
0.3785861683901597
0.9068977237724265
0.5443500752609256
0.41219020671032447
0.2110662067301491
0.8092372427776126
0.8889528301981932
0.13559000642311703
0.5811164704303834
0.9392078258495113
0.49578210993655014
0.7727104112725076
0.964281499873972
0.8921709858101357
0.4965163022201128
0.22583382495266913
0.49194614321232344
0.6248273810499407
0.01849838113641722
0.7014577930319716
0.2300179623103008
0.5437871815565305
0.6587532984968856
0.07558664525521797
0.22115801897100773
0.4032437257481074
0.19626315690567597
0.6531046865258795
0.014056900926812999
0.885790798583249
0.9251800519604991
0.8701681337139312
0.0698679226269785
0.2579959931219341
0.24770502947420547
0.9309937852998991
0.6490474919815544
0.42535768384557315
0.3358387812772413
0.10035332857369317
0.6098404289338711
0.6633344914290038
0.01000691576117807
0.7425060911549076
0.7032704016465853
0.23542232973289934
0.3547490406296733
0.8992724586848572
0.17703092961245326
0.23065733674248423
0.4845135739637867
0.49050486316583974
0.8975997552132763
0.40786248228255395
0.44698442641611
0.22303165712676243
0.7008629489334006
0.4829936369044209
0.16863739941082234
0.6858985314350141
0.3610913502109775
0.3135600457049674
0.09507483713550502
0.9305044827431979
0.1263140002150117
0.329453082660773
0.9198519204075263
0.05436932474520251
0.1748998345781969
0.30890938924295863
0.5179013444568049
0.24265451834675866
0.1558687560326627
0.04215026834984881
0.5095709961867716
0.628502529573464
0.6735827664843342
0.1461869443693702
0.6430668123690383
0.826044740273277
0.5250061901234562
0.9404940037422935
0.20704656174046832
0.1115422878752369
0.7894083775757902
0.17837632834336803
0.8493632301914305
0.7532366608029493
0.5918278838973209
0.5688179987754298
0.9786798540079947
0.05778606776390616
0.5744897517929768
0.504636084315108
0.9302504842313101
0.5117080547110988
0.2527917409020912
0.7917196420763999
0.6577301975759247
0.6847483858428683
0.9471785588739846
0.3628620812291299
0.6899731608900416
0.3186676472676875
0.42501178556093233
0.8415541748413871
0.3249835042728577
0.32860914257227314
0.23411241737550637
0.5871848535677608
0.5835646621021031
0.9941907955527468
0.6356402283047634
0.7457483120237053
0.8164871319506202
0.005498929822474796
0.9864962430261532
0.5246407013356541
0.8804582385883375
0.8066764582555793
0.3186887453376259
0.1324416329728033
0.1184208333552218
0.16952545493742788
0.6449881838531099
0.21562759241668983
0.6593717208844644
0.7064149650206848
0.8743694537516357
0.6813149566271801
0.770362246414177
0.2867391953618518
0.9141124083701204
0.3057947047644638
0.5618783725273406
0.022243497995552364
0.3058764035645465
0.002472303325069314
0.732261933034532
0.30945868191934034
0.4317484604058217
0.9469469643849088
0.8251845786706601
0.5440712439168813
0.29341649459551555
0.9230175607077423
0.22988561354350057
0.5762777039347063
0.9681056340753987
0.1664644212970844
0.7152222457764956
0.7288730060305144
0.6220079630074483
0.21393438304234869
0.35382332600296706
0.3121283037290442
0.7833811865855034
0.10957468452412822
0.20542576799855228
0.967373251316506
0.4231545971729378
0.09279927013189448
0.4674068812713964
0.4233553388594601
0.027809624288713586
0.3999405570220601
0.8526111359200491
0.5698103401939195
0.32022100920133356
0.4856046861117701
0.1812268633599603
0.035963608577445516
0.9650242133382506
0.8099032420957613
0.7486521057843964
0.8586930398793889
