64 2 3
0
2
46
1
2
5
2
41
44
3
31
40
4
16
41
5
36
41
4
6
13
6
7
17
8
16
24
9
33
38
4
10
15
1
11
18
2
12
58
13
37
47
14
31
48
15
22
61
9
14
16
17
47
59
18
34
63
0
19
31
20
23
53
21
25
27
22
41
63
14
23
34
24
44
47
1
21
25
20
24
26
1
2
27
3
28
57
12
29
41
23
30
41
30
31
43
2
25
32
33
41
52
32
34
55
35
48
56
36
46
61
20
37
38
8
13
38
15
18
39
7
21
40
15
41
50
19
42
61
38
43
51
28
29
44
3
30
45
46
53
54
17
47
56
40
48
62
2
12
49
28
50
60
43
50
51
25
27
52
10
49
53
29
53
54
45
47
55
20
45
56
15
51
57
13
31
58
5
59
61
31
36
60
7
11
61
53
62
63
37
55
63
0.05343455927877283
0.7886427184475898
0.15580955900853588
0.3638882457356353
0.10449094430811467
0.1900841272281526
0.37526234307397455
0.2158369814895591
0.11544110795044382
0.9436252282488119
0.3896553939708014
0.1255203327303257
0.20090764289892238
0.8294281150825344
0.04084605269063224
0.6855654469506982
0.44911350530059957
0.7891924954061044
0.3453995857692518
0.8178128825308062
0.9500467545550679
0.898918364449418
0.9533655782506674
0.359939775696123
0.5164520034703194
0.6235145970364082
0.7186918488491318
0.9024781474162324
0.07161428729120822
0.6118180783188405
0.08829526358223527
0.9890006986695544
0.4154929226784956
0.7873600948705084
0.9890803280554916
0.5613902287138897
0.8725900807144409
0.48449450655603943
0.11074449702744249
0.2208022327432192
0.270179137112709
0.2546429307050009
0.443920131870288
0.9118990860895739
0.8148151282452241
0.6804040635641774
0.13533707914491355
0.9780924872904063
0.817854614993497
0.2637869941241592
0.8992369437514316
0.9376903094958036
0.13610765213084697
0.5128227808788814
0.4546767860419946
0.07668804759196202
0.267151395292491
0.14891217312179583
0.6435282909507398
0.06042479766208231
0.23721741975174915
0.4200814432381804
0.9284039820448128
0.9081543791703519
0.12837693029584163
0.032727292688489173
0.07683932723604703
0.9250248420832191
0.4068486472589119
0.41125195202831255
0.3401213292040547
0.048956637044134776
0.822529454618941
0.51039678312791
0.24772671718259698
0.8354423371813562
0.7515826783223688
0.5270698533891487
0.3960966468786591
0.24357341330030158
0.5243677126846901
0.516297396242615
0.04715291090609108
0.8904102385456485
0.12088596298938026
0.6581414916466596
0.859091087161831
0.9376221622605738
0.5280627798276983
0.833535596316224
0.8137758006469518
0.1485158868840677
0.3405415453475835
0.04273264255425191
0.24437516222146505
0.22612613594943343
0.5803770100023669
0.15912060357194857
0.251954121392979
0.34801723018280106
0.4776762436080517
0.7001881855207384
0.45795048415331174
0.29354679810445383
0.432181256521586
0.020226152064390268
0.7190500602941967
0.5859813179555299
0.1374120598965597
0.3643775816582233
0.7450080348378592
0.3865710743353242
0.6738031951075558
0.9086115843346089
0.32873605197537226
0.2692796337183113
0.3467905577607939
0.6120915533097118
0.9496669771572314
0.28838440066504434
0.7444016490097806
0.2886383259469226
0.8080815972637283
0.6534192803009585
0.4119587811856573
0.5194189030474694
0.35089616767025134
0.8409405849017547
0.3790961583619593
0.6574187971852978
0.6799861959218771
0.5804910251332722
0.6475494716746538
0.6715396522775361
0.37015506223878614
0.6281351023089436
0.07288331376782409
0.3718348242051077
0.06277068056210988
0.9645766059522822
0.8205961810020482
0.43589784906213513
0.7636911352776555
0.88278623417515
0.16153819591986252
0.8767199712197407
0.26832612332312866
0.12328633354898322
0.12127289137951791
0.6409674114225853
0.148245783553954
0.1227443426960847
0.02724073706715291
0.08817531012180302
0.5087937169327635
0.3847177741010983
0.13291277883484265
0.07737950391300497
0.37405960132616367
0.18026566462936844
0.8109443506036643
0.7818666131667534
0.013284879132395844
0.5876015627697694
0.3259650677710947
0.2042750662144247
0.8062555721411826
0.81917695706936
0.276716489576182
0.19335999594963138
0.7720454315837004
0.48503691465565457
0.8002287663708678
0.4565328318760219
0.9864255253066976
0.6271499268671805
0.588571957443176
0.38703195248518385
0.9811552349870932
0.07473705210254122
0.5946879214648955
0.4233879206852793
0.7811365169507374
0.2172460950018097
0.8968270169617178
0.9070606632109238
0.4506146256427791
0.15933436658404743
0.7770135358230025
0.2062698248403686
0.9662642427530255
0.15161774328689592
0.8689989159105462
0.11925735063945131
0.821564306724773
0.8866533314672429
0.16554889487547508
0.9984054500161972
0.4801521897660763
0.6630548396376705
0.9860056701654434
0.4642690674838914
0.8342900570084874
0.5252947738330768
0.1552955980313626
0.1171888947480011
0.24565288209788605
0.32138325400766854
0.4400169144925169
0.15719345382908378
0.37995526457463835
0.2790469481729756
0.6111397383487932
0.8316343532499632
0.36610957325953086
0.8687112764549788
0.077901081206318
0.3779649382848085
0.5836060213844588
0.5346165488728023
0.4143380177673176
0.32887657321048713
0.9693309617156154
0.4394289961336122
0.22048549605054368
0.970656257646545
0.6538232546426267
0.06378627633904499
0.5176031518370405
0.8564657841614364
0.4900400332014082
0.3244645342779414
0.80552735577983
0.8691969104378939
0.032647649272218304
0.8849990262366874
0.8892235386066014
0.8178822814412198
0.9005830594133809
0.3062667764911222
0.124564981605635
0.08382217211581533
0.9191647287543482
0.1361930469610445
0.14168881464745053
0.01680046086993936
0.5470109359804867
0.1623653856331353
0.4051536241875714
0.6874017193751714
0.3021069949435431
0.5580593229365738
0.4770689685661682
0.017460735996700172
0.1917038225644534
0.2419354668235869
0.20064233083854421
0.1301643983679307
0.7447474370324152
0.9073368117295149
0.05519864815270792
0.8957255253869871
0.7270115351768165
0.20442965648262323
0.11365573164382126
0.023662911319332403
0.9587671025819133
0.09625217810787878
0.7085344222437664
0.6653874975540944
0.2839405576145331
0.7825011302957736
0.8563358381478666
0.1425923082800431
0.9421924061072696
0.4246834138458092
0.023607824080840834
0.046570411386083865
0.0017594053849026015
0.8171811815182375
0.6689037800853983
0.004934995420699528
0.36711325939981276
0.11248450015283451
0.9847290232820658
0.018030762821055868
0.2370944933437924
0.9796816878454306
0.31894386508452377
0.6150899747176296
0.264196114126945
0.7161190232590884
0.039087901133715186
0.43737018088902824
0.8784137686015224
0.05700726493890218
0.9701329029846283
0.4432515090343425
0.27684117942821296
0.3678997510658242
0.6752513322576456
0.8377082698146828
0.4975160371713765
0.5939549960088653
0.21129756258072152
0.20407597067567695
0.7495194846445594
0.049454581640267725
0.9950458067381777
0.9473327734761688
0.03205489064892386
0.516654570150521
0.822285421624444
0.5895222293348497
0.3339032597932272
0.6915005021479395
0.5274636962998451
0.968342449748087
0.4730140161037074
0.05128403222211653
0.22992830392390973
0.4511850715769804
0.6120798739887878
0.9281012377369879
0.5312331393142399
0.6100068786248813
0.43941656036405574
0.6196061229036788
0.4998153326183724
0.24747043880319308
0.9702336655252053
0.6825121816079995
0.3942945163570485
0.9629871042538614
0.14790078121374672
0.6107080719540727
0.719855374537153
0.7276950344295599
0.05460449199409978
0.5535022237749402
0.43096757496830096
0.868231805602874
0.24489931454381753
0.19925132071215323
0.43334018737292335
0.4870014558558071
0.008257117789093327
0.015870289892480294
0.8983967940932763
0.3469262378538116
0.2256546865926723
0.653169580481374
0.012650820643474225
0.5148288798273598
0.8151359453098485
0.47599247427840596
0.1997661727418576
0.7121550342072744
0.3621151771607096
0.04429755248136491
0.4464984064047487
0.5344088525445784
0.17792449964186796
0.16055886887434123
0.24613319897956598
0.06958639214324114
0.12356171629806711
0.49168531664598636
0.06765954713643663
0.6879557924023579
0.2598223574698394
0.8211458520877611
0.7684787572334775
0.20634564292390434
0.024790068810536026
0.33275423255328285
0.5989573530388569
0.8814224392281867
0.08106773782745713
0.5424303936252798
0.7841214024980788
0.9886905959264238
0.34019891437512173
0.9161961985430005
0.19272536085718772
0.8453632261926594
0.9505302532329818
0.32847725668175676
0.12178265766052088
0.5275833752352963
0.9651755014056547
0.7952932791397487
0.8903596580178244
0.47646698663727693
0.27635881898735726
0.39646516310660784
0.9120150399073677
0.3638755565828057
0.028928353160148523
0.05280505191768026
0.12174081842389095
0.06834911020473156
0.3206618088434614
0.6156788730230357
0.8360482067586908
0.02367482062169679
0.8098151856565361
0.32265698595330716
0.3069868963585781
0.5315742305599401
0.4063203717071092
0.18376607423170832
0.6203991346450793
0.6397085272272194
0.511837915787269
0.5535225907526413
0.5597383896099412
0.1840579224315766
0.08040792473596237
0.3081177476333613
0.33368343599737627
0.9747476668594478
0.2532905434414081
0.027135715983234165
0.6218180537501553
0.6709688119899067
0.00487633692506706
0.3038551250719803
0.9860151621394069
0.21943353566516377
0.15181302541343933
0.28041790747966444
0.1756032546897125
0.21282962515795034
0.5050050167079508
0.7307323816371204
0.4470585998491676
0.5270628509109717
0.7206673607443573
0.43719351640473836
0.8849890524092621
0.25035516312728756
0.5236325771227476
0.08422308649878141
0.42680320553866924
0.6235244304588629
0.27489606218054163
0.07991941497161459
0.5536244111275588
0.37308744253444215
0.6339381504920173
0.9855468495991394
0.23608577898696548
0.6141039677752808
0.3108484843144207
0.5626915373778136
0.07992053272753663
0.7950664699210461
0.02451951589730139
0.9591013555291558
0.6105075513837537
0.06361513578653932
0.5711303475687113
0.8205457362157282
0.1219782155923137
0.17716366780228554
0.37501746147014103
0.08635654961289041
0.3523188050696322
0.5855073095940474
0.9868977568083348
0.7585999983126628
0.5223857690161497
0.8252093916932834
0.9712715841100195
0.012658264662637309
0.3947983400074082
0.5652254019726896
0.9422763801886418
0.500045357523162
0.7370973007015194
0.08596557762649903
0.4825683556641289
0.2191121691365011
0.307374225162369
0.11306446761671696
0.15808881514412976
0.49883841936677376
0.8903035754101487
0.732561476252029
0.6220336586724525
0.8791723253999167
0.26861910675443124
0.9669874669884717
0.834724035931659
0.3314941210431338
0.4716764760883829
0.1573127554389646
0.4822152836303175
0.6763060314097684
0.21383992904700944
0.08621416426593898
0.8423131104483682
0.795125425589587
0.6043424392434021
0.5227539449022314
0.30669841924240304
0.7955406621736409
0.07459637695922783
0.48607282309828626
0.8210407683388129
0.13215073548434442
0.0248770308322529
0.265899472641157
0.09844592741868874
0.7458951055014015
0.5612258481939861
0.9273466712129272
0.19251558858266804
0.7898553027673182
0.3357893326271043
0.8877595087003598
0.6835036566119818
0.43263250149034693
0.10274099509438905
0.7574153550665269
0.5190620381336883
0.019719301102348874
0.0013763411671926518
0.652749263247143
0.7946230471160051
0.8928532672659665
0.030803929815106157
0.9536971080016526
0.950081685828393
0.4525458111883568
0.9344526941847562
0.6178143410377891
0.8261453659814676
0.058384954847082726
0.8544041291086867
0.5358303285245067
0.10047523660879087
0.1678150490808673
0.3056302088285163
0.7304444812629108
0.48276918219709763
0.6905165577392878
0.2789950541909333
0.416003025734347
0.895615652910816
0.481491309246601
0.3514179989552467
0.29051740577178786
0.5383056523956011
0.3667135081771816
0.5754077509942997
0.6438937892861837
0.7312198185840443
0.18377675411757166
0.3236855648848277
0.9471145607834267
0.356525714838544
0.6381012793088411
0.11630898558222813
0.2501219479717397
0.6312009476745195
0.11992610259507008
0.6968228897453287
0.417482785498834
0.14515332261312353
0.7742371904796572
0.028892399577042482
0.14591137084284722
0.1549883112009407
0.44874056621725356
0.2743709014029325
0.23443531395590345
0.3782546554445283
0.42876603335961105
0.21787583998277027
0.9264782614952531
0.38443621347814627
0.7106386702615554
0.14744067505498104
0.465544644710002
0.7185515868721237
0.5902806279201566
0.8371561777088926
0.48493441184485186
0.9169653740040675
0.960042948812349
0.009862079942034807
0.7169683754869391
0.6055368836186618
0.8899682359268377
0.3719182123885899
0.7526854835668348
0.5432283063519066
0.14781976122925033
0.7439855635497927
0.20160665896830743
0.787557047205198
0.5879806618333683
0.8576799151355872
0.3102876433157501
0.8322531542965971
0.7581371776361052
0.8043251847408948
0.4154011809056598
0.10228517176326613
0.8887041317954579
0.4901843281901548
0.897025858673778
0.13324461659920106
0.257286341187947
0.36329194147018784
0.29048922393043475
0.45402301578571935
0.21011258041352532
0.657386314348781
0.1162584597431422
0.42774295175383126
0.8641176821671019
0.011283899292018562
0.8473936254338205
0.17227195301929543
0.7286092911172353
0.13482683546685026
0.42198107230845616
0.9428061689183029
0.01943092698169324
0.8558716088947081
0.5720633940991287
0.4356788420893972
0.5533352975218712
0.7316155935512247
0.11237524312370017
0.8005976032403763
0.2050805451333616
0.13804567548606606
0.5233018545201186
0.5369568749710643
0.4965145677425108
0.8768197856444904
0.12563987964995083
0.5904716239967358
0.26599084889111535
0.7366365131762679
0.4610770018481437
0.46191228176418553
0.6076780068741003
0.13320829548523838
0.4046165064316586
0.08426563782263374
0.9838465281762835
0.3565590800053908
0.6894189148713042
0.2879735121886813
0.08673857303408772
0.4221229784086
0.7549024046416148
0.7078471887867536
0.1457548955091721
0.2765128961425146
0.37550472503010046
0.5003919844804775
0.0015372051519231267
0.031486249029978985
0.20695622925210466
0.39445499451549215
0.2302485776972384
0.19031814879322484
0.29511655629722144
0.04772218360502967
0.41108822158450586
0.6696912099041545
0.710608537747695
0.5437608823798197
0.31399367848883897
0.38450116852577476
0.31761755486701426
0.6842857351591789
0.36716360762980527
0.5504211204335104
0.8921545082276103
0.40810206392819537
0.19176559842668017
0.15688670984368547
0.5672627349911938
0.5034309563033059
0.6971317359087361
0.32016167916287586
0.46745205887985386
0.35980890086907735
0.0010246174076623538
0.29085298094661016
0.06545061490860715
0.716387521156498
0.892407940059427
0.0811766681272521
0.9098573441112955
0.7788655877414302
0.8815757443068535
0.28360350395938294
0.8778351736033704
0.7671604221068727
0.22316933870651057
0.5586347318678835
0.7664093053053174
0.5499615989071098
0.3859458600193437
0.6799423396889868
0.46055887275871377
0.2985535456026821
0.7514880599093757
0.16978649237657084
0.7891239312858888
0.2300598748738375
0.353341061847949
0.11489282437129034
0.5601996182012225
0.9136118285470618
0.8677465585018121
0.9800679743692047
0.9622972513096762
0.9979655249576806
0.927733006216179
0.1853529828739363
0.14513255130483027
0.9158368881304707
0.15551455987484164
0.7970879820475354
0.9709103812144937
0.5755161466207261
0.1494674833402262
0.39637489283393235
0.5639803604568981
0.6307483495352988
0.30849998680054125
0.7495610444440712
0.3859882300659777
0.8646493898752589
0.2014834840731854
0.7930059163574241
0.6788388881673151
0.9980564269119828
0.11048913496999235
0.558352613720933
0.3267795728184639
0.6165915563792586
0.11415474833871275
0.7474956142611817
0.8063358693226605
0.0663499861609782
0.24706926425023257
0.7538837354642601
0.3191998592696642
0.06147832888005933
0.4010188211735446
0.5847118806467908
0.12715512584526578
0.4953501581148033
0.5005452468305015
0.4494013777831005
0.7538358844756367
0.7370791977352411
0.6596099711614604
0.34575398489930187
0.9302242307972641
0.6137287144266255
0.44750652105119904
0.18997422836812417
0.6322704128082661
0.5215211701749849
0.4578826738739682
0.6066955283741703
0.7504964404221467
0.30315804539641134
0.8399031489614347
0.33828013323195183
0.37743305472254174
0.3336064765846223
0.9633181787582055
0.0676830327246446
0.7251044447613939
0.527097432154208
0.28648792367869336
0.07386557336796362
0.7250714564694839
0.7926117665446971
0.04285582836334245
0.9185948456613533
0.8661919228216824
0.31593302762614506
0.17563902710592227
0.6718124371172295
0.16612403382545005
0.012730684831983585
0.20318917776594236
0.8674228564110548
0.4791773658133104
0.011912202794599813
0.19424903949524241
0.31733847061582143
0.7131525343028972
0.44504277143041326
0.16560336914914586
0.418608593907564
0.5537303350938383
0.8315725325794848
0.8073140372822603
0.6419660135475307
0.10763630119594914
0.7599568064029926
0.6146942320567833
0.7520225997177197
0.013618152854787291
0.4130903422357922
0.4766509927175322
0.5408044964535593
0.45423770968246246
0.9474739788290932
0.6795158886024578
0.2511887598228908
0.331366566589295
0.41891757998644397
0.24082520881569258
0.3082675015204951
0.8311596658752701
0.12923849997019976
0.8981788849361539
0.845679998029799
0.5310033559343578
0.31225026881553464
0.578905101639928
0.5791034493302973
0.051167888823670404
0.6505181457532054
0.5610810846691975
0.894969442830767
0.10470595658599924
0.9904025466035048
0.39499028729757435
0.7223574817675124
0.9365608354228723
0.2467338807449705
0.25646263769517763
0.3438506689464357
0.7827131988018862
0.7927794661110915
0.29553876886434316
0.2720453955408172
0.6663639399332646
0.3521226160662665
0.8335598594197351
0.9096417125688349
0.6351867612470783
0.8598607117762311
0.722107884811471
0.9250229606620971
0.8382620904612799
0.033162737585456514
0.8957519174676735
0.8738581948935921
0.06615998365782616
0.8992197346389288
0.9292001497636948
0.3843137471905037
0.3046258933444471
0.9899759898591595
0.8153524400822394
0.8726060253284946
0.02707312940008777
0.5279457078266978
0.7561127983111504
0.12373558664369189
0.9457720546451504
0.7314861518864331
0.7463581347764988
0.5535766356826244
0.5950616791637116
0.7329167447828885
0.692103455720702
0.66336137004931
0.002740297062610253
0.7130235518125257
0.613847712349378
0.7651252498172504
0.1396322024274954
0.7852497540742587
0.9470164753709491
0.43369986933617066
0.9024240676541871
0.4145049525662916
0.626324362788693
0.863718259296275
0.6263141521697904
0.7713842676758083
0.2281457669833895
0.8850777486444283
0.221221838838634
0.019087346769276703
0.03036753837766404
0.3105895624723718
0.22708915740950653
0.26102529960455834
0.10238649228757746
0.679347886849711
0.2565432034061723
0.21121064798532274
0.34364246102048557
0.6214424189172225
0.6223399790616793
0.37496464082609604
0.24268310615317334
0.1477764722516517
0.5340551779697736
0.972121258502987
0.5203792707683693
0.6722808967451752
0.6610397860822529
0.4245243149920993
0.5841529380086516
0.5360332452120339
0.16425660090492766
0.3116554425559994
0.5552972254127478
0.9029330840337222
0.7592480275149828
0.7299255527353516
0.8170082939735449
0.7500973649648455
0.432355502024103
0.763964726131533
0.8461753915089261
0.2857674848216679
0.7827568152737493
0.2112880514604747
0.3673013548702492
0.845507052593535
0.9751216005825725
0.5751614783747416
0.5830475417411488
0.38792630698768304
0.7624151110041323
0.7461003297847866
0.36998731601332757
0.34702163614968007
0.41120314188029317
0.10559543887186451
0.8102709833227806
0.5236946069670475
0.7893337387028397
0.3730811141528617
0.8349114107087579
0.24527054796021064
0.3464844702015385
0.9228436965638509
0.36387556210795446
0.9568921556828058
0.612570998754258
0.8564587178010322
0.5415397079371267
0.03533236496437375
0.30154042791767877
0.07657677514474281
0.9159271225478519
0.6867426054545986
0.3292145665728863
0.27230075601829407
0.3300002357847994
0.613834998932683
0.047537998192869746
0.919405405724569
0.4115559780322502
0.46934444571152145
0.059691688592564796
0.9019674151684062
0.7969262157318285
0.22047015362613986
0.06460479494087301
0.1291137046645897
0.8760826418067468
0.022340569912400965
0.47106485159422296
0.7852444691447795
0.47354647809816053
0.6493521288009079
0.6823147450809731
0.09242011398794625
0.6261039459776174
0.2176258153806352
0.6476997239192355
0.13676590554615908
0.043722741707816315
0.5658374148252873
0.9646451258172606
0.49664328806218705
0.3483397694320236
0.2746604382468323
0.16020505292937348
0.324225205532794
0.6653902159664156
0.23740319486877848
0.18736194036915765
0.5357626490580705
0.47249233930158097
0.49735336012784426
0.21396818767885617
0.4133919911433669
0.5467565220885229
0.24605154776085547
0.8300268208549434
0.6365776929200666
0.20490688223608677
0.5599195305805127
0.6523576277794868
0.7272259535774999
0.057379749180666906
0.7261924094059216
0.5267951573072167
0.9445629894379909
0.9440702541584075
0.5048862171990377
0.7014095618916606
0.9247891020232579
0.6653083373763563
0.8332963160968786
0.9863259576240061
0.09384896830005429
0.9764213450339853
0.6676134444162205
0.054467619416753155
0.5679356194787463
0.7505562191284029
0.28322535707000984
0.05823870070495363
0.8296461597002424
0.657144132192606
0.4770847285705171
0.8688745961261336
0.7912300251590956
0.4044616400113906
0.887389437692838
0.5604551042908434
0.7445271392062112
0.3550299773778496
0.27800318870702223
0.7261160225892783
0.8723829223064632
0.5731887884967111
0.47691213569271784
0.814009275866565
0.2270111326539499
0.5735061436602932
0.6825668340804151
0.7748245427562508
0.04046478205295889
0.508502637597513
0.8299323371258102
0.6962542902963201
0.4264334002005844
0.09629119724209856
0.37781581241780426
0.25584146818373377
0.8297906150515416
0.7790603667942123
0.7608397981961423
0.7457474400900549
0.5297951290331304
0.16569770194346323
0.5695906409598608
0.21711283324176756
0.2175391020002151
0.2805199928303719
0.5270321339705735
0.4718106218657774
0.48057319252524744
0.666090201565089
0.9687433073400349
0.8477384258166729
0.24869195195388027
0.8869725985063255
0.6905985853590312
0.679805762145615
0.8472324040323712
0.7396157184206227
0.04691166284157733
0.17105379423482325
0.7419493255365421
0.6366275003709909
0.7751957433486498
0.8143174786738814
0.507654223603699
0.24404264192768055
0.49717921932540843
0.051377840455920976
0.7333628348973597
0.12235474255706369
0.33547961628400125
0.9845490955476361
0.11932994610573311
0.5628719621054422
0.21316090323905423
0.8536930994653618
0.09907198622130087
0.7884025288201528
0.03604634157184239
0.7667223532668965
0.20884019301500012
0.6181786228394287
0.8935076134610016
0.4821318412538691
0.8802913581901542
0.1543270142480958
0.4750238013746204
0.5247292901592645
0.7676244318221491
0.3395100701016899
0.19699473549848878
0.09098274949300056
0.19856841225785782
0.9053383352905957
0.45046257061156014
0.6959806965046352
0.3593375346654992
0.8649314339835857
0.4375849766560612
0.8192471089675474
0.022453526622499553
0.08475844510630115
0.3301947341249718
0.5995501289283051
0.11631473886837551
0.51305909711018
0.7553471951811482
0.7182950852915111
0.9814811543009503
0.202802474379839
0.3508856568262195
0.08567182458788336
0.09471214425655794
0.7831351601133483
0.286359724807559
0.30713384957780054
0.4852683426456712
0.8437245691262157
0.005948938770164558
0.39139452945922026
0.9532685708994642
0.7201514499480922
0.7408345185866457
0.6326121869697158
0.9030767402473183
0.9175774274577887
0.48932242440058715
0.49072509817314747
0.693632070337703
0.7849884984530112
0.26862466940783347
0.23299983266778412
0.31379529929910377
0.9497752468911389
0.5542261168439554
0.44063225805669903
0.24675894903667928
0.3922840753724438
0.5449917853593127
0.9202660339438733
0.5849270381279591
0.3077221766651508
0.1627232376027672
0.724416145019835
0.5415833445924332
0.6405101710217019
0.1677664529643733
0.2215415442721801
0.29384055257013
0.18335605066041005
0.17310314316017716
0.48428677006349774
0.2690526238518798
0.6226668216231939
0.9747511765202984
0.29802237937057796
0.9569848493441249
0.40764219863637596
0.46408268072698744
0.5597131596935543
0.7332749804124938
0.2762399542864613
0.525051278678031
0.8103095809114604
0.15785004763015886
0.7823384941358672
0.4326787603465365
0.20350493318658813
0.5491040407930139
0.5118367191069432
0.05839804579385233
0.9127886593973249
0.5514339274175857
0.641975761799051
0.8655243597856527
0.32148528817397803
0.8945811945651164
0.5559810057245896
0.32921505288252106
0.22089191218391502
0.18829900079604756
0.48581131186556603
0.2829438192205014
0.3314279200901735
0.10165056575871778
0.8048920312896246
0.9993879118174764
0.4163064508606372
0.01755399114842182
0.165692119378689
0.35000413302556554
0.26089284465340024
0.4915208368863099
0.09408612651304815
0.4986682935622052
0.14203596720858436
0.8355933755740252
0.8685426243697572
0.5280585769890205
0.361246866657161
0.7119714174790287
0.540201659122082
0.5290804996685099
0.6141615283651206
0.6880194788958757
0.05365729626068538
0.5391181471911853
0.758159417377766
0.5268714767375255
0.3944870997577514
0.02051340598834972
0.314379510350394
0.5648141152171928
0.5406175902175395
0.6632141544478773
0.12413388942846215
0.7941220518092962
0.1540478848041512
0.7576931529597705
0.06790563161111096
0.5056731724192753
0.504003462178949
0.6269290116967864
0.640468528453841
0.5559659184035619
0.2291615525215447
0.8753501091109115
0.574689278306504
0.294716759427326
0.8599476052190085
0.5581730981203806
0.355168108344348
0.5941909462939664
0.09499393079436436
0.639658368550077
0.5766834431087274
0.5153611052294073
0.5626992905050792
0.26632104574796334
0.06470618545618434
0.058116587081493365
0.7166898949033892
0.06937341200090263
0.21830062113337811
0.9736286323266831
0.895161388635979
0.19322858591943304
0.8375360846212945
0.8160860346131995
0.13066928490656637
0.3218876991941588
0.8341979046318724
0.1321291615870348
0.15008145305702136
0.5547735240324293
0.5034988530997585
0.9166427726365322
0.27510353698249823
0.9238533888522007
0.19811003341417655
0.1454927816503475
0.7011709886476079
0.8073587665004393
0.4483934599517094
0.4551245486697145
0.4088128322008002
0.5061102976009929
0.7589169408851381
0.31903165679227063
0.19825209200958427
0.8735649728497378
0.18144218097632547
0.4491648731264676
0.05465324263185212
0.0014574317053777097
0.4984612164240504
0.6109766910642561
0.6727751644476205
0.19937827160371724
0.15788387846006624
0.0698304717637317
0.047423533282716535
0.5428808830217354
0.9527012692575507
0.17499066914957018
0.8833081723535732
0.061722928827893875
0.8187729369182245
0.7595196672298279
0.648096863728586
0.6951685979140121
0.39320979953452795
0.21364646330303316
0.9005920099875282
0.41551892064046003
0.7493327868863259
0.8115459167139675
0.45211547140816966
0.3277563649337931
0.9465899685626382
0.8747733200678407
0.07885272852001401
0.6486190590055991
0.6728068170780701
0.8898618874013464
0.008668889000718383
0.2341760208494611
0.7834400275876933
0.2858247170774664
0.8123185134032849
0.9210328378487206
0.23107486301221647
0.2893927621098976
0.1008867555115247
0.6950994239584626
0.4115558964367979
0.023152542083803684
0.6517849135635456
0.027231055672752857
0.9740183078286642
0.5054499172633529
0.19207315640011435
0.03201315433666385
0.43084831986893624
0.8679027840272824
0.8741370064501476
0.598999848319082
0.24936223745223962
0.16233900627695885
0.18050224870136
0.9243566912159258
0.6668174696018989
0.02633721551523638
0.6347641854683349
0.924237967800588
0.797048339698406
0.40744909181572486
0.24751513896210253
0.27514786043842154
0.3703708690942419
0.6113466556574351
0.8120132047176124
0.24879487139704615
0.718977479573336
0.3645758829946292
0.737660322162869
0.8848882531757866
0.3197057748274562
0.3704263743162637
0.6985016518924562
0.5028907377775285
0.6853142718316906
0.4181461746037205
0.12024204490902313
0.5949550073849605
0.25825635948227754
0.9612444336519498
0.608425786610662
0.11923840233349614
0.10272332608894696
0.2428403345510768
0.42366065300045996
0.006981201560301797
0.8103360578261039
0.5113304933159354
0.34566240084023336
0.9229065687446961
0.7722304884679252
0.12409861671811662
0.6174504476209546
0.8114749551860261
0.9239566965068366
0.23417004909276184
0.9743761607445776
0.2656819976115622
0.38264589094218215
0.13291178881065424
0.9495368367246344
0.03158598996883277
0.6987835045229256
0.9733901103675451
0.8095914737296578
0.5040763782919333
0.035720889258456734
0.3598168493846222
0.9445331920605966
0.9811627246279261
0.8712270380400953
0.21421638039626223
0.6441301301626403
0.4958109560939099
0.7985697769415389
0.06538745429369563
0.8417017564444534
0.640546705599944
0.8327078414331427
0.9550077015931354
0.9766271683970723
0.8496615914053504
0.38644557962277726
0.2070694040169596
0.4861059691507609
0.8439999618315321
0.24958921637826814
0.9814248346766812
0.9560522060163852
0.32845707971331195
0.36900345877030927
0.9782181335641182
0.6553671803716072
0.3884757154807128
0.8104514832312467
0.7079450081578373
0.7397619904238681
0.42962709732598714
0.44369195349031076
0.9430411893701391
0.45463637621934805
0.24899092096621944
0.7803849441578372
0.15132865219458536
0.5413244071967864
0.06857284322285218
0.04217434341301163
0.20626781092771462
0.7540120581857843
0.3728101219308103
0.19013310564269792
0.40628321095525366
0.8975689267850882
0.7416171588870383
0.7277811837516863
0.045706940843267985
0.7878206390877649
0.8182209806851761
0.9007741504383587
0.5469882183775323
0.5319653346130101
0.9804369421925284
0.35321256502611564
0.31886225652848643
0.7518602670579574
0.10067365283815677
0.10510594377924154
0.4953735870392064
0.6066903935250569
0.6648024138934105
0.04817960846715186
0.9840042188199863
0.35178204458126094
0.8756665170309621
0.026086935703420022
0.11859856994543017
0.8325859089430997
0.2530075697799151
0.9563633596206642
0.6026226871820791
0.6057479267430045
0.151321442069678
0.9008386361217448
0.7741882691829436
0.9394952095888458
0.05574175604269804
0.8474535797734812
0.4863852437692484
0.503242914291664
0.5054847511707043
0.07671532727298713
0.17831116734569452
0.059856307093789085
0.8176201159056682
0.5018620892417037
0.24834212236308462
0.39193024843846336
0.6026690760067364
0.7015513077396434
0.26783306221243164
0.04338516512134505
0.7669716790014425
0.008037961181584619
0.7956442333008493
0.9451072701069434
0.3884783224918249
0.994393644559283
0.58826346166105
0.2844647038837499
0.4226192437191434
0.7656764521728592
0.04511624134630199
0.5616996204766526
0.3220096562036263
0.7542494725066584
0.748237336993516
0.6670569476500104
0.38174633515439327
0.899324184832713
0.3034814500434315
0.9035500367669796
0.4680664850826435
0.015172635578287075
0.3877073103940265
0.40346487503912387
0.16763103881843
0.5097852555860837
0.8652858722045853
0.837068401915245
0.05347430446904
0.8369292243623322
0.6014859602488571
0.5982914417919964
0.8512148684095674
0.36479626867700254
0.5794025319402254
0.6215866405801721
0.10324283085909425
0.9359342445144231
0.9869810797173189
0.19691257902606474
0.8590741982613435
0.9790263447832077
0.2258739114975713
0.65219964816496
0.7939041096664595
0.3231896896306784
0.35494561198488617
0.010328956920970911
0.5045728053093639
0.2443252444472498
0.3253483071281166
0.5691362177950868
0.14376720651380215
0.9925696022921818
0.7357005146522666
0.9555128163357217
0.5513150498810636
0.6329595668578586
0.008779544001341844
0.8041141213636561
0.034969770738488726
0.33612126266312203
0.11383128174842572
0.5765387733169355
0.5487801880572202
0.2060000010735097
0.6802067146870745
0.8647018866903419
0.36536455417705926
0.6015207050742809
0.29258701425126465
0.03789008656280013
0.9627592035589655
0.4387667144167101
0.13071590016654866
0.4378004333014107
0.9600970008009183
0.8669726401686467
0.6864944597583311
0.6675659214423962
0.15190662012603362
0.20074211710066547
0.24896215917696418
0.8790755462949431
0.8101036293713332
0.8733631297730218
0.3460938048154967
0.6723083978018705
0.6047511908134025
0.7306879668788739
0.21959202033714154
0.8434479607438172
0.4867268940682945
0.2989387318231599
0.2049884824109771
0.25822447273592
0.7830027815619451
0.9061130078588696
0.349262693514097
0.522001298863216
0.3473832182576019
0.3166929567757575
0.8645479372950303
0.7531246481383312
0.28546815166854855
0.8155504547087256
0.9996092651834855
0.7603853680889187
0.4877445675824369
0.3100725026395753
0.9166201475369951
0.7221427236119512
0.32383128990401144
0.09768388752605872
0.6810580892932723
0.37748242211267224
0.2309229492501782
0.28642160152753005
0.7700908081116546
0.8414841486169736
0.9260204418109382
0.6536770185659818
0.8613484255128897
0.5096401737143494
0.6195124450249472
0.45148484074501083
0.7690900233167264
0.1714546189895343
0.05589788500092252
0.9327899911988904
0.18124304863068763
0.9873195370398449
0.05358189708205441
0.9559785847748065
0.9246486043322034
0.28651265936908277
0.6838688627196993
0.34822870644762627
0.7646629602287109
0.5450297500453346
0.9566051349624217
0.6684539758888451
0.790435341546929
0.6851922737090739
0.37388442187016524
0.1664319138801864
0.7921368187645568
0.015031405661521946
0.8184704534727711
0.5826229907669888
0.6001005514653877
0.24116979585267329
0.9743502967800994
0.05113179066674256
0.17231572975361342
0.6830025043078647
0.32419739035701234
0.7993057434055346
0.8100617750573138
0.8621964065997043
0.8905748413329811
0.6022080145872356
0.9908776539694866
0.2223363562322519
0.6587160135443393
0.3845587562431715
0.877902391972303
0.002587788740988861
0.5158967007469765
0.06553741588991469
0.530489698886066
0.9249864514464946
0.5593364749405842
0.25102039127121567
0.7905808468799822
0.42931670728833493
0.7466636949457338
0.09612495376044883
0.116091629603568
0.8116482729266741
0.8737289900243428
0.2603142827872176
0.5826782043673701
0.23072937267641935
0.08878348531536973
0.4187438283068594
0.8274735995629675
0.4851082249066221
0.6848657495585077
0.6867978514316461
0.1501385789860752
0.7219969404771912
0.43759681953706064
0.5775620533495373
0.9503509163801112
0.2907877582066484
0.11114305293082172
0.7652652031320469
0.9111365184703234
0.6376669062656244
0.5944610020158175
0.4550675935777755
0.11815849138335399
0.9499529852005841
0.969224903479026
0.7045787960741589
0.15674155269090684
0.7724014320469561
0.31481633337391035
0.036217778305034365
0.8728115705711565
0.13162071095629357
0.9762639758591816
0.41109656382923765
0.9278114268594042
0.959661460513343
0.7111388739114983
0.962157708828934
0.9241150017373977
0.3430240087418931
