64 2 3
0
47
51
1
4
58
2
40
41
3
15
28
4
40
59
5
12
51
3
6
57
7
20
59
2
8
42
9
44
52
10
37
49
11
32
55
12
22
28
12
13
23
1
14
50
10
15
27
0
16
51
7
16
17
4
18
37
13
19
26
11
20
53
21
47
50
0
22
38
23
51
53
4
22
24
13
25
40
17
26
50
27
37
43
0
28
42
2
29
57
16
20
30
14
19
31
32
46
57
3
33
44
2
34
35
5
12
35
19
21
36
7
28
37
12
22
38
21
26
39
39
40
59
2
12
41
9
42
58
18
22
43
1
44
59
19
43
45
9
46
57
4
47
56
7
18
48
26
49
60
37
49
50
30
51
52
8
33
52
40
53
57
10
23
54
23
48
55
48
56
61
43
51
57
42
46
58
51
58
59
42
52
60
12
30
61
25
39
62
2
5
63
0.9444813175431421
0.27191039401324246
0.66790587347651
0.8428228066552272
0.3527893822417464
0.4500636296659224
0.32722602359104747
0.3479380063551878
0.3397874787185483
0.532915501884037
0.5662845498960497
0.7309374334891402
0.15968579969556662
0.2368131659053342
0.542357339890741
0.4944199842837903
0.66282466912905
0.7563581533255899
0.6289406937319015
0.5725786821852745
0.6594914372558437
0.5954706801283844
0.2301772019565188
0.6655091064226415
0.4479201764745454
0.5830320578567733
0.4984558674185845
0.5062245779150657
0.2956159929002934
0.36466885014875383
0.5472690364344475
0.897227834254126
0.1966729539006823
0.46237253644134235
0.16606185279096863
0.6087035229338741
0.13750590269595553
0.8833848586557074
0.1398733043866337
0.53069757430449
0.33030705467183774
0.8826627211499652
0.28621348631211396
0.32738478467086185
0.4197443522294383
0.1283140484495926
0.3449569130821679
0.8407545237735758
0.31278537850264754
0.44750697978401177
0.017653818531459753
0.9215268343553134
0.09161272399567899
0.2537813509061173
0.48628989336326645
0.1729607851726841
0.10864928927254036
0.01522839950827748
0.4789281677269167
0.5727472744687742
0.3085512184007736
0.22530793385941916
0.5654746178545174
0.23681476938875834
0.2819849313010314
0.9301656444274401
0.7290523219542295
0.3314150204229718
0.41381418160477645
0.2642592283073397
0.9987269543650394
0.7344338132711765
0.386773557971698
0.2755185517179274
0.2759622012623132
0.49239609983249655
0.48108531991234704
0.26871250863906615
0.5959245317543237
0.3645547905490014
0.40438322939293025
0.07479749582395823
0.3335601022024103
0.6386260633027524
0.3496076989405891
0.040780850425420345
0.5076541880255611
0.14931690267992237
0.556349894316704
0.8885851888339459
0.2588750883850296
0.2734147821965045
0.9999647991317787
0.30722284356563834
0.8237235202270559
0.979690492279927
0.17224060397923735
0.29375153523749487
0.8516592195358027
0.11360740673343439
0.913512522801499
0.5112149596286846
0.843725922143005
0.81094934601537
0.9709165364910437
0.8813398230808269
0.9370022482895386
0.5152659110506816
0.6907607814344847
0.23853437509776165
0.3587415784085821
0.9487010714455958
0.4039857930643145
0.8155397338787077
0.2695735807357361
0.8356390644073174
0.23420289310022524
0.30366020119586123
0.7053159773800934
0.33720232215761026
0.3280169417783384
0.6696768698768781
0.5414087630372327
0.20078440768490557
0.2052718716558466
0.21319714364359976
0.4932761215168501
0.5668248697577921
0.16839927119649645
0.44665613348758215
0.38288546203859886
0.11703953753645657
0.8176787675053766
0.22518720885084864
0.11724950687362157
0.2004241531786093
0.9488616664286714
0.751203509082622
0.8481741779257336
0.2920689518352301
0.8390862852386456
0.5940592044537966
0.09158657700868467
0.4347962767604111
0.851537833798713
0.13701299458335447
0.856798581736047
0.5774690031462094
0.1322433135451031
0.23298645176477284
0.002048662938443191
0.748346736883612
0.38377619135959284
0.5073614368376979
0.5840422678345738
0.9799149755326392
0.08848484424125036
0.7733151674895181
0.6200498556070835
0.23270518661576123
0.9639105865811
0.9996550616501909
0.9325938569858874
0.5340017155754953
0.7696724648082607
0.6148489944927482
0.6212244406950749
0.9715895424479429
0.48389922746795055
0.9405246947415976
0.4159781787193101
0.8012256053687146
0.28871040589300345
0.8943792251225581
0.17836296247776973
0.10767536212015605
0.3626303411128987
0.6248082591667057
0.7403961128945025
0.034642984381615616
0.42786220942583
0.4999518690739959
0.3998689298686995
0.14432831754118902
0.11640100452994373
0.9812216131973868
0.6786447664181993
0.4591094599576998
0.8210235180044748
0.04503806963713375
0.2275808474666332
0.918104250100164
0.426980662967429
0.6652340942810501
0.4450081178219901
0.10047987067418185
0.412562461799275
0.38466782716202885
0.4975240925185779
0.7199610146039829
0.649325351107666
0.7713490245813972
0.26935234276321507
0.8456417680781996
0.7775748197846705
0.10900865442019947
0.13172462315442424
0.40812299429480037
0.5277625572906635
0.7884010685739375
0.05581535845031227
0.719976882048514
0.44369384424858327
0.7325522344850821
0.662245468388687
0.46994404342788176
0.7474976700788736
0.46870063253848027
0.40471622972558197
0.35934260018788633
0.15368559281584881
0.970707413848696
0.7154102733474292
0.8175635723811437
0.013999096482280815
0.4834095619406773
0.36058311964650247
0.09101222238907658
0.736037686415227
0.618357560501481
0.9299073507402275
0.876713519516513
0.18804357509006564
0.40769923486745874
0.617620433678775
0.1805330626362206
0.9141076333328215
0.041173476954327604
0.16767560512338664
0.4435976664546728
0.7339597993057972
0.35253514361197447
0.5826986065179661
0.3318092884468117
0.9907871945348069
0.26670454222911855
0.6730081504021642
0.8244028167080822
0.20286836825019672
0.6213536233982934
0.4013718235097107
0.43997201407403064
0.8178827173311488
0.4178130034130928
0.7501358007973242
0.3232841053754979
0.7921900241068063
0.34099736326708885
0.25317203412911504
0.6205402291424257
0.12387945104931841
0.7533155268655931
0.9625951869899375
0.6212205361527183
0.6287413094073501
0.47590209504512526
0.7514149318894945
0.7344381306608999
0.4609865636399443
0.8562920116666528
0.2101155780016376
0.9028792474155501
0.4819984631901434
0.7234198058854409
0.2979321801272987
0.653955281272839
0.8246284210145239
0.4826937920456347
0.4253010926565024
0.5546507908079267
0.5460995037459677
0.92333537058087
0.21080401836226992
0.5179457014304729
0.7529921530875494
0.18966248674209552
0.15505499579084492
0.05560296322212421
0.36826400855952013
0.9442690319010417
0.6312933599155579
0.4278887778070217
0.8923549452943975
0.8383158882346481
0.7549260652894378
0.20147857812687575
0.1557594544249694
0.21065165256284935
0.20859251737142148
0.10551206404911972
0.9948272913096412
0.2810258141263692
0.2223266436340382
0.8286517790837673
0.2543014616203343
0.03090898491604832
0.4367419576308562
0.9759405822016628
0.6980937246930939
0.8715856844363755
0.8514188207234277
0.30266089829994236
0.09805322788598803
0.7320955820427912
0.9311534845188228
0.4002162119064758
0.8790549579498883
0.7030391447316262
0.6128634903213994
0.29875137963967235
0.5654624751651346
0.5822729671415312
0.6178306544604453
0.9830650118509601
0.5286777438372103
0.51142220556665
0.6494453063191865
0.5872472396196334
0.8245256695656789
0.5277236590540688
0.4969852584358866
0.013729244105095018
0.22262665162744122
0.5594051743987428
0.361139936541808
0.9937495904437679
0.8678406876331247
0.15553393842154672
0.7408128496674713
0.00033802236634938865
0.41382858604448813
0.29316296823493393
0.17056240488670826
0.3546841179083099
0.8594235621818339
0.6201782864985194
0.3130065154807349
0.06639186921305673
0.7397397565538694
0.4545640070988395
0.5959340482903706
0.39898609189931467
0.019994620269336294
0.8962548711905844
0.5133653446779551
0.9484336207423287
0.8067153355485505
0.031911762962665624
0.38719208318988296
0.18453271462808352
0.16296490619814363
0.9049746437377146
0.9169535035220251
0.6732102751013799
0.7238812894438246
0.09527917711225409
0.6480472672475026
0.7475379853195655
0.12016021416824241
0.4722917264160872
0.6534716004379916
0.173825442116182
0.7013631428955637
0.49226029892888845
0.10489452585900394
0.6364276293553482
0.1555750661825258
0.6603716591091142
0.9527083767904568
0.10871057105852244
0.7888742860304293
0.7968522124798588
0.1281672744942709
0.11409680648491416
0.24161551032476658
0.6076136572885519
0.19009923579536558
0.09826868873884287
0.5688439626746723
0.34378281865510407
0.6103986078512699
0.5684639066004809
0.40016510587430476
0.3697971641881541
0.416137551997923
0.7041849701913444
0.08995631506215684
0.0014092192246816237
0.37029312785575985
0.8931849832525532
0.8288860190960506
0.6550598379265203
0.26436476668742004
0.6160737991369147
0.7443919083721535
0.9497267407402022
0.8471224321514649
0.02978058070397449
0.43834142462283754
0.44321853996589944
0.2699905459718954
0.1167306658027969
0.8610265804999278
0.1294523095709974
0.9620707344529354
0.37748167161124957
0.1633750615504994
0.7560731259239234
0.9547712918232172
0.5766431548281623
0.16547569131631168
0.34013883104764076
0.23075995380734504
0.13650115014816455
0.989346582651743
0.38753375076129004
0.3676425749532518
0.7746991205734701
0.5834340291425378
0.07224367541015186
0.7346169026577939
0.32221281068250474
0.24987008244382902
0.5342267683150651
0.77497462061963
0.5504248321483626
0.11341941354117346
0.42149130618065844
0.10850932045452544
0.10576909873140161
0.9896382122405987
0.504656285279997
0.7956475148871198
0.12345732688938049
0.13479783849798255
0.3698122892358666
0.9934677382511167
0.0771930248115873
0.20097395661585293
0.13506613099545106
0.4765978219222593
0.18789349090290464
0.7873669807655639
0.9046840974091558
0.8276332030018305
0.6746786366883806
0.3842406838974076
0.7432428133783747
0.8489038505369358
0.9481456145166575
0.03659540628293245
0.18043722473357748
0.19800846355057755
0.13659507127865267
0.711876436394284
0.3591311324948949
0.8067578686513489
0.14257521052837385
0.03837702756623507
0.5944889284030771
0.7360566791873416
0.2181180403705847
0.22674907833746716
0.3509948599586231
0.8413518870036515
0.5757815025929499
0.08961772661911616
0.8608903551956844
0.7003871992206755
0.793879429466971
0.31860527808264705
0.25970408653579813
0.22797651443684774
0.48006096233238027
0.004427497949550996
0.4523099806875541
0.280850403029566
0.38980434864056834
0.38395655965644815
0.2989917715417444
0.631569333856805
0.9664718996996574
0.9939567472637775
0.0858601331046096
0.8086633122973305
0.8375820513994795
0.47209649798496656
0.5151430488215669
0.026901974112115812
0.7976359921391656
0.7222782175813774
0.912377093498681
0.4700835473391868
0.6982238572836212
0.008935891520657102
0.11393004744357493
0.9388357682842565
0.6168361216752838
0.9991134896056152
0.032877516937685036
0.5648784851834511
0.9359509796244194
0.8677937642161724
0.2677528562878788
0.36693912073966783
0.6282123441784966
0.3632311602203162
0.12034950258402788
0.14020393472730197
0.8411235346853869
0.4876006100913912
0.2542256473194604
0.2302329081642427
0.18448061665975635
0.24771957451354953
0.32855507721398947
0.7519482542206131
0.8465002161360706
0.23401764952943827
0.6638934240161677
0.6970862068587749
0.5537864762362033
0.552888608246501
0.1969252065908219
0.05154892452044868
0.4019527839387663
0.9292186728909624
0.6880910688837132
0.95477276840969
0.4703423384949448
0.4793749686857264
0.8786578723797507
0.7041519828256532
0.7119645214395982
0.5164368640169906
0.10741594186223913
0.808373583033341
0.26498408285526576
0.1293559098488669
0.631456536515422
0.11068469021198235
0.9556030929550465
0.3962098647724781
0.6519467748569747
0.0326561947662819
0.7088690934829368
0.1817771795006622
0.8330136009650863
0.0986473401577107
0.21100076307336713
0.13306229228527966
0.32722252663435936
0.814187906453429
0.6039539483283585
0.9524920660860153
0.35646029863335427
0.04748658350911994
0.669681037455073
0.7901377423102431
0.820807394826007
0.6934276774638148
0.7325865351192478
0.5479826384620593
0.26537514255387207
0.7999749406120501
0.03547161843076263
0.26353903794821676
0.8876465181287323
0.2372942263154929
0.45293930760762047
0.479313355268024
0.7863113566765908
0.7786240580405853
0.48721622566808864
0.3391409370277062
0.2998233139539932
0.2592294047452943
0.6999657889271962
0.21098407636549676
0.15777281567959378
0.6618377604364564
0.8779522499836585
0.19773685631418292
0.35294140401191265
0.9195392363738217
0.32388724052396334
0.07387357061283639
0.814820129612528
0.5555187873012258
0.6499905099462514
0.5842011008975185
0.46222725696735567
0.46789147769768014
0.7265687273864782
0.15367852325594766
0.0668696053874317
0.558902072791833
0.705424851001254
0.6088185144909439
0.06815590988374376
0.846257440462683
0.5133969416521925
0.3946894733574322
0.18319733754998657
0.008089094949004894
0.6521734915583719
0.2403918777796098
0.9389625464410232
0.5386047070571861
0.4892375870201444
0.35050040785981185
0.09891803088943896
0.31601941591294336
0.6297785830145537
0.3845655111857512
0.8713181416042809
0.24697536123686126
0.34246856570582507
0.0945823000083813
0.5893983853705522
0.6746305707983768
0.8586716575131331
0.5572912977445317
0.36470656599007667
0.7479959855270142
0.21340883247970732
0.2946819593177826
0.04911999035703529
0.5414517440412481
0.9584348000565283
0.4342673573829655
0.822631022239392
0.5366795388326618
0.4494439262407717
0.5771481973645065
0.20594141569074365
0.6836969801376198
0.038955727150507546
0.7436075983195285
0.13507270021976714
0.21054757490717502
0.9313839609037939
0.06153081049618725
0.363394508310972
0.5066219487265685
0.5219721992076201
0.9196302623837584
0.7450035113409301
0.5343976715407136
0.7698730779381525
0.39160777715804873
0.5181453530560416
0.5611162922560143
0.15991954895279414
0.33320162036551326
0.7433798057246059
0.44679268519408
0.4277733053376783
0.9984860515158683
0.2836141844429697
0.4715259546831777
0.14675265119833636
0.8960839954775415
0.003682924999818926
0.09050952474449747
0.81933465927
0.49188743826748527
0.6169982193313528
0.8726979984645031
0.7255437151776285
0.8202460498954409
0.1697439508163966
0.8723094535930224
0.9475699570183916
0.4790829699933481
0.09649283394771002
0.18789940616224265
0.02151998106286701
0.37284454264712463
0.09388291068271626
0.07992955466161555
0.9601013498837873
0.10119349643795006
0.7910595211378718
0.5471683931615496
0.3564934299551724
0.2011218669105962
0.9396646086671641
0.9712701986078356
0.1908837629814889
0.9792892678485856
0.4499376900902743
0.5350374676580503
0.8330600889683394
0.34188013848340826
0.8800484640139999
0.1821761143440862
0.60873404721062
0.868660369978211
0.5215522212044131
0.9834294090192727
0.09301907565485035
0.31652332047813103
0.2662489283957473
0.380984158997699
0.741340966663307
0.4719273564348727
0.4802834203586359
0.7686302697529318
0.8265633077151462
0.4976945317366416
0.48762347917616533
0.024114475916970468
0.9780996347927724
0.524151729717676
0.09900854657289215
0.5912545876611972
0.23445745808487428
0.5250026547215734
0.5977772212474065
0.983923975299794
0.7240444422705627
0.6053057482878365
0.5057874084415055
0.6669407175842851
0.1913954778845981
0.4192321712765277
0.24685169805342266
0.946909535588161
0.31034763795722575
0.9768785275334055
0.1313698931819074
0.5930821548429085
0.12315042917271024
0.8861116803538044
0.23888467012082637
0.11325791211182001
0.885908084344704
0.5183489840740599
0.7487538481617878
0.41098936148379106
0.3187361513572934
0.04139894523665366
0.2773793600964417
0.0789628119212028
0.9084691899309135
0.17074938460364697
0.17734867341171023
0.98817012676871
0.9596172540778983
0.18666505089253305
0.09448142374448909
0.4384535567564254
0.6069845339000174
0.31595112518891644
0.536543239666611
0.7962748292995522
0.6041062836558113
0.2625085425003798
0.8353365085332849
0.32149846254242564
0.35891635041900094
0.5661219102492354
0.14748997230511274
0.05400652307606979
0.12344700324163871
0.7064592854270899
0.7560217071803338
0.5303016673292196
0.1337312106958003
0.8714140776390683
0.8697402111645322
0.6050134695709325
0.5337895990717826
0.899740538339546
0.4504904638054975
0.9760179204982501
0.6789575486633532
0.3208558518472414
0.3372506433728243
0.4136716943430201
0.10909102168064078
0.9815396552866266
0.40231325514842264
0.36302563595405346
0.8015280019644699
0.5072661143074214
0.5912532092934971
0.373790487408
0.40799451594523706
0.4953719047885825
0.4302879832047146
0.7586589870114012
0.8138047387662647
0.6582047805029266
0.342506538919193
0.6969431549423815
0.5639728266867066
0.11709215527299488
0.573747878911015
0.5081333451250187
0.05577399563024876
0.9145905699906459
0.1614467849167689
0.7638381202763153
0.8165143685249472
0.5090318128930994
0.604250210601299
0.07159576960767489
0.31019518275124525
0.5423688529209609
0.7772722567097943
0.5682153689192686
0.5268099587169043
0.3880175532655794
0.881570211137378
0.8438072189137272
0.8509487511245806
0.19753594876404268
0.35226436868823996
0.8946511116192776
0.6000476249963024
0.38771982266610794
0.24347120768485075
0.2975078147866099
0.8227915096586665
0.2138736571525659
0.891420254220512
0.015272911302020131
0.5984079316834905
0.7245028189778995
0.20073884219346239
0.6930802109055081
0.99751640533374
0.4909845881886279
0.5703621043563775
0.9987169109226286
0.9051237230423697
0.9242796519782565
0.7758037502198173
0.3730881171827958
0.27665187520458934
0.4333874151620929
0.8067195780029701
0.4489129159938351
0.781371239371947
0.32324330280072866
0.09607364765631576
0.6744011116619082
0.582871525537708
0.41149412906075955
0.4411637951644607
0.12303500262294143
0.41204553946005007
0.6959460188837704
0.914199246468302
0.9388646998192323
0.2067631587968204
0.09864553087624806
0.0725750669061832
0.6025666742682554
0.9902635213144418
0.8106338919350822
0.20801377950486255
0.5711336750779342
0.16398620861279511
0.060160912672358124
0.4849399767421706
0.9624309030603864
0.6152917695963197
0.397550294266552
0.40339551868298584
0.25657830671062565
0.5755276466162647
0.7131402748156906
0.3793135125658951
0.7949318532067853
0.6704940690196286
0.04537291141737809
0.3515657777672948
0.10315181443059562
0.7329769342877813
0.4574929001726519
0.2609709940074745
0.34836320953632305
0.6779165737215337
0.4720766001331079
0.27536193903403183
0.591001875959389
0.22904093962002436
0.3842449369141534
0.5749927199595622
0.33982703138938675
0.20173780856385215
0.3386871744315887
0.3071493136300276
0.16766868576032734
0.8860665969179949
0.45953125239480264
0.5497521936191295
0.2743811071889959
0.5105872091183944
0.9697406358835395
0.34150924951108463
0.7006905161303091
0.8049798744812915
0.9276544773785604
0.9600955519641055
0.8604920624452888
0.1240789020924169
0.024660736890044777
0.46743897292465486
0.8857285336038829
0.9891707183674406
0.15682221071775204
0.24644061318198274
0.9173909850892711
0.6325811665092624
0.20391490095457165
0.5087351536433484
0.2820943332114436
0.673601491744651
0.9429166542413279
0.9332469178114808
0.9194718447217595
0.8129290980623902
0.6391681629301416
0.887048540697856
0.05032034403671126
0.33607160824908866
0.34928519049068874
0.39666354552480965
0.5232271058541159
0.10816372543022701
0.16822719137651432
0.5142929592486282
0.1594461962453385
0.11299856168717815
0.25707411656579604
0.37857190008054664
0.24580694067968978
0.46870099273854304
0.9457358814765607
0.2558139578649984
0.8120658527404554
0.2683505853632512
0.9664729362192771
0.8373211830558764
0.42825748538305297
0.7558043396807462
0.4133366833703629
0.2861715845652043
0.6758966879735511
0.5141615671117615
0.7680840669952227
0.03014992104414449
0.9961444558241367
0.03205606783533277
0.681101328972332
0.7354792558690622
0.14832292485438214
0.7061590292254009
0.849159534975018
0.2955661580642227
0.09700996957424823
0.32890521449219223
0.4187149953652527
0.5812342909600848
0.24177805466041302
0.8933305119712024
0.12105713736496515
0.7082704153413454
0.1506988785939235
0.392276042683238
0.6186241673568247
0.5748611118690322
0.9366095205190663
0.49500417837456867
0.4144398335416424
0.09928800771580992
0.19072964600542108
0.01589080314731306
0.12306759303467973
0.8214351719393834
0.2334660995544312
0.07788556002896685
0.11548828997874161
0.37002254870091733
0.36327556428906504
0.6637000661456255
0.6574330975435082
0.644414092853865
0.30749117228296086
0.29140419464432266
0.27135379398889703
0.27609038757779314
0.9005819255364549
0.29808888177338466
0.04685482963782617
0.018916662891986125
0.7123543000192061
0.05458476448640304
0.8314060633121533
0.13570881963970682
0.12833172519265001
0.34036870405598274
0.22776753850962683
0.015962855856422764
0.22616581334098518
0.33774877594484964
0.2377039102802262
0.5482738995816785
0.934637760535912
0.9799187292911755
0.33637677119412723
0.15900697381798778
0.8571503656630676
0.7496474428324869
0.20649384912192648
0.19010317463522586
0.5747073986930388
0.014285971214006654
0.8947891729557814
0.11084676141780325
0.9131537322142798
0.9874973066850173
0.6616439261103498
0.22937774741952344
0.237445028620615
0.3711594123286117
0.11640378334676427
0.5856622364765918
0.7647252165776957
0.772594861254089
0.8431677918929781
0.39879313100868574
0.6448224572636047
0.6530461811043091
0.22127877385379857
0.14690700747330476
0.46258776868931273
0.16701026726853452
0.42429159441476605
0.3154090820028742
0.2143318542945717
0.4640604652666124
0.4287058407589518
0.6016814698584867
0.5510999899704794
0.04494581275495835
0.1946170679658239
0.5216273455943261
0.7592782463486935
0.04718429547891245
0.7436593846695662
0.5355239063344406
0.6007985432176082
0.5876635549960066
0.318230027024068
0.8544635205429297
0.35412348395686044
0.6856346809106839
0.25964012600666875
0.7000286195055629
0.11944100583503059
0.33514292282695424
0.3617103026708314
0.1612805933834376
0.008984837021034142
0.8936582617992138
0.3663585594693365
0.6474090960118934
0.37333226429533517
0.4942024000195382
0.013921264405462819
0.40257312516928323
0.6843389604503315
0.7033223654641395
0.5032052419900359
0.7325686628292419
0.34549280971172136
0.06464207127002874
0.6643746195527195
0.6618883339948995
0.030774170358876418
0.47409551562506613
0.3508676459713431
0.9778114972038416
0.6702124745793261
0.44471682529162926
0.06860678735816261
0.7718110391209141
0.3229710828038228
0.21682243477996044
0.13817422022591264
0.007061858294703072
0.699576728093261
0.9849121092813409
0.2010245097608223
0.43184856974749875
0.5970941150491852
0.7241016805145813
0.2782353190913457
0.9587005623719742
0.8978106657320363
0.9193589472670358
0.7113166281300068
0.4614348735497361
0.5232513901985381
0.6145794377518702
0.3491985197289952
0.8591833767973388
0.4090424793794911
0.6856022309276693
0.3812761285464873
0.6022375845217599
0.4658810842524338
0.37484044856132914
0.449972890152732
0.12091441590135554
0.4486009756926068
0.7244048817542326
0.8658173392801048
0.20382110974816148
0.021781987649824308
0.9661846520147377
0.7247129189672346
0.14881525155981556
0.7432945764218023
0.2293006390858925
0.8615458962953274
0.8265954857422156
0.5168849821627061
0.6646182474464064
0.20905439845385532
0.7284969032314083
0.7013030916531277
0.5310417702269887
0.6618745854957945
0.11223660154394266
0.5993364506564238
0.6431443050334887
0.7610801708380135
0.28718799320549837
0.8323530803719805
0.06360996622481441
0.5805178621243199
0.7124298845750286
0.1404655748728394
0.2709706168204542
0.42990514455753603
0.2702265835257336
0.4925088547333337
0.22970799353477
0.8406185282158907
0.6083240844230439
0.16599051395275422
0.08888488357303204
0.7806259838352696
0.40981770134910833
0.24666790907177172
0.6810614133874638
0.742822884816226
0.5618909780002799
0.4980031752185117
0.7406119460174564
0.3358240662744987
0.2895127025038656
0.8004260361386499
0.5028062611036908
0.6063805866492966
0.6322729866554713
0.894921340463123
0.5844276776513565
0.2393943893737106
0.023622180610848975
0.8358326813315646
0.3792486535203974
0.19155446580118674
0.8351122768286454
0.6383503638225778
0.4945778147720563
0.40632439097822604
0.3997823122344918
0.07455648477719046
0.49321441320516224
0.527814969372818
0.57923197995157
0.6114876738736165
0.4422584315231216
0.7621355099112147
0.9504608436112072
0.5967051214713993
0.5465470871295275
0.9292488873061167
0.9978199506187584
0.6120149191702936
0.8230845529734763
0.3207782587558409
0.8787798250604738
0.8805459902244469
0.4210003201281387
0.2517778559718402
0.30082536012018735
0.8810836081362133
0.10329554395449336
0.31758606047553617
0.051569836431468064
0.025130268468676054
0.7476147791219218
0.5764701761030927
0.5600939502696909
0.28427370646773154
0.382829488893181
0.6329562511299399
0.645983699093198
0.43332497929365454
0.8080249218247496
0.46674769488618995
0.7105823982259379
0.483530157941894
0.5427416126468428
0.982399570077076
0.046360647063094396
0.034294102218446976
0.6411723837543712
0.17427822818740613
0.5312395422866443
0.673989245482893
0.5645183642673108
0.11618706978530813
0.8634500397185949
0.9079066967607422
0.677507035458336
0.29766282840786684
0.2599709585307245
0.24789905606036045
0.08693371115269288
0.47352204666847286
0.6471009871653877
0.21047084031155094
0.273789817018537
0.45301563918402266
0.26881821911170267
0.03002327668697058
0.02133043484271202
0.7545208253909522
0.41843900391530964
0.7148510885968115
0.5014920909189854
0.1818377961385932
0.3556648087831519
0.0805768796400067
0.9087635557087235
0.5288653281196638
0.7367424715930192
0.2650503849844845
0.40370461313222783
0.8051645075236142
0.05965577446234649
0.9868986868252079
0.40906507382495483
0.5189081431639817
0.8818598746290575
0.9454902509470786
0.06966034739717197
0.16773392569679013
0.6756132743511176
0.5095506586563819
0.9108535887628466
0.2720640895226224
0.2811802456327924
0.5976641875401669
0.22245415664614276
0.015387436997961634
0.9863376371618081
0.33632975669651355
0.7824149687736324
0.5578361629467319
0.2848382618410351
0.5707114783224007
0.37402443795439566
0.7952271722321247
0.9861565270392714
0.3428688713749033
0.750654389652972
0.43031438683312495
0.6503823845665391
0.3743601717213494
0.6381775163194211
0.7596791114917397
0.31347052525282093
0.6814147421092993
0.9364831446449384
0.8635553580763057
0.3539776893588712
0.1186654176531895
0.48791616345994826
0.04229767395405504
0.7406367050328753
0.6464213792148904
0.682757530781211
0.5112465197954957
0.4104265804816616
0.8080704320263151
0.15107979935147642
0.5717196880517543
0.41839863566485314
0.6438858777007153
0.3869824440471449
0.4039759105219418
0.7182710427294899
0.3563162491268821
0.42991978644568385
0.7829164889659664
0.1419360575749169
0.5125056966534983
0.8738696881147657
0.3194702312634832
0.16734611560204948
0.4009018055181277
0.1504822351468793
0.5783354929621248
0.8325984173957656
0.11296644146729262
0.32529521715494336
0.34484306919287566
0.6930877725680754
0.4437285526639395
0.9647024575737267
0.034360083992917234
0.28428858020566783
0.8997883445106115
0.62578440880698
0.27298752457633535
0.44128999818044257
0.1239613816977283
0.5581245261685003
0.5811015017197072
0.4412306867544725
0.2527482950312626
0.24618484874930513
0.12088253660335357
0.848757771435111
0.6680363438099484
0.9676606357426856
0.13579406533530036
0.38680240852016645
0.11178941833625744
0.7874715933681928
0.42154125047762114
0.5896208980514069
0.07550147856899447
0.9534942055495207
0.2713026050651266
0.1388871005231993
0.6709594110432467
0.7418184506155109
0.5437691454449186
0.6870540707502814
0.007698299418290255
0.6794768231080364
0.3563611968051765
0.9584870357992503
0.926919541595131
0.028774333221480042
0.22505284835384287
0.7247504309198781
0.6052391599350432
0.05404792096408717
0.4206597605413791
0.4988146018727153
0.614227574429016
0.8020023856469382
0.570183636854002
0.44570452880674005
0.06541247228561031
0.900457338651837
0.87402732994194
0.18986249275826128
0.5065225920459488
0.5680176695936211
0.14627116819522878
0.9142312689446215
0.8852603474116693
0.9704001535901202
0.23023762876306564
0.4264738704310934
0.5653072769734874
0.2737662409361141
0.9862169838364672
0.6457901579611868
0.5702982125845318
0.9025924633413003
0.06388463321138882
0.6412119698163976
0.886816909960127
0.7179613282049306
0.029556696523856396
0.09230253926823728
0.956395351851696
0.556818148592214
0.34134845487649357
0.5111480467236735
0.8765583976164179
0.14731357810423218
0.6316819669916676
0.03980663984653532
0.7843374518232715
0.6485824598795861
0.3816976761901846
0.5464651165614802
0.9948203047098274
0.9679779569166147
0.9696733991100258
0.9324761582935011
0.9355106443071735
0.6701633918870472
0.4969673189087922
0.020561661832349087
0.6937638034284782
0.5918362579944367
0.11835294434208932
0.699135480364958
0.23072734294831743
0.32058733352843893
0.4802158891544134
0.3546964223857082
0.5621449524584408
0.2993762413932973
0.09518265212760568
0.30363023764409536
0.6908058768576427
0.5606331808383941
0.9164654648085907
0.9021745058067941
0.4544419193469458
0.9130191731307248
0.9110240029154054
0.4784094005652728
0.7529949260322001
0.14380441390834198
0.6527795755430787
0.10266073132344089
0.9994149909603989
0.02831916670981738
0.09425136457229744
0.8121830779686633
0.46117459778400827
0.7386302406918256
0.09864475955140184
0.3157866781108315
0.7051850519195322
0.04819291375497392
0.795716689773345
0.2140884417774599
0.9562454526846862
0.76542046286528
0.7338888856747765
0.06663549970611571
0.3677913736566878
0.23722880638177735
0.6646506543448715
0.8085927553159301
0.4371580394734278
0.11340717863214322
0.828139668550014
0.7746567994242434
0.5391650937766846
0.8281317654173582
0.5023422369045241
0.4737728009252814
0.38275821028534407
0.4887339058165171
0.24958821811834586
0.002108962747869203
0.28544285547905646
0.7245798673299928
0.6268718806382535
0.7029929039733803
0.5741394681785847
0.7150727331765241
0.39695837592656247
0.46316649139560606
0.42543262531329373
0.9020707881829615
0.8368678173558117
0.26031398301305364
0.6083662465468558
0.9657894589666053
0.4630077064827258
0.25654153164912885
0.047002393181061586
0.8827794339402791
0.8345687582611645
0.9977201757789378
0.3845450566255858
0.8552126721299688
0.6904302542065224
0.48664348526962153
0.1435214821326406
0.40141951858881963
0.8336485202628883
0.7213055218117842
0.05981757520200126
0.02178326278799758
0.38766015384237706
0.8169278781756412
0.026951056473040413
0.07747333214972862
0.3201145915552924
0.20048092637509463
0.7082168373166081
0.27830277472633
0.7306226472517586
0.26607592618467546
0.7138259039415841
0.8901646316354274
0.9087761425317891
0.41444338176732065
0.06113632960514326
0.5713345366749913
0.5838141236569528
0.7521384309640934
0.21392648563022432
0.37508940521683265
0.5322623158922645
0.31904266563960626
0.8198145095195377
0.30920098901159954
0.925254876378429
0.4966558836990853
0.06797211303108852
0.3606212624657119
0.8046164761390903
0.8665232865339098
0.24175661889581268
0.1649269127944567
0.6741980387243571
0.1836144962101648
0.7278922126101208
0.624189228586211
0.9822394570940285
0.5391967382060753
0.4878391479255306
0.7267251504779457
0.36723963674807647
0.9388384017537009
0.6677774391753074
0.8245776244563077
0.7696243903595911
0.8553618367051357
0.5072336037879089
0.48014734534668546
0.30922826962781547
0.9880433523484399
0.049614071042684116
0.5341878494523055
0.36801469489359584
0.17355814991340135
0.09972159254462254
0.243803468619193
0.8299857285953938
0.30514851996345727
0.917554915190167
0.3615318182237436
0.6713991407086403
0.41233545644214675
0.43833306432749275
0.4607134300921881
0.9035431481686649
0.44520684688561785
0.7454539646323896
0.13574727872027958
0.9224227337132607
0.5269493749798543
0.6550041923494612
0.3086529615430893
0.9675787939400073
0.4295333330234622
0.1758673406903687
0.404642530189238
0.4472642168667543
0.8880714994591571
0.9445277953476781
0.09842240741346653
0.08266098356262175
0.5635318052494831
0.6708364337394144
0.5497968659253621
0.39890133923493754
0.5902910454669886
0.9446914088359732
0.5616703329951268
0.5859703905941682
0.020165224300681017
0.398696033011816
0.37553722702736303
0.9744014238236891
0.5353880478160845
0.5362711945722003
0.9241707718787487
0.5486304714487412
0.07615092639860022
0.7012680232987645
0.9649830243448988
0.6977169145805595
0.03970918156944381
0.8294497285950784
0.20206439886497662
0.8732981591591211
0.4893704780042516
0.7224569838920334
0.03189294928895259
0.5066595828733949
0.05937539383789869
0.9116013122548078
0.1919332347359115
0.03086411104568998
0.39651195206449286
0.7010631899956761
0.7407542193297298
0.7927719005864259
0.6356696713227555
0.41203919896270447
0.37035727376791616
0.5287552022008899
0.6837954954170813
0.2914690737220572
0.715021545841501
0.6741207483905484
0.4499292722224607
0.5428614496974083
0.834958667207067
0.5325192603498073
0.3646519447562506
0.396754494748205
0.7701691883698217
0.4180360413925678
0.8009466714518865
0.4113088829511815
0.7020453935324323
0.5470642114935401
0.6064486805136363
0.20621935897304577
0.15590045071797054
0.9147156118386546
0.1791172374533948
0.17043095100938688
0.9270643789853443
0.560993181292569
0.43418957684957915
0.800535548977587
0.43432403075762005
0.1506530329053276
0.9108933128763229
0.6476950836255795
0.6914815128988282
0.7762393128275924
0.36608518669765355
0.1151978532491521
0.5910490929211931
0.4833114276387188
0.380543363839852
0.5511289536340359
0.5441714251562764
0.8814758035148873
0.1353351953618097
0.94693661569842
0.08469194939202651
0.13718912330755495
0.9926651708119557
0.8826706513773803
0.20075009646482145
0.4713813586806085
0.7730719094944678
0.9692096569839418
0.013684423929381628
0.6076610467839736
0.40187822201169476
0.07930380706804263
0.40566144128480663
0.3566486869459441
0.9666313954826687
0.5681631634567885
0.5248573633880398
0.8839358769796802
0.716377673498967
0.8582751143850589
0.7802965583865238
0.027651931583037692
0.15711043621447518
0.6736809618058912
0.9246013851242354
0.08844082449103374
0.3922383072407033
0.572067887210631
0.18639874021257474
0.14828964452195836
0.7941081194502917
0.07381778218928081
0.027068552012549985
0.6793843464486772
0.23635878616304629
0.15680965371091582
0.5866982091136791
0.9667327322295478
0.1695598953796812
0.46520401176975346
0.4792675130328433
0.6072102862726205
0.3280729049210058
0.9497510290564019
0.8174547796288647
0.41769499989777104
0.07068114256279989
0.49428600836132475
0.46910065349069774
