64 2 3
0
36
38
1
9
63
2
32
42
3
10
11
4
42
45
5
51
62
6
53
62
7
11
40
8
36
53
9
12
34
10
27
54
11
39
55
12
13
36
13
50
63
14
23
32
0
15
48
4
16
25
17
60
63
18
27
60
13
19
31
20
48
50
11
21
34
22
31
55
12
23
63
24
43
62
0
13
25
4
13
26
13
27
35
28
32
33
29
34
52
27
30
43
31
39
58
32
55
60
17
33
43
30
34
58
0
35
61
14
36
37
13
20
37
32
33
38
39
45
58
19
40
51
15
41
51
22
42
53
16
43
60
14
44
58
42
45
48
6
19
46
43
47
48
5
48
56
13
14
49
0
17
50
35
47
51
13
17
52
25
53
55
23
25
54
17
25
55
23
34
56
22
51
57
31
52
58
19
50
59
1
37
60
23
38
61
20
52
62
20
48
63
0.2836791099058672
0.6519084911892817
0.5709238110519796
0.37243411578433283
0.5825776790395902
0.22294321060979416
0.946048642192113
0.12866600744501389
0.298709191165191
0.37173702704275524
0.26821026044550045
0.8189892531945765
0.24922602305184172
0.7351287895299181
0.7264799452603432
0.8218413020202606
0.7712825626561258
0.9131821394534856
0.7525633400320504
0.9933918377696762
0.8785464689356779
0.9065061491023998
0.25516090774154176
0.3548746510760664
0.870748148483003
0.45835768453476167
0.31778946330447055
0.026319023323564616
0.3817206859674862
0.35415196379389513
0.9650413070197974
0.3367392673117321
0.8644923024552359
0.1359562364911937
0.41046023852168145
0.8614480772872236
0.05070481970207075
0.34076182214131323
0.43246914270397374
0.4262279371880868
0.7552881665552218
0.7728693072446213
0.5405529210928696
0.9906188467011098
0.5783509942698902
0.8896093011434808
0.06634205679107896
0.04980069335613613
0.030389119499163453
0.5930106540904037
0.22656501680416485
0.48023268380954665
0.724212617133917
0.7862380499794759
0.13397079329637274
0.06331908546328324
0.30919316600800517
0.6179139763720634
0.45476351358187983
0.6335952366314836
0.7789423059066004
0.08847544581714073
0.15559515902101861
0.840157965624109
0.6277728329666166
0.7989964289263691
0.7550952525957697
0.30621775489309666
0.3269225282279925
0.8896450484850895
0.337198964410769
0.13810137800684696
0.16526883423864625
0.186092029861483
0.5216126878951287
0.1363651307770719
0.0360951959255188
0.2602698079176725
0.015001512199985245
0.07956661877519455
0.7337949680684367
0.61856721214319
0.0075624501087705465
0.8766218815980875
0.5403250084398651
0.07310021943138723
0.03317199822967298
0.952429942557417
0.24750164931710095
0.003579434663108172
0.7494399150072695
0.811391440998937
0.7688765705015906
0.7858456994850396
0.5626731247376193
0.2900378309854442
0.015653287034393948
0.5708516722882829
0.1650595714375458
0.5784659472947888
0.016682430141671034
0.8643180883243412
0.2711385291729299
0.5610007287068068
0.404839702194853
0.8343134593933699
0.934935767487182
0.5853071122715301
0.851694746389639
0.3953627557065821
0.31502513452101044
0.20597743325844087
0.9680308975289814
0.35091969430454817
0.49820619902361696
0.3452825045113198
0.6356806013714293
0.36256470231432525
0.7753782730180149
0.24214372546203822
0.5466128738128058
0.1744465746476247
0.927090274037635
0.19868799755837752
0.27699809909599094
0.11987603730102803
0.1452175051892508
0.48268459648496864
0.6188047499918643
0.1004404008484352
0.01679386377659109
0.3712947446249296
0.7527153753851951
0.27553468038669027
0.9518418092286272
0.35293299077317075
0.763862204233703
0.4782873958209096
0.39204983464727583
0.09895125811749139
0.3202341526281417
0.05947044754522235
0.32275007948447243
0.20354687857985998
0.35573260434038867
0.2594935175700046
0.17691567466670477
0.917005705698088
0.9663304828664115
0.8435652438394298
0.5356700817812997
0.6929993968886972
0.6832606912903207
0.9951832238066536
0.9674108134325109
0.3159594992298195
0.4621353075702813
0.703281068290144
0.968296513385291
0.46198000092077285
0.034989467209723624
0.04845487256095771
0.2905542846025625
0.8863147221654212
0.821134118924142
0.83533328079849
0.735977329673604
0.09422809871475402
0.6062246742673358
0.9906935202088938
0.9497558375833626
0.22546184462248497
0.13525429140754852
0.24925242863302588
0.6489080621899446
0.05230630285696847
0.7275994672146584
0.10968819376340977
0.12949228712226868
0.4622129244492865
0.7515917468604129
0.17617540013194422
0.5079706823247897
0.6661680717230164
0.6175572417002507
0.3134082686478278
0.4001689482740487
0.06927162739994985
0.13029066994933203
0.5431603176545124
0.7856382525427231
0.21891608466985812
0.8699882589903023
0.22982423061067336
0.36925152001594086
0.14642388570276543
0.000991231668805992
0.4065097712295819
0.6339862841150574
0.8790458485923184
0.9956496397234307
0.58177670903388
0.6283346028498504
0.3286050121595019
0.2881641393430707
0.5994019559766812
0.3827756327651325
0.848856777059647
0.02204602133469913
0.40038802200807255
0.5488391388702796
0.050465398174774134
0.3468723671919608
0.6425656022351847
0.7597274090138285
0.31821057992406265
0.64212232703825
0.9059595862795862
0.6316908017139807
0.11309939627679899
0.029964876340493607
0.62981891778299
0.2105594838729743
0.6915259515813084
0.47545527290581
0.8653572463469639
0.12689496892023078
0.7546979941790126
0.07274858876764734
0.051682848095592426
0.38257569110784784
0.4671558318562836
0.9859270433685332
0.9469611139985376
0.831377815428521
0.6266840328391161
0.5884819759912248
0.2679782113862418
0.0874233780513336
0.7569721043307852
0.2776352841747862
0.8511098236935006
0.9185631463812883
0.19301606461237342
0.3714523806266814
0.9215656789586064
0.7961940425605025
0.4637609243767664
0.7357642887159265
0.8005491674336368
0.03260785731432392
0.7958597291562375
0.5342158260249553
0.17841523319836938
0.4625566621594285
0.7979428858562969
0.475495921325385
0.828590395403808
0.9239530343780133
0.7259736077503676
0.44901574478411344
0.6427336422014062
0.005622101873157037
0.9000937899333876
0.10147753523154424
0.31875474080569677
0.5796025066614696
0.6844155309352764
0.37471894379463777
0.36211997897996184
0.956508874489271
0.816436600317781
0.5704345342369564
0.11637373359122927
0.5730293620566226
0.6945715139808201
0.142980277370224
0.24156610007379575
0.1500895626732055
0.41689838850309824
0.6919603928692171
0.5232034049014013
0.18150836648395396
0.7813163275244415
0.3139893401393894
0.15894019962236727
0.5779206721306082
0.9126181903399306
0.5650978277418223
0.4361838310794467
0.46781057410464255
0.05994543642598804
0.23673333427155174
0.430626122565938
0.4605675242775291
0.8311908780315765
0.46567917835380024
0.17904195008505153
0.8203463106706388
0.2661929013375036
0.6577201464443736
0.491748224071083
0.4287999613372703
0.5235097939671991
0.01769604509147049
0.722204631884265
0.784929073452202
0.33488942924248566
0.3241930305166826
0.7757707904286689
0.34916783401082474
0.025651958837869637
0.48891641061588054
0.6329211876396726
0.8315100265191305
0.8402701735337617
0.2028390751308824
0.2793415614325614
0.5990487213205375
0.6342120739726365
0.976958475284425
0.7349236209786404
0.0014640219681263389
0.9206667769052245
0.15616189925374813
0.20492940310362306
0.5225253047939671
0.1281210745057948
0.42247898575131493
0.4073483170869766
0.7823690596571146
0.9081455706419571
0.6266366053861223
0.8767357896577227
0.4098059985102315
0.5853773307618916
0.5796864768240415
0.4294637976099016
0.05182911296317805
0.026330957717496828
0.2430881856253565
0.6011605755119742
0.11167594291087646
0.25419349640784095
0.4995018283832964
0.22119406022861654
0.3998622057564689
0.7818542579716432
0.09038369334000362
0.5498470129193261
0.3540743907799483
0.6915633452909908
0.4344561246232693
0.26171554729275437
0.7612504703125498
0.9503235490672394
0.9520273647821419
0.11762900082116956
0.43297417616099987
0.38155291080292375
0.07936130881390446
0.32174178140358367
0.27784571193846663
0.733280396408107
0.4656408784391397
0.8027705098940943
0.14126610763868774
0.8370077357834267
0.7936524052263844
0.5051958737453484
0.036230077542949046
0.4324079512129122
0.9297164242231389
0.41817774541923614
0.12072608273927987
0.29602714125573315
0.8223723462226614
0.7607165016243286
0.3728392969596671
0.1115209638103094
0.018216517099387652
0.6361065583636486
0.07383493424453325
0.9649313069244946
0.09660036513382197
0.29797365930620945
0.722409914443391
0.30154064590150764
0.7090098271136034
0.5835747104631385
0.643536499948911
0.36103359607968655
0.4703261379559107
0.43455349544151844
0.14056346094565797
0.12020139213723013
0.3856700550209142
0.8620352329828139
0.5961002866311818
0.678236808300478
0.8432415402623711
0.5947012313442782
0.9342448803195128
0.20198856948005006
0.007223053792419942
0.8824317342180039
0.43521740911592455
0.6572206322121762
0.6047513180003564
0.4592794384122243
0.24459279247328336
0.6877377964916606
0.46115287497655555
0.09767940010913156
0.3510914908226961
0.6851229031110218
0.3776265993764706
0.2508503726201329
0.5596780520844478
0.5068446113243182
0.7491645499040936
0.29065722378641445
0.9511113197374211
0.8667476913169916
0.9667609926435099
0.8269572898822939
0.642694139585603
0.5887970666100465
0.6644126799138437
0.25718107973185744
0.6243170152384412
0.7319201973331317
0.4541064583786044
0.1728145112751781
0.8272795807628817
0.07027058494734972
0.6444590961442694
0.04686860751965083
0.11073169402599725
0.1856332955017912
0.22956049154596714
0.3767475818185554
0.1499931428938649
0.7996286935307727
0.9309140471010804
0.5841552627390626
0.8627092865088731
0.12767899534844296
0.47365779211386594
0.6964870876268986
0.378156309886574
0.05839219035735488
0.367457320605323
0.7667158719591595
0.8018398551712637
0.6014911955257921
0.7635887071830046
0.7664728162328552
0.3386297967782893
0.6086941389521244
0.3112284041604997
0.9340171451647477
0.42636095597052925
0.40743673467802577
0.21729514262479044
0.15423157262504084
0.2184526799374482
0.8573753954993911
0.13342675522903014
0.18305754329144697
0.6798639541461184
0.1836722932917546
0.7080945090831843
0.6343178168062746
0.2806675197486146
0.9405937291524625
0.5880999527647592
0.23167468249308854
0.5914830160645221
0.4895813344695562
0.013941885433849888
0.11048977490834944
0.43642031228516565
0.3162197734887777
0.30154107912561545
0.8362308733807039
0.9720544115267379
0.19844168734143486
0.4174125491448589
0.378805603967833
0.3223296975605947
0.3951022749319907
0.8531599937927553
0.08098717895738217
0.9165154113841937
0.2171764160086037
0.11841302309258128
0.6223604394725607
0.14257619272379207
0.7306882663006656
0.20765740343691497
0.5766085194207058
0.38134280301454093
0.3651233685089278
0.7747783486338338
0.27765726218836695
0.7316693952998498
0.10369629198467467
0.2977433222980346
0.4228384684483574
0.46757623133811055
0.8412768952645832
0.11598178799173087
0.9301069814131838
0.32847382143614645
0.6122963353469194
0.7954742789827967
0.25028432986502636
0.19313087479532787
0.6888459461622991
0.5108732947667279
0.052792942162522505
0.9910665452195101
0.9009400980660758
0.3881512583889717
0.4319255527148904
0.752370566460756
0.5706810251275379
0.29235377114871375
0.6108993849087745
0.9187312974448781
0.8986358873258576
0.4400489671820318
0.8243875170050606
0.5247432869738856
0.922922642400051
0.30409307978712263
0.07232350620998818
0.8490730768957927
0.879831296710321
0.1044408020641392
0.6845488250800883
0.47489224156078835
0.1649160439286378
0.8703389921178911
0.3384778560426148
0.8821558792805523
0.3255448857981805
0.03210132457843351
0.6145376762102736
0.7257565380079374
0.11860445239810868
0.1490778399452135
0.7366314301360243
0.4967027018058756
0.9938841074346918
0.3459085389672527
0.928335566075911
0.9505166443023194
0.14446745850092657
0.5571162462850465
0.19010483978621118
0.21265077401737453
0.5391279118969943
0.6810149613098913
0.1435415296065784
0.2801999999194825
0.019163207171292718
0.5580916266199286
0.047034477226566174
0.42239162503696137
0.1748484693725243
0.854774118624574
0.6926033945486354
0.21649443874896157
0.4691445850820942
0.5051683236601249
0.5705897102056834
0.35578478507746447
0.10793335506014912
0.06352784839551451
0.8339357854934834
0.42811348860761667
0.6615396251381491
0.1373981682798121
0.6826349033065137
0.8769553400634424
0.8227666368666143
0.33510881227361733
0.696555192883177
0.8465304704555726
0.5443683292827601
0.5031365773272394
0.4239026994251953
0.1320170842719981
0.5608729660423011
0.6806813954483433
0.8967927040239049
0.1648605408887055
0.5569514675071635
0.0980450561391174
0.2840785840176364
0.5300161260006374
0.26007792890506676
0.1154282596316003
0.36731331464946393
0.042733792015032246
0.3377386803043988
0.18371553621411674
0.9717760966622483
0.5494392749801168
0.17837127232856975
0.4436749734140045
0.9323926395955472
0.9626195710101351
0.254036570813323
0.5525955104994169
0.4357835161517385
0.048864287155625075
0.16297721690242561
0.5450525975375993
0.13076649127346796
0.9920359430336557
0.04159100102212876
0.8466472940671912
0.4072987524943872
0.18960387565504455
0.3332375402529678
0.6345704905965615
0.7813465898548415
0.7375823509726708
0.9112341393588952
0.1586292650652591
0.9486463237763327
0.9178782621207032
0.4897633129925114
0.834295564739117
0.17431926200152903
0.5402343694416452
0.7370992438665194
0.6447223531683557
0.999049497868078
0.6668887345547695
0.3895998957879582
0.5615571601102977
0.17218488554711586
0.11014158703571386
0.2199377180107598
0.04145152499766791
0.07570578401965355
0.570498923376114
0.8594519263202487
0.8226294175073048
0.7634998218111583
0.7624491302490649
0.7701193344436411
0.2500245925426403
0.4422408131967184
0.5679894340960342
0.7124106410274073
0.11981409645558228
0.5584115020442252
0.8372969203796067
0.3647950474878876
0.6367171338940754
0.2822261681636752
0.7878661925518009
0.28163427736276736
0.8952489691482739
0.83015022538804
0.27703554245411666
0.8382216694410031
0.005311523498626292
0.44095158088416575
0.7063638220983064
0.08858324663727957
0.5098151375759231
0.532373103371404
0.5682669090339274
0.022143939618719966
0.5217573132664873
0.7555293913159218
0.1668103960547025
0.34032629891887645
0.6108390671914024
0.8778742606688366
0.7709878588883236
0.2430272809975652
0.6042569595756841
0.32732338912417414
0.13985240459077786
0.35508286422394075
0.22562699710564504
0.846309522861344
0.24128170601854482
0.3496891796791818
0.9815282894457913
0.611594248289721
0.41131271077764653
0.03352181762098705
0.41351485690785983
0.25163014330867606
0.4440014539215309
0.41024578446103566
0.23422879651939565
0.4984652453855516
0.7448148138353384
0.3833044293753737
0.25593295967914387
0.6748342283459864
0.8705623876218264
0.7940366798740836
0.30891030890161886
0.9802167519713585
0.9507177169431847
0.3588748523605596
0.4014832138210065
0.1632485108210856
0.7355090888100354
0.11525254106008476
0.7225935229053413
0.2682928629009307
0.7305610043556727
0.43527020337373135
0.9418799898259858
0.2552307989591409
0.7735201931597766
0.9819200190469959
0.3110306380134097
0.3326285298898114
0.8105130119728213
0.43744774481162196
0.43992173248049027
0.0033455960233312876
0.7170229774689324
0.14525250161581071
0.9725840066696323
0.8686983113247346
0.7971832948972364
0.9732822535897915
0.07506296813883861
0.10070294261662904
0.720989289494182
0.8946660251211639
0.5208383106961643
0.8257485937236745
0.14872600121992074
0.6632096624427783
0.20206348652283823
0.34511156952080346
0.7100450325652266
0.7450066807895883
0.07839117908029158
0.1548325127143536
0.8787931767687441
0.8505222120993198
0.4315474598980159
0.8749271932940437
0.687657017526179
0.5037092308001776
0.5567706980594765
0.1154591173803835
0.47336400671254375
0.17267703648010402
0.23885969130388296
0.27513072189878207
0.3804767194743156
0.279873297623227
0.17167903705360033
0.3833455831463666
0.8570321965727542
0.8423518121514991
0.8847025167608341
0.356964808593918
0.6973158719328301
0.6561802275987999
0.03163043113470998
0.5714064174128193
0.9609937298997733
0.5961292664584634
0.5392659281302151
0.22888260759291545
0.3761950109419091
0.33123026272490486
0.45501377689225475
0.2329794132699785
0.5959090750461082
0.9632806114956858
0.8217974057054868
0.7032732524186156
0.6972890650267884
0.7937488805639297
0.058543140696052265
0.12292201549382176
0.8520260910777796
0.9359554226311367
0.7362811416546919
0.5782845441862156
0.7186868398837705
0.0008023576085013362
0.27758353103027866
0.734087703042016
0.2717560355824584
0.8384630593803984
0.6380496666591935
0.14967456314407246
0.2437662324431653
0.9958353484884521
0.5673044765850113
0.7939828835132676
0.6054025622840211
0.4504849624694318
0.6108028353403345
0.03597343296157096
0.5716405813033336
0.014451136899026995
0.3420299209266686
0.6111598909197565
0.07510741800007281
0.6620718734873922
0.6012521474032786
0.6039239362347772
0.17198941384918587
0.04735192062707594
0.9692275960232575
0.021348724986214984
0.36113259452266955
0.8028016065131172
0.31570824393750996
0.7065692970268538
0.04028672583599302
0.5533743131094775
0.37623266275510636
0.8898363284386427
0.6291580415846424
0.42492218718494656
0.9487269972189807
0.4648775588499785
0.06295774648393893
0.41177018051594905
0.9327110429415284
0.46568238488968905
0.17254940547089526
0.7733259236278563
0.7726430170113758
0.538367377912829
0.8119196517758261
0.5851231978153577
0.059728753942897006
0.9248513994529514
0.36432861484477486
0.3621854412165181
0.16405370152879206
0.7834928433569138
0.979564687578177
0.36576098034823246
0.6051524420805896
0.5272957860361642
0.48622729980049384
0.10213527445156734
0.44043102049093263
0.38445622210175034
0.37911230210729563
0.6528203352614429
0.7838759926245106
0.52509355096663
0.5133496134029626
0.3644744391960866
0.9534405014889129
0.27216435585278087
0.09953508549714285
0.6236681562990514
0.6731137447213802
0.8725660251687974
0.5902015719108054
0.06518923636642227
0.9154342931808128
0.05474612069050522
0.18804979113979403
0.023683971005861726
0.29187140876657613
0.27317203790997935
0.6335218759771678
0.8757503339277107
0.0705664064598509
0.6401089628873247
0.008334320910194482
0.6802181549952984
0.49246524132927116
0.007473729008215746
0.16209342778389402
0.6027042141664932
0.33541201406666143
0.44482976195675705
0.4690086493937021
0.18185735288396143
0.4562111853600933
0.6566614570851818
0.7757076375908357
0.9050047225614586
0.4522852773104459
0.3864105800502676
0.09279862546930373
0.6248394057999337
0.08836256092757555
0.15305503229292128
0.8032539114292152
0.003254648049311193
0.8466824552904925
0.07679054193605173
0.28547065031726626
0.39867603383475314
0.25308376839209923
0.8664792074132753
0.1885392237893071
0.7918755010869495
0.9606180011750601
0.436958180428206
0.651049074038291
0.36806875706083364
0.9043884492158262
0.9907229952780641
0.3851171954974546
0.6567348917754835
0.8198121854941509
0.07501103318014324
0.538435694505719
0.7399796983383063
0.8396684298132766
0.18952281623495038
0.6427342422737161
0.20870492342956792
0.20556898092599885
0.8708661743170145
0.05350510504588335
0.16518047167551386
0.8957053371994079
0.4615918856170119
0.6620953155542125
0.3849113523165093
0.4585990153583459
0.4705193867011155
0.8740104921439307
0.2526120060963635
0.10943661586831699
0.5380288700240206
0.8324784412790731
0.6275314299586425
0.3724798451047603
0.7513156239953143
0.7948072138440857
0.9613900353370723
0.9149764008629357
0.4738219180826514
0.33646078948068303
0.714924916240935
0.4557418158738844
0.06076002876028275
0.7992014947457398
0.17724268584739555
0.8297325994260552
0.03518128126459996
0.37447415718788846
0.9725510911449778
0.544643988203346
0.7470446693209302
0.9322088466378095
0.4073698324938704
0.331433238227705
0.1429947851933635
0.4405489806057993
0.3684843292251929
0.1234154682726274
0.22853246026038865
0.7194903144132675
0.12764502132889555
0.951655927767552
0.7710571990456635
0.42518997525213564
0.8412357208148649
0.04687641428397349
0.440640644838589
0.31292871526125
0.05105203811036041
0.6000074416816021
0.21502385629706078
0.6367503549951945
0.3376994969540361
0.12445442809685292
0.6246228329308712
0.5935763400200357
0.8308716677531784
0.36484390343363027
0.10271870679411621
0.1762174777341775
0.07363665401254038
0.2241133521399412
0.7326945796208499
0.8565464824064917
0.15370261265073415
0.5728619819627896
0.6655542435607925
0.11875261333735176
0.40827056170602316
0.5538824899319672
0.34418383341773473
0.20438809487348242
0.6166478861551394
0.7303012433784692
0.9605871578113759
0.6823130314942483
0.6941453223623709
0.9010873074193132
0.5386091605953844
0.4733970852881966
0.5858276473090879
0.06078157652407756
0.6192539541805535
0.9744304456542229
0.3266329178848476
0.3315895862968502
0.25822175327502717
0.5497192551185498
0.8853050014963482
0.41570057093786106
0.8133920292998603
0.8335356787205389
0.04341937489718606
0.18382560359613964
0.5064325646514826
0.734311510236974
0.9432131362422039
0.2968199901888706
0.003953199495440374
0.965878057906859
0.27615356656628265
0.5691784829945606
0.3179584990348886
0.9332475198710926
0.008601938631924044
0.03172892602873456
0.10227968841659685
0.4912393397736584
0.7170319608606371
0.8146087945908339
0.0026820607037193467
0.2566294697961804
0.4402975593828018
0.27132257953970285
0.30659098509000615
0.4363712056830561
0.7509437433613029
0.2991933768790386
0.5596194110698237
0.12459950184463942
0.3790767787606657
0.4620123778086809
0.7493382795704493
0.45107768723369523
0.2877908477280162
0.04838937727276449
0.347788254507983
0.6775974661347955
0.8967836305090553
0.049164388499431944
0.9723062016870754
0.8635594208009776
0.4183426959803386
0.14147403283267312
0.23321833097753308
0.8634264093214625
0.7949581444191937
0.08172401085451342
0.2193649731333751
0.5728775074425092
0.09699059116724573
0.11733168699635377
0.30114537405121833
0.5597978879817062
0.14984525147629413
0.9254369544705289
0.739754540507989
0.7884167418961477
0.9637627791177068
0.14863082703216146
0.5557272425473269
0.1879477439867635
0.19708664367097095
0.48735726577144534
0.2709754006486551
0.7691002481582904
0.5408001487355666
0.6958428902792209
0.7564381996846824
0.915069232820195
0.6184914724061635
0.4029904256647634
0.557197005460821
0.9374897120669137
0.1938386293999802
0.7461999170896997
0.9888066699026382
0.7574201260791384
0.7264356743884162
0.7629552313777125
0.7717709406348935
0.5418242497038085
0.28814870565051176
0.8935553616355396
0.14170469454696422
0.9823977016538349
0.33037977802845386
0.41079095140146904
0.5809450392855959
0.4335347308599147
0.6584355974837436
0.7038179180128905
0.6692907581124647
0.30068016887569005
0.01965487785660769
0.6254672657456158
0.9149901443372248
0.40352378547516665
0.09107537363094842
0.680257025085126
0.8096132405754213
0.03365843930057788
0.5398817204520061
0.7429664563615594
0.8696518137871175
0.16991469233299716
0.2772389379055268
0.3489672002374832
0.5342439334682424
0.45592790026415075
0.9774435908791147
0.4692152282476034
0.1961469459080859
0.8391276562895789
0.8492415194356601
0.27720300841635037
0.013939251825004328
0.46550320271840817
0.38924135578326347
0.08909706054840927
0.8467662569705805
0.5675714106381587
0.6324122752278069
0.5971869078613727
0.3058560140466665
0.1781653295321881
0.6420148662439472
0.5458005853928227
0.8787061550422696
0.5688646606530188
0.7189313058621573
0.10488010071274623
0.5740697898163838
0.2939386541327593
0.3940297350899803
0.42973293525637946
0.4001891091969265
0.11093124649691233
0.5357010547274849
0.06978694944454888
0.9919998575559789
0.1954098978898996
0.46568416197713103
0.6034475557352887
0.3860151720557493
0.956723499593381
0.5530614978234207
0.9090311923682294
0.9578815425578548
0.6114619715933882
0.931614188467853
0.7287720007503738
0.05436741867456163
0.08540604715462863
0.17288461145328649
0.9531757804387818
0.537241086501577
0.20984539983881967
0.7212048341066916
0.8697895977908029
0.19534781334757478
0.7545916873424041
0.5837766064298977
0.7842856281402613
0.8528615340683536
0.10901907823873735
0.9231049848693172
0.8093358207785852
0.5072435763593441
0.0775246416667944
0.24438429460623734
0.0548802683307259
0.40128561274509966
0.7303197559334027
0.5604000646093843
0.8474339309193902
0.8909096119209845
0.09855443337488123
0.45434804429387143
0.792694999926448
0.5052465561661044
0.5103811870666953
0.033204303380308664
0.30210696598929354
0.7571079144211298
0.8120735789167163
0.27698465106576386
0.5402569519796432
0.6825163733984918
0.28833915457297676
0.7615846802411921
0.9314137094869535
0.48641596177784363
0.03479987648769989
0.5494926130311484
0.9391379571188551
0.8612847425741268
0.1814461361248596
0.9350674326827532
0.8522692666293039
0.42435917913521737
0.45351733424634644
0.2708786209787277
0.8797006390911242
0.35066497786546835
0.09191572448114449
0.0599287843140236
0.38977788795881296
0.42921808587819676
0.0908616362171516
0.46121271898687677
0.13056395486322792
0.8846692883962195
0.0809713976460491
0.8573025356490784
0.27951789567908947
0.8464079802584173
0.9418086209215826
0.16089394573871796
0.37936559642620793
0.8853073497537349
0.6417423069954343
0.9190768819132522
0.42321562666238066
0.16073266040830503
0.21064831918584614
0.9736964989598127
0.23354785568736036
0.9846575379781156
0.9748317847551482
0.3019864654293012
0.5638708632334418
0.6996898709551357
0.8798251420701201
0.86883562812758
0.5393281097730591
0.9535066073951755
0.4561017805002462
0.5260197180248825
0.8502659687838074
0.6695801675806942
0.4901996208406295
0.5850577291631389
0.4420740746047711
0.5949620409720822
0.4162733799436771
0.4861023201301917
0.7858727919317812
0.994439801747358
0.23965178412071242
0.12359406459347078
0.0534877487323443
0.8179290627445165
0.5516497721377774
0.4222637986146841
0.9366015655513374
0.7355357438843518
0.6207542434720564
0.9173606385952403
0.44205773017497996
0.90264063918208
0.406513022766285
0.37033337717973325
0.7247212142871169
0.03348049281438892
0.3417781840773858
0.1743224384362705
0.9673659775680904
0.6389246520565097
0.9027917890338006
0.8362642123470472
0.9823784777190645
0.5182391606731226
0.9166927186128817
0.9876704033462201
0.585183975100133
0.9045864785719521
0.10166807423290769
0.5524489081306094
0.7644763103097388
0.7322567823785592
0.6647731588065569
0.36358615938475414
0.5787875735012965
0.3219358829844239
0.3817831937204349
0.38614323209723966
0.2115817739856719
0.46148852624590464
0.30695276568266106
0.9695201248737071
0.9014459644905597
0.879024692166729
0.3461948850034968
0.19587686589550735
0.6464023520088787
0.9808983361841692
0.6988651628171756
0.7612002581923665
0.9009798094176296
0.541143112373919
0.409346229375842
0.5333501758054113
0.6328880782532946
0.9356025083685957
0.3446290245976936
0.2966160600085709
0.681882855305796
0.20450836267562877
0.7358563290705158
0.6336990081238141
0.8192626836366719
0.8171448601261879
0.6414097869408726
0.013437646231580391
0.21796584650603879
0.16121670265642218
0.5774775224054592
0.06696150863422212
0.22274838522676732
0.09533565609848249
0.3891813514024036
0.5236702924253736
0.2592213186368355
0.42163255757054696
0.5447563469079769
0.8817610040810377
0.021847872200847607
0.40256835210178166
0.5771477084644678
0.5932248923259973
0.27775608609356794
0.9600947541398733
0.1453621483920785
0.31616263638208997
0.05856442346563984
0.9927158529520723
0.3258333612411771
0.5465397936390202
0.7016006465537766
0.15166625817505086
0.22819932235342144
0.2830088071644389
0.9380148249251564
0.9591631946207058
0.2551848105419552
0.9870971447731445
0.9959984552563835
0.5954141305312745
0.28959732832040064
0.5362168342667322
0.06981373224968945
0.0445741404714034
0.03262325404442301
0.35895235602330455
0.08068339711147121
0.038697377251737275
0.44863503701537144
0.9937025662260882
0.5349970170811552
0.5763777916283052
0.20981322374981615
0.690590225034009
0.5046850167798943
0.07196737160409461
0.23563108890746243
0.16822876032349487
0.5619630304282665
0.302017939826546
0.8708409809930736
0.2298533110903077
0.5105972192298908
0.7564145240802678
0.38952875299083667
0.19779295321916657
0.40128040951854593
0.5472402916966141
0.1799846016074047
0.42421052987130514
0.4879261371463697
0.17753103649675084
0.4101966278902833
0.6422131790180274
0.998290563479524
0.4329904604148004
0.19146641049216395
0.5276118448373287
0.6686224931981473
0.807956035828686
0.5104256505014936
0.6550060518434577
0.8587970271535522
0.44075025127824097
0.21425746224507802
0.3322035489998215
0.6540658975784331
0.25674133500775853
0.40646447388386786
0.05090018309902289
0.3989759536491646
0.7074096801583373
0.048609585641743
0.19840006911989005
0.045675898589272235
0.7143189192461842
0.8280200209563643
0.9935667807336818
0.8771112070394912
0.8897894799799809
0.5211259063443591
0.39882064779246496
0.09113741552495058
0.11847121872712685
0.7260780769424584
0.5056021628196129
0.5518556322928437
0.3078733572717014
0.5530965198454914
0.8633173662190953
0.6882513979951097
0.5755242715909076
0.1885245945087306
0.243390323429996
0.8006360116959491
0.000988576006363151
0.9207024496637819
0.14513412827806416
0.8654100698937367
0.560167145363311
0.2325037227150799
0.5261961242007014
0.7470436807377573
0.3434581338445929
0.8814536862566936
0.21986361899101625
0.36295151890975574
0.9060358780827467
0.017667470254860262
0.23089286778231544
0.9538553025158891
0.4977386349180155
0.5901973357740532
0.8916348112897183
0.040438985915867476
0.13184973962286906
0.8005981447472514
0.3519455527791914
0.3420653230786317
0.44985212323235546
0.05145336937829892
0.5987914788826558
0.2382267223467044
0.6900284043638042
0.07831925520638472
0.5515945727556644
0.00037220661777292996
0.8713703230909015
0.8849004766980956
0.9159206342263357
0.004060967574727625
0.8387648559199784
0.4695852232080183
0.5336239591794831
0.8512752970022368
0.8974043528390162
0.4412084938744222
0.6381095332134467
0.47406803656935226
0.46496855846164
0.5226083993873132
0.44357474632856764
0.7470684845143164
0.16689377132201277
0.9393378669997042
0.11051862446550698
0.261013617946967
0.5097749392990122
0.463764607089204
0.052099285881152646
0.06927923055829
0.6707742101086646
0.6202588635251659
0.1268634806246034
0.845619307838988
0.3135049739931204
0.8870819530292795
0.4660350944465188
0.408287892667646
0.8993723277915419
0.41575706445560323
0.8018084122753422
0.7861814792140941
0.857258532200467
0.9463680108989759
0.3821152028584087
0.8525137938213759
0.6255178200327011
0.3372758039920548
0.9007756516446791
0.3380977243401755
0.5128781398309321
0.7353614897734745
0.562286509226081
0.025227918814881622
0.9117249499635832
0.7560243994605161
0.42600259137189733
0.8493694765223241
0.6243934922299682
0.05068706578733051
0.9341237527792644
0.8011449695358834
0.08282220035969823
0.041886315105316596
0.6255101930082354
0.28550497505984673
0.2507068078254492
0.2769594885479989
0.2817628743592019
0.08346443710380425
0.5058256639595066
0.40588020308509676
0.4980646773531334
0.8236676320873039
0.9481511775422212
0.929014237955006
0.9402974371156471
0.30696030677077846
0.6832613569828777
0.9700738913715664
0.05233401104623103
0.017402335901846144
0.1510607108365013
0.36051724336710367
0.8684715636297924
0.8979636872559437
0.7497442534513951
0.2550708319232615
0.9404746005202683
0.28524919856460995
0.4756983457857362
0.4002550002464337
0.5242763383371236
0.7831076449879651
0.809029988024442
0.8834002649861106
0.9422649952933804
0.22682539200402985
0.42387639849372905
0.542331934711425
0.6811448191691342
0.1935102702294882
0.0022664761410404743
0.3467498899799474
0.12411718793552118
0.004718595994056329
0.9515992689572903
0.5490072919952633
0.6189321350308897
0.8069879040362334
0.9125161377671483
0.9405934953178663
0.03902619447452493
0.8011442022978605
0.8149856998982619
0.5831083420215463
0.9562645141134971
0.9786524853104783
0.5449586755395809
0.03735417304735955
0.811716057816568
0.4636160819411733
0.5853414302391421
0.534180186503241
0.824193475875243
0.1490093722608743
0.4757305255489578
0.46636011772182295
0.760507215783307
0.055417134821293734
0.05521599158441037
0.7942764405529937
0.7567988732117604
0.7208507196385787
0.7688310471388872
0.1398594426000932
0.8468764688418775
0.6957819999470467
0.8836935038069962
0.8596623175646722
0.6492754914357711
0.9204108554820445
0.14613258797472883
0.11214278802310851
0.8456735101838055
0.45099769456111016
0.23088684451902997
0.19918727524176727
0.7557242794564764
0.037818381666862466
0.35852904060203783
0.7234882761837941
0.1214536851519854
0.07849980593929107
0.39872309696926955
0.28998347310432393
0.6607115311206517
0.6097537435703059
0.11859892066160027
0.26742941075413185
0.3242042075267795
0.5563463740980048
0.2832015075816229
0.6450755192488421
0.99243064234973
0.46385940672064374
0.9944272599128862
0.19616662958460096
0.3556072127228672
0.5097939606142369
0.7083977320165405
0.7071541497575766
0.9328737260474617
0.36774686648004373
0.4560541566296398
0.05685975595205106
0.10890283991270522
0.7461819952033517
0.013824182123569728
0.7160512684944799
0.032818055516741884
0.06372981099242547
0.29268520510611096
0.18406835607292715
0.4617281568807401
0.581615011723758
0.3438153818643762
0.7755324660314504
0.43441349365408566
0.756408147391529
0.12948333664740208
0.3022985414995607
0.8723378537247772
0.2701380863605055
0.5042415073831169
0.20567320812159562
0.38320995320724194
0.49135287400741623
0.5253222914040384
0.260399197126553
0.10116179664174041
0.7091932803202666
0.812583403174411
0.7335033421863072
0.498838056719358
0.1268508851282285
0.6673802352102833
0.38461871639931233
0.6423900383504136
0.6250636184304893
0.2324950051203617
0.7541013787681627
0.5083668143275142
0.38686334557643376
0.686503218640219
0.9444691866245736
0.2563961150279034
0.02372419151119798
0.03403048106515982
0.10887731918040033
0.22917429146969226
0.7466592733333527
0.3769542953760515
0.9693629244744099
0.04396343811841141
0.15757720686661714
0.3414431988907154
0.2636816171614843
0.22924531101367285
0.18239796963817068
0.2874813441809576
0.9004179536209822
0.5586844559549444
0.09770142634540058
0.2919226503202408
0.1934660226063325
0.04468211810904388
0.41216072934340187
0.2616785339672957
0.1861618541783805
0.43491431319148277
0.16591968013201963
0.8319580834280047
0.1365961263392922
0.17405889555931542
0.9462962207146333
0.9035574980344366
0.33869800888715884
0.2798006136610721
0.2620881341647492
0.24305369815751743
0.622120619002889
0.6446798622249981
