64 2 3
0
16
20
1
7
56
2
20
36
3
21
47
4
8
42
5
6
48
6
18
60
7
15
31
8
16
19
9
12
34
10
41
47
11
33
42
6
12
28
2
5
13
14
34
48
15
18
61
16
19
62
17
33
59
18
41
53
7
19
55
20
34
53
15
21
42
6
22
50
9
23
50
0
24
56
13
25
63
26
33
45
23
27
40
27
28
48
13
29
32
10
30
54
31
57
61
11
16
32
32
33
54
26
34
53
8
35
41
35
36
63
8
37
44
38
50
60
33
36
39
9
40
51
1
41
42
25
33
42
4
19
43
2
24
44
15
45
51
15
32
46
42
47
62
22
48
52
0
49
56
18
25
50
35
51
62
10
43
52
21
39
53
29
40
54
51
55
56
34
37
56
0
9
57
3
49
58
46
59
61
5
7
60
5
12
61
5
50
62
6
30
63
0.9746238408519782
0.7153587935483814
0.2545531868671219
0.2825139772905475
0.7731626685704399
0.6113867360662403
0.9351158845194796
0.883403584321907
0.619584143375398
0.6605667948031507
0.6508280523704276
0.8322981668241843
0.9958931326682654
0.375898725900523
0.28436619116584716
0.9473875144024971
0.6540692534447329
0.7433801349941509
0.043785153266115207
0.8655381450232169
0.6144589622641676
0.7446044508318571
0.10634941640815443
0.7803193253638616
0.6281046007835983
0.07970404494230343
0.17203262248417361
0.35879628156317556
0.2727582521528896
0.6764634428701967
0.5938901066574169
0.3700030027502694
0.5150429044401839
0.38761993024135777
0.021899564945295547
0.6662813453567936
0.34565170496973874
0.7296874957133955
0.7137108056729864
0.912193455126585
0.5688680869272352
0.7734025095328074
0.25883996281755806
0.4419049565875436
0.851089798302462
0.9441792376377272
0.9581072201008076
0.7269107969253087
0.9230562042363339
0.20384572517600985
0.40908329655325315
0.589784957982284
0.848126917753903
0.18745434419139273
0.633351471343097
0.7400747170380443
0.7532019311783527
0.947682212931775
0.865854479650522
0.5406814853548436
0.19035577471637533
0.6477805347068367
0.26201261702849443
0.6449699385241523
0.8932854186993572
0.1278261193914738
0.19177354097230093
0.06723239911633194
0.2645321509748061
0.9960097417661503
0.28417595987529476
0.380455764249108
0.8885171771381845
0.8944739322721654
0.5294107719695061
0.2773101972937231
0.44651756444901025
0.14443469757196037
0.36201223852215303
0.5996590229625213
0.266329150740508
0.3255316253451499
0.11984657263886445
0.35959211426344917
0.11149424258431051
0.3076181828207015
0.9447724499628529
0.9300642193806417
0.15197083226882058
0.8268359957974758
0.4748004230747127
0.5619636281783735
0.2140042101998404
0.280826120553915
0.9987899306241115
0.1925485601060234
0.6105781492598442
0.07076585737103358
0.10739064431011702
0.022137919350651458
0.3085135328334112
0.375527682503067
0.5975424773927694
0.2823775704793826
0.36378500313614726
0.9510463458432549
0.023613989019109605
0.6240471496365785
0.974163258746196
0.8725658260117785
0.38095695690159204
0.41635013752868477
0.12505480597874863
0.3902582795379761
0.27833092738054577
0.7499447430108386
0.40247965560874754
0.5939501983694798
0.7801036390135965
0.7165300389958323
0.35013500950739296
0.34908213462298765
0.00955398828316456
0.8655869956384232
0.8335663365529904
0.10462837577114203
0.6283227392835598
0.46470832840544607
0.7672073481211897
0.758004227798937
0.7217728358571136
0.8225092331583039
0.6553130462327497
0.30295595878153947
0.012202603730116057
0.11919426961980895
0.29753997579579106
0.09027053436354171
0.4111423658330575
0.5245268723523717
0.26899383443019853
0.3808419921476788
0.19321269468625457
0.18903832971815548
0.35702828861770797
0.13537923437153254
0.9807113113503697
0.04559853430670402
0.5104068944632669
0.5067497088481348
0.8657133994053635
0.5963106001921465
0.008424127826117345
0.8632994502957176
0.3666814473947686
0.20640982536351116
0.7326230416007565
0.6901214455537531
0.9757453949355098
0.21851410045200959
0.20975700540983278
0.897609945226715
0.6476135572759396
0.19542199925189951
0.0795268785552401
0.41158816502215523
0.061649754015786096
0.02835997964112269
0.09846344166245224
0.5731337687326556
0.696987200486867
0.31356655381318355
0.6487288454419432
0.384712018533493
0.5288618809969062
0.08933184824479234
0.6525385464704753
0.41815883315957103
0.04593504899117584
0.3497582081701165
0.34712777583282606
0.16341136097700748
0.5307499843254719
0.40604145680390735
0.5341473169115212
0.9686491033677668
0.655496751335689
0.19956925258695257
0.8677924613272784
0.3385294298496787
0.2899154810523691
0.3603026235804976
0.9647718691113886
0.7206497538609566
0.25961991465502243
0.35680812847388255
0.2510291167078462
0.47347683179557387
0.39113012487233223
0.6679700000011668
0.761298461787097
0.38890435618241015
0.03451312047461941
0.5801221745107811
0.9665043260825759
0.1648053843918409
0.1041534074186371
0.3199803642443836
0.7925428325667186
0.19529718633468907
0.0047351386670900775
0.8822308196662787
0.6666023919672698
0.3944839296599263
0.6436168169255688
0.22941652352776343
0.5850347101475323
0.5654957595470829
0.19202076965630077
0.3185629642268547
0.2474825332081445
0.0333398505465875
0.11714917182444684
0.3299100043873685
0.8883382678386827
0.5965189594104623
0.25865862364943093
0.38194947629452436
0.3591830333051319
0.848100855783281
0.7830472202770489
0.9384747916726508
0.6926759809996975
0.3865633608457134
0.7926653113633338
0.05542823800998309
0.23925445063094342
0.8768566574123859
0.11726022583947959
0.08516248760613254
0.1409466283390307
0.9775224452963953
0.2581912756644964
0.3345310263360708
0.36261876907073676
0.3176580844748953
0.45155971098524883
0.6035750070883316
0.5570459995897845
0.1779643327324838
0.6032181181574917
0.3018124445103798
0.17561691580191174
0.8192011965047444
0.748427936793088
0.1524256656599141
0.6689511182238556
0.5165268149704901
0.0011398013628211023
0.6078010411579889
0.1336835768765965
0.5098116426720475
0.27202746449431425
0.6941249751057593
0.17980924513404983
0.6606120807487829
0.17895539211554679
0.39919867902533246
0.016194394989437644
0.41192384520440173
0.9072336630170885
0.7155434413100942
0.49085575808243476
0.2970483452165411
0.615043386420031
0.43805165605585317
0.9559465996447593
0.8839001417715956
0.2394473932572292
0.09220316692891717
0.6912422558711028
0.5985327343148488
0.8940700954340143
0.4960503933808582
0.45445305083251397
0.7712096031825585
0.8598611516132525
0.4767448538957777
0.08104555758689846
0.05934136652701538
0.1362811212388696
0.6858041032819528
0.12074491551938216
0.5647885863623717
0.2194394093153581
0.8043105762602132
0.36909345089644685
0.3254530871672643
0.3303558017621153
0.5308786306241169
0.325041322743583
0.13502648409006823
0.027319033230912892
0.39184505302059214
0.7663860423605059
0.404506174424369
0.46318130456563344
0.5315850103971533
0.3030670426258245
0.4926918587974628
0.885267685018485
0.5419838070602693
0.29887891164181446
0.9889869648028803
0.2729431508157071
0.48692150253279476
0.9853655322914487
0.4452019695973859
0.2956781230756791
0.218404305641819
0.899154828109616
0.5337347613327178
0.026026847614894932
0.8968897614362493
0.6852975065981174
0.9145267062023518
0.5374461647874128
0.46687121319467295
0.9423153786323344
0.662412427710613
0.34363902969643234
0.9337125986918274
0.9832836117701117
0.23083072146622652
0.33264603282888594
0.12242503202607058
0.23770822566001182
0.7004684217085696
0.024278583988629365
0.48902204539129357
0.596001053629903
0.5385414013356455
0.09629205695775112
0.6286711371193924
0.9110648598136851
0.43032340241436495
0.496922621909595
0.2192269857953505
0.18343920390518476
0.13755162264162324
0.4249490199261262
0.2021896451799171
0.45434294151523247
0.39698302530244045
0.43612253581835103
0.0170286099057404
0.448496262996921
0.3567466205615384
0.5708821249245583
0.527262213258681
0.4860345139937805
0.14578986011258432
0.506690294105047
0.4501638704266726
0.9624107380677626
0.5646295031875521
0.6615989812404939
0.7609837142297559
0.24382277644780348
0.7213744385081006
0.8158464696637988
0.8032352151420677
0.3031053760382869
0.3096394874111542
0.5881094193666123
0.06112582273930034
0.9145278093398271
0.7784978349745704
0.805750097253585
0.8858700816631448
0.35009914373194684
0.44135869692163143
0.8200024200105968
0.13429398858285924
0.09984338049818253
0.7086874545104557
0.2902220866747137
0.11844045205733089
0.14025837891889215
0.7158981060234045
0.26991044588178326
0.0915701025957435
0.13405289701083234
0.8349022692957621
0.39859529857282916
0.4514264912240551
0.09292641474762053
0.7859412017734335
0.15512507124854547
0.4059799808253727
0.12456207096524752
0.9851093570585351
0.5974210510218536
0.3880617768827528
0.8323340730973584
0.2504289245756154
0.5325335704386465
0.3098496312020941
0.09961353546493656
0.35460945473206473
0.4413265250697046
0.2278429190206811
0.7671671207719873
0.47491803357018836
0.11208111264595688
0.13083594945341603
0.5033220440143953
0.43331600827627403
0.9380791398603026
0.25575082956213613
0.3573535383222374
0.13910399176293786
0.8796372409350793
0.3726058291242623
0.8451813673608731
0.32728093329568064
0.9999878299647843
0.6183748173517845
0.3379466125266386
0.07538969007284546
0.9762158499936784
0.4001251091102538
0.6537394417711663
0.8583134936426737
0.9790934614726349
0.3525545869516844
0.8995793049646905
0.9809624365951611
0.5835795294516463
0.978446443392734
0.36557311804637505
0.5001132211157087
0.17875756919227992
0.1675059667731289
0.70278950448919
0.8708620679642969
0.8136844844836414
0.06578973204788718
0.826542476300231
0.3295760470062703
0.35807152074586557
0.37899313867488416
0.5974106786532944
0.868229678900495
0.8504168177925853
0.9365753817398194
0.1568800676905311
0.7918978503840632
0.1566966984763306
0.5223493012194602
0.08565139203742378
0.8214325265500269
0.8600997583582123
0.15428129577863525
0.7654329662444196
0.7326451912300963
0.026519076138526332
0.30021611886407973
0.5002962831090326
0.7538229406568331
0.6632792086885844
0.9352342927485142
0.2589927057798931
0.6357254555260817
0.02118035147226449
0.17567709491320482
0.7589050215440404
0.9263672994407522
0.11573344133070462
0.8387823336464891
0.9751026009308561
0.3455177679719087
0.6096315462987211
0.12865428599970918
0.7164641509858769
0.49512218800083485
0.8298015621027107
0.5968420410518972
0.29835837228357776
0.15816207908150937
0.6191194379823253
0.18666818559742115
0.502111968477037
0.44172203000470334
0.02862024420724396
0.2900959890718995
0.7165263313155745
0.4499620113072602
0.7253143317176075
0.6007708273076722
0.22035739816634003
0.7422668193456583
0.7115864743721453
0.9699190383021524
0.11442967480103561
0.6815756024450512
0.6875443426825637
0.4357474052801289
0.8797989039346796
0.14407593089938142
0.4590824227678988
0.8427169650128649
0.008352429869145528
0.4364516587890107
0.6998960648421927
0.4050301289587953
0.7441995723922937
0.7076471582146688
0.9839788767988656
0.19305241271435591
0.7032150127779988
0.12306483581237282
0.9594286370199264
0.48213870500801514
0.2128693319182634
0.9020457610028028
0.74634958055233
0.07522684974093252
0.23888280983107635
0.5682261100466811
0.3064082794658627
0.6145428716479315
0.5604545219970982
0.1078338825179137
0.06479026261527765
0.7938339105911614
0.5387846797983361
0.9952044724358732
0.0063545472261461455
0.6354187801298893
0.1983140301727475
0.36122613035281603
0.0643861833303434
0.33249223040683007
0.7521211180782139
0.760688344409871
0.4155219720776884
0.9676498596721139
0.9150250536214252
0.10381849578751456
0.9311276356454248
0.30241688489862684
0.21491609699454306
0.7420781404967179
0.2982017029195172
0.48098444643948224
0.7777794488719303
0.38109906336857446
0.11707634197406513
0.6032672338623802
0.9758288784825442
0.34180036155466964
0.25456069383608093
0.33753822449945514
0.039353576106016086
0.3096405803896509
0.4401165423626541
0.7329268169796329
0.022262810926743093
0.2955111994936913
0.46888460246417685
0.0451496571234955
0.35832498136786617
0.6325835612359377
0.16846552127885273
0.3647407610217993
0.4803916949312159
0.9897057990032362
0.6778388593204812
0.30250365119520006
0.5458705241627241
0.9898656134237418
0.6179960061814729
0.017385405624101513
0.5976021596666586
0.4534464906377216
0.01869636272873032
0.21961451244780694
0.614046771146486
0.8765429748456472
0.754447651326839
0.44874713581813797
0.012662179350286684
0.8521356372932366
0.3529609608157154
0.23445978308248727
0.700244361328938
0.056265590850388514
0.7884745623188658
0.493020948284427
0.3814617125787575
0.5587585734554723
0.8281654092891381
0.4252030195241384
0.18638620654144866
0.9439350203811552
0.9116820575053222
0.779477662263177
0.45441937794786535
0.9617734113225928
0.8737772452069011
0.12456772497076363
0.35651618054325196
0.721308949091326
0.40505959472968633
0.1805674718953919
0.8221495797023882
0.8653818681891843
0.37998075256009034
0.44579373059554506
0.5242538839146419
0.2895753926106577
0.6821780467945072
0.07067143711376844
0.10115981674187202
0.5825153932747282
0.3789964604137661
0.6920211943401002
0.330459713107225
0.04336158284832348
0.2134123344710882
0.34042777997022466
0.025041130375067167
0.250492267462313
0.20303246741728842
0.2713731278726573
0.2954406975032894
0.4979606594036807
0.6923132012873691
0.42945187411840324
0.15715584311170472
0.8239386202312335
0.7859328784325531
0.4495672885354455
0.3172101832583438
0.8832159781472853
0.6559724136123123
0.6371606152041789
0.045634352582762494
0.37050229085148734
0.6180447212731747
0.6312902672237373
0.06489219936353208
0.7505548357776484
0.5940759358922986
0.44584112461100356
0.046537031605571766
0.7525544771894139
0.12395349139761658
0.5503117524138519
0.09167024954275838
0.01286558418391448
0.36698446500698956
0.2310812082625191
0.26174721387714506
0.22892000484005248
0.19535410744222426
0.1545568393433745
0.512688428063522
0.22650609568380453
0.843436701114668
0.002474991250985603
0.7554845293709728
0.1460314257066141
0.6756018809257903
0.31390914858563024
0.2617128532540779
0.6003834471728411
0.9030170498848609
0.6637653759815366
0.49539329777670027
0.18727840871112234
0.37003495166034184
0.6140320357682683
0.4282737649923841
0.5442781082041289
0.9661719598275678
0.07202421573056983
0.20409958955220475
0.4974046921709051
0.042034955229418025
0.46223348795293406
0.7774032762322168
0.6426150321344907
0.5776080843325013
0.3159304711762919
0.798789578234924
0.8191546367969905
0.2352753191887771
0.8879344123094397
0.23312691039478828
0.738485768885341
0.8979426454664867
0.7920987285160488
0.8326536792819197
0.13361652304325844
0.6032470508515348
0.5690370493692783
0.02591500397939528
0.5074752120999805
0.14331179999416344
0.7989844786511852
0.2514651040194681
0.20476262720044958
0.0768851028369163
0.9863959517391119
0.6563608560397445
0.9285089618093484
0.01264359446476071
0.6382026876279775
0.5545479754716063
0.29462263797818167
0.6407590599021928
0.5300269225735735
0.5504324674739766
0.3586435321918696
0.41870336423324783
0.8237295320910943
0.7366717718244703
0.6964951898519033
0.41775533869304626
0.9252304976030759
0.04587806115500859
0.5415131284891169
0.9166110310627108
0.16585171283729316
0.3596352969538592
0.5630795985699618
0.2974929377932065
0.4382445068486942
0.471478343826113
0.7388426713625715
0.42699237392490097
0.1608004190657838
0.19828484614398434
0.863113415200594
0.08275874380366721
0.10484873211699264
0.29389297530319214
0.3754837535753648
0.376528635110019
0.7740448271743399
0.733346081512285
0.35187464740006547
0.03914584156528733
0.8280739354460911
0.5528390165137982
0.5713183249975907
0.8207858352700556
0.5827913195729402
0.09907626790482471
0.12651821932181928
0.35940764901068856
0.4081166986031759
0.029886348573356702
0.613188289433046
0.29284898607600784
0.46928908911548317
0.04067392122372315
0.8868192030953348
0.3384420679523392
0.7008501376466278
0.7061675136221677
0.6467493209331818
0.17382829984984005
0.4671483732966514
0.22641639882427234
0.2307613071894551
0.2215205927901942
0.09095278551357633
0.14137459789125273
0.8282128591115959
0.1799080014929355
0.7365059109086605
0.805267731725751
0.2391893419291855
0.8277803322810489
0.27442680181368295
0.16947713478946935
0.8654744307030425
0.5827272104870757
0.293922682612499
0.2918350626762347
0.2508414106958251
0.67834485271898
0.6989181229595274
0.03725161424187662
0.04255587009182937
0.8101412369036829
0.9309760034558712
0.30151375986869333
0.639022753899896
0.31204521532991536
0.31170161728202694
0.3159726439476107
0.6736654206752952
0.149606488105538
0.02082395574671947
0.2961304549006444
0.5589640967142449
0.3979082397704653
0.49818504672729946
0.5866045270063772
0.5527716595834006
0.7576181542313246
0.9639941556601767
0.09810533699152868
0.8196331882774197
0.6279232602239964
0.2757424814542041
0.615877281941996
0.2306390761617524
0.33372700999441207
0.08626884149915193
0.9204812666291021
0.1277497063537556
0.8217544696452782
0.9583143007298977
0.9627660973873738
0.647311729228328
0.3848732724951611
0.7395732733506559
0.8580047232764203
0.0335446774471132
0.1370042424189083
0.751482954507744
0.34936832199662415
0.9352627385386316
0.009846684957405372
0.7843269353835702
0.250891592195871
0.0985787749438447
0.02227756289967897
0.23955909018135002
0.19201193286006335
0.10646472231076909
0.7808666580822748
0.8139501014339254
0.12120782095190741
0.4562693585661839
0.21331223554731737
0.19430563382720678
0.5526333783930305
0.7081900522452451
0.04780612846615473
0.8859662653784016
0.06894291537998554
0.2350782064422372
0.589402281075504
0.8266401141604821
0.7323882949166973
0.25588973250188685
0.4848452135731173
0.45856438490261575
0.13989100610763672
0.5340127141691061
0.5474381820888297
0.15341603156305317
0.4490046705284735
0.533793542089641
0.10123593239671191
0.6581248228198728
0.5821411797893874
0.7344759921676897
0.0748242602659096
0.8597499768093337
0.6675531556748228
0.6252945425915167
0.36750784447248386
0.8910715127745295
0.9987324538388095
0.7869116554793775
0.7468540591547116
0.7056878687546339
0.2606892548009526
0.30001310226083644
0.5352010642652734
0.10953556386616192
0.9627217162677576
0.6642888806742173
0.5679174798294538
0.9852313485543347
0.31200991648313603
0.4955602432425351
0.6754787031610169
0.08505430729329921
0.02023764588738497
0.6724421639946065
0.543813406222866
0.27363267624768883
0.507228217251582
0.6407353906515919
0.25755334000595165
0.9603690006105824
0.1539778686555019
0.9297328511012494
0.052362940466087804
0.7007461213237793
0.8251383714743528
0.9307985873986334
0.25908938626467437
0.48767710278228216
0.0574540996606111
0.6102440036205797
0.39686764594553503
0.9767134072368231
0.29183127458963776
0.014580408572358428
0.5466124518682755
0.07466290619579441
0.5579795197011209
0.1730873633709984
0.5832282107033586
0.2374601019384387
0.613217661973326
0.5023199311575417
0.19080359677925218
0.9561085635331271
0.9063975668195593
0.7126959157726489
0.2852444469388803
0.5755033922779623
0.6566575768366567
0.17285635077367556
0.07666294304716581
0.9761303641362628
0.5118435511170306
0.013754157418830015
0.36395377019647
0.8972258990609089
0.47724192971104706
0.295601598081937
0.8916724291230103
0.2553607364677771
0.1224534645118075
0.11057666808907995
0.061254797886701295
0.5339124487374474
0.4651276149294733
0.5373248568038237
0.9385158286627848
0.016538459497032587
0.7814058944805176
0.04190003068509329
0.24094868691697624
0.6465092853177966
0.1916587613469809
0.04489451384962051
0.013349206329457686
0.75588589449504
0.7735240537495276
0.6275184618243627
0.8236139421479268
0.2583055511960627
0.644592313633273
0.3811441853322939
0.8986833254486633
0.5816843843248339
0.6841438112756124
0.874885721497267
0.8040570663816592
0.1501896418032843
0.7655796798264941
0.824557324170223
0.2581935109214355
0.6637337502893434
0.6304451040623283
0.8939642234663078
0.212288257746587
0.9478197416688661
0.09990470398790763
0.022914533936224224
0.16224361823422173
0.8866874676265876
0.37960965848308503
0.08628261528881498
0.48452209546840097
0.23414177439713424
0.32378721620984663
0.8577730086986337
0.6284346350897808
0.5940328798521285
0.70234729086068
0.5259284022413881
0.3979833432664237
0.6914611300416693
0.17686617500872326
0.7458999099518013
0.981551351144154
0.39379210291770117
0.4453292838575943
0.867435237972572
0.883638249122814
0.6735307713056686
0.2405748001231549
0.13812091705204987
0.3351778998364887
0.7376899421029135
0.2921271246793562
0.9258645749559672
0.6375576171631406
0.29770755752014433
0.8060361465283502
0.4471546692589664
0.5225407653876353
0.08004727394668532
0.5394790081245088
0.8574785239389652
0.3913938308133764
0.19707570194442459
0.9890517252829676
0.5552249097875567
0.8218733112218626
0.04584419548462393
0.6362628547635968
0.451048885895876
0.8163639946456093
0.17059939753723163
0.8946102927187631
0.33557563211794195
0.0898864937558389
0.232584745577469
0.11900467977647544
0.05503047755360024
0.2977653522917233
0.5175897588758155
0.9801904667052697
0.8579339812128438
0.543511550183189
0.5238568804458392
0.16939468491654508
0.21295868188729572
0.6886339778235853
0.4775440508226122
0.48906164247684536
0.36313773576899333
0.41436704547234093
0.8289419310870167
0.2301932714218834
0.6981351835627361
0.07398189481421147
0.6697273132393073
0.9597669704989414
0.6298578896486267
0.17543082947575683
0.4963356724115737
0.9209956236339953
0.9201532316637271
0.2960605379827078
0.06676892873859142
0.6802444786346271
0.028864092146789533
0.1023927376746615
0.9054255123214463
0.3066048520553505
0.7346676086751741
0.334846933704811
0.8757294067653573
0.7425749804452965
0.9493701426603838
0.49722227931658036
0.19038811061647898
0.10711818852100763
0.5703349246018957
0.5266871943770025
0.23359085280048775
0.9842385335220318
0.3977502962428001
0.46091786922922084
0.7568742052293385
0.7826733095855738
0.35233622644482676
0.30266923672251766
0.12458784911798049
0.48329804498610174
0.7192319729856036
0.4932138165787351
0.2525602159502015
0.17747547214039394
0.21217165098041668
0.047367993036999234
0.3915315361615833
0.722539754811403
0.8026964085463087
0.6107609428684364
0.16767798548361335
0.24515008792450232
0.8283769369665561
0.6504881095568937
0.2466195534851846
0.3272959335374541
0.6614915444334347
0.4683198040850508
0.1963176665703944
0.06300659846339407
0.49908046278767093
0.3684657421175813
0.5587292594413347
0.22534294758094164
0.8020871985764074
0.5985936410431262
0.1664946860823182
0.7534894264589853
0.6558485169329432
0.09715693280568938
0.15616736857152813
0.19983231873870055
0.15648054349721963
0.6812389645220702
0.8751325743835352
0.9679766783464124
0.4544856919056023
0.1728281496550056
0.2915177373184342
0.45186674593280773
0.8690127512538148
0.45569725415744067
0.2994432690038994
0.505489046079758
0.9632329637874246
0.28927948551490545
0.6920972957576353
0.41834800811771833
0.4395426243322964
0.8494095168249649
0.5588806358074555
0.8899675600225053
0.2596749407815837
0.675117426811498
0.9638644641699189
0.48459294107720274
0.7570499748224726
0.022510805247465737
0.24330817884498446
0.18988224981191115
0.5890484735658444
0.6616304650515161
0.09381707596298572
0.8730163497033
0.7889795803608026
0.6567741931902703
0.6581636483395836
0.06970272230780561
0.04060580822455806
0.525071095665367
0.9761180105454363
0.9334878288319196
0.7120696857526034
0.18658128645277694
0.021736322050273538
0.10356185881393665
0.3348025211111072
0.18020997474868305
0.9882262633316201
0.6712689920573135
0.3171002151794341
0.721055160020272
0.9550084446180779
0.03410293570045497
0.7017972405445738
0.9655654385094854
0.8641952961987623
0.29974722486376126
0.6809832009195299
0.27386545883123026
0.36037341696026104
0.32008841075021044
0.7595075136159941
0.9004002100005637
0.5063434208574585
0.7729007438811052
0.5537593523141449
0.9679838532468085
0.7131128962938615
0.3699228683831661
0.7308640130098626
0.9752936206194848
0.341516144392106
0.0893578292167524
0.6495807276541122
0.46439452291178884
0.45846936896024937
0.1481002062368979
0.3451206916604692
0.22297469527076463
0.31659730493850335
0.3628018419457555
0.628808889346419
0.026976465138096706
0.7135890468403571
0.29995926982706056
0.3884191319358252
0.2413689123928633
0.27796757262055993
0.30253835907172577
0.2706170766712551
0.15481759440315623
0.2725818796403551
0.19098422286783057
0.7632984595191618
0.47381707766298475
0.3786277319279576
0.732735259478117
0.46673548304708357
0.5485258855391849
0.04609845924725198
0.9625753341479657
0.265382563742138
0.07514020736864158
0.6982354563193477
0.18926423430147377
0.6512726647480547
0.6585002143530064
0.5871311108717954
0.24443765717718202
0.9499463876857821
0.30654723365977965
0.35064046631315193
0.44452030486614924
0.3392725499591446
0.46244151726008853
0.17647709867889227
0.9391904364406708
0.07474787213481626
0.6350662419402842
0.5032782418470738
0.41309125254940393
0.055398364736727546
0.6550035636053321
0.49834805140317207
0.31806920622242163
0.545901460135921
0.2825284138167644
0.4643278064924591
0.0071746129785345
0.6872550155693508
0.20670545363059167
0.4517289009095541
0.2867611692693015
0.27718554572522025
0.435081280121268
0.6563121850148527
0.030505479771370747
0.9617024647977964
0.23558552368478225
0.7612309983630505
0.44199605661863584
0.38494686206617423
0.493477355839936
0.620228003856889
0.7806651389722359
0.6776179899241994
0.9171144228163118
0.950815050207512
0.36549018030244473
0.6298578139564935
0.7210305092994067
0.09191368957765822
0.1809050503089038
0.3428852757928359
0.3077639644996696
0.45009694047815685
0.04591128309422199
0.08718961245654966
0.2830018018593333
0.8640536502052905
0.25585515817506355
0.6300486247718539
0.895524992257007
0.5153946896120283
0.3515099640478161
0.8363422322013242
0.47116667367568577
0.06558436227802844
0.17135453206270346
0.0899283237125661
0.7882244217232396
0.3164736808694334
0.5603393615926411
0.6278757981254671
0.671138756398827
0.9439389047843196
0.6014228761835299
0.02430971123589476
0.6061140122944308
0.9638039510662925
0.4911240527136095
0.10904738281174542
0.9520214045147718
0.38649638208056225
0.6993496390198382
0.393183069200444
0.7586098151430017
0.26518818945548106
0.29336076242286147
0.37109258078112195
0.24103991576254724
0.1598992158853073
0.15424821734359018
0.7771538380406117
0.6246992749160818
0.8887686292974809
0.3776082869667071
0.8778964746210286
0.725485349014863
0.15546121888255582
0.5515752597371564
0.4476753778202045
0.44200611014956526
0.2695793157591885
0.014797966223753178
0.3089036765337432
0.4283702642737841
0.20092875080955797
0.363028352577901
0.19405270256071772
0.4925280758539162
0.1582125331887091
0.6476440044725765
0.9000515095557732
0.42607104925899675
0.3154605263779615
0.6221452695729075
0.42300307494742506
0.3904430656616189
0.7938771210499446
0.762686629340766
0.4941427169957767
0.1959898568123537
0.3363584669742312
0.9011989619783286
0.32392765771454757
0.5619903878982836
0.697587554454556
0.4340820269837651
0.1918260380017175
0.6160152032960703
0.9944486452873859
0.8795779243633873
0.6378742537077561
0.7204426849165417
0.48975412695309006
0.21039587494492762
0.06693328897790918
0.128501848377631
0.440240996939963
0.8910251300896916
0.6939505809005924
0.6100492540960896
0.4849861433738558
0.29039761703858624
0.7206212901071913
0.2116820509899039
0.6403490352710448
0.38532795705382783
0.9579097138953289
0.7413450719991116
0.5553644221246934
0.7279788088598819
0.8573608363303871
0.4003003649455412
0.5274241696202007
0.9485296636282232
0.4157161202472376
0.8307180785131424
0.8672202506897596
0.5034640963260621
0.7451483454310432
0.4058051486860511
0.769832048203439
0.4325301999449199
0.7611156236350497
0.8145677288215283
0.8421301709540644
0.1964006297194716
0.47017254749392223
0.7715902877110594
0.3401718993733007
0.4851251338049495
0.4554400174566655
0.8054857914060534
0.9635124058846801
0.43310573767372373
0.650694528659764
0.8764719026526607
0.5065868979703065
0.27962954014237185
0.6480392274905389
0.35214916463183266
0.31494342394774455
0.09126591636856707
0.48440120770985107
0.9740781203986939
0.0028952117825991053
0.9376421917720452
0.45951381549203885
0.9386851833893742
0.9699229961160655
0.9549405488509268
0.447340228629039
0.5893616736327718
0.656109098419676
0.6420230683366982
0.30860571249522295
0.44170961096913175
0.06635412750077174
0.20006743176607378
0.6564754566775328
0.2418453938991436
0.6357751983639683
0.6331846061352173
0.30740259913361023
0.8124219785598313
0.7445245777568431
0.8614877175064021
0.00449915319141081
0.6108850601815856
0.24473651238893723
0.7798935520637391
0.6436990617357393
0.9312652693003031
0.0510045880104284
0.40259477761723894
0.7620684014114694
0.22673536077601453
0.6122844191039635
0.024817505971256426
0.10577449109085346
0.3578575194094692
0.44567395510232577
0.6542511145869312
0.11626548708329976
0.25748307884560895
0.4099788734698854
0.36604845300487765
0.7269586512372626
0.04912740458201459
0.888699256695222
0.04989742533795216
0.2700692186551271
0.6015397545932349
0.7371457971987642
0.4549413748245188
0.43664491673050265
0.6948604226073655
0.16880449402686493
0.1328924694891821
0.1504806762172075
0.3318816726470921
0.07915558613368334
0.5194640191729187
0.0587284513063292
0.873842655458194
0.29102203365840595
0.00798422181768188
0.38788285177321735
0.0756036753426117
0.7464384831144115
0.9367297156611606
0.5211274880896589
0.12624539344973196
0.14323535285433076
0.4552010709016707
0.5206750652370863
0.21569554781688827
0.23419449546160132
0.8383656398047067
0.7528404935114851
0.9112741656749915
0.7160478859565609
0.6533837385733658
0.5258613310370784
0.7841835168981797
0.2962446151728828
0.5196305295479652
0.2527287646647167
0.12298523781853177
0.4042342770147359
0.2084276091525482
0.9751655503871314
0.760022761859977
0.3513592411958091
0.40192794211129823
0.25071339586900876
0.6215896040306912
0.7960718359881673
0.9485703783984625
0.695953030233307
0.5689822339638978
0.990327997859609
0.054292174543558835
0.1220262633185788
0.09735656111988034
0.24424932861739868
0.7573055383197469
0.05609391607090841
0.8143844709148299
0.6191129677849323
0.5385220731911478
0.32883344205708864
0.8436976790617559
0.758097631854298
0.8229913702430997
0.26908588331442485
0.6837321804349497
0.8338755045561689
0.12715647942383335
0.6646272022912307
0.02006159719436751
0.2659028170505563
0.4697936985738558
0.7718447035356554
0.329941632635284
0.9415621416773002
0.4566270949070519
0.0733837925439964
0.47438948250580426
0.47287805905060454
0.3550704091345044
0.07507372208826302
0.6543325086961956
0.8250149793178136
0.016864303906673705
0.06217704289468373
0.8941358043647275
0.9803074144750933
0.32448900467138353
0.1321610157823767
0.7518705406252473
0.3190295371228251
0.0728829369972901
0.025808129644528055
0.9460408447171353
0.9057580938373921
0.8886982787077317
0.031243674316853043
0.16066196591881632
0.04778432397916599
0.662240483372141
0.7486597385382597
0.9431665522629955
0.93864926326863
0.18479749463872097
0.6366811780684603
0.12088434705619755
0.26198775722958856
0.8782119614177549
0.15629137879539878
0.2555199059950637
0.8897582306432599
0.8605652269290583
0.46404844739029627
0.3180729162749223
0.6829598893343083
0.587996041642782
0.29683189553915423
0.8677718943657328
0.5873599361325548
0.582763869232243
0.12362978389444701
0.6905430038242325
0.19691831506976154
0.7531686895739548
0.8583345410321498
0.5381392823912954
0.6892463648984581
0.14957890004852592
0.3136677121248622
0.030055330917586387
0.005128831963204017
0.1422157886315677
0.24472740097875811
0.7192009804657491
0.05754757350318629
0.737831274124622
0.7373009248912692
0.37047034609737794
0.2927117575666136
0.48993770581109963
0.9398301673713527
0.20189876390090522
0.14723031830629463
0.9677176224764242
0.00405782825869605
0.04603157996566398
0.11887188886436328
0.7881803677211542
0.6777829893471381
0.42403652360897803
0.11049756787233433
0.4129111226943013
0.44358097871442614
0.2630573636573803
0.05655063394544868
0.6543178926254797
0.9466456682027629
0.8366692327696958
0.9668330827198336
0.2050485093395058
0.16101722940981544
0.8359983529301557
0.5160416790864216
0.4012629063542771
0.35219193085551503
0.21250384892539886
0.35184652285260287
0.9400449681657238
0.3901512808196863
0.7943779540436168
0.6245562466385209
0.9678466942294756
0.3294029113907988
0.798544558502194
0.9676995526917512
0.7383544438697182
0.6334505399193802
0.8968370320934415
0.9574155064330144
0.2855431540758757
0.32279500919110804
0.06774270158103568
0.6371133575553912
0.297372020034831
0.923229854323116
0.27890607907737797
0.4896131315791197
0.41720947799056896
0.7689105913733929
0.7948415576859859
0.07399515303821813
0.8294995057182545
0.3806571275870092
0.9048978111513545
0.33110939785898486
0.24568889106989544
0.7311337146367205
0.9528370382113295
0.4977595951134861
0.27756442798113523
0.4114119850566068
0.6281473816625784
0.6109914027731136
0.6937994993469703
0.5396122633337097
0.9338023395116766
0.07674146718730834
0.2748566587978746
0.6114111059031313
0.06816028154118525
0.47514200716229127
0.030614705865749103
0.6366931629275049
0.6469780757366151
0.9747735342991778
0.5881712532259805
0.05712303277377406
0.904138576414994
0.13565980988688486
0.23514237593215537
0.3881226181034688
0.4626274496968342
0.417376880481541
0.528521294991748
0.56649580085143
0.7432147706108629
0.005505579043920794
0.451390552170957
0.42397086922846494
0.40681664347791724
0.20167249713044733
0.7092483781828989
0.30429652131365414
0.9532480562685133
0.7759340749026956
0.49064258259547056
0.8376145977246799
0.4089926248686815
0.6006473686044439
0.19876123987533112
0.0689059841681503
0.6468400196014492
0.516970828702232
0.15178308934022322
0.9439500395080779
0.13419857776038302
0.7944121274235705
0.9450172348036214
0.899715762959796
0.5178268168693161
0.48751453079564255
0.6432084713880357
0.33871595543112465
0.7752106317361691
0.7666447477325
0.7851341707923701
0.1851269941742859
0.31679807818873895
0.2303560354683446
0.340483358086931
0.2976644423342528
0.5272523549148421
0.2405852236563063
0.3449265616881473
0.6304793730345676
0.9188004123748571
0.4187951379147843
0.0961981069056288
0.20249131595488634
0.912417191428501
0.8162007814807014
0.09689632134474735
0.11606861028425453
0.8151472944384216
0.6252107975614424
0.6751254629719798
0.1037842924903396
0.12845480142945298
0.26268982166526333
