64 2 3
0
26
27
1
33
55
2
20
31
3
41
63
1
4
27
5
29
37
6
26
55
7
37
60
8
23
45
9
12
45
2
10
19
11
28
48
5
12
32
13
34
47
5
14
27
15
34
61
16
32
38
17
54
55
3
9
18
17
19
41
20
23
58
21
40
52
22
30
59
12
23
50
24
37
54
5
25
26
7
13
26
2
27
59
2
5
28
11
29
62
16
30
35
19
31
63
2
32
35
28
33
35
34
38
45
3
30
35
36
39
40
25
37
58
11
34
38
8
39
55
17
40
47
17
28
41
42
50
56
5
29
43
8
11
44
2
45
50
1
20
46
5
29
47
35
48
50
12
34
49
28
50
58
10
40
51
8
42
52
38
40
53
25
31
54
23
37
55
43
56
58
36
39
57
0
57
58
35
50
59
5
13
60
27
59
61
45
49
62
46
50
63
0.9846290093892364
0.5090941883128841
0.5188231052847745
0.6340557936416525
0.8093762481003525
0.3137852907475833
0.14700796790004222
0.6974794272390208
0.6548376609834589
0.21016973181608245
0.7824150906334338
0.96082716649017
0.7703755204776781
0.9736792140574493
0.6349564385981615
0.280444603466133
0.8111516638321419
0.6748924022936215
0.7878966953734011
0.4865026054484246
0.9923672555043096
0.5579192475970565
0.6132479911520968
0.31136885056488417
0.4898716480249885
0.47855754676379336
0.21182871612215637
0.4543791131337276
0.7827903955073465
0.20326809627351483
0.735266306153398
0.912979309596909
0.6580365200201008
0.028869134212782588
0.6316011212096826
0.7696565665994928
0.011903801415566684
0.6182254582702921
0.6821977957310574
0.819107300892535
0.533054827705699
0.9529487265990587
0.15018446335272517
0.994801564083733
0.12005338541828248
0.44173457216811063
0.29215618533133925
0.32925849052334766
0.2726283564865728
0.8825006297759096
0.5243155426272695
0.43746544629100637
0.6447306914521251
0.33309057405485987
0.132118201856664
0.34321865892691183
0.3779508520779872
0.6104060268397489
0.1981472989687103
0.6608570472574814
0.344339661443704
0.508973169496618
0.34756959369676543
0.6986683135083592
0.03336511886657978
0.8590041842203414
0.7050728092906711
0.1399836237778319
0.7185821423428513
0.5030065097404166
0.6395079951910616
0.5626572659731625
0.4927342957174352
0.5823612709031284
0.6145254216176002
0.5464612402573226
0.5115659300770452
0.6830710881378546
0.9504831526213098
0.5601280320408614
0.6617587154239633
0.5889353391014047
0.4716576310159952
0.15039620167869816
0.3191776926183908
0.10671196286582574
0.0014634819261448717
0.5173948071942739
0.3890461423746975
0.2939811612489298
0.7934606457591208
0.09964021696223035
0.18932209915504783
0.05500598367423348
0.8036726928075287
0.2485107011897988
0.5819348658492508
0.9125443767733266
0.07556225845299525
0.5549291404992864
0.9156778126079844
0.23577094121424658
0.9089291693774708
0.9535688115423777
0.6448767502647154
0.33467731991390126
0.9434662469065958
0.6953745432250524
0.8743985785980876
0.2763501620227834
0.2188464091822162
0.7133511743552475
0.44120558014725686
0.00696538926302237
0.4372808334182653
0.00019169851431088958
0.9376537574966631
0.6491533145710635
0.38930816697738446
0.9279968257346444
0.33204874088972114
0.030836649356592805
0.03658147004812928
0.929476518076867
0.9756286081475543
0.7525518932157956
0.8374306765801383
0.9274549579025462
0.8884433370840129
0.8451866051933717
0.8856096714413669
0.6494002716494329
0.7824868113779206
0.07668886499605432
0.5203847786442223
0.8371925850077497
0.5172773193355139
0.24897173639304826
0.08289267671010647
0.5761333992189791
0.6330098815878744
0.2780748661948631
0.8909807757357018
0.23599573941614072
0.7802513405927145
0.5059630828739546
0.5623468271490977
0.38398478439736927
0.15060280852902652
0.7595033184516571
0.7470957508897649
0.6969393458318397
0.8117815345290774
0.9151642317285655
0.8821017199950626
0.16769673878822722
0.8519977383375978
0.11486893001027343
0.9539526700032573
0.523538460441081
0.2982061712252354
0.2915947315489775
0.02607116902543849
0.17607805845557745
0.2905084380314428
0.25721157851716336
0.7154834016401986
0.563031965142112
0.3436844489786468
0.46884049591780186
0.5514802787096599
0.6566605735813761
0.16758898306685377
0.4035363406305553
0.9510278538829627
0.291558445336611
0.19849353669879632
0.3381495108212965
0.4278941573061037
0.819780895066359
0.2756053103269742
0.7298569051257462
0.9990822396094846
0.8615909424234041
0.9153102414343648
0.9702121702930585
0.16981501615668093
0.8747517170068798
0.5323531285295368
0.7349101644147182
0.2816213377532718
0.6113758347110876
0.5393911854233275
0.6216523339663199
0.8128437517904133
0.675351286073157
0.5872993029406703
0.0807739311069825
0.405188263042798
0.4848463573466718
0.5390126118198111
0.41024346649316745
0.3884579756375518
0.521409038199289
0.6832378669422219
0.6743366374046146
0.8636602997629539
0.35020487055519
0.6989051212528523
0.3850353322188884
0.4662255158909143
0.5162455216589199
0.11440691859873975
0.7360107718640195
0.9543028646310977
0.6170799290850723
0.4858823195473597
0.30019244171555914
0.643038861202495
0.1383676530024015
0.6715537008447121
0.5524019650721459
0.16292368453304684
0.8192514975776597
0.03923143981545085
0.6761408869542929
0.5616875031057821
0.9318007050225697
0.9677207608995945
0.5933765657111879
0.5888586852503332
0.948927087262264
0.09047949887065654
0.28746325437517484
0.4197198357939409
0.4025516724041307
0.459240954102635
0.50547398330534
0.7963478755937052
0.7264538358956945
0.5285022676087906
0.8249242123325817
0.3184723356728115
0.5488487977205876
0.25359051272752187
0.9361756218325549
0.02790533503414272
0.460766372028958
0.21809258450223545
0.24827323432564619
0.8054534993980805
0.8642851573275075
0.6378094616789372
0.39319810044621517
0.13838406804406955
0.4044138276359802
0.7504475639311584
0.10615190624489235
0.9452262017196305
0.15348653250877986
0.6377198226555306
0.7815442656342478
0.8012673036133674
0.1764196322397693
0.17941299777302033
0.8342316848008139
0.6825493496080498
0.7772590111344914
0.13895203376416432
0.5179977259197183
0.06427606458455981
0.59642308042816
0.41204647614685586
0.5882404365203212
0.4527883316956536
0.35253169455063194
0.21460539972480885
0.34805619103262986
0.7382524363061684
0.5503574920208505
0.8609998872857948
0.3572944932407044
0.2983185888324801
0.007388052457204086
0.8754937241386342
0.7388767740288108
0.8857761074655847
0.728772069386011
0.6776452111560931
0.956673809861194
0.04036649369546663
0.4861882548002313
0.34490536338511435
0.7392267976275784
0.19945705660627844
0.9621766384928956
0.2667216955365235
0.32234817703641394
0.8309242259489696
0.02555015636120528
0.09685558405815564
0.9208924409934436
0.05315076756110271
0.7912438814108328
0.15559691600467296
0.43655310313004736
0.838483597433203
0.446622408734648
0.25721908879424715
0.30319571861257766
0.8032981249186295
0.5615114460196281
0.5769526297931027
0.8738658500238276
0.3365181158211352
0.7296447594758682
0.10832455315981693
0.131108392538405
0.5679546953725857
0.5651377371068934
0.9193308835203756
0.011736983471145712
0.3744893221914416
0.21025571302413937
0.9947760180041085
0.5443457577654793
0.37724026852914916
0.3874881855766922
0.8526235431269558
0.3119669080463756
0.3582959669028525
0.4698942759183983
0.3846403103050964
0.3747540001113302
0.8341603601519478
0.15489896754347854
0.9223588771958067
0.5266591313356866
0.368311297881907
0.14186396251590205
0.4856138614591241
0.5533345803774713
0.9863006411766014
0.08804709505047881
0.7274553489958472
0.44792651578147236
0.7402252955385301
0.5678577731071861
0.6861436110736625
0.043039937037728904
0.6889733265304919
0.7886476983052855
0.9636279598220581
0.7075578525740893
0.885471647031115
0.026602609714546088
0.7106482590243626
0.5779353476340345
0.3624646291114195
0.30216283027629587
0.27173300384462296
0.9586337805184185
0.47511191666611674
0.21778805435578608
0.3436762024994665
0.49952851932605336
0.21391654927106396
0.3226053877799162
0.6604550908376117
0.5971493381159496
0.9469194163257796
0.365109345130217
0.05518481202342351
0.9801981071327357
0.1700789439717213
0.6773789268747313
0.3285912727155944
0.6613685249247029
0.2320044729057421
0.7684605475906554
0.17810906741102983
0.4442413703637992
0.9007991933294001
0.4172206925743226
0.7527743269398092
0.4515172096393545
0.5406995969072602
0.3071714418597338
0.7531100860259614
0.7135034168758388
0.23016237647298377
0.5563689847866183
0.04892569926105417
0.10150884213073585
0.8535252749905934
0.28436221233226755
0.7955523222821802
0.8564157775836617
0.4194350846474121
0.9541473012766815
0.13642098163253735
0.4793801115628973
0.8851871564563348
0.10719067271888949
0.23403014975232383
0.427831657889969
0.25103296308879564
0.023050090788605537
0.15571705426232263
0.10436290373875101
0.07062378633229971
0.7302095071544942
0.9315610011487395
0.2819723767988124
0.8842365604015211
0.3987016027674041
0.7035043877156978
0.7813492906036522
0.48040852395441125
0.06116410448500309
0.5694186568995131
0.9226156292649239
0.6028162320379103
0.8160856968428456
0.5834821875786419
0.7235183689556052
0.9050453070210958
0.7749655865343551
0.6646826817607889
0.7513743318037375
0.4042890849663229
0.4228088198727151
0.8398792430074433
0.7723612643997501
0.9138543557117519
0.9266009638382927
0.6281528394336316
0.12167464300858777
0.47955697083665505
0.7988439285754183
0.5509439371683031
0.9037096399390968
0.8520914403779661
0.7238157397199698
0.2960752636279923
0.6974942661801492
0.970481879821542
0.9904886769090288
0.6587674566901867
0.2672859726916992
0.07490498184210836
0.7642700710609993
0.7070024108777611
0.061356356091176734
0.5180189962133666
0.997246652087695
0.5040510368118916
0.728406106112263
0.984554446036058
0.43401632752306485
0.00038170985606722496
0.8281684055067774
0.022280989233680604
0.7793683801880139
0.7621858960930835
0.37995348918781535
0.1859046252872698
0.44305855490615653
0.6279480532904881
0.5708548761183515
0.6986739839717325
0.039857446616549996
0.23398362029972664
0.002374607333400891
0.06782477043808921
0.4149414745214496
0.6394278264695423
0.07222763597327364
0.5041697770056025
0.2485905115744943
0.938321503821635
0.7397670482417428
0.442005861789561
0.09348339281308016
0.08084857052321548
0.5780424758298055
0.22536482652578405
0.8724918630726677
0.05978364320880114
0.19375309573484878
0.2156777471708876
0.21475934407347397
0.09502336255386246
0.9519764217918986
0.9854452145697905
0.3936695769936617
0.4482336618856251
0.7323485294505373
0.15434177231118928
0.07432914479184705
0.23790204345905241
0.8989045424976103
0.6618672405038788
0.7363581698280208
0.8206103065370353
0.5176510482687985
0.283860974507678
0.7852469471780035
0.9307567187847839
0.09606574424998748
0.46569397466138307
0.6160497434494636
0.1920725178158189
0.7631026812613809
0.7582269904055868
0.8360857299287101
0.399990674195415
0.4497869303615003
0.9979783352038265
0.3139001776229565
0.14062384989406085
0.3089834051517403
0.8019232708399305
0.5165564771341798
0.17002978883270192
0.6440152747965745
0.24991868056044253
0.5206221840621137
0.6196681725315926
0.39245184714694137
0.8169382972527446
0.8934549481278091
0.12788420924121113
0.33530439453203353
0.09097077068229054
0.9396481822168479
0.052061696151465164
0.5097066819811702
0.5698750814741709
0.1339810699051649
0.11692146390483338
0.054540703344410524
0.19715541146285975
0.9696866904586363
0.9251732438085197
0.9895654587265051
0.8525242205530931
0.20816944115097358
0.5241676816713499
0.05083645766404765
0.25858081346004314
0.20294132763116124
0.7144331574467412
0.08775136352732171
0.13354135584404359
0.007228845499922754
0.3981206901919033
0.4159573490250713
0.0815309180901832
0.06427638913590306
0.11420613975736393
0.23024838147805138
0.29727624724769375
0.2371035145853969
0.626678144793497
0.414372094333318
0.4449558715439469
0.26180519438651173
0.10055777236968633
0.4586349540048714
0.863750810439251
0.40398516405296725
0.8682356343897044
0.07333053403702505
0.42219934219024113
0.9923419952953949
0.8711163728988937
0.9300151625926873
0.19461886430558206
0.7150259119926505
0.4966802066513861
0.3801373161852979
0.5014454899829429
0.6269705148289945
0.11281181977805943
0.02922360034183613
0.5985736591319138
0.6921850137816965
0.9214861377932251
0.7769628227731331
0.7832490641142296
0.5791523757376545
0.2540148987077283
0.5051958907329408
0.02579653707077323
0.3364996144525767
0.08517650160143342
0.8320609121717837
0.30235753113074026
0.11197796496504886
0.7515255707812689
0.6527128351031489
0.7641061862012936
0.2406958187855912
0.32258759157081673
0.29622100161230414
0.39182612728589994
0.4395137287135509
0.21947804094068613
0.04863562758171258
0.8057288849785114
0.8197504028153049
0.662625398858178
0.14102113095876334
0.23985554554668498
0.23161173491249631
0.3780521607289573
0.7622457312869932
0.9236874765906896
0.633170265970243
0.07316560705793695
0.3264184256565258
0.10144077787229044
0.10774618221058452
0.11873502271220215
0.16442012313182652
0.35182976361653384
0.5740303266863941
0.4549880206870751
0.3713443626957489
0.8285948368687337
0.06389495177230964
0.4577224949047174
0.728024095717036
0.4748247601193386
0.4722868669817426
0.6709515581545337
0.5352564262062728
0.6547340572538338
0.6402036928684833
0.7609222435573165
0.2983771788343539
0.899964366848402
0.6797549122562095
0.08065276830032186
0.9541532021067914
0.6700633564193755
0.7026755321712521
0.5458460184275815
0.1324638557852934
0.8769311010174465
0.7348466021659366
0.9692626594241921
0.5878059897041357
0.21936382695753043
0.3977876552262005
0.9867827357903963
0.5888004175761633
0.8213521405696216
0.03180764824753601
0.3741656040595981
0.45036322201903745
0.17607510584648256
0.23981036635688735
0.6938971206684288
0.4161824542610132
0.821330933921942
0.28095896793803676
0.41703027863595865
0.5733569532222175
0.4171559768146921
0.02927224462393241
0.5000911074897908
0.9996217132056591
0.5923045241365195
0.9349894386278426
0.16780108775402403
0.30349972439480877
0.31764626240079696
0.7873305959263189
0.6132435288815759
0.4749463187757804
0.7070850006994712
0.22046216965837906
0.18241364429500773
0.19005898661353948
0.245691646480929
0.3827486191943309
0.6435332897821048
0.24666987286458664
0.30840751483526674
0.39145603649783633
0.8174806631690389
0.05828180859362797
0.07478559233952731
0.8109719050846874
0.750864756973503
0.2764940925215442
0.28438519745007085
0.08668151089492049
0.9100308431462429
0.8183577718451555
0.4535771570229489
0.2684118724199842
0.7163023993706488
0.6638277679245058
0.5480168100920051
0.750974549501885
0.8939274040818431
0.6867761540260144
0.28247501092167226
0.3910302429616922
0.6287090333620607
0.9827448993130878
0.3663552051881125
0.9706831219505325
0.4234730698869906
0.5859285699423896
0.530076505743574
0.4521630338232123
0.07002922873334094
0.8735682525973466
0.5488322007135898
0.1647707534147056
0.33495858043800353
0.3828027635105632
0.1608307529010109
0.4053808366492825
0.6931610288957407
0.3164034480322202
0.836675308148151
0.755829863307481
0.7147307354201754
0.2312499918566321
0.7009941303104454
0.6102907150930688
0.05601931616028755
0.7966970883288446
0.8809266327179271
0.18001023631480495
0.7418218052153879
0.15827036562676333
0.022932755148152517
0.35995368817050777
0.9667320755654205
0.2247678985208441
0.2051854225813391
0.8038117636486501
0.9158828829767243
0.44200520109576935
0.9236297906381804
0.15387352706924906
0.7861408285323319
0.6550815359443817
0.801536877049888
0.34934967563873975
0.9977828547931671
0.15124244055943126
0.6906544057879318
0.7199068342245898
0.22387224672450778
0.7595665042122903
0.464231845638692
0.36705952314236345
0.6122528931866843
0.09908750403738475
0.4400934656864446
0.005658183629183022
0.05231321182080706
0.6247101270131598
0.016479380473366834
0.9264464672041123
0.6087728309300608
0.7977487014436927
0.8013046358152526
0.42253415078809353
0.10043896996693535
0.10488396171188985
0.44706815165413794
0.871778108011406
0.55491121751156
0.41097340549269146
0.33966061529292635
0.772850511249153
0.1675939767586646
0.029310991058304148
0.6834564749564052
0.37178728513218307
0.25534805416319006
0.6508766757318636
0.4484736928166724
0.8965464913969662
0.5277205363843818
0.8348358519057186
0.783387802855941
0.8383129700051629
0.8360315541502741
0.03519526955783969
0.752844709008666
0.7857841307387444
0.9655560235172529
0.40437031668879486
0.07367396721600172
0.2235937120409841
0.49315259844084436
0.7216671874862813
0.3662024572476962
0.9042341540889863
0.43288303485039425
0.8296860993013079
0.08198514232940635
0.09071244430922631
0.6120134125061366
0.5840273732017239
0.46027270644660556
0.9173232988044927
0.6728564721696498
0.9507675528947566
0.6397891017476897
0.5723397200783299
0.5147117819344322
0.6971067048475277
0.8577186961565052
0.9993769927811025
0.4716527253359035
0.44037950019289074
0.5215867415549367
0.8253947454628641
0.6348394915655076
0.1571646194178995
0.0646387752460198
0.2054999448197985
0.41790236904084843
0.8662405505623987
0.26381798671667855
0.15637879836105129
0.11726980807973453
0.15504829703243284
0.6881167778083561
0.6529372187018204
0.9512314496640992
0.613543414922081
0.6795015567651638
0.05366906553244677
0.07793065383623565
0.5201664542627198
0.2039305812996921
0.2070241995655543
0.7400491429245395
0.9194250421404258
0.7585036995563988
0.41943491103626795
0.7219084133632583
0.02709146374704685
0.18253487513396138
0.6256964664819336
0.9380652855180172
0.8581964976911971
0.7622257002436075
0.12528127641691433
0.850577373551759
0.33727223836646547
0.05148978042720831
0.1313721473924072
0.7092376562509829
0.055031053105698
0.21982691805721677
0.5644997818353389
0.7484008795592264
0.8719341062441213
0.3647611047176097
0.5201371940704811
0.24657466962944385
0.587091654079105
0.9740376599542864
0.45110301145537823
0.9063454832195159
0.907219493826928
0.5367819243694785
0.7912381366641242
0.01828268484596085
0.6030086501214633
0.7066771265483073
0.9902108941311516
0.4867889270252478
0.1551962443013245
0.5109563870919323
0.9384151492965618
0.2487680679949359
0.7810511943454809
0.7525094822940513
0.3651953331674468
0.8293444856304463
0.9267279864835367
0.2350052865791067
0.48739161870946945
0.599394638804597
0.49763816496518076
0.36231480257506077
0.8943740703181371
0.17008055749226458
0.9212392904739753
0.8160465354568798
0.33217826832309816
0.8433730140000932
0.9341065542654078
0.7942188459228665
0.2606570015906239
0.3509796008854962
0.6141519977190691
0.6987282090527239
0.6922540600791963
0.8914108886869103
0.14642035770061745
0.015222261895022404
0.4163091536453509
0.7651955480799264
0.0308504269855987
0.20099368038566268
0.36482921142766744
0.9482938979269314
0.9081567693984824
0.007484855619842357
0.5738448085194418
0.09542938168630699
0.955787449935678
0.4235796761924575
0.4472638782971412
0.6747999548178354
0.19059654386311264
0.6118315838216007
0.9648240134319828
0.8296902760447185
0.13396656600455426
0.2893812053331246
0.2199795864043379
0.6116625006561087
0.6386237109157323
0.5502999548709789
0.6281550648298966
0.43843681470607787
0.01893666685143347
0.3874034722967433
0.31597380915821494
0.18088168689001816
0.6152526751788336
0.8168412006440109
0.25352059750344413
0.9946541212265937
0.7620031938743489
0.02882431778714878
0.42568712197872793
0.9231084589943174
0.98349772010895
0.001330713549582141
0.11753067877985424
0.04462237611024389
0.5192504429625522
0.5888791727874415
0.09196930755006982
0.3735322089471951
0.4712321068636066
0.42125218364734696
0.5515223886379241
0.36623787802956087
0.06438029773746956
0.013183092256116025
0.5793978532830807
0.3018572524796156
0.6224518942117181
0.6750696824247578
0.11333056439102807
0.2944240884697321
0.2541069470126115
0.6796071288498143
0.1895332841392039
0.9362763240815464
0.5560512872589007
0.44396616946451184
0.15020761971038343
0.578968945653653
0.6330525150079066
0.27559106690902535
0.9878957466609981
0.11183046433176824
0.5020595792590878
0.79814161028026
0.8518180598698659
0.25904747539352513
0.5137062499407732
0.6702714354133882
0.404304616943851
0.04457739948758921
0.9361369381819554
0.38619354886436374
0.12939902535473746
0.5108096161863183
0.15354800071608654
0.4212383444333183
0.2632361576009633
0.1753488958581063
0.7409119188313044
0.08440300013549895
0.14684893265587817
0.04393948566235217
0.07930845689556487
0.11654890124500417
0.12166289204477487
0.4505193052203066
0.13011576416309634
0.8640512525064697
0.25940863589154506
0.8605131168579633
0.7960736827255294
0.11340004107078139
0.858954686637629
0.32109939095628814
0.6591937372451164
0.15903560041288434
0.9476472167452002
0.5865413528357822
0.5558390720085922
0.19735462622546673
0.37793719727780195
0.12712058583721197
0.05806104028012815
0.26774370585031926
0.3945130258374081
0.25715595603358155
0.188115076808406
0.11735408028991945
0.717808691458488
0.7720907694794892
0.6071519334572173
0.7185529298687952
0.20653019774392645
0.5668324974198272
0.15875975193270542
0.5084588897991097
0.7456144539354371
0.9271621834607376
0.021734339221144094
0.6850023350660793
0.9114751824655191
0.6532883905252312
0.6380252780412459
0.9202313415418175
0.7922608430796713
0.8988727266658079
0.1443805083415418
0.07358931903342347
0.014294552553750894
0.5686136515045048
0.4338998076105274
0.5557395021841317
0.6455234975504291
0.11615438288610902
0.9287322783688625
0.7555948822756634
0.5830245045910049
0.7992027366175305
0.2630133782425067
0.05300018963189512
0.7870048222608842
0.4196699721957785
0.6576682543897747
0.059519748709403686
0.29968563894165323
0.028976272649765322
0.5882191095212841
0.335851492391116
0.2578757383402751
0.24640927858528172
0.15906298215657821
0.909949125322687
0.13211878713387848
0.6352560748844763
0.9676774689126239
0.8555410015637689
0.6241792293472654
0.4566942422493735
0.3529432698001319
0.9720760819851061
0.8612364636197453
0.9376043817356772
0.8347242342615548
0.48341161662311793
0.9328544763275441
0.3419532877810866
0.18215087567508992
0.9590094632834085
0.7560955128873705
0.6180827434570768
0.21361626313874604
0.23875928890761966
0.19757398360794354
0.5748574430262667
0.5008560757117594
0.7465716619644152
0.5768743052590144
0.8786064103415909
0.9116135274875213
0.5145208559770241
0.8808483283061299
0.27562234903868565
0.42188850356076757
0.046325646977787294
0.863444353822342
0.051049121510491124
0.5064401413404765
0.12570340945333247
0.2904884524040463
0.7495374954888012
0.11959999113864073
0.526715738333367
0.9038273267362559
0.9582284770378541
0.5425319021825207
0.8078667326144024
0.37593946564060554
0.21419357888291035
0.427179292534861
0.2874465866440086
0.9854349212789617
0.750355056578049
0.6993414622814497
0.9924249889307853
0.8672062920951638
0.2856002368686249
0.4078975582274047
0.27616737959349313
0.3274312347659766
0.6307480902181203
0.8834028717185433
0.5130161000146592
0.06803417277058688
0.4823455715371683
0.24206359383931153
0.26148243190939235
0.9452366044702694
0.011647118871074835
0.021084760108738942
0.21418560891580118
0.07627593988936132
0.9496177444479745
0.31270349074167414
0.3938881408699507
0.5303356592711297
0.4278831239894364
0.562972304594736
0.2931374217522983
0.6430491239198183
0.6175106929456047
0.590182956199656
0.6983690769288159
0.891681000323052
0.6044631112661796
0.3398195926176524
0.19461544706428768
0.5957377688969278
0.6250348094424647
0.7118650395400502
0.8328082088225127
0.13637071453607574
0.3875564892170975
0.020750346304098666
0.036337099358617286
0.49306672844746235
0.35897610063085883
0.7912749348034908
0.0804378607932934
0.7217386934417275
0.76614747356515
0.9188993812319326
0.6438369759359409
0.17692405459936422
0.13631527608677674
0.0572494835478331
0.7092182417529861
0.7727145903155717
0.4228487529332664
0.512663468780978
0.5339952127446267
0.5356114876099153
0.5331687160487069
0.12200442139799672
0.34499018352097843
0.4929135955945414
0.40115794044783337
0.6357472366285928
0.9020896374441059
0.37851240445857437
0.4455762979887047
0.5049459851243527
0.364834911763248
0.4972673897683012
0.8383989615811992
0.7137208845829673
0.8790243064259405
0.47118724978456206
0.2956034454818611
0.791861735807314
0.7537352197735054
0.20104468482827453
0.6362353706667871
0.003846199729620192
0.9899842225186379
0.34052833195726717
0.5733592503413543
0.3929031643134533
0.33941142093168697
0.6353974734239094
0.1210780388197984
0.558247797652943
0.3496776875219698
0.4694054859174813
0.12664484023922618
0.4535386930396407
0.22726969566289434
0.037342840184571235
0.3817814552800356
0.539144469742565
0.65866919143295
0.18064429526413817
0.3491356018316183
0.6096775859172475
0.4806747547887519
0.024790963228433216
0.7958363437222037
0.5023609313892998
0.9045881031930317
0.907699171060818
0.6476583917603719
0.16420330469055666
0.5870752908806759
0.6701620435561201
0.15591571417928984
0.3482465078781244
0.1042530706757151
0.6058429640192181
0.3656908228403527
0.310847973640932
0.5192829355646787
0.40011790937556646
0.9247614490695385
0.04738262537750104
0.37055047195776414
0.013877401654041277
0.8108854989069542
0.9372754615366304
0.13246482778164248
0.5963724600732161
0.41390659591652423
0.014259764032065192
0.4465437416920791
0.9114979425881472
0.6362487539467205
0.5549683852563574
0.561201168726808
0.7776713036653512
0.5220141115427833
0.8232384699903159
0.5915631846888257
0.15163214360619715
0.9283388110730169
0.9969194896243808
0.569300959530119
0.5416139436218417
0.4769827436420433
0.7983600145913113
0.10259146057039059
0.9661614743535886
0.2796423979920504
0.46981138813863454
0.9706826174911717
0.639930017717311
0.44950000365299736
0.43042689088393404
0.06294251896413472
0.8908135274274878
0.33794599713959395
0.4332590166168756
0.19241348797795677
0.5105575472353341
0.6636507311572416
0.060013133222052595
0.3880966517012111
0.8072717418368179
0.5793296314123988
0.07099225410934906
0.6132787558776682
0.8354120110692635
0.17470093694068545
0.23027566299251956
0.8776119662360272
0.7578315447516174
0.18812451333667313
0.39039628631179457
0.11991067362118302
0.8397294506270429
0.6023309820415441
0.4080955390546145
0.19724048311238984
0.622651156264788
0.014457219636725638
0.9381380823192209
0.6105060919890859
0.16869332010982763
0.28249107550990016
0.8830302727419393
0.4619748804670697
0.016055790890315724
0.4409440238424348
0.08626656716934655
0.582824757131645
0.531698151582543
0.15612381453571766
0.9813883128966663
0.48576398015506683
0.046527304989602336
0.07051109888628382
0.030578307921250714
0.012007628586831354
0.215177012814193
0.4047556943402607
0.1643691060814022
0.3404897406967661
0.9463580926935302
0.03273989912993691
0.6363713840950542
0.6490637464152101
0.3587787255561973
0.007544668684108746
0.7724411603987984
0.1837943163908604
0.9183242681567291
0.16888841295403378
0.927649789451979
0.1768296008343555
0.09088567090220967
0.5106664183652159
0.3579027017338633
0.28653606964274747
0.7030299367431263
0.6389958941466924
0.6473031564994962
0.12119628689210094
0.914602105237245
0.3410667479407442
0.6341103295020275
0.05024814286601653
0.6064976590385373
0.9226806409603678
0.41732022146923464
0.7267428558917646
0.2506260099024019
0.665657567489547
0.005140383165222695
0.8101368682054931
0.479688238060217
0.20491296742522058
0.8643949741023744
0.6957038520639456
0.5250283040176437
0.473492681073409
0.7790572849475575
0.4376257714490219
0.7891080595792731
0.629233326698971
0.6792029628913034
0.5285026929697406
0.07147449931443073
0.17636004078995482
0.2092685259032463
0.6350687784345294
0.07360314598817397
0.7341352057106365
0.20239736722336554
0.7566922224944862
0.5632222572516344
0.5675927370318125
0.17798557397938142
0.9104035514448136
0.4902382003536928
0.771306878350375
0.2790619378408521
0.9080588432680203
0.41146682314124694
0.8004584974753812
0.5786754554894948
0.7150254619917361
0.951053414817871
0.21579921914633782
0.8353571565906797
0.00740686856214634
0.745922471644707
0.07965515653038135
0.1102379875451317
0.8280871970178929
0.27586373078369475
0.1563497154925344
0.2714641251962817
0.8297214392360613
0.04807578328114637
0.0865569494954852
0.5961171349284585
0.24796337875179575
0.9604485763387368
0.08910497506846782
0.7549688269389768
0.5500883830658146
0.541101644246925
0.34571057198774924
0.9200276265965132
0.3138053602715625
0.6168790372615731
0.39731438861199886
0.16312598598360384
0.30379999965608573
0.8666791985232315
0.848408422506383
0.8674010381822085
0.14505283338991792
0.04348786002250482
0.6860522750384181
0.41855047904984966
0.07460409919613542
0.681368926648108
0.7663859015743224
0.6424253337378121
0.527897802007541
0.959131035359956
0.6163647663435737
0.3478175554149707
0.2867606731386616
0.22153750797873273
0.05518267310664937
0.2232080403485801
0.6231790976237161
0.09568751475908943
0.2735012292363884
0.5161393270686974
0.9498514650489925
0.9755059739735178
0.44771671578934313
0.25211507351617013
0.2700809072712451
0.003087414672559685
0.7161202165959196
0.050253378252434366
0.5712266840183317
0.08842356405522478
0.25735814884658736
0.8132725961401784
0.9346194317749847
0.9214349993336509
0.5760349712719116
0.03411840174434544
0.41891961356415375
0.10936788621926918
0.946259320833087
0.8780402194420854
0.4628222159136218
0.46989999095041857
0.989975241064188
0.15387490092508893
0.8284747319724668
0.29728007801561906
0.6214156870148038
0.9246931939435834
0.6851336479733242
0.5117784653951436
0.22463277025542672
0.07301731886794205
0.814235925405271
0.7057455472237548
0.4857812912481768
0.1677492518656173
0.6365339843473323
0.44755497126423616
0.6259108770822162
0.5682622526200521
0.6604803122249385
0.7768587143354863
0.30919360997248835
0.8186919326174592
0.05776320117811895
0.31509297880211473
0.5745789163667642
0.9842940852844191
0.34809154404230636
0.07947352745135272
0.3819749131559693
0.05147459944721433
0.366442176254657
0.3856350719969047
0.8796654237355087
0.9432270136632125
0.8019929347098608
0.5496523562265727
0.613095642936987
0.19611596315873403
0.8995282134287405
0.5773329695413845
0.82990196249425
0.6115097574056225
0.9275690894831397
0.3806999505304792
0.837457417050627
0.5348164023528414
0.2830825289791662
0.3285759393989518
0.5744540266018943
0.9082175775717699
0.805037833126468
0.6790647259869428
0.4145160567748919
0.5169186728535932
0.6633348013340478
0.23037293769724831
0.38924272411053096
0.9916218326037771
0.791579896849836
0.22044175706963065
0.4936153006755247
0.44822561887462253
0.18899721071887343
0.5007973176403272
0.14015549543691097
0.6929964117896554
0.14052493951514067
0.6619867027592464
0.21217828773139802
0.1688253936341364
0.24294935484379887
0.4457844512951
0.5781776258523392
0.6087807804314357
0.5009641302642427
0.5820271283474155
0.28010908923121414
0.6080594174825825
0.004860448589977251
0.20174971479276094
0.7019884152641993
0.26332911972192574
0.9137614010655796
0.11148738843415285
0.8554578811286284
0.19614252896155182
0.8071990137111933
0.492117670815873
0.436421947418664
0.06820229353247764
0.7179404172354287
0.21876893193858205
0.2196175045127028
0.2000677660440625
0.22181845013605805
0.8459287744343845
0.0951835864117101
0.296971285113264
0.9982707733523474
0.2576854049258711
0.6183218411077425
0.20551291439183772
0.5255056664823671
0.05929362690816997
0.0929974669323208
0.10704650553604056
0.16096274869047578
0.0704832863692676
0.03917426325460571
0.8104543109506164
0.2917804729954736
0.2932939851923708
0.11455892607729545
0.42541392050216065
0.38787765997706536
0.9652790512482129
0.6214996524701805
0.9250114937767608
0.5526530463867366
0.16801721517524482
0.9282344805578389
0.4825653182866445
0.24638804649400203
0.6407139907525651
0.8122909624607313
0.5421240774633919
0.7235061591900055
0.3777362644848973
0.9490369261610552
0.13365540881828886
0.2274140141981429
0.9474612750965042
0.37991811762153826
0.9229136973102975
0.27932179976647564
0.6103258532306163
0.277251707474263
0.6479965893877373
0.7753053406557072
0.06053398725861092
0.6201344360040901
0.9974845168081379
0.6133533231945569
0.9997208939694215
0.036697658380170695
0.6618858967927304
0.5099712211934807
0.5932012818487502
0.9257410559681252
0.4399978108628656
0.5066725534920992
0.44151490094430645
0.5081512421328543
0.13932250312746175
0.13195234382557008
0.0832817506958421
0.4588786247504276
0.4960600361299813
0.2406920321808711
0.7592632949153266
0.12510769368569463
0.5858925605642334
0.8959982908638117
0.27019156775913833
0.32043433121905796
0.8010973609127107
0.012974821350596688
0.20519749586186664
0.02792426433791284
0.15782821768344257
0.7230760651802352
0.7524929067695246
0.230771791663144
0.7994008285591865
0.4211295940423353
0.9335077517393843
0.9766374069048437
0.6445713109616635
0.04463174313764284
0.15517802439467643
0.8396811825836754
0.7474975546343836
0.7118795699388382
0.7007431715246443
0.599484158694493
0.7400441748594713
0.01866291237572759
0.5623711722533214
0.6028119280161194
0.7365698876368798
0.39532196745740156
0.07683913375019558
0.09663143471681235
0.31011296896559093
0.9181401148827502
0.19898091709920318
0.8005976739687881
0.1129665450718339
0.7937782418451972
0.28851735198258766
0.8107184422348827
0.5543629986295121
0.8657298421229037
0.34409843001363116
0.5324754059934886
0.9548447988264491
0.5225349488546419
0.9654753690711553
0.8088657231085343
0.6857093574817166
0.16432797212405725
0.4155877458505616
0.7297934116678501
0.9730078892457477
0.8292274822003483
0.6479715295740258
0.03991470661014318
0.39326627198731556
0.5279246653212281
0.21931343726157027
0.8305181850122041
0.8125244844270215
0.2830260551285868
0.5355459914106787
0.2613197839919684
0.9547959300987526
0.39265524994381606
0.9596658064465312
0.6860509464459678
0.5969614176246059
0.433322685570376
0.609549851788883
0.03574564989206597
0.4587977079214757
0.12038036779318184
0.7462941858442739
0.7330007456256732
0.7303638535750853
0.28720784398678545
0.35492108199555206
0.3532961264768347
0.3660078751960303
0.5418522105212424
0.6163469986489541
0.9950576905559481
0.1961763385220704
0.16919724594327068
0.87457951477818
0.6710952804219288
0.7840505092450755
0.28958294115401406
0.016947584158307438
0.3900969908966574
0.8537953273341162
0.06136889687639291
0.5966513501527634
0.7327563813400522
0.005762773367032348
0.26704459830273897
0.5720413155446742
0.2700134178933541
0.6355154627177632
0.9657764133953692
0.1879923506528518
