64 2 3
0
14
37
1
17
36
2
22
31
3
29
49
4
34
52
5
8
11
3
6
46
7
37
58
8
15
58
9
38
46
10
40
49
11
25
51
11
12
44
8
13
24
14
25
29
15
37
54
16
44
57
17
61
63
4
18
63
13
19
46
19
20
27
21
30
39
22
49
61
13
15
23
14
23
24
25
35
41
26
27
39
7
26
27
1
16
28
7
29
31
9
30
55
31
35
56
24
32
43
0
21
33
34
53
57
13
14
35
7
36
47
37
44
51
12
28
38
2
39
45
14
16
40
20
41
63
38
42
50
43
45
62
6
35
44
37
45
56
15
46
59
47
48
50
36
48
50
31
49
55
16
34
50
26
38
51
26
36
52
50
53
60
9
31
54
6
55
56
19
56
63
25
55
57
31
39
58
4
56
59
34
60
63
24
52
61
8
29
62
9
46
63
0.8169080623574401
0.0872181296018475
0.0380891013700303
0.8453809095634177
0.2652735196148639
0.1954850865184945
0.1479280988529097
0.5435816872263509
0.5846963551866072
0.23511303081853308
0.5952373424763826
0.5004698818908109
0.5415271322515198
0.28950039651094317
0.5301941889157236
0.4523013053581598
0.718788153006196
0.45480695601783705
0.47564253810382773
0.26584912544422035
0.5935457391572356
0.10792490542055999
0.2904764908121614
0.47977935348106315
0.14377760819786523
0.17414696488692172
0.43238077230119265
0.645862326466894
0.286205941674359
0.2835344909933023
0.41066563571672676
0.400966413695105
0.05469119504094744
0.07883927516113465
0.3910989683092688
0.2075519968489442
0.8340168111157942
0.9120314334085495
0.20224663445565272
0.10454642685386173
0.02028802467990709
0.6277102345346139
0.5442053665168677
0.07603848974438487
0.23575235783484927
0.36308958316018436
0.7861274625541709
0.6277956676519825
0.9258484918107551
0.009398217540773857
0.18132753315717143
0.5987983080934806
0.9918402657059496
0.5439562698226351
0.867712396583142
0.8198913890582809
0.3878517308872764
0.9603075317006494
0.441555341119098
0.12345966308578815
0.5613174389361549
0.20192025649294498
0.4492581788114789
0.9382948292110375
0.5674080262553817
0.043553117029716204
0.06663089092541918
0.6471075553903634
0.37704642978903335
0.8162726590158628
0.6440600701908894
0.7078923220238585
0.5404353821345054
0.5688336898752382
0.39983752364289527
0.30702228592361447
0.04233611778848778
0.5089541414852986
0.4924263333474401
0.2164741857250454
0.9918224717830284
0.5135208953671175
0.2487525538181754
0.9954022168222489
0.5467472646580995
0.7300855345822745
0.6563194710585991
0.8205289824999588
0.08994755484958217
0.5607795877944601
0.9779033571104382
0.7334138881435102
0.41087148367521487
0.5126359205619931
0.22301823592690528
0.21551837972514298
0.05251317314550774
0.5322770714016493
0.7048774607014303
0.4565898754890473
0.8194068581658839
0.8965471679512416
0.2538359773162472
0.058851946097057795
0.7674493549400296
0.023773617785230794
0.27521459204812826
0.8832998697409709
0.6502445670658394
0.01153941925072055
0.5947071202490659
0.054729171075124206
0.4257485822247127
0.5847834672926325
0.7715006215686433
0.6008483682122037
0.14468246811056074
0.516379975839896
0.1328108339038756
0.16652113460522855
0.05316507960676997
0.3422694304844438
0.6335391537269568
0.1535430953037885
0.9120480631714369
0.7446914732425823
0.9734523064321157
0.3104241335969059
0.19701977262589454
0.8825682151832226
0.5876191849941265
0.17644728309528357
0.8945355338927239
0.3119990046891691
0.12142970152034194
0.6759144514433014
0.3803005372119658
0.32187687290178313
0.4793487929414011
0.7484369918349855
0.9992534274392106
0.8896402449207872
0.13926461042455962
0.687240433220615
0.002100596739979088
0.25546786934334553
0.7038689943805342
0.7377346273214681
0.36241309614679396
0.15351962155624577
0.9235983482228985
0.5216141031178797
0.32268057499980596
0.081067205043163
0.5155095811717161
0.9392953644532268
0.7646970983796683
0.003912390557118672
0.7069601237863005
0.3839859050101243
0.8124649578915479
0.3411333539561895
0.19206958040840727
0.49570775612414153
0.7612091550267965
0.5621534840259523
0.2981258394731052
0.7273196327009355
0.6581217847297924
0.16169146911688947
0.03113835560758027
0.5557367921414449
0.5091163269830636
0.53520728237603
0.2668459052425044
0.2347947786273885
0.011613438260109077
0.09140534965184444
0.33937168378864835
0.3350336341583241
0.32305469072101756
0.3338325004911634
0.6909860917094763
0.8096629546590721
0.3455314330281264
0.3170988518174236
0.30970599242369545
0.9130044879736977
0.5542948380950747
0.3653937309009113
0.8512161627333346
0.9036823208706899
0.10018632890744261
0.455699318429701
0.10025820589732126
0.9274153044453204
0.6865259647720483
0.26686543823951736
0.2532716348993381
0.20903242019369517
0.2222651204928845
0.9706348965568876
0.771862551683267
0.5771662859971954
0.27190467128370466
0.8294778616469568
0.23259182569596792
0.4052252520859021
0.8334366801589208
0.11280612390920886
0.16606042603843585
0.04517608155689168
0.28414391065225264
0.05427552679748815
0.6416401845951077
0.2654090788717509
0.03997925347272657
0.9053982666797774
0.7413355535138849
0.4373245650740396
0.8795787813664762
0.5344367842170503
0.7781439831850745
0.5180911118227948
0.3442581607214008
0.7129572473026936
0.14377692724761792
0.6817709263803972
0.13751791664238444
0.15767455685279896
0.20329075448100098
0.7645279897374784
0.6830374350040785
0.5058780528055877
0.5196698093747264
0.16884717226567458
0.4325519893230926
0.5684951570569098
0.8079216171914797
0.14253628531159668
0.6958625708394622
0.73390783203154
0.4310872942041044
0.4138192247813992
0.8612516171070104
0.20628268431931773
0.4350461953104289
0.04961754859948897
0.0011799345069212208
0.25863430431068013
0.04442823364112913
0.7689188000384495
0.6810776799585514
0.8878057109896257
0.9447080131081719
0.6968032234233342
0.33537807346127346
0.6897103271842985
0.3013300466423162
0.6772306968650645
0.36065632885278165
0.39116693710426287
0.216886691849989
0.03326231825034587
0.02350387447239899
0.48876266039478866
0.03107966070205015
0.7550527372196603
0.8338751843241146
0.37648109876685776
0.17689893468996054
0.3746793841254463
0.6371952231220306
0.9913341399597333
0.5548824816271789
0.938552296613056
0.24358225613036255
0.4287437868193902
0.9134037491169608
0.48065125790415597
0.9790825606913658
0.3656611548638674
0.2692649906207979
0.9477502156229671
0.11850446799964987
0.8980869707860751
0.9709405589670511
0.16148715174613826
0.8226281952544473
0.7688392747310234
0.5228129124957643
0.9306568341709748
0.868729752892427
0.11784078031580136
0.9486896622871398
0.9927398859069202
0.06787270636126763
0.6166730555377277
0.9964867917933056
0.19083661800506446
0.5455366324700552
0.03622023466911539
0.8286435252828128
0.5730922636804642
0.5890918473625175
0.601694055698815
0.36816449704147547
0.30251160567555513
0.9414892016706509
0.7490578505191756
0.9440449913126285
0.018012565787435375
0.2131192963655345
0.507991782217333
0.01886388961755392
0.9642472440930364
0.5329231482088724
0.2598440981456558
0.7730619614831648
0.6044103557842898
0.012212298103003172
0.5393920068806495
0.21893792278336166
0.04674900038810914
0.5971401804734168
0.2003805680906774
0.7437489991846525
0.2731314282363191
0.1868846597306616
0.06672326098654036
0.9996426706411722
0.33066555234928363
0.9077975161604616
0.4920737350305936
0.9213461599084763
0.7936648932030353
0.9982663676653755
0.965077993864478
0.9481141465237217
0.15101395565820153
0.6850789290688486
0.4573868564760156
0.12496474771467325
0.29935121258054476
0.11441697854722832
0.4665926856878474
0.10264049292068067
0.4144833418293761
0.0224216416676547
0.9475693268514571
0.009508571725781345
0.5846084356796937
0.055352480432130036
0.5015227880787383
0.7014555888107386
0.6528756854192614
0.6490982677182936
0.03592919442344722
0.4651918509224007
0.5657311335381122
0.48162876757705564
0.6311575555886089
0.14524662158101054
0.269735699966663
0.8779591501097027
0.5119977259493985
0.9271042644705219
0.9835438592758983
0.6876556100767802
0.000987743762316362
0.8520833292038482
0.9432220997155015
0.004786117573499893
0.8673020628427112
0.7123270492736573
0.6505211543522004
0.36819168547589654
0.12030639533078535
0.21392930148656908
0.181720110830632
0.8426106894898205
0.5961612145149137
0.66334101575759
0.3563197723112712
0.5705450811397078
0.3069939882374628
0.0439577316753037
0.7968571962682313
0.22270303368626687
0.9938181109963216
0.5909069080142701
0.8801378505966767
0.22134968716983072
0.28162490778299376
0.4156175237831409
0.8643502425360938
0.7460042719370612
0.4450372732178284
0.778630215777586
0.8930607955755948
0.48895941815804045
0.6000479232355993
0.6621468352004292
0.37185517653252365
0.7667985158416096
0.9152358068228955
0.8636546552385351
0.12881384343615343
0.755999935560294
0.8483215312531148
0.08769942391801988
0.13817411979057104
0.79798558028035
0.11554684739800225
0.8393100895830654
0.4435339106491556
0.3563742391936473
0.21115019508328792
0.11750052066050187
0.9243056750707196
0.020067028650608165
0.6905283433206496
0.34495171450631645
0.04966219942007244
0.66721702575013
0.3284730527725609
0.4903467714418819
0.857364944818362
0.7545496273619945
0.5786983185172301
0.8645823962638717
0.29910020550048233
0.7218498292845006
0.9526985154090927
0.8903734944922362
0.010949604113236089
0.2873477541100836
0.5150222862173892
0.8766691074702959
0.3398781912263369
0.6190218525206745
0.7930983792444202
0.10582350935064333
0.9894056489259513
0.8385542098002953
0.7891941023957401
0.21150228216496159
0.7591108187106956
0.7466289916903694
0.3936354642136004
0.17339547785672893
0.026168334026855478
0.003441327984864073
0.8597435846530611
0.5128176099727949
0.6282913053223209
0.5018734182599821
0.5016867363430569
0.8892937825327
0.8808988003996834
0.9487229690994889
0.9056213993311834
0.3001918747973241
0.8601278337288912
0.4139653119393142
0.814685283154002
0.25442624815494974
0.8642412306926409
0.054422329442816664
0.25383964786875435
0.05504576777378001
0.8624786168729259
0.05002524214409554
0.03244998741273741
0.5229705405443879
0.2700133271798649
0.05055052857532816
0.45401153296721497
0.6909942961093748
0.020854587517263323
0.28319053454098775
0.2808129749247932
0.5754533411811049
0.4921759263273159
0.6994436209221015
0.7893006143500508
0.9477295867590386
0.009658194527914388
0.6593333400022023
0.20139015236364588
0.9244313511926691
0.8113930502864312
0.017790274846004595
0.3108042251955575
0.08940597627308955
0.9437970188058454
0.9400757819963861
0.7627801200595827
0.7212024300286832
0.2994552627432281
0.8423116404086568
0.2718770795832157
0.8638603728213965
0.7572643772537949
0.8930369415627755
0.803394181866648
0.050902221791016666
0.022500637725622274
0.46087981501095365
0.4693739484084729
0.08329499097385384
0.9759538257380814
0.3565934967389116
0.0929615319172894
0.8036855800116555
0.8725261812419449
0.6479606074335139
0.4535643055211652
0.3268320809684373
0.1936072729635232
0.911884535884224
0.001279534437311991
0.6749092032174027
0.30891184772800173
0.0024075736333192266
0.7049596885335707
0.5049884486445976
0.34953493503180055
0.4995795683858101
0.25512075291991054
0.22231703904617894
0.46960382093402686
0.3368825443285338
0.7154006729336893
0.4683916544927519
0.4858895804003308
0.3915844848052633
0.7081012766758598
0.053986071085535214
0.30709990887972516
0.583721003194944
0.4604283069748649
0.14303904819578062
0.05448900576843141
0.3864237290957806
0.9042871639869028
0.7528023170037733
0.44636109914611666
0.8844815777141001
0.6458421595338957
0.9496613471660063
0.18323210168447812
0.4051798148729374
0.9998206280429756
0.6938370592717251
0.1636302865390914
0.9232229584818594
0.6512044015860344
0.37660607747090136
0.10575042673154467
0.09153277980366048
0.9947168320845918
0.749347729931735
0.04095113826887531
0.5497491322355401
0.9881421400305241
0.3279158776277624
0.4840108976672308
0.048531542089042645
0.22931374907956703
0.8335245076500045
0.5260348438800121
0.2907168074042267
0.20908030193829197
0.3332062266178887
0.41821013762971027
0.441281605485643
0.36761203445432467
0.9274258178543465
0.44549189867304684
0.2675494856884225
0.45242121623837295
0.9241847589778255
0.717868924827719
0.6547870138544175
0.7960172948717548
0.3888286888814946
0.7015323297335256
0.9061370676596625
0.2733211016713314
0.41410476293009824
0.06357476891036806
0.9742677793094806
0.7010299650225681
0.48006924811190665
0.10952422668159556
0.8568245680117735
0.5243767430179287
0.39439120431516617
0.8244569463776708
0.3260465206568689
0.049854195853004546
0.47406165487605134
0.2809575465823909
0.6946727586527078
0.45386227649734634
0.2084785118482425
0.12359319667082658
0.016232395640751407
0.26228375803602155
0.7918300961196034
0.944595289695571
0.37193368991241915
0.2815614550794574
0.0007483485998700523
0.40077047211280215
0.7132697489454936
0.017312487536798593
0.038532118858198405
0.7850679143732526
0.5291733142959059
0.5308691838089387
0.7347034533401652
0.7137988276839007
0.27922284428579314
0.81584921181119
0.23385115301466897
0.8267874686509507
0.49359223900416505
0.18302388108946754
0.7548820490051513
0.32778857731068045
0.358436979285786
0.3971306631688485
0.3334412265283543
0.023402658162593903
0.9265549432711998
0.5749081930063492
0.9418181921235571
0.8584783518069758
0.7501185701829485
0.6593228965660612
0.17423900925217273
0.7290615408165013
0.911256697583828
0.3900291898738958
0.12916043901977547
0.937885662111639
0.7866732081887212
0.46272338255489165
0.21034474904678768
0.2833634616044557
0.7773400566040343
0.4473147205250667
0.781507115726043
0.36342982527391576
0.6560346634400952
0.7732136931644538
0.9850539021200243
0.5138031350342211
0.15685423939564425
0.8238048250357142
0.6763334123974378
0.5492829529663096
0.4874327476007769
0.9209215824634235
0.19972819972623546
0.9393575775887443
0.9188479184694033
0.05574624824420937
0.16743440679445964
0.5362851886730863
0.23588223788569795
0.061321437181075966
0.13554724925698314
0.5900109064685986
0.8223710507319333
0.7197657779834943
0.3176924542877412
0.13757512342840184
0.35425032534016143
0.5106389527370869
0.004745360524983755
0.04663241917947669
0.2419053162866306
0.7631284929687977
0.367571043205585
0.7387593488205875
0.23739093451483362
0.390493069079919
0.5640224549555531
0.30980112023825723
0.268799197572127
0.7700258086286373
0.005130751229421304
0.3346755408315021
0.4695254618023291
0.5628133074017179
0.5733756365011647
0.8400354731951413
0.5325901497712426
0.37285076248391547
0.368941644174857
0.1503161161229577
0.23978578589792865
0.4235205356773978
0.3157707936178358
0.05057358136001311
0.6812671599341008
0.14678393836049652
0.776206416155294
0.3272636669870709
0.6523322345302527
0.003268005573019206
0.5356179230306122
0.7530505197266963
0.2899602471553253
0.9141972103284849
0.02963544274629948
0.7784890627707863
0.13908653335446786
0.0449345307374609
0.24161386095508464
0.703523627463481
0.031525116733391756
0.8293842235124335
0.16546973600930293
0.9698354389462328
0.5034935072340965
0.6858486685012004
0.7163295095578588
0.22163319424360828
0.8919897735227093
0.3496751520764555
0.6509587900891453
0.4225077232774893
0.09055275556995224
0.23761765494550924
0.25973086840745463
0.04492457246923509
0.9103241601261114
0.5889071051606302
0.8372325975373514
0.22584168252574754
0.09672389670584813
0.9585186484391629
0.27009238054712803
0.8914856349108623
0.8700537484890826
0.12960739922938225
0.9580609015508491
0.015088752006826911
0.49480834330559786
0.40818147768404056
0.7102957030198386
0.3848230857602519
0.6254952891703156
0.12261727561411817
0.03171970941224611
0.4263840859013034
0.5248818592852958
0.8327366649804115
0.12769888506058746
0.7813370128660763
0.1239808413953627
0.24732822779931096
0.7196303250706609
0.4744007165385269
0.355863943452536
0.7994714124940605
0.0034083125895723043
0.9999689954003501
0.02955651222633393
0.1796342286035446
0.5721156448022048
0.37708713922571513
0.9722696558304772
0.39036200470697124
0.3376677571804283
0.9326148743384959
0.23906381978765134
0.8951754514242467
0.32774328146980036
0.7603673302022051
0.3481810827389742
0.47542212656932514
0.987451014938649
0.9519902909631596
0.8693214901849932
0.9819674644945369
0.5726739253248085
0.534785569698272
0.1636713728186565
0.6312598217325633
0.9083965816007632
0.7573544402032347
0.93729056884272
0.038746130984264604
0.7529773011651955
0.3307391844374955
0.4628996638882962
0.8213451896179643
0.7428377215891272
0.0005908169389714502
0.03083952119581712
0.26748847183693725
0.6858706086021529
0.033689313293256085
0.06165416978822669
0.31565233998420483
0.07303300229813814
0.531039872189281
0.2370292026225702
0.9970462091604344
0.8729725395479024
0.7673643026918819
0.9216570631053973
0.9522885794946313
0.7144456890896755
0.3843984312745311
0.44995513397950426
0.25150171542498534
0.39333537132230856
0.9102697428514346
0.6460891576471325
0.001731453612482392
0.49766361761219746
0.9980600542009649
0.10789023866048075
0.2260699053238725
0.2686833501800703
0.6023660312555531
0.2185833618731703
0.18194022812472888
0.5467060111486377
0.684348774799544
0.37449513102652876
0.213587663871039
0.041126190607438384
0.723990767042025
0.6423933598916791
0.41837037508707453
0.24604883675476652
0.14277318434520703
0.15209034987031966
0.00935220659641256
0.8177450686943416
0.8230534171211017
0.5883934366273005
0.05545839291473664
0.6726250708236823
0.21549405070994998
0.5310520995820099
0.14862035747922797
0.441174847480728
0.04930925064175673
0.7011542637354998
0.4781718314492619
0.44623159024485437
0.3069280042086334
0.8851326902836435
0.31333246925212566
0.6355167789564979
0.06774095485831255
0.8396151170479045
0.21078051913198448
0.2961343174440634
0.8736894843999903
0.6694619630868379
0.3920641891195137
0.5755361687397668
0.21984497828535443
0.6408175817033726
0.08650122907795188
0.5039305369239306
0.4235236534088719
0.8141909814701758
0.6517017152742963
0.7367314283405413
0.6737533930534102
0.9979205828234271
0.3648313283339758
0.18607848390760884
0.6879328493648803
0.5433780834903302
0.7074792761610721
0.1388835030883232
0.7797882193103576
0.9332693202092612
0.871162114719959
0.7017682773789214
0.9568656777867073
0.12285540119806748
0.23776197901988483
0.9156705432492551
0.042604952782022254
0.45835999067112565
0.5141495142051128
0.4155021608136289
0.46981199981935273
0.32492861135477846
0.005764069609290989
0.07982412169432407
0.9732650709610899
0.30501735911094985
0.842898435405788
0.28615858084894963
0.46745067194568324
0.6493090445499765
0.3156755185081248
0.7728030941283479
0.5807636104264496
0.4367590809536944
0.5547223321842721
0.33649927725541673
0.6546471002731621
0.386538508972157
0.04472555909188891
0.8947585466171702
0.04663111671103437
0.8220717555140666
0.9215555939355975
0.04414838497125728
0.49231525679990706
0.7739012151694802
0.31405771693678
0.5641217307598048
0.9251064121246492
0.6678525050667921
0.28087318873787204
0.1262860328319947
0.29049217195144406
0.17687754582361537
0.30882033231671235
0.26097481604789985
0.6774707404272378
0.2525348993409937
0.3177272284562974
0.5841012846723698
0.957951573865147
0.9815054737066441
0.08078657170390557
0.6340748040464151
0.46665948079692465
0.2187722269472192
0.7167300191686494
0.3132658374371894
0.9093880256523458
0.838452956361106
0.3548721231322962
0.8791989415044813
0.5579865523571916
0.7693291251303743
0.8548630421031383
0.9576722511609144
0.8067842777958595
0.9630282755899636
0.7081694238080636
0.97144934408833
0.8902598582769996
0.9453032814675665
0.0456292075314666
0.3547189339461696
0.8183298705896002
0.9610574173897385
0.3724392784555627
0.15469250969110804
0.8398682280657711
0.7599901862413438
0.9980964115621032
0.05165299025446868
0.04362812907472968
0.7368227888676153
0.8587719601626634
0.4916109361920422
0.014518324276130645
0.9707652910917348
0.6125297103714905
0.7435470003265379
0.45814232462061844
0.08876990386219707
0.7420425562555608
0.08120227761662213
0.846546028604113
0.20566578449603146
0.8199259651297154
0.1691772986946114
0.8968978494223457
0.253089011746519
0.7511789124250977
0.6939248162184879
0.12763493612707522
0.6701773292041284
0.390255414513742
0.12323130794280335
0.5415108581864443
0.9891285879236072
0.7337490116580424
0.9677018942769062
0.926746719952232
0.9205400090230074
0.3270276871865313
0.7443123463682835
0.7937831400631014
0.1680901707838015
0.058311654638599775
0.051518081065731636
0.1916565998107782
0.2881220827024632
0.36735717788532807
0.2106004877780714
0.677545347321514
0.8316037065412213
0.7296908226523635
0.7543489663943713
0.4758573044456368
0.7040777865711394
0.1621124740791252
0.9790978193639678
0.1505757719333234
0.14729231535431353
0.5804709973494461
0.5029228653468883
0.6954540019086268
0.7566079937538739
0.7818547942782306
0.19066290321254709
0.2927465964617747
0.7133065053542069
0.671525813839654
0.2076410422064915
0.8141421636600144
0.8630647569439706
0.5640134585000854
0.5320982620989329
0.32455678442136804
0.941788266299302
0.8945813285281322
0.4519731951911027
0.4464781562180261
0.3595459292660509
0.5593646972989011
0.8231930716089274
0.28622241579947305
0.42478300106285805
0.5134917472315517
0.37422472704257426
0.5387596858427467
0.6361429014463252
0.16445236536979913
0.9846563914860507
0.47886993484548435
0.9414417754964466
0.34076153180334023
0.48270769370280453
0.8994757485052445
0.9240521968263821
0.02401289882044577
0.8701294840505294
0.6737824229826919
0.9754981353593837
0.26828626209311157
0.7724420191859052
0.23472761613780957
0.36013058361252914
0.5199809734687728
0.9263502587259259
0.332731008012199
0.8752329285358262
0.10185412858253817
0.3003533140507352
0.8262321244965924
0.26938173200790494
0.7242369330564908
0.6538624445700195
0.0705104665323365
0.5660994488796185
0.2394311397002371
0.28553060422845655
0.31434615747744
0.5967452098498975
0.2485773560544997
0.3044396443245255
0.2781207602460757
0.11468371017256085
0.7269513495850369
0.19021947589409838
0.3998936901928041
0.052241990052854126
0.2149334853484005
0.9126296784109104
0.719705226174032
0.43034724573807404
0.800296249813791
0.7128530294307771
0.868048371101785
0.71048320795873
0.8837174425693334
0.3113062667147476
0.49245217485339443
0.035477005253332417
0.594534568213452
0.8360062165090646
0.9927079784243135
0.8843672937803763
0.2464505880010106
0.7426934721344345
0.8591446986983198
0.024017049525361878
0.3860579302866366
0.15680004655108326
0.32308841627455986
0.2837733108081232
0.5951500709637526
0.09901373394014179
0.7759591013734108
0.19347127839138123
0.5205399571683452
0.3307464112424504
0.03518938898860546
0.780908042908881
0.5978147736754764
0.4730701292524091
0.8004712240239346
0.16005703380605374
0.007408574821645364
0.022207954211781455
0.699879227490051
0.10194646662942286
0.7937960442998205
0.901736234335348
0.25446352140260453
0.6879782843441874
0.3304668220795647
0.7293660688514216
0.26477536635779586
0.16324228982689992
0.09066712278520295
0.5743877313513881
0.02641033622054323
0.26962929796978197
0.5923432535962954
0.6075612276861977
0.8203137110968981
0.5259569910576191
0.7871506985833618
0.26905404480192296
0.002028836190295036
0.5913817727079552
0.46346239372461007
0.5863444015911135
0.26725626982534567
0.1371631508984339
0.6339172850048942
0.2200685898922029
0.2217831275884523
0.6860059460152186
0.46181841584825256
0.5514017376923176
0.6237713621825703
0.268586360187523
0.12967727868232737
0.38906607402343096
0.9458991476915652
0.2511923794099076
0.44112992196724365
0.9083419861005941
0.13580013192145413
0.4395025635124231
0.08541214538638398
0.3661634920887016
0.08035219147584904
0.9559041696326678
0.939854142017657
0.608909934010832
0.8191154170116833
0.7529179480904923
0.8749642480620123
0.9155601629209932
0.7680227449461593
0.34782261084653554
0.6277726758432636
0.6948335776473875
0.03880238465300101
0.1750947806929105
0.5931144436026607
0.4155541725034134
0.979763217704147
0.7085479382467609
0.152807133217417
0.6440286422794104
0.6193179447639835
0.6415206145440783
0.22276556294737693
0.12290655353940294
0.43017610945134255
0.787163043067856
0.6330967667146521
0.13222028296292088
0.32138945972919053
0.1001814495015465
0.9875113136460884
0.31050810261542305
0.2650383409482817
0.8136844025104678
0.967656980458559
0.7625548355642796
0.17980190219561243
0.7355187636930642
0.3278120397951729
0.37014814317295164
0.010460627797358346
0.7944945623135641
0.4242394074623338
0.6319244249213576
0.0816966718976957
0.7928777775169407
0.13166180222574275
0.6493288000191303
0.7441148660843743
0.5749552070468504
0.4911056071607445
0.02812861367884112
0.9464979949573334
0.36019863316633194
0.26466300492904526
0.13167793713468257
0.9144076726852889
0.353878630771995
0.015159208883505193
0.09231385421789251
0.26021225645604784
0.36126842513216884
0.06320578361466278
0.5186666967272139
0.6574845773282758
0.4863593968394726
0.8318613530884789
0.28760161890046865
0.6841329706042303
0.7163803937800712
0.13594955137412823
0.9565355114851608
0.030405507120379704
0.540478123210792
0.6480099280434278
0.4893708402153597
0.40759336491821974
0.00010032414950700286
0.5973857337559327
0.8571347934221506
0.034493001608299156
0.77542512871454
0.754838941290982
0.19476150507566914
0.14704557966809828
0.3675712435473194
0.7165602248827703
0.6181595589422235
0.7005960731410144
0.22160837809274714
0.32824446962938014
0.6316421260698658
0.18609931443947614
0.9643940104345828
0.1844859095212933
0.6082022610844744
0.13950640584194296
0.9023133703320361
0.9434379966130975
0.5450443300076366
0.8255903071020487
0.45064419026766245
0.14958629894758946
0.684957224273389
0.36606626451754865
0.3154681054429084
0.16093989831294964
0.8196444958342219
0.3569616171018418
0.8430144309140734
0.825846795337039
0.7603160881174436
0.9322161544973577
0.268721484251328
0.6101617750939807
0.41637389482662746
0.10097455439750402
0.8304732568227632
0.3972743716430658
0.9948193425945033
0.29229346090113795
0.8810895887367916
0.009272418098699053
0.5499886501912858
0.2637517460254615
0.8953721347131327
0.4546907252078072
0.058992954077227155
0.5676339242276192
0.30123240042907606
0.9955512886871679
0.23200036262456836
0.706312150509128
0.20670252181808946
0.9088044070635686
0.05198496952348275
0.9867759302161717
0.728305411881302
0.22924463339820578
0.643240152750213
0.5078469040301187
0.9328578509578215
0.13023844536124052
0.11789146554863972
0.6535888584697335
0.09349699073956808
0.47596516176554415
0.6661708981995231
0.7062124236974772
0.14437771052600323
0.6090274698314538
0.5293083743271578
0.6232783748966024
0.9329840832518129
0.5730317799275698
0.4795622439236198
0.6866657630688727
0.8426608544811184
0.9459922724851187
0.6948790511631769
0.22109856834348907
0.8200916368082831
0.30943867053982044
0.830270493621306
0.5251712801922156
0.11443180388768925
0.8517130126228734
0.04665966246194542
0.22566739403804248
0.9374687093173042
0.4062463897054308
0.9731986537612755
0.43510972628527955
0.23375145534474762
0.4451218332653042
0.45414558131614535
0.7558341834458098
0.891734503377494
0.21302673363950975
0.44138617812616565
0.6859916770860749
0.6463850964921958
0.847218382660297
0.33863014305423256
0.5901808321131332
0.8941338245930192
0.7986172793604437
0.39497510269395586
0.6337191657568438
0.2534176747046555
0.7175729690806366
0.7078576710212988
0.9722871235302428
0.11204663841928075
0.29064288278214
0.409111942549627
0.8001188321381708
0.011937131786744937
0.9694820935521933
0.8344230076403502
0.3757916946574267
0.3542266264196151
0.17560737637338963
0.4065271933051996
0.9742896799953104
0.07723792071578706
0.7039251855534487
0.25836454089020666
0.7012843559011606
0.33602728335124754
0.48591337015380354
0.48502251432110144
0.7430749537568193
0.962694335741101
0.3261053395031206
0.15226895252772876
0.20117617801000431
0.3364447572846614
0.4374236263044954
0.99429406257385
0.8624230316552041
0.9905985880768925
0.750226676358523
0.7161142857127815
0.8094989066920734
0.09674947325584349
0.4062094895910142
0.841643204658933
0.7284505457586724
0.8745613795025718
0.6910488647300237
0.4587657535360654
0.7210866462736859
0.1419008463388719
0.44819082656609466
0.7335380804305001
0.5134279378357337
0.53670504728805
0.8075486569159013
0.33150173167179076
0.7645418588568766
0.21624875774786478
0.8532413459666531
0.5601525997094811
0.30131680768254276
0.9576424833624313
0.2634994382519745
0.27003237284121506
0.496413781933974
0.2943770327208721
0.1366396492605385
0.4530475412353633
0.1152529265658595
0.3111739281664526
0.8792033075102896
0.9038270266668528
0.5876654795881956
0.2738181406531879
0.7816658774447749
0.00042919737235880273
0.5482094521803933
0.95632694397326
0.8409581597263932
0.44962799927668506
0.6096044534849454
0.8293125552661094
0.8146587304429384
0.06249985446005779
0.7739879038763576
0.9337413164544426
0.6295417521891938
0.9501867144955267
0.5913112287462587
0.6066440620208391
0.017454241430458484
0.05583592410769411
0.6485281182035725
0.24666402712650604
0.1637540558486007
0.48207164661145707
0.7496994145107341
0.26233289360725454
0.8311374500637285
0.3955259366672791
0.07699858105571245
0.7106547319412702
0.601184594876543
0.10251140558843663
0.3480598477522664
0.759514705978828
0.3550600393927078
0.5560244339027531
0.6800484332752086
0.007117490211546396
0.49901344072488263
0.24745260621586762
0.6092956084640064
0.30068943788383895
0.5322922414900897
0.10298118849098048
0.4488766222929841
0.9202939406754542
0.9970384217065845
0.65259793032845
0.26542223245061514
0.4899136793901401
0.2832903207726628
0.49455218733673767
0.8704987767166491
0.7093685650669258
0.10104986940434624
0.5590436446884861
0.05509051649066321
0.39559120687640237
0.6515992396693541
0.6477220701151928
0.9300028644745054
0.31994025149444794
0.8838970588844182
0.1488428637451792
0.36847502612319327
0.9336762089489671
0.7553159127606071
0.7925238666691885
0.5027885925182531
0.0864345876914624
0.5350427478358891
0.7022619689571816
0.48178087159346883
0.07647320126057477
0.5564216084438763
0.2445869066388514
0.09910511976389658
0.26306159084557024
0.9527420007714221
0.44004651286470087
0.5555042654669243
0.41742041311979605
0.44868597855967074
0.5989877725740249
0.164375682144847
0.6463140902410867
0.6735287465701542
0.7809941488706598
0.9536218889118349
0.5438811885881842
0.6058953980740638
0.10794711430034487
0.7350314421926787
0.17258282981710693
0.46781532315381014
0.4070945673440901
0.8568332440644107
0.5093369617821591
0.5321974139110591
0.803439733575892
0.35384819997802364
0.1618355612139334
0.7456984413590462
0.3226827999259988
0.12744236676165432
0.6992284825725613
0.5451679084846586
0.04119466539842287
0.6726130261194717
0.1630291752040537
0.9049258151161105
0.39246584395712825
0.7495864373461165
0.3109272149636809
0.23000966983680426
0.10220535593947
0.059880111455641094
0.658534863399495
0.006910710409712251
0.5573752739274963
0.9902870900263829
0.09260387074156262
0.14839224059579748
0.5466115262022709
0.08644148527763706
0.2994182714312458
0.14306716127789076
0.0868141719923734
0.7781729089619019
0.72685807238235
0.4848584829880772
0.9918401490995067
0.14850308938423917
0.050177571749191685
0.1987437464505839
0.5329053467209622
0.13544797142160037
0.5406772592491285
0.583566583194342
0.232206021678673
0.14420798123783873
0.8011986119797029
0.3744740213102694
0.6983838058785243
0.004606989779141757
0.7699638163124017
0.8301322573506243
0.45382008266250606
0.38789729825154673
0.08565644345544554
0.4640517435322422
0.29675460599831094
0.3569561490282315
0.21437678903503177
0.9733529770626738
0.5498150563011841
0.5068739252834372
0.7282958359073255
0.7801581659441552
0.42338281585457105
0.571259318207683
0.7465955191977399
0.27378770034039146
0.06679174692364831
0.6669336067743167
0.89336451073739
0.9485992115952656
0.38514212846593565
0.9181552245593176
0.637762446784791
0.08098327778064851
0.8128909912366336
0.2300956913128105
0.5452261258558756
0.19794325131820056
0.15815648470307375
0.9893844312017235
0.8766749634450701
0.3934493464975145
0.46589664710546963
0.2711543555368042
0.593141611606611
0.3942277199509222
0.7983711785557772
0.19333807988929064
0.9904961346508534
0.5954653647592296
0.40170297033797264
0.8288118382817586
0.6391223347297081
0.47294029147507777
0.7985108571577044
0.9349777144737133
0.7159896444151972
0.06461081339196284
0.561771804798911
0.8853756824545697
0.2933692236341173
0.5752315236307638
0.2122120651615984
0.38510269797226626
0.805139029006523
0.7486369808642805
0.9224028581928826
0.8716566155635247
0.3284086997213447
0.5202171319858516
0.6743312762729793
0.9770230814649186
0.33467699964340647
0.6874456693813699
0.44014085784104173
0.5953396752460922
0.7034631924989854
0.0007201331488863039
0.5011811803231148
0.6737312234633529
0.5237009667137665
0.9249992254487693
0.8135305929309673
0.18191134416014176
0.07612348973628835
0.0623353594269197
0.16292195355052086
0.45864071082178026
0.01781241726009508
0.6650856809825404
0.7498302451962732
0.9423146785222635
0.3191813575912822
0.16876470065772253
0.19389559059261474
0.8997260085999483
0.8007470172030073
0.9928804601337344
0.7498544793858785
0.1062524064264927
0.5208644147306286
0.4141563764579791
0.5103716099102082
0.41308707962478797
0.5960448395600078
0.6625047128493081
0.932234712987754
0.4895281809571914
0.4010487331358763
0.41355497890987736
0.3447579761217884
0.7025673122428843
0.31216581836936397
0.02746643824844608
0.9311696078484208
0.32824039368433366
0.8939321024951138
0.6814576616587515
0.9494096350254985
0.32155196355110893
0.5181590766621662
0.15427941332633455
0.9315328250467129
0.18975926506691465
0.7867616597967378
0.27264661811958457
0.6906470469268227
0.9003695417244417
0.11825404438036236
0.03049055674371315
0.42514940399322043
0.46499833909800303
0.8763691017913494
0.5460059653925541
0.7475421272738847
0.6666067923706627
0.8050627691177522
0.543335392251934
0.7271363487611532
0.7539877537854649
0.9050530579351393
0.882769465966845
0.9174543379758376
0.4046000406858501
0.45065435848136703
0.9213810469687772
0.5408437660073132
0.0382035673233706
0.11045272400083594
0.08213932837347404
0.468768151148656
0.9114296794296038
0.3034800645676192
0.8179430275131829
0.5512408853611676
0.5667330496259769
0.8002202997290414
0.1938946184542112
0.5453548610499354
0.6963794599934174
0.3680444687999853
0.5609998351466666
0.4041673458335018
0.974327880765774
