256 1 3
0
250
1
80
2
12
3
252
4
61
5
200
6
109
7
184
8
171
0
9
10
186
11
50
12
76
13
87
14
42
15
136
16
227
17
156
18
156
0
19
20
145
21
138
22
199
23
227
24
117
25
97
26
200
27
95
28
199
29
45
24
30
31
131
32
178
32
33
19
34
35
235
1
36
37
135
38
178
39
147
40
178
41
48
42
254
43
182
44
236
45
189
46
131
47
53
48
83
49
175
50
198
13
51
52
242
53
199
41
54
55
211
24
56
25
57
2
58
59
210
60
105
61
199
62
112
3
63
64
93
55
65
66
165
67
130
68
114
69
120
70
128
71
120
72
172
70
73
74
104
75
209
14
76
61
77
78
210
79
143
55
80
81
114
54
82
83
246
68
84
85
220
86
110
87
200
4
88
23
89
19
90
91
120
92
200
93
117
94
167
95
186
96
130
97
222
98
121
99
105
89
100
101
195
22
102
103
197
104
215
105
119
106
202
41
107
108
157
108
109
71
110
111
154
112
213
48
113
79
114
61
115
116
129
117
150
118
234
102
119
120
191
51
121
110
122
59
123
124
235
125
207
126
150
127
164
128
237
110
129
93
130
131
251
128
132
12
133
134
228
135
143
136
246
137
234
72
138
139
152
76
140
141
208
99
142
143
248
133
144
129
145
130
146
141
147
123
148
80
149
139
150
104
151
152
171
153
205
101
154
155
198
38
156
119
157
71
158
148
159
160
231
20
161
158
162
73
163
90
164
165
208
166
232
123
167
168
212
16
169
170
240
171
253
83
172
2
173
164
174
160
175
0
176
68
177
164
178
129
179
86
180
17
181
154
182
183
199
9
184
126
185
186
247
145
187
188
232
6
189
190
232
2
191
75
192
51
193
191
194
24
195
196
202
129
197
70
198
130
199
21
200
50
201
185
202
31
203
204
244
64
205
206
241
4
207
208
216
45
209
40
210
211
225
24
212
41
213
119
214
46
215
135
216
157
217
130
218
219
234
180
220
22
221
184
222
223
230
158
224
85
225
226
243
25
227
13
228
136
229
41
230
66
231
215
232
135
233
76
234
151
235
79
236
20
237
131
238
229
239
220
240
150
241
239
242
231
243
178
244
215
245
120
246
70
247
227
248
158
249
83
250
141
251
248
252
228
253
137
254
89
255
0.764407
0.906059
0.869732
0.035101
0.952313
0.797699
0.498353
0.799261
0.159334
0.472229
0.527722
0.139987
0.310213
0.637396
0.352461
0.304728
0.44577
0.423796
0.511279
0.920161
0.037427
0.349112
0.094713
0.685092
0.922739
0.470437
0.026886
0.974834
0.530867
0.675967
0.238119
0.395387
0.19341
0.517729
0.5539
0.18105
0.074224
0.984557
0.646245
0.322534
0.152613
0.469543
0.809579
0.366463
0.061388
0.315408
0.245931
0.237003
0.521648
0.172035
0.31129
0.101915
0.150331
0.270282
0.665486
0.891076
0.057146
0.830845
0.762936
0.381269
0.507021
0.91867
0.467512
0.926215
0.493096
0.657038
0.369035
0.695896
0.015961
0.273307
0.591247
0.504549
0.090959
0.299878
0.856522
0.830302
0.358341
0.085871
0.582659
0.877766
0.675852
0.944884
0.008883
0.322284
0.86664
0.825465
0.655786
0.368793
0.569844
0.684615
0.500151
0.931387
0.553236
0.897638
0.360147
0.632967
0.004044
0.835343
0.568468
0.366186
0.903152
0.486507
0.730906
0.719727
0.611003
0.937454
0.4272
0.286251
0.440671
0.341974
0.267387
0.927849
0.065016
0.251296
0.277947
0.250477
0.721259
0.565504
0.302337
0.34436
0.164152
0.069231
0.818651
0.668876
0.885017
0.667977
0.082105
0.558731
0.277078
0.475667
0.121238
0.870564
0.786238
0.108939
0.231379
0.03087
0.383807
0.763886
0.136323
0.335093
0.883015
0.590884
0.579043
0.431665
0.564724
0.17673
0.417092
0.339336
0.978056
0.773957
0.293479
0.107702
0.203677
0.042463
0.642181
0.014478
0.005737
0.450108
0.153398
0.850403
0.482644
0.387779
0.780273
0.32096
0.098875
0.664615
0.879237
0.201683
0.342491
0.676243
0.05861
0.694843
0.02468
0.272649
0.602356
0.378528
0.33763
0.357616
0.958399
0.679886
0.277598
0.841063
0.529216
0.766233
0.302557
0.413098
0.969839
0.551832
0.63498
0.455921
0.951866
0.323641
0.479573
0.749028
0.46328
0.24968
0.033895
0.753612
0.012865
0.450718
0.469304
0.514771
0.388256
0.770211
0.982595
0.751922
0.139322
0.43441
0.264916
0.488511
0.315198
0.637099
0.049435
0.407024
0.032026
0.595288
0.993658
0.262395
0.480414
0.972372
0.425935
0.124981
0.607901
0.372488
0.899331
0.974837
0.218835
0.981509
0.782911
0.13235
0.95704
0.005214
0.950615
0.114494
0.103557
0.617489
0.595254
0.142269
0.536478
0.055741
0.18087
0.447877
0.802748
0.574958
0.828213
0.572875
0.45697
0.187987
0.581152
0.21968
0.649518
0.695985
0.241894
0.725914
0.235785
0.399716
0.479336
0.796119
0.152076
0.080525
0.291566
0.647141
0.530282
0.999808
0.035949
0.392159
0.940815
0.154974
0.190134
0.397557
0.820536
0.848189
0.094068
0.301616
0.383835
0.63319
0.924487
0.57506
0.193027
0.945794
0.00948
0.927013
0.585807
0.888124
0.013275
0.951996
0.730649
0.026707
0.66776
0.862558
0.4486
0.8051
0.382419
0.148431
0.968806
0.750087
0.584209
0.861749
0.442156
0.143997
0.198194
0.421476
0.713728
0.138849
0.029498
0.172201
0.327791
0.483502
0.154089
0.405255
0.638062
0.608843
0.291486
0.001796
0.279203
0.748721
0.70236
0.499496
0.014073
0.290916
0.120655
0.695683
0.875922
0.834544
0.484576
0.421009
0.623226
0.261157
0.059378
0.489202
0.308154
0.099949
0.803764
0.073655
0.799604
0.110665
0.86056
0.110667
0.7943
0.553632
0.825345
0.84096
0.360647
0.86258
0.381913
0.221568
0.842084
0.715321
0.689103
0.253838
0.262932
0.893944
0.916107
0.670235
0.171817
0.583316
0.219713
0.439717
0.909686
0.100642
0.627353
0.175132
0.199831
0.694985
0.150937
0.385361
0.801618
0.806806
0.392584
0.389932
0.347039
0.110464
0.432425
0.810644
0.278407
0.973426
0.4145
0.862845
0.3416
0.251687
0.042043
0.126004
0.307131
0.741611
0.642884
0.843767
0.459454
0.164357
0.466498
0.531811
0.559355
0.189617
0.906872
0.765269
0.479401
0.735802
0.237708
0.102308
0.9661
0.003334
0.558625
0.88591
0.979313
0.724773
0.831826
0.804716
0.9383
0.292348
0.080086
0.159215
0.20918
0.234426
0.901384
0.522772
0.895231
0.691802
0.059706
0.563795
0.551494
0.77373
0.020298
0.855557
0.053934
0.940906
0.219557
0.413666
0.850878
0.206319
0.907766
0.862984
0.884129
0.773261
0.896823
0.665809
0.81518
0.029297
0.522232
0.081489
0.897417
0.953185
0.042082
0.503073
0.016623
0.273476
0.267392
0.13072
0.265256
0.028207
0.171016
0.218761
0.332256
0.403319
0.022694
0.131537
0.221849
0.082461
0.68944
0.619353
0.0236
0.659819
0.468351
0.603175
0.122852
0.436772
0.415226
0.9596
0.915426
0.115688
0.300129
0.276243
0.143949
0.789808
0.218263
0.139111
0.894689
0.758154
0.314657
0.360274
0.566125
0.374712
0.174039
0.366039
0.947191
0.015068
0.238089
0.893468
0.145806
0.000264
0.648885
0.851513
0.048632
0.363082
0.53665
0.650662
0.219761
0.338752
0.69139
0.929683
0.213089
0.711989
0.97844
0.475037
0.330619
0.483089
0.267522
0.349168
0.62806
0.046027
0.896104
0.119123
0.450287
0.72227
0.551057
0.650081
0.402543
0.48373
0.922028
0.27417
0.651149
0.47106
0.898281
0.867848
0.161529
0.591595
0.485062
0.583393
0.864174
0.961085
0.656951
0.009336
0.450557
0.191687
0.872387
0.49573
0.449189
0.037545
0.327448
0.266948
0.239443
0.29483
0.243618
0.019217
0.651637
0.230092
0.50706
0.733226
0.266507
0.342924
0.433381
0.584412
0.908429
0.222842
0.698326
0.943281
0.778728
0.330306
0.137537
0.795369
0.752797
0.518513
0.283552
0.533533
0.378076
0.899873
0.814942
0.596877
0.051559
0.927353
0.565537
0.258267
0.462027
0.878476
0.167693
0.485465
0.830068
0.51802
0.649155
0.841601
0.273219
0.341296
0.638239
0.975733
0.287508
0.579114
0.520343
0.479294
0.403522
0.776827
0.341802
0.868362
0.51393
0.295214
0.267998
0.639069
0.197974
0.371261
0.732993
0.449856
0.187023
0.451902
0.464895
0.268086
0.727205
0.323469
0.039289
0.703736
0.619025
0.158527
0.512507
0.219936
0.865085
0.973615
0.808201
0.109722
0.787504
0.802306
0.031556
0.201996
0.436757
0.948683
0.115884
0.891363
0.128847
0.748368
0.347794
0.923037
0.707514
0.317879
0.906515
0.703554
0.51805
0.340908
0.931885
0.877291
0.033437
0.64125
0.309895
0.873872
0.41181
0.458852
0.153334
0.576223
0.659475
0.424815
0.297574
0.662642
0.691032
0.623854
0.166474
0.828403
0.706105
0.146994
0.229739
0.068842
0.266602
0.072337
0.089315
0.496807
0.570056
0.595808
0.828911
0.213645
0.285359
0.454628
0.000222
0.936078
0.689516
0.548032
0.195967
0.903745
0.000816
0.158839
0.692612
0.404983
0.921023
0.899644
0.696137
0.036354
0.529944
0.690596
0.516618
0.364439
0.428057
0.354526
0.976057
0.790741
0.32823
0.479702
0.386783
0.560815
0.061528
0.584923
0.296145
0.404844
0.409603
0.437309
0.099785
0.956878
0.041913
0.544265
0.101665
0.883969
0.680175
0.88619
0.986483
0.2195
0.350241
0.680327
0.480254
0.313496
0.482658
0.733785
0.715545
0.597254
0.548709
0.490273
0.293553
0.800157
0.700517
0.156126
0.01939
0.320671
0.042168
0.062492
0.489337
0.774675
0.994765
0.653064
0.96229
0.189771
0.016869
0.749508
0.859391
0.943496
0.517734
0.597495
0.601558
0.16148
0.715765
0.388605
0.350429
0.879887
0.311487
0.669402
0.095925
0.031239
0.425853
0.934888
0.502196
0.198433
0.994173
0.618306
8.5e-05
0.035063
0.832583
0.027625
0.898624
0.798824
0.113874
0.083852
0.636701
0.173627
0.326701
0.038824
0.306223
0.918532
0.865776
0.9857
0.737527
0.878076
0.187939
0.718792
0.262262
0.658884
0.104321
0.588374
0.522402
0.310315
0.872717
0.833733
0.959171
0.992583
0.925164
0.701717
0.601713
0.470239
0.17783
0.435329
0.397392
0.007609
0.639298
0.038392
0.212533
0.518755
0.172229
0.321963
0.996676
0.342928
0.312126
0.429201
0.129696
0.852515
0.290487
0.086625
0.464797
0.059698
0.107536
0.068456
0.766762
0.457301
0.034073
0.511942
0.841209
0.424903
0.285762
0.42497
0.228898
0.701804
0.818661
0.656303
0.433837
0.010948
0.959084
0.267236
0.364997
0.030335
0.246936
0.837339
0.827206
0.372987
0.101708
0.672475
0.812042
0.927719
0.117868
0.810179
0.057984
0.7376
0.075715
0.427162
0.810907
0.406365
0.429952
0.857971
0.785707
0.875774
0.623076
0.236202
0.15404
0.950202
0.853703
0.749628
0.610231
0.946463
0.224902
0.612364
0.673369
0.987893
0.146725
0.229459
0.855728
0.250973
0.427056
0.593134
0.709955
0.105187
0.74276
0.122373
0.544688
0.561064
0.395635
0.583912
0.845661
0.996232
0.682307
0.243312
0.304068
0.419505
0.920532
0.414792
0.73408
0.131299
0.431132
0.296914
0.593438
0.331676
0.649905
0.539152
0.095613
0.236749
0.893001
0.554891
0.689072
0.360604
0.222856
0.078648
0.677813
0.088122
0.378003
0.932789
0.440174
0.226461
0.689246
0.390513
0.206643
0.938059
0.437943
0.534111
0.842994
0.4937
0.043097
0.615799
0.227268
0.426499
0.730005
0.106983
0.66426
0.078765
0.899733
0.462895
0.26575
0.091103
0.95994
0.818391
0.037524
0.018958
0.143901
0.948724
0.635731
0.844661
0.271607
0.441899
0.898346
0.005614
0.208836
0.002133
0.256472
0.660658
0.588331
0.475746
0.641833
0.252651
0.295503
0.156011
0.236456
0.39553
0.933607
0.682915
0.388681
0.770976
0.800553
0.657894
0.575875
0.111967
0.270699
0.223822
0.707506
0.084246
0.225893
0.634578
0.300082
0.526881
0.06985
0.187663
0.728331
0.838138
0.087187
0.247657
0.263496
0.387369
0.535854
0.908072
0.229052
0.175859
0.476604
0.046421
0.270874
0.653858
0.192375
0.82708
0.433732
0.105579
0.330853
0.235574
0.933726
0.645132
0.885491
0.795279
0.173908
0.98815
0.213933
0.955667
0.725357
0.104651
0.640863
0.361236
0.119994
0.450563
0.59839
0.208464
0.895935
0.556404
0.449707
0.128297
0.464674
0.666186
0.92534
0.690726
0.64815
0.950641
0.063375
0.184529
0.007281
0.355178
0.222821
0.147603
0.450524
0.661668
0.895925
0.07303
0.287946
0.89921
0.109355
0.541739
0.633783
0.058429
0.320885
0.033698
0.317034
0.781946
0.813137
0.830944
0.396722
0.359324
0.165204
0.415057
0.94573
0.70006
0.212176
0.058199
0.321569
0.836245
0.306333
0.525146
0.680634
0.131254
0.754424
0.131425
0.813402
0.091372
0.274248
0.280075
0.572892
0.316207
0.97034
0.140528
0.046509
0.718979
0.451563
0.246245
0.553041
0.917804
0.026563
0.049631
0.093394
0.003908
0.512846
0.61716
0.438998
0.840963
0.784355
0.316423
0.954598
0.124584
0.251309
0.049113
0.429921
0.022658
0.968244
0.167158
0.844525
0.256485
0.613053
0.563184
0.859527
0.101849
0.024232
0.013151
0.566987
0.955554
0.41429
0.773899
0.539106
0.702181
0.349925
0.493398
0.388217
0.213372
0.513992
0.285949
0.350617
0.724221
0.590809
0.198701
0.856955
0.128521
0.621626
0.220155
0.418942
0.846733
0.282315
0.919945
0.840065
0.208616
0.292193
0.12913
0.790161
0.849907
0.685743
0.894855
0.86401
0.518237
0.768483
0.960124
0.345756
0.402998
0.739532
0.875238
0.425725
0.694025
0.118189
0.07311
0.806623
0.059965
0.551491
0.887351
0.507472
0.142748
0.648032
0.703755
0.593043
0.198824
0.101466
0.020549
0.79197
0.291351
0.998415
0.843163
0.108135
0.145975
0.133558
0.876407
0.931842
0.493898
0.296843
0.446646
0.646839
0.76052
0.576357
0.749668
0.225492
0.276001
0.334099
0.639612
0.651221
0.702818
0.469062
0.174274
0.653272
0.731935
0.019398
0.871007
0.04537
0.058885
0.441813
0.396882
0.286059
0.516761
0.608923
0.231469
0.989299
0.836585
0.06637
0.702581
0.863986
0.630129
0.691608
0.146622
0.407093
0.925681
0.358612
0.795183
0.675316
0.92819
0.960098
0.524044
0.030173
0.164609
0.371531
0.787548
0.931266
0.737036
0.05814
0.978515
0.93565
0.880634
0.83967
0.60131
0.055653
0.355362
0.007147
0.974123
0.193995
0.745597
0.08275
0.287199
0.12585
0.610457
0.064076
0.656911
0.215952
0.846328
0.889544
0.966242
0.106041
0.755635
0.694789
0.299854
0.706801
0.790711
0.301675
0.512199
0.924089
0.503873
0.912075
0.334974
0.093539
0.542097
0.187666
0.370284
0.072318
0.557395
0.646927
0.196185
0.645143
0.948793
0.889266
0.585944
0.033579
0.52685
0.979646
0.118068
0.649236
0.154366
0.130681
0.523355
0.7145
0.555052
0.506524
0.454263
0.441607
0.818538
0.588887
0.14649
0.671937
0.505612
0.475427
0.770334
0.109859
0.170659
0.591492
0.121249
0.109899
0.728237
0.694815
0.833598
0.328308
0.953064
0.380718
0.993913
0.150433
0.853109
0.102258
0.134704
0.368078
0.917076
0.534075
0.650634
0.545147
0.569244
0.539886
0.948649
0.840665
0.059429
0.438403
0.213207
0.480499
0.912861
0.053812
0.242408
0.13904
0.590229
0.039708
0.775233
0.339569
0.911511
0.119322
0.842571
0.663946
0.254465
0.65827
0.054013
0.900407
0.722823
0.763165
0.714516
0.841551
0.120561
0.779915
0.149877
0.160226
0.366548
0.677262
0.230898
0.301262
0.500642
0.708906
0.791911
0.316593
0.21237
0.787426
0.528433
0.18741
0.094717
0.220906
0.320701
0.371627
0.834342
0.912983
0.962157
0.623839
0.149074
0.280663
0.34443
0.747385
0.89726
0.96384
0.401534
0.147692
0.621463
0.463339
0.990661
0.948075
0.125102
0.537756
0.606726
0.917697
0.120662
0.789069
0.975025
0.368305
0.756573
0.950032
0.523184
0.424857
0.661924
0.413607
0.32078
0.269581
0.264447
0.537704
0.772654
0.421117
0.15077
0.569696
0.241861
0.288219
0.151762
0.352564
0.568568
0.809971
0.476537
0.961684
0.915952
0.69101
0.546741
0.556393
0.505414
0.908425
0.959687
0.987291
0.960569
0.278232
0.636031
0.451448
0.747111
0.28042
0.866813
0.472111
0.202297
0.830647
0.850156
0.918489
0.047104
0.646817
0.332248
0.52601
0.41949
0.057154
0.105895
0.525474
0.997005
0.06775
0.516926
0.424747
0.761709
0.039373
0.34619
0.698897
0.743931
0.843323
0.536998
0.629644
0.07036
0.773238
0.738065
0.155899
0.318923
0.923865
0.359045
0.873424
0.586421
0.469658
0.584787
0.404768
0.918308
0.157308
0.892365
0.412058
0.410227
0.975729
0.260779
0.649154
0.424725
0.474691
0.882183
0.064809
0.746927
0.526782
0.662589
0.921409
0.316843
0.463714
0.581883
0.633007
0.531023
0.338432
0.962632
0.363844
0.482227
0.329176
0.726904
0.833396
0.974322
0.137879
0.763485
0.179707
0.733322
0.04261
0.329507
0.774054
0.260627
0.154082
0.67134
0.079581
0.47594
0.396196
0.644737
0.279942
0.85042
0.074153
0.769672
0.086484
0.076819
0.554505
0.634101
0.502954
0.886005
0.214404
0.464812
0.763841
0.125268
0.963577
0.014142
0.984585
0.661562
0.977225
0.166551
0.032572
0.3191
0.907129
0.131852
0.698544
0.290057
0.912488
0.814591
0.56409
0.054038
0.131172
0.807112
0.599364
0.52942
0.515752
0.733067
0.93064
0.510358
0.674009
0.022791
0.923068
0.433036
0.502989
0.609138
0.930441
0.360795
0.069617
0.188497
0.023973
0.167855
0.321345
0.148557
0.600806
0.216813
0.974309
0.803785
0.211679
0.870839
0.838214
0.01926
0.842944
0.78633
0.002777
0.426087
0.433161
0.153834
0.468996
0.137173
0.578475
0.345375
0.67955
0.215538
0.415045
0.487307
0.369126
0.685643
0.643508
0.10597
0.558322
0.93281
0.741618
0.952221
0.192805
0.475669
0.231269
0.010387
0.024677
0.572388
0.658916
0.329916
0.557144
0.280486
0.779405
0.661697
0.570163
0.592243
0.848704
0.460077
0.2125
0.105091
0.592242
0.72458
0.744602
0.624812
0.302356
0.69136
0.87131
0.749028
0.41225
0.347168
0.849499
0.641559
0.897908
0.567305
0.20358
0.109024
0.986096
0.567289
0.188005
0.498453
0.604399
0.114986
0.957197
0.136931
0.027318
0.255939
0.58335
0.573655
0.437961
0.434091
0.65974
0.451415
0.171821
0.867307
0.810744
0.868508
0.681865
0.737787
0.965489
0.575477
0.040925
0.765547
0.250211
0.873621
0.236632
0.266078
0.875269
0.615396
0.556878
0.822078
0.389206
0.141841
0.919346
0.562321
0.008738
0.568963
0.542908
0.038172
0.060373
0.650743
0.468945
0.092017
0.032057
0.74909
0.205438
0.291899
0.947166
0.455614
0.308921
0.239258
0.919776
0.728558
0.169343
0.125805
0.396559
0.6692
0.274075
0.298118
0.980522
0.604161
0.732718
0.084397
0.314166
0.935797
0.450903
0.259247
0.581827
0.204682
0.196558
0.108651
0.291162
0.191909
0.009522
0.86526
0.908349
0.453031
0.869035
0.87878
0.091532
0.080225
0.669826
0.960427
0.191978
0.635173
0.137701
0.585491
0.667131
0.79016
0.372503
0.268278
0.848562
0.178935
0.427769
0.41798
0.789101
0.726708
0.394615
0.397976
0.572671
0.319911
0.327986
0.80161
0.443534
0.806605
0.568159
0.527466
0.228774
0.642321
0.163467
0.340585
0.051031
0.829246
0.969192
0.623376
0.560542
0.935661
0.479024
0.378918
0.486636
0.270192
0.837515
0.336839
0.936825
0.007696
0.268658
0.264085
0.615551
0.138848
0.237759
0.640364
0.475624
0.726173
0.130488
0.595752
0.371509
0.403355
0.654277
0.679307
0.93184
0.091745
0.061063
0.487197
0.29253
0.508566
0.217086
0.610495
0.178841
0.895315
0.750316
0.999963
0.84473
0.716787
0.471824
0.280924
0.278288
0.280448
0.380016
0.489598
0.483173
0.74096
0.91561
0.184171
0.601972
0.992622
0.603413
0.216185
0.460822
0.074393
0.603746
0.229669
0.258452
0.240169
0.149095
0.792866
0.820325
0.266693
0.054678
0.915751
0.137509
0.373235
0.170698
0.635248
0.211761
0.856601
0.200197
0.210514
0.848214
0.429601
0.565845
0.256526
0.36176
0.259108
0.517915
0.170693
0.918497
0.542117
0.003251
0.64
0.870049
0.672485
0.030462
0.228185
0.843212
0.318292
0.281205
0.083931
0.186741
0.429274
0.141975
0.577345
0.786628
0.808365
0.188498
0.70022
0.313624
0.600165
0.709482
0.317166
0.642662
0.250158
0.609383
0.848354
0.523968
0.362145
0.618749
0.214151
0.881158
0.545874
0.795363
0.479626
0.666531
0.433784
0.735199
0.066659
0.324211
0.168681
0.4445
0.924096
0.543007
0.885427
0.445646
0.551217
0.561819
0.589801
0.13277
0.363484
0.933655
0.842555
0.740563
0.547326
0.65224
0.742805
0.260254
0.249988
0.327948
0.820163
0.429387
0.152117
0.496031
0.563244
0.290383
0.870198
0.495458
0.240407
0.319298
0.000531
0.626908
0.047205
0.009559
0.834448
0.093494
0.754895
0.830617
0.049349
0.60247
0.2868
0.670552
0.387194
0.645095
0.666167
0.451034
0.844448
0.247042
0.132895
0.286729
0.545284
0.97959
0.316132
0.376072
0.228136
0.639338
0.627754
0.92778
0.928276
0.051503
0.469826
0.520678
0.52326
0.726317
0.514701
0.930307
0.028685
0.496574
0.931869
0.164837
0.029188
0.319486
0.411602
0.419763
0.079666
0.675636
0.329238
0.340234
0.787161
0.342089
0.485804
0.509751
0.59415
0.151731
0.92216
0.999815
0.782108
0.673799
0.842868
0.140572
0.979889
0.972439
0.155737
0.251649
0.10182
0.93976
0.731454
0.361303
0.755815
0.877106
0.787149
0.349685
0.376248
0.692707
0.377608
0.005318
0.374378
0.889503
0.752413
0.044435
0.576053
0.368123
0.32449
0.217808
0.364546
0.268414
0.162269
0.623201
0.600556
0.446623
0.314166
0.860665
0.001987
0.235523
0.442676
0.024794
0.638214
0.251959
0.121411
0.458242
0.190401
0.381041
0.871241
0.075719
0.375653
0.857325
0.134859
0.888678
0.405297
0.776156
0.306908
0.651226
0.883989
0.075354
0.400373
0.27064
0.299083
0.059454
0.655376
0.672583
0.726864
0.966129
0.018132
0.935089
0.375819
0.784874
0.622579
0.073008
0.031115
0.209699
0.128209
0.913674
0.596318
0.566169
0.706239
0.391378
0.652477
0.783722
0.230456
0.60362
0.196264
0.258897
0.80239
0.590401
0.524117
0.374265
0.75684
0.210045
0.984775
0.48488
0.317011
0.627689
0.112562
0.530855
0.283588
0.97236
0.732529
0.273232
0.725097
0.751636
0.306991
0.395293
0.797507
0.28278
0.914373
0.020276
0.761032
0.895131
0.578611
0.595926
0.526654
0.640124
0.101746
0.326682
0.631662
0.540305
0.387778
0.286235
0.844886
0.469694
0.902948
0.12242
0.523518
0.181161
0.033561
0.202109
0.827784
0.377918
0.040367
0.042417
0.782128
0.157756
0.812644
0.837782
0.568356
0.215436
0.697347
0.293235
0.950497
0.986342
0.038012
0.743645
0.314959
0.080362
0.058216
0.871533
0.214252
0.068476
0.186728
0.316476
0.32402
0.125223
0.83663
0.466741
0.362066
0.104801
0.931757
0.797164
0.079962
0.2672
0.76183
0.114629
0.714064
0.248427
0.118234
0.981041
0.685866
0.999168
0.516991
0.461086
0.557203
0.750411
0.22463
0.140622
0.682931
0.516603
0.03019
0.279851
0.299833
0.058666
0.414901
0.925887
0.628364
0.957965
0.115562
0.917653
0.355979
0.369234
0.562518
0.311244
0.497017
0.776927
0.217543
0.518416
0.658477
0.859294
0.444462
0.256883
0.523167
0.181269
0.305587
0.037763
0.066994
0.274661
0.741847
0.266377
0.560989
0.567171
0.023267
0.26564
0.93636
0.630929
0.63192
0.1187
0.770221
0.152163
0.221993
0.834571
0.268634
0.61923
0.764009
0.612652
0.901216
0.362297
0.994061
0.988806
0.42336
0.990303
0.823446
0.076781
0.028958
0.847234
7e-06
0.406412
0.514504
0.33639
0.185008
0.453596
0.099254
0.752812
0.710734
0.83423
0.9139
0.499519
0.65341
0.727443
0.69383
0.69811
0.503674
0.553583
0.060598
0.244727
0.903789
0.917759
0.355816
0.351388
0.892827
0.914668
0.997157
0.609542
0.493652
0.088035
0.007429
0.629053
0.556023
0.887742
0.680261
0.822665
0.537847
0.438768
0.282084
0.955869
0.917751
0.03564
0.433053
0.455493
0.880072
0.842319
0.291726
0.011596
0.499515
0.364836
0.724118
0.744231
0.795769
0.234901
0.510872
0.728804
0.876892
0.310219
0.598976
0.843242
0.077757
0.68362
0.952336
0.330403
0.230683
0.43629
0.09913
0.619384
0.433926
0.264927
0.175298
0.575851
0.188799
0.364519
0.247328
0.47895
0.222896
0.150017
0.379665
0.837519
0.129668
0.742145
0.470314
0.421512
0.300678
0.755965
0.629798
0.812429
0.380493
0.983306
0.253151
0.505797
0.733849
0.283965
0.005518
0.812481
0.530963
0.831617
0.314207
0.620034
0.390613
0.108544
0.979275
0.317241
0.841554
0.395702
0.647602
0.464632
0.234312
0.02755
0.316395
0.895625
0.559499
0.854964
0.956755
0.771927
0.728135
0.803756
0.345995
0.932243
0.389322
0.192642
0.760222
0.803106
0.358034
0.203159
0.907147
0.824763
0.966095
0.477025
0.285226
0.522641
0.606772
0.654958
0.458599
0.262907
0.543849
0.330347
0.385567
0.952535
0.113324
0.315469
0.961126
0.924617
0.255015
0.377226
0.902212
0.051493
0.904879
