256 1 3
0
217
1
127
0
2
3
52
4
160
5
82
6
81
7
35
8
45
9
13
10
136
11
44
12
104
13
227
14
65
15
57
16
71
17
48
18
237
19
119
20
187
21
187
22
39
23
236
24
186
25
241
26
103
27
229
28
224
1
29
30
144
14
31
32
206
33
58
34
133
35
70
36
124
37
57
10
38
39
114
40
148
41
145
42
116
43
107
44
87
45
214
46
51
47
133
48
52
49
92
50
130
51
189
52
233
53
178
54
163
55
114
34
56
57
245
58
69
59
126
19
60
61
157
62
83
63
146
48
64
65
159
5
66
67
120
68
151
60
69
70
110
36
71
72
199
73
205
74
143
75
235
49
76
16
77
78
100
79
210
80
168
81
84
37
82
32
83
84
97
23
85
86
163
87
168
69
88
89
231
90
207
91
152
92
236
93
246
60
94
93
95
96
143
97
170
98
118
99
189
100
218
56
101
102
143
36
103
17
104
50
105
106
122
107
248
108
174
109
133
12
110
111
179
33
112
85
113
114
135
41
115
116
156
117
152
58
118
119
211
94
120
94
121
122
247
8
123
24
124
62
125
126
127
127
154
128
137
129
175
70
130
55
131
132
143
133
235
122
134
39
135
20
136
137
155
33
138
139
212
140
186
141
255
142
160
143
234
144
221
145
171
146
176
34
147
148
209
34
149
94
150
151
152
152
233
52
153
33
154
96
155
156
239
61
157
124
158
142
159
114
160
161
223
162
186
163
179
164
195
64
165
104
166
124
167
127
168
48
169
121
170
162
171
172
205
173
245
174
236
98
175
60
176
177
221
178
204
7
179
105
180
9
181
118
182
40
183
52
184
141
185
168
186
140
187
92
188
178
189
154
190
127
191
192
195
84
193
194
197
153
195
142
196
138
197
57
198
199
218
0
200
201
243
202
236
8
203
147
204
66
205
112
206
207
242
208
242
12
209
52
210
128
211
212
251
71
213
24
214
162
215
50
216
217
241
25
218
3
219
72
220
122
221
200
222
156
223
24
224
197
225
22
226
148
227
228
232
229
253
230
233
135
231
184
232
226
233
24
234
182
235
140
236
110
237
130
238
210
239
170
240
167
241
26
242
219
243
111
244
4
245
71
246
53
247
71
248
248
249
250
251
57
251
11
252
0
253
50
254
74
255
0.929702
0.671284
0.571037
0.37252
0.678518
0.228936
0.006702
0.173839
0.872716
0.448528
0.401571
0.376042
0.371458
0.874631
0.864025
0.889272
0.336952
0.13242
0.042065
0.136962
0.170268
0.20233
0.780445
0.942814
0.566936
0.417141
0.150137
0.380657
0.828904
0.083051
0.316636
0.556446
0.883913
0.463034
0.693137
0.163618
0.293627
0.698277
0.216337
0.099855
0.28389
0.414789
0.685844
0.65147
0.199225
0.425272
0.36655
0.153211
0.507869
0.950364
0.687395
0.931348
0.007127
0.420338
0.313115
0.072405
0.803833
0.904319
0.413462
0.96421
0.424691
0.285344
0.208976
0.564369
0.825032
0.825781
0.65516
0.86058
0.350415
0.677428
0.700999
0.942918
0.623497
0.038134
0.408156
0.957477
0.461309
0.082807
0.549738
0.679757
0.861033
0.843861
0.350668
0.285641
0.241493
0.066964
0.401932
0.89954
0.696773
0.863563
0.269847
0.394023
0.634048
0.928818
0.4991
0.733166
0.593336
0.139506
0.971821
0.137035
0.789366
0.108091
0.767152
0.648984
0.574804
0.119295
0.902742
0.708495
0.499849
0.144148
0.93891
0.318725
0.085273
0.705559
0.3102
0.032061
0.966837
0.245208
0.221736
0.282898
0.092418
0.193639
0.404508
0.750543
0.714457
0.800504
0.998336
0.281831
0.34574
0.468194
0.163464
0.275847
0.409583
0.484484
0.811002
0.217824
0.165465
0.637482
0.255039
0.023143
0.959364
0.628199
0.968578
0.224642
0.594001
0.373835
0.809873
0.877282
0.714705
0.953653
0.70978
0.587049
0.190617
0.200246
0.968761
0.889551
0.577921
0.880149
0.738503
0.03367
0.42339
0.139098
0.547894
0.649785
0.800248
0.875264
0.281457
0.283369
0.745068
0.09376
0.983329
0.473651
0.506573
0.098553
0.070361
0.850772
0.90475
0.028449
0.741413
0.767736
0.949067
0.816688
0.54887
0.592074
0.652386
0.342424
0.859388
0.825797
0.520147
0.825906
0.491408
0.351082
0.537858
0.659672
0.103634
0.010803
0.91814
0.941033
0.529471
0.689716
0.333907
0.148433
0.437476
0.358641
0.45179
0.685296
0.95739
0.072636
0.251362
0.026634
0.388138
0.34787
0.395412
0.177347
0.012581
0.764425
0.16093
0.70297
0.825021
0.258798
0.82812
0.603249
0.58186
0.246053
0.453006
0.23928
0.34024
0.626967
0.513648
0.533322
0.736134
0.693322
0.07746
0.098224
0.943454
0.805207
0.421278
0.689177
0.01188
0.874848
0.393471
0.208805
0.423313
0.055454
0.384506
0.536662
0.214673
0.145597
0.578919
0.460798
0.846776
0.995948
0.184231
0.030558
0.915386
0.420426
0.070713
0.84071
0.570104
0.880184
0.161798
0.468218
0.58014
0.780033
0.311662
0.330769
0.713346
0.756545
0.592931
0.239058
0.181981
0.330947
0.26507
0.325688
0.442914
0.248391
0.69168
0.192825
0.732165
0.924909
0.980582
0.553115
0.676571
0.977181
0.220244
0.132156
0.135872
0.084703
0.16321
0.039204
0.080717
0.13558
0.374234
0.104604
0.134271
0.996658
0.725252
0.674744
0.525949
0.298102
0.655667
0.133927
0.626071
0.365698
0.003076
0.176512
0.576834
0.620434
0.090401
0.650215
0.862126
0.920695
0.511046
0.52665
0.004894
0.124435
0.562046
0.764477
0.905792
0.6184
0.123706
0.77968
0.52848
0.460599
0.687681
0.87939
0.320699
0.536107
0.298639
0.612954
0.784952
0.3361
0.560535
0.0212
0.497638
0.739018
0.305808
0.252734
0.96533
0.772126
0.026762
0.995731
0.172554
0.713185
0.616585
0.336899
0.696774
0.891211
0.220478
0.554444
0.788069
0.410931
0.734668
0.420388
0.074023
0.12963
0.761099
0.462104
0.818652
0.101944
0.130865
0.092434
0.9132
0.527507
0.951122
0.738269
0.597284
0.539769
0.857203
0.864376
0.155894
0.362823
0.97445
0.271468
0.090173
0.220309
0.803445
0.586186
0.100002
0.416196
0.937213
0.375773
0.063525
0.66182
0.35116
0.712564
0.417554
0.672726
0.45547
0.082817
0.23946
0.634068
0.983693
0.496142
0.706279
0.481329
0.512736
0.60231
0.517521
0.833286
0.952057
0.467772
0.184857
0.551293
0.513567
0.482939
0.446779
0.842298
0.001137
0.92497
0.607235
0.753796
0.526573
0.225093
0.351668
0.199337
0.17672
0.813035
0.384152
0.208179
0.394957
0.092361
0.096444
0.641453
0.463018
0.906882
0.085762
0.930333
0.320512
0.973872
0.388344
0.583082
0.183494
0.690345
0.208888
0.067704
0.270685
0.247753
0.743492
0.364217
0.569311
0.473033
0.968359
0.121784
0.448008
0.528898
0.557091
0.726222
0.633947
0.455886
0.921376
0.381319
0.781326
0.798381
0.276007
0.821431
0.80747
0.048116
0.969618
0.556892
0.371208
0.951397
0.087574
0.540418
0.117456
0.701745
0.797527
0.405167
0.95568
0.613002
0.396445
0.809491
0.918693
0.091852
0.549176
0.677978
0.35517
0.358214
0.60414
0.075913
0.901326
0.787142
0.119124
0.346295
0.570502
0.025831
0.16581
0.352363
0.67748
0.166327
0.710134
0.595831
0.579373
0.342465
0.93313
0.597643
0.334885
0.889333
0.169508
0.72674
0.87814
0.498208
0.49551
0.361341
0.725345
0.542386
0.402183
0.289195
0.466494
0.776765
0.691657
0.515869
0.648627
0.604581
0.934172
0.199149
0.137792
0.216564
0.647542
0.633272
0.658797
0.692034
0.001078
0.151619
0.2581
0.295069
0.322947
0.553717
0.778291
0.090773
0.098923
0.304708
0.659585
0.121339
0.775501
0.113514
0.889577
0.923481
0.25
0.598314
0.792301
0.070939
0.119196
0.47938
0.639271
0.035445
0.532368
0.764681
0.139143
0.171732
0.097243
0.688334
0.375412
0.620946
0.632562
0.279039
0.855763
0.354347
0.063983
0.815722
0.135746
0.267299
0.793586
0.66229
0.49376
0.453423
0.839791
0.322762
0.272906
0.696215
0.644375
0.299966
0.934894
0.086232
0.87053
0.517749
0.623329
0.157305
0.216536
0.965112
0.936539
0.775989
0.936614
0.067804
0.404267
0.139411
0.524147
0.5941
0.897699
0.565016
0.804255
0.579181
0.011725
0.547263
0.935895
0.890841
0.328426
0.320835
0.864651
0.871476
0.891325
0.571762
0.14129
0.309546
0.077045
0.061245
0.47145
0.767528
0.051648
0.884805
0.805489
0.747416
0.466893
0.350196
0.607951
0.26033
0.022831
0.311027
0.665206
0.395657
0.090365
0.680142
0.423436
0.151198
0.721222
0.370217
0.135557
0.119451
0.903403
0.424634
0.742029
0.129229
0.034486
0.125417
0.322147
0.436768
0.642073
0.828787
0.341956
0.982794
0.837708
0.676513
0.261702
0.800335
0.3639
0.553226
0.813817
0.479695
0.354672
0.136712
0.469031
0.260853
0.945729
0.637152
0.733469
0.019338
0.687445
0.850757
0.134523
0.833566
0.487173
0.670795
0.193322
0.06133
0.501552
0.210737
0.674363
0.454214
0.355485
0.701359
0.349595
0.278736
0.036189
0.308664
0.517308
0.864077
0.024149
0.210948
0.419144
0.272908
0.287052
0.888095
0.32268
0.512062
0.310327
0.537748
0.908202
0.719763
0.677036
0.127718
0.605937
0.287915
0.894348
0.009802
0.973442
0.275487
0.633224
0.603991
0.133586
0.763359
0.542727
0.002995
0.537923
0.258657
0.916978
0.360882
0.601534
0.456085
0.171031
0.217275
0.414983
0.462166
0.604734
0.408686
0.201917
0.263292
0.045016
0.118667
0.764395
0.585697
0.147948
0.606366
0.578407
0.392992
0.121979
0.257742
0.659942
0.750531
0.480488
0.812148
0.96546
0.751238
0.986541
0.487227
0.941402
0.742165
0.244935
0.161176
0.090587
0.825455
0.829345
0.890665
0.976792
0.860273
0.264782
0.966266
0.038182
0.561372
0.365161
0.223801
0.500837
0.269429
0.634004
0.15612
0.831873
0.946004
0.417734
0.075263
0.459493
0.670118
0.462384
0.554057
0.72373
0.119122
0.165883
0.812236
0.291472
0.567422
0.213576
0.169019
0.403157
0.667696
0.356458
0.918846
0.091511
0.384867
0.659783
0.417443
0.37612
0.652596
0.617901
0.037599
0.289348
0.414642
0.468976
0.220948
0.980865
0.079344
0.080069
0.437919
0.769408
0.249006
0.521431
0.358196
0.164681
0.271386
0.63167
0.983449
0.555205
0.813944
0.977172
0.546971
0.157136
0.003699
0.32273
0.7215
0.245658
0.240574
0.199383
0.918038
0.157852
0.728088
0.57418
0.660199
0.297649
0.787472
0.554852
0.121691
0.733837
0.993742
0.885598
0.816979
0.410714
0.822618
0.01356
0.31158
0.278333
0.72809
0.386741
0.878328
0.964558
0.602738
0.515609
0.576432
0.358482
0.178293
0.554255
0.580213
0.664802
0.342087
0.419332
0.677782
0.954193
0.531951
0.052498
0.570141
0.862047
0.457899
0.498137
0.182735
0.958156
0.0156
0.679349
0.030782
0.880692
0.323319
0.923164
0.533702
0.442274
0.73988
0.344137
0.370202
0.438633
0.605913
0.855079
0.151233
0.193951
0.546205
0.973634
0.857676
0.074727
0.706954
0.104907
0.690328
0.824889
0.266821
0.780633
0.725284
0.20096
0.993332
0.106669
0.664586
0.698376
0.855539
0.907011
0.392342
0.037498
0.774436
0.171354
0.264376
0.73568
0.510474
0.465866
0.982706
0.438191
0.523409
0.704802
0.66409
0.370956
0.835109
0.248516
0.465305
0.123206
0.298456
0.731388
0.392761
0.584687
0.035316
0.057031
0.478327
0.830359
0.528082
0.172461
0.766348
0.758526
0.987134
0.864967
0.576937
0.080822
0.632884
0.545626
0.699349
0.115579
0.686818
0.012666
0.138762
0.660644
0.371066
0.113307
0.100432
0.056258
0.623317
0.802553
0.060794
0.94118
0.478559
0.033847
0.028908
0.523429
0.39355
0.414491
0.43101
0.941539
0.320652
0.048838
0.181504
0.514202
0.574427
0.975253
0.223365
0.601792
0.490134
0.677317
0.350845
0.586463
0.052426
0.501841
0.82256
0.172226
0.326577
0.991544
0.573457
0.684874
0.038527
0.146043
0.676218
0.34508
0.915917
0.977894
0.431122
0.681317
0.971311
0.357914
0.541623
0.601604
0.996309
0.050167
0.173061
0.215344
0.042246
0.554674
0.511006
0.1157
0.191744
0.829107
0.298486
0.132178
0.734754
0.638007
0.346258
0.523479
0.256531
0.960755
0.767523
0.77647
0.708472
0.84309
0.878754
0.176204
0.935548
0.04723
0.84471
0.529591
0.704812
0.563851
0.679001
0.287584
0.339696
0.030475
0.816818
0.970622
0.604967
0.472087
0.67406
0.300479
0.456279
0.915513
0.274028
0.059299
0.634199
0.084648
0.498612
0.657343
0.530489
0.515723
0.199434
0.041725
0.824676
0.381986
0.388956
0.063401
0.245784
0.906811
0.195196
0.421792
0.326198
0.866027
0.29803
0.435397
0.031647
0.907857
0.817714
0.565269
0.193108
0.286815
0.482309
0.986311
0.063086
0.01502
0.767415
0.514294
0.576967
0.430947
0.382796
0.099785
0.876892
0.963979
0.457387
0.839711
0.311065
0.870573
0.050119
0.074088
0.305818
0.849197
0.770889
0.599239
0.035258
0.084805
0.841494
0.574434
0.037312
0.783564
0.581107
0.6801
0.94472
0.765521
0.607904
0.711789
0.215193
0.446966
0.187645
0.801547
0.895229
0.603802
0.781294
0.324562
0.070065
0.576257
0.65152
0.588136
0.894085
0.245835
0.847327
0.027501
0.694889
0.898653
0.132376
0.302028
0.28997
0.258195
0.57666
0.176701
0.530473
0.553382
0.389556
0.797023
0.330333
0.403748
0.171442
0.078528
0.11931
0.614653
0.908413
0.154501
0.864525
0.347917
0.268942
0.723914
0.413051
0.108946
0.260252
0.539809
0.707771
0.459
0.151803
0.828301
0.169035
0.372587
0.924779
0.766428
0.503841
0.525937
0.228152
0.822531
0.55488
0.556495
0.389204
0.846057
0.484678
0.071691
0.848341
0.654767
0.694912
0.219641
0.94668
0.362397
0.782434
0.308518
0.914522
0.44778
0.607917
0.233675
0.411466
0.613767
0.137422
0.064578
0.612919
0.700915
0.320772
0.300819
0.106696
0.228528
0.429397
0.018241
0.239317
0.168795
0.433819
0.707583
0.034925
0.830373
0.934978
0.689782
0.206132
0.40428
0.14515
0.220751
0.636946
0.265738
0.346403
0.226912
0.171231
0.87921
0.48876
0.037332
0.755553
0.939504
0.747614
0.927885
0.955782
0.779952
0.376664
0.830828
0.88951
0.627112
0.724338
0.255036
0.300903
0.7222
0.498718
0.433558
0.123846
0.494016
0.787143
0.481453
0.100318
0.49754
0.522414
0.161955
0.248494
0.499654
0.795914
0.040058
0.337812
0.062498
0.088215
0.6197
0.272819
0.344436
0.093891
0.031046
0.389804
0.143036
0.177678
0.394022
0.565803
0.990465
0.719672
0.465881
0.756067
0.79629
0.202047
0.345731
0.820489
0.577265
0.362011
0.708774
0.387835
0.814081
0.664346
0.150807
0.914836
0.531778
0.45121
0.113332
0.960538
0.081587
0.423542
0.323195
0.885423
0.038937
0.903232
0.723337
0.839895
0.464403
0.589541
0.405298
0.142427
0.67658
0.487621
0.310705
0.355875
0.458412
0.360216
0.249822
0.303491
0.495947
0.907829
0.485574
0.743316
0.797454
0.347853
0.775705
0.364486
0.390323
0.973549
0.448882
0.705908
0.31396
0.194214
0.701992
0.864123
0.353726
0.190188
0.259981
0.501693
0.150825
0.089851
0.233134
0.402366
0.868564
0.441205
0.996935
0.65973
0.191318
0.885503
0.494902
0.114227
0.356991
0.966847
0.313926
0.521383
0.308144
0.130757
0.68893
0.575955
0.727135
0.215534
0.49251
0.741861
0.729014
0.9418
0.659539
0.00127
0.42181
0.574973
0.907003
0.443885
0.831173
0.146122
0.75474
0.306697
0.124915
0.741674
0.90661
0.678566
0.589914
0.61121
0.258023
0.292324
0.718967
0.979485
0.029841
0.236192
0.890308
0.189242
0.271708
0.918793
0.020963
0.697967
0.86476
0.296346
0.127959
0.885633
0.319712
0.483275
0.107921
0.019858
0.691372
0.591095
0.014036
0.827476
0.071578
0.634614
0.515996
0.240218
0.363787
0.276404
0.111213
0.469757
0.132928
0.327466
0.198128
0.067626
0.268037
0.345941
0.686813
0.388934
0.460559
0.690216
0.869016
0.269183
0.517229
0.963739
0.741792
0.723192
0.129697
0.925554
0.236283
0.71938
0.780818
0.003748
0.731565
0.153275
0.90557
0.87881
0.926462
0.732801
0.509775
0.605152
0.537155
0.192803
0.595473
0.896263
0.350365
0.466437
0.313844
0.638147
0.11246
0.382913
0.081869
0.792917
0.074138
0.658249
0.148522
0.812534
0.666925
0.108944
0.296594
0.64258
0.332721
0.842204
0.340166
0.477433
0.86119
0.697573
0.117651
0.292599
0.375729
0.983828
0.459157
0.43642
0.1192
0.193203
0.566312
0.889257
0.841135
0.370456
0.935629
0.078984
0.894756
0.340427
0.132912
0.728107
0.13333
0.249434
0.640923
0.389914
0.764514
0.355099
0.645441
0.042481
0.989725
0.984673
0.662148
0.01032
0.012117
0.292552
0.852909
0.265101
0.422486
0.640655
0.191548
0.953236
0.25897
0.556426
0.496924
0.388677
0.646028
0.112948
0.142702
0.610029
0.264471
0.88108
0.986496
0.015968
0.811434
0.133692
0.30754
0.375382
0.496308
0.090854
0.072588
0.749053
0.879392
0.914916
0.507867
0.040547
0.246113
0.522543
0.444393
0.921021
0.414184
0.817
0.705827
0.585367
0.637275
0.898325
0.310717
0.399494
0.484278
0.549335
0.471935
0.760428
0.483164
0.171998
0.650133
0.008163
0.519477
0.021401
0.482706
0.371749
0.617242
0.709071
0.904895
0.60823
0.908727
0.119004
0.188384
0.320668
0.87632
0.066668
0.621512
0.329149
0.789326
0.337415
0.143513
0.348812
0.434227
0.066848
0.33653
0.7321
0.054757
0.036225
0.714779
0.559089
0.172719
0.199305
0.016203
0.052347
0.434767
0.134621
0.150392
0.883595
0.301132
0.343695
0.586727
0.149363
0.692421
0.731695
0.826073
0.085183
0.514268
0.195555
0.593796
0.147182
0.757744
0.637183
0.932513
0.898272
0.368075
0.043737
0.063038
0.125192
0.223075
0.562469
0.435802
0.385407
0.40064
0.753652
0.662493
0.808369
0.035539
0.453033
0.618199
0.537488
0.922241
0.687956
0.448599
0.31886
0.038301
0.124778
0.327491
0.784669
0.989251
0.904994
0.544188
0.377826
0.717694
0.721847
0.883275
0.135929
0.338464
0.756512
0.964432
0.732525
0.390988
0.721747
0.139686
0.488897
0.481496
0.397531
0.276985
0.586418
0.563674
0.646676
0.460713
0.827304
0.645829
0.991978
0.317014
0.013696
0.493324
0.211376
0.701686
0.976525
0.154368
0.977889
0.935118
0.310516
0.207641
0.765158
0.701091
0.915218
0.964938
0.709724
0.425467
0.103659
0.680633
0.789059
0.617106
0.375373
0.177798
0.998755
0.520895
0.115799
0.744168
0.012098
0.943342
0.731965
0.939838
0.130554
0.272686
0.642951
0.667524
0.142321
0.623601
0.802598
0.285079
0.029939
0.376575
0.144731
0.127503
0.617169
0.980404
0.503276
0.565981
0.568897
0.360899
0.696728
0.248101
0.830089
0.548544
0.431793
0.649219
0.331658
0.51963
0.885617
0.027369
0.930074
0.155715
0.486399
0.888877
0.332705
0.730982
0.137128
0.893129
0.424807
0.762223
0.236848
0.830301
0.077141
0.861246
0.488457
0.543974
0.537111
0.093391
0.944669
0.367214
0.660372
0.0814
0.258988
0.796704
0.617587
0.540845
0.187473
0.235381
0.651026
0.431798
0.218918
0.341452
0.099766
0.080881
0.960521
0.916589
0.470654
0.631629
0.259892
0.039734
0.922966
0.745836
0.713118
0.66222
0.613389
0.08369
0.945297
0.95501
0.453758
0.269486
0.370824
0.478892
0.836383
0.388702
0.950401
0.331126
0.10291
0.214486
0.835185
0.292477
0.322554
0.841591
0.270693
0.803352
0.43044
0.586717
0.691443
0.771831
0.643675
0.966857
0.613783
0.456222
0.60461
0.281181
0.229521
0.364675
0.998623
0.112655
0.94148
0.256691
0.358391
0.183846
0.735017
0.495673
0.461211
0.925328
0.002215
0.313484
0.324044
0.001202
0.396376
0.427631
0.61824
0.340333
0.005561
0.618586
0.982205
0.890208
0.746138
0.64878
0.053475
0.209535
0.907067
0.61217
0.033763
0.004338
0.256175
0.863967
0.142124
0.534277
0.713036
0.119935
0.917003
0.369342
0.284921
0.106034
0.114926
0.340041
0.133805
0.655147
0.574367
0.056523
0.680859
0.761809
0.508493
0.455308
0.669847
0.904575
0.425606
0.986393
0.619632
0.300099
0.851411
0.873327
0.153356
0.024103
0.371863
0.182859
0.188495
0.546004
0.352931
0.809924
0.875165
0.513406
0.920293
0.79715
0.091313
0.307889
0.183286
0.694087
0.967071
0.921977
0.543512
0.608649
0.958459
0.703685
0.369983
0.661462
0.579676
0.313299
0.726893
0.132321
0.141432
0.635211
0.525038
0.063646
0.553035
0.907488
0.212381
0.051515
0.073876
0.423891
0.101626
0.801447
0.108477
0.360146
0.485005
0.390828
0.120064
0.925159
0.340759
0.666708
0.45774
0.125452
0.241838
0.357211
0.968806
0.213737
0.417566
0.794461
0.334185
0.680622
0.732315
0.364468
0.166215
0.625217
0.229501
0.256272
0.037791
0.387313
0.532453
0.27051
0.514512
0.529669
0.715511
0.111508
0.786552
0.873287
0.105856
0.714276
0.779961
0.715795
0.942503
0.83601
0.921188
0.563762
0.703757
0.294664
0.99641
0.61607
0.636385
0.323745
0.267282
0.035652
0.064473
0.724215
0.921479
0.57327
0.682989
0.722289
0.64643
0.543661
0.458575
0.148456
0.048162
0.997279
0.408109
0.328575
0.929727
0.063678
0.355514
0.252177
0.456444
0.864018
0.316879
0.342074
0.705534
0.414006
0.006778
0.394644
0.372225
0.137296
0.712885
0.53132
0.641557
0.062828
0.434552
0.129893
0.596898
0.741176
0.60498
0.570455
0.302396
0.546004
0.052343
0.551128
0.373632
0.677054
0.958563
0.372024
0.543907
0.125041
0.818154
0.641194
0.498459
0.275269
0.026989
0.34691
0.695148
0.388563
0.110958
0.132299
0.998366
0.436612
0.483203
0.878479
0.205602
0.446395
0.568986
0.2626
0.594728
0.553126
0.643492
0.566083
0.254076
0.829047
0.011844
0.894587
0.403625
0.133866
0.86246
0.059877
0.716549
0.150954
0.759024
0.5832
0.932007
0.56538
0.258793
0.825236
0.467156
0.407836
0.837634
0.412752
0.962973
0.206377
0.918907
0.294216
0.847437
0.51613
0.809531
0.774007
0.699836
0.73996
0.114372
0.6856
0.970606
0.127155
0.694937
0.033525
0.775787
0.867543
0.463875
0.38301
0.004394
0.811994
0.821153
0.651359
0.12214
0.158993
0.222051
0.052319
0.441536
0.597942
0.443403
0.745934
0.627583
0.599151
0.418633
0.370099
0.429363
0.283704
0.718297
0.344554
0.908353
0.293045
0.79548
0.448372
0.023619
0.045917
0.736757
0.629228
0.960089
0.731159
0.729018
0.586929
0.226317
0.494337
0.501748
0.904373
0.279546
0.684482
0.775049
0.843646
0.721653
0.027263
0.161018
0.056925
0.770783
0.922328
0.678504
0.721374
0.749155
0.096332
0.736402
0.522742
0.321158
0.894373
0.906903
0.933098
0.644864
0.528558
0.514904
0.39325
0.774742
0.998255
0.1724
0.230523
0.343431
0.377595
0.0919
0.353815
0.385316
0.702435
0.901693
0.923678
0.049906
0.855242
0.908657
0.036106
0.758732
0.200966
0.387405
0.136698
0.05548
0.663069
0.771673
0.131152
0.245032
0.250631
0.775592
0.285462
0.983425
0.783378
0.881533
0.696086
0.133418
0.391158
0.104677
0.200965
0.219347
0.915187
0.828062
0.202069
0.23567
0.619897
0.659849
0.34927
0.27894
0.651738
0.339515
0.135303
0.331781
0.004434
0.730717
0.135251
0.614785
0.672268
0.567358
0.821336
0.738568
0.423492
0.587874
0.972166
0.841297
0.719647
0.489715
0.631302
0.592498
0.748121
0.326434
0.252081
0.621306
0.503106
0.049694
0.605182
0.776889
0.748358
0.934121
0.596731
0.632584
0.654214
0.106427
0.855164
0.250446
0.829492
0.081199
0.282759
0.475437
0.176313
0.625489
0.571674
0.040951
0.696462
0.028859
0.31303
0.425593
0.257523
0.523357
0.01405
0.529376
0.713056
0.617433
0.449608
0.61392
0.32221
0.308772
0.894409
0.558093
0.839691
0.023621
0.652597
0.529834
0.677751
0.435206
0.047386
0.570751
0.616481
0.664559
0.510149
0.922887
0.363983
0.00682
0.278211
0.989255
0.225909
0.369643
0.154877
0.376263
0.064827
0.540664
0.493733
0.255071
0.92569
0.151304
0.723229
0.663038
0.15654
0.548193
0.600394
0.887114
0.575012
0.930707
0.467416
0.320712
0.897676
0.703273
0.121266
0.935527
0.496677
0.168667
0.944263
0.30659
0.323627
0.8939
0.639893
0.603774
0.950704
0.570619
0.678941
0.53407
0.172141
0.757893
0.216087
0.361896
0.880246
0.919725
0.871668
0.312634
0.205829
0.893868
0.253753
0.226231
0.967325
0.528211
0.497668
0.767901
0.479575
0.45764
0.380721
0.413753
0.699525
0.542632
0.233202
0.569054
0.371765
0.806715
0.008797
0.91106
0.561651
0.53386
0.906773
0.198369
0.860861
0.175699
0.110891
0.458038
0.663782
0.523919
0.183395
0.360206
0.065764
0.217582
0.382075
0.787505
0.114997
0.821403
0.527076
0.086409
0.28023
0.043515
0.287084
0.229596
0.83747
0.92795
0.818063
0.931795
0.058467
0.771664
0.700115
0.433291
0.395858
0.061712
0.745978
0.874397
0.998129
0.477407
0.146035
0.145873
0.97429
0.396154
0.068542
0.945131
0.012405
0.970635
0.434585
0.033367
0.827694
0.377705
0.799463
0.892607
0.478434
0.499945
0.474898
0.235682
0.150913
0.555553
0.832565
0.935183
0.538339
0.464681
0.415619
0.418223
0.117807
0.467225
