256 1 3
0
208
1
15
2
201
3
53
4
199
5
72
6
192
7
177
8
94
9
18
10
61
11
198
12
240
13
220
14
75
15
191
13
16
17
225
18
148
19
130
20
143
8
21
22
142
23
31
24
171
25
159
26
70
27
134
28
97
29
36
30
242
31
219
32
248
33
251
34
81
35
77
36
115
37
122
38
65
39
228
40
153
41
168
27
42
43
129
44
166
45
165
46
90
47
201
48
165
49
52
50
157
51
88
4
52
35
53
54
87
42
55
56
139
57
229
58
106
59
83
60
160
59
61
62
177
1
63
52
64
65
205
66
186
67
129
33
68
69
209
70
225
71
91
72
245
73
171
74
239
75
88
76
170
77
115
78
199
70
79
63
80
81
176
82
142
83
116
82
84
57
85
86
142
87
221
88
90
23
89
90
159
91
151
92
143
93
153
42
94
95
101
92
96
4
97
38
98
99
138
21
100
101
163
102
179
74
103
104
200
105
205
106
145
93
107
108
164
48
109
70
110
111
217
112
210
113
234
106
114
73
115
18
116
91
117
74
118
101
119
120
216
121
162
122
234
123
230
9
124
125
221
66
126
61
127
128
180
129
201
58
130
1
131
93
132
98
133
134
221
135
148
136
223
28
137
64
138
139
146
9
140
111
141
142
217
37
143
144
155
44
145
146
149
123
147
120
148
22
149
113
150
151
213
55
152
7
153
154
227
155
168
156
213
138
157
158
219
131
159
86
160
161
224
74
162
28
163
122
164
81
165
94
166
91
167
58
168
71
169
170
181
171
211
172
191
145
173
46
174
175
205
176
185
24
177
99
178
151
179
180
198
134
181
182
200
183
239
30
184
185
246
31
186
46
187
118
188
152
189
2
190
191
201
93
192
193
218
32
194
195
204
196
248
147
197
182
198
15
199
85
200
126
201
91
202
75
203
145
204
70
205
155
206
207
254
208
234
15
209
122
210
211
227
80
212
50
213
214
254
11
215
216
235
100
217
194
218
32
219
43
220
201
221
222
230
24
223
196
224
143
225
226
235
117
227
182
228
95
229
146
230
231
240
197
232
159
233
234
236
192
235
236
253
130
237
160
238
233
239
240
251
131
241
13
242
232
243
219
244
171
245
75
246
114
247
171
248
109
249
134
250
196
251
120
252
150
253
50
254
137
255
0.574487
0.991817
0.096131
0.208504
0.118487
0.387614
0.031851
0.084507
0.809092
0.544935
0.764488
0.613382
0.277698
0.1013
0.037642
0.726611
0.961584
0.04353
0.812386
0.064066
0.660921
0.097734
0.463223
0.002183
0.486939
0.011724
0.09644
0.005778
0.377869
0.111375
0.579642
0.420198
0.684989
0.914553
0.578751
0.264939
0.146418
0.766346
0.15538
0.818371
0.033681
0.357954
0.342523
0.585686
0.908663
0.457657
0.196393
0.677911
0.611979
0.918854
0.528573
0.2591
0.365537
0.891207
0.504374
0.259843
0.277514
0.758435
0.812997
0.591842
0.035046
0.216901
0.709493
0.733627
0.956729
0.312101
0.254603
0.451685
0.752166
0.74343
0.048301
0.46113
0.32512
0.681749
0.058344
0.566786
0.860472
0.518926
0.535223
0.491877
0.029473
0.504164
0.349486
0.267977
0.124624
0.36255
0.75298
0.288475
0.614924
0.307382
0.392484
0.785295
0.737017
0.390849
0.859724
0.596126
0.060005
0.181175
0.037411
0.879658
0.332378
0.32709
0.773788
0.803204
0.602514
0.570612
0.800738
0.059354
0.650257
0.679178
0.618966
0.025907
0.24699
0.718845
0.036501
0.752129
0.120311
0.842284
0.39774
0.085535
0.328239
0.162525
0.403981
0.454086
0.38936
0.335683
0.064411
0.563055
0.849088
0.982708
0.598735
0.050589
0.631087
0.07393
0.74518
0.165384
0.525649
0.053479
0.077247
0.769809
0.538115
0.096342
0.272702
0.151838
0.678074
0.357858
0.013302
0.650741
0.453896
0.043071
0.564604
0.621443
0.669509
0.790398
0.399192
0.5669
0.911506
0.923743
0.76732
0.463479
0.839425
0.310982
0.02154
0.222091
0.143669
0.309842
0.695739
0.43272
0.63428
0.466556
0.25061
0.149252
0.401061
0.996835
0.118056
0.203126
0.961247
0.1376
0.190783
0.85433
0.556302
0.762393
0.713774
0.784013
0.390492
0.423595
0.89649
0.771893
0.705755
0.227349
0.423165
0.881269
0.07211
0.07681
0.830752
0.930496
0.55821
0.03914
0.58406
0.908686
0.21486
0.802051
0.672881
0.051502
0.592678
0.26758
0.415833
0.820404
0.534995
0.572245
0.398869
0.220486
0.04334
0.519269
0.910302
0.037048
0.329806
0.146251
0.467463
0.631627
0.250584
0.181579
0.058578
0.005779
0.439969
0.629597
0.7276
0.067668
0.539817
0.397034
0.644716
0.588425
0.064243
0.542172
0.330046
0.27644
0.512875
0.261615
0.535395
0.08344
0.215282
0.892012
0.529106
0.743516
0.499048
0.835011
0.196232
0.234539
0.733395
0.69061
0.195635
0.547768
0.18823
0.320669
0.81279
0.965601
0.216685
0.436496
0.650174
0.573355
0.533642
0.62457
0.489322
0.111105
0.751674
0.192112
0.383468
0.702403
0.739786
0.119807
0.597233
0.643365
0.383566
0.900355
0.642804
0.292463
0.235108
0.692498
0.944547
0.415494
0.056089
0.839893
0.421144
0.513872
0.483724
0.612166
0.222448
0.547298
0.331471
0.887056
0.607545
0.893669
0.291101
0.886707
0.366196
0.073404
0.74865
0.855438
0.556911
0.739129
0.62984
0.120851
0.953472
0.236655
0.331314
0.689541
0.966282
0.67334
0.755566
0.474757
0.682982
0.108482
0.598606
0.652058
0.48416
0.047495
0.942596
0.394326
0.320763
0.34726
0.230288
0.559929
0.668902
0.015773
0.512627
0.5754
0.572768
0.409106
0.8692
0.960282
0.050703
0.876234
0.905235
0.194401
0.633543
0.372534
0.499876
0.061273
0.612613
0.359601
0.836305
0.444154
0.680802
0.48242
0.116161
0.856942
0.646706
0.990605
0.613656
0.479583
0.185935
0.410411
0.871636
0.145263
0.043577
0.959493
0.755391
0.376606
0.716719
0.197813
0.371205
0.408349
0.335759
0.070305
0.914532
0.225071
0.185786
0.441755
0.548707
0.114365
0.785099
0.711319
0.93415
0.365454
0.123682
0.863342
0.634677
0.071294
0.18169
0.544403
0.071117
0.151744
0.197118
0.38116
0.063847
0.471326
0.055686
0.852824
0.376038
0.028693
0.064894
0.134291
0.219742
0.303169
0.680638
0.144513
0.246218
0.464429
0.673276
0.240918
0.75703
0.607993
0.856899
0.381796
0.15596
0.682561
0.501172
0.809782
0.083151
0.422785
0.194718
0.093321
0.447979
0.117873
0.667415
0.348174
0.705115
0.160788
0.015948
0.938385
0.300693
0.340874
0.589006
0.16632
0.992525
0.749379
0.35095
0.163532
0.693157
0.896765
0.229276
0.485176
0.310386
0.429692
0.591307
0.756325
0.704666
0.987905
0.923175
0.80299
0.454806
0.795566
0.829323
0.746057
0.432508
0.392394
0.669657
0.451349
0.277717
0.042347
0.359765
0.594967
0.704312
0.577034
0.536424
0.1917
0.19257
0.49548
0.492757
0.964186
0.961931
0.620026
0.487126
0.435945
0.348748
0.644714
0.857369
0.806603
0.697796
0.493766
0.763028
0.353525
0.704572
0.02949
0.909357
0.632332
0.29267
0.864566
0.288698
0.906434
0.751162
0.20382
0.418264
0.692641
0.599844
0.62693
0.794886
0.86369
0.861975
0.752635
0.572799
0.932152
0.886013
0.643373
0.450359
0.456398
0.299524
0.71563
0.002755
0.84502
0.359696
0.762073
0.375389
0.884812
0.921208
0.698419
0.03446
0.996244
0.906469
0.190551
0.572406
0.331025
0.565434
0.215102
0.90073
0.647271
0.202915
0.454443
0.752348
0.559526
0.420928
0.324103
0.389334
0.001883
0.089903
0.767999
0.256657
0.166399
0.92838
0.24133
0.183854
0.309969
0.362986
0.439724
0.912581
0.257299
0.160412
0.418369
0.097327
0.080903
0.131373
0.352434
0.450848
0.724768
0.589917
0.614012
0.654068
0.626985
0.52692
0.208135
0.41367
0.710359
0.239646
0.047414
0.530806
0.376154
0.242911
0.719456
0.912401
0.912059
0.413923
0.920407
0.243235
0.567787
0.795467
0.54777
0.409866
0.179051
0.562863
0.222844
0.888362
0.434728
0.922556
0.585997
0.067334
0.705005
0.133822
0.017456
0.160298
0.827271
0.405426
0.807959
0.163043
0.915315
0.668492
0.428128
0.955855
0.299744
0.210652
0.337453
0.661167
0.942593
0.774142
0.527998
0.039424
0.172805
0.625343
0.333051
0.760706
0.413985
0.928169
0.647591
0.103547
0.424298
0.22107
0.37675
0.083199
0.862605
0.14165
0.636021
0.715654
0.336979
0.839196
0.478314
0.08093
0.172509
0.256239
0.141848
0.335624
0.891467
0.697764
0.842419
0.350105
0.208424
0.495251
0.7899
0.46395
0.56658
0.713968
0.160123
0.131113
0.418808
0.083192
0.632901
0.466713
0.400458
0.219157
0.420597
0.052921
0.399814
0.920978
0.322936
0.633745
0.404618
0.523221
0.488599
0.109961
0.257807
0.570953
0.402073
0.222996
0.382202
0.462448
0.969059
0.92144
0.651972
0.299661
0.325337
0.310373
0.696647
0.680195
0.909448
0.825479
0.506019
0.561148
0.099558
0.603398
0.44335
0.555037
0.743792
0.272225
0.956273
0.025515
0.680242
0.11897
0.931758
0.548395
0.914312
0.200989
0.435951
0.969317
0.634394
0.071111
0.778894
0.632715
0.172154
0.808465
0.741358
0.206563
0.965
0.190326
0.237929
0.025387
0.271095
0.697035
0.359823
0.002451
0.746135
0.329951
0.610092
0.292797
0.773325
0.019453
0.121675
0.048803
0.538161
0.496235
0.37845
0.062009
0.599866
0.217209
0.041731
0.744207
0.782772
0.892709
0.442086
0.743755
0.029388
0.034853
0.586346
0.879542
0.344514
0.020161
0.521757
0.5667
0.718205
0.807523
0.268235
0.685217
0.094829
0.644283
0.11095
0.914608
0.601064
0.050455
0.656585
0.797037
0.289453
0.420511
0.634376
0.016088
0.538535
0.046983
0.781454
0.229911
0.590825
0.930819
0.763847
0.373615
0.078803
0.660287
0.602007
0.185895
0.468831
0.058548
0.485769
0.57595
0.797004
0.776194
0.189425
0.463313
0.907653
0.767509
0.927556
0.432565
0.278241
0.487735
0.808729
0.329709
0.909108
0.24348
0.91381
0.851747
0.847203
0.09805
0.018467
0.722154
0.62619
0.189342
0.874132
0.331251
0.401391
0.609453
0.189225
0.478531
0.539036
0.674874
0.618244
0.243939
0.654906
0.613728
0.200394
0.175451
0.628377
0.195097
0.77117
0.980885
0.836584
0.773981
0.162491
0.748223
0.692005
0.836309
0.155374
0.460703
0.117923
0.954798
0.518816
0.876749
0.906976
0.974014
0.653348
0.661169
0.28458
0.299044
0.945904
0.766789
0.942706
0.910767
0.232321
0.645196
0.452278
0.476766
0.570837
0.732684
0.257922
0.514382
0.372409
0.432423
0.988768
0.81053
0.299714
0.195256
0.848777
0.5523
0.230232
0.751856
0.560813
0.532472
0.234874
0.010242
0.530854
0.756073
0.397261
0.216923
0.934405
0.472254
0.181885
0.409368
0.979919
0.346385
0.9403
0.492786
0.864853
0.728999
0.467312
0.463065
0.61058
0.107219
0.51146
0.816984
0.155533
0.452391
0.93074
0.205658
0.065219
0.186016
0.730832
0.110812
0.882335
0.05453
0.956774
0.537259
0.816922
0.58037
0.169609
0.316089
0.418871
0.667362
0.512621
0.352254
0.0255
0.929555
0.466354
0.200339
0.889923
0.125947
0.507204
0.852703
0.949726
0.755277
0.528359
0.473092
0.683587
0.429605
0.51112
0.397033
0.872342
0.535023
0.143897
0.892795
0.020422
0.657075
0.156194
0.456264
0.541339
0.854956
0.966014
0.482267
0.966456
0.140863
0.677262
0.213284
0.585496
0.386733
0.600389
0.417026
0.921396
0.966236
0.14913
0.531734
0.578397
0.98302
0.613504
0.577083
0.589508
0.111721
0.928119
0.937609
0.160908
0.211052
0.928622
0.185443
0.438618
0.101002
0.065931
0.121619
0.792439
0.716653
0.575291
0.980361
0.635338
0.173273
0.63527
0.715461
0.612714
0.575088
0.370372
0.25071
0.668436
0.043795
0.193196
0.058924
0.452332
0.169929
0.773035
0.192537
0.355697
0.544496
0.684467
0.811453
0.26013
0.875021
0.889973
0.740726
0.849016
0.622586
0.125945
0.285097
0.392637
0.996541
0.576819
0.930366
0.584223
0.550838
0.434613
0.682197
0.371674
0.767439
0.174799
0.91392
0.867698
0.687788
0.362848
0.168216
0.162266
0.935147
0.986217
0.213365
0.565461
0.91605
0.938223
0.911311
0.158568
0.133429
0.69812
0.542252
0.171338
0.087307
0.314551
0.138458
0.948616
0.714232
0.628082
0.164068
0.221035
0.192438
0.366178
0.878823
0.451034
0.701463
0.466047
0.019652
0.441194
0.325714
0.366372
0.613616
0.732618
0.816736
0.501636
0.277543
0.913495
0.36885
0.926688
0.164951
0.319495
0.571239
0.174097
0.233522
0.45203
0.108356
0.479504
0.507709
0.802458
0.277134
0.642191
0.019777
0.935768
0.669367
0.147983
0.235587
0.555181
0.729532
0.806962
0.189837
0.317278
0.710231
0.837213
0.68222
0.109886
0.106996
0.287333
0.884763
0.326638
0.680732
0.428681
0.296463
0.247044
0.916788
0.192043
0.3681
0.24197
0.554496
0.79491
0.900499
0.250027
0.169381
0.867575
0.806289
0.737325
0.74596
0.493604
0.354295
0.569728
0.735844
0.448314
0.312296
0.269485
0.803098
0.886251
0.197434
0.999206
0.275201
0.51658
0.900787
0.356944
0.763577
0.479375
0.335202
0.090055
0.073124
0.038619
0.34188
0.657608
0.925605
0.122243
0.160551
0.067162
0.518541
0.952115
0.496021
0.092644
0.218334
0.327159
0.692228
0.252846
0.935837
0.500452
0.82127
0.351326
0.284432
0.33861
0.417217
0.468252
0.969667
0.878642
0.944651
0.393571
0.121103
0.861111
0.335224
0.974923
0.541586
0.720571
0.332637
0.363439
0.987767
0.129789
0.274923
0.277353
0.354426
0.101692
0.942814
0.259823
0.214463
0.805604
0.160655
0.2153
0.556026
0.699275
0.553887
0.054475
0.315956
0.579173
0.920976
0.767168
0.517311
0.823915
0.718161
0.123613
0.880495
0.660541
0.924374
0.195734
0.276003
0.420339
0.194662
0.701598
0.966483
0.281187
0.496133
0.460458
0.432102
0.549736
0.217929
0.100434
0.510994
0.96584
0.745932
0.432726
0.605176
0.139856
0.92143
0.714933
0.678715
0.890003
0.34896
0.506878
0.189078
0.119174
0.286626
0.377154
0.079548
0.017557
0.927039
0.397603
0.493651
0.707089
0.23891
0.515118
0.364508
0.709378
0.390895
0.370504
0.852434
0.739375
0.080764
0.086999
0.875403
0.824409
0.25391
0.299726
0.110544
0.37514
0.712707
0.98319
0.184793
0.373228
0.663919
0.22648
0.549486
0.471874
0.283906
0.238147
0.80919
0.771476
0.517708
0.176978
0.763445
0.277436
0.307095
0.884466
0.440604
0.245741
0.223222
0.947579
0.074204
0.013903
0.270617
0.921895
0.579827
0.492118
0.651207
0.830543
0.478775
0.087197
0.078684
0.937809
0.121226
0.213048
0.91688
0.284009
0.357804
0.2187
0.859522
0.392958
0.853522
0.502766
0.705096
0.571346
0.895079
0.424478
0.886713
0.444437
0.898737
0.655219
0.7662
0.727149
0.456272
0.759785
0.306601
0.691203
0.914142
0.699397
0.057623
0.449625
0.331958
0.764906
0.868564
0.348364
0.664359
0.480537
0.706155
0.563033
0.480927
0.06805
0.253447
0.908199
0.562483
0.784308
0.82302
0.937223
0.684176
0.170659
0.294601
0.359302
0.913029
0.018128
0.989718
0.33843
0.513114
0.556469
0.421957
0.13092
0.882697
0.782718
0.696523
0.262405
0.256111
0.724947
0.576792
0.014378
0.276241
0.271808
0.361122
0.638321
0.452722
0.334304
0.555167
0.299067
0.864737
0.551613
0.676548
0.351332
0.196658
0.027838
0.555652
0.616004
0.704073
0.235269
0.258144
0.412483
0.910702
0.237145
0.121097
0.473264
0.661312
0.399165
0.977601
0.404281
0.861508
0.211287
0.188433
0.407261
0.342222
0.608667
0.772523
0.772778
0.943313
0.367531
0.213197
0.365718
0.111305
0.184562
0.78315
0.133103
0.967913
0.153664
0.228598
0.406936
0.471675
0.014087
0.129867
0.469445
0.008146
0.723726
0.408962
0.759986
0.487237
0.092237
0.277056
0.149829
0.925991
0.095833
0.656952
0.142206
0.313119
0.346934
0.692534
0.338774
0.407978
0.233481
0.822498
0.909302
0.332648
0.879056
0.448899
0.028035
0.727683
0.747582
0.041112
0.240002
0.806868
0.540836
0.570978
0.372553
0.429074
0.257564
0.511758
0.627834
0.874314
0.024075
0.159676
0.310534
0.201567
0.642187
0.976763
0.223824
0.699825
0.710069
0.439795
0.152043
0.524185
0.772514
0.192638
0.445342
0.441085
0.244917
0.300647
0.519669
0.098309
0.814362
0.350718
0.823793
0.684107
0.617448
0.175197
0.394032
0.328951
0.377628
0.335629
0.927035
0.423187
0.439362
0.936126
0.469926
0.857137
0.556878
0.28856
0.739556
0.870011
0.067564
0.24324
0.540037
0.754991
0.515108
0.409939
0.591152
0.050179
0.373075
0.118327
0.002593
0.446824
0.222202
0.585478
0.16926
0.194825
0.851092
0.003656
0.079664
0.87082
0.866061
0.592288
0.325186
0.116966
0.67109
0.982041
0.500617
0.238384
0.086233
0.060644
0.081761
0.803651
0.294712
0.074198
0.327482
0.291221
0.61534
0.199568
0.982645
0.958033
0.000215
0.956546
0.360457
0.677187
0.163244
0.530938
0.379652
0.189192
0.018754
0.40704
0.438427
0.296488
0.712994
0.240012
0.187828
0.947733
0.116283
0.740417
0.22584
0.402171
0.616848
0.764764
0.76063
0.800586
0.789334
0.596263
0.274582
0.811775
0.948384
0.334947
0.590625
0.965497
0.720613
0.407048
0.836317
0.352509
0.376672
0.840442
0.252549
0.470159
0.688376
0.593544
0.551536
0.971033
0.077487
0.233532
0.738103
0.538074
0.212139
0.671774
0.212766
0.773085
0.200629
0.937424
0.904356
0.323222
0.527181
0.039536
0.373545
0.944385
0.272441
0.348199
0.61046
0.732885
0.470438
0.242858
0.03244
0.924311
0.162841
0.77975
0.650465
0.127315
0.661514
0.77266
0.793301
0.221633
0.55665
0.692127
0.257237
0.882278
0.676205
0.325689
0.607258
0.885179
0.681146
0.085178
0.105998
0.862002
0.764005
0.594914
0.511248
0.707174
0.354504
0.056599
0.656664
0.872561
0.44938
0.21586
0.530502
0.356282
0.459605
0.074859
0.171747
0.017122
0.593096
0.161417
0.6714
0.133756
0.358257
0.323726
0.346738
0.607392
0.915772
0.335017
0.233453
0.377187
0.414257
0.852116
0.094728
0.778895
0.881346
0.610422
0.223298
0.984796
0.850294
0.782733
0.475503
0.144193
0.146885
0.806807
0.230283
0.235086
0.781136
0.79677
0.79575
0.525802
0.301256
0.807653
0.317946
0.63894
0.831915
0.837645
0.760135
0.019869
0.489942
0.969068
0.550015
0.984079
0.428242
0.614779
0.556376
0.452645
0.246538
0.45712
0.750394
0.43578
0.38042
0.605966
0.308558
0.580175
0.40297
0.259145
0.979181
0.281414
0.393746
0.288241
0.482045
0.178746
0.218792
0.505198
0.718955
0.040889
0.907005
0.231712
0.190365
0.394989
0.265049
0.647548
0.242094
0.241992
0.026932
0.476853
0.837827
0.102403
0.099111
0.64995
0.110717
0.385659
0.603096
0.88816
0.812853
0.430983
0.098275
0.985439
0.840276
0.980982
0.108306
0.811918
0.600282
0.393899
0.602071
0.705612
0.388749
0.307222
0.01453
0.041865
0.676186
0.677866
0.730858
0.379461
0.228688
0.33405
0.563917
0.408233
0.790178
0.257702
0.447896
0.19195
0.931258
0.271162
0.300501
0.263371
0.716413
0.62243
0.045933
0.123086
0.519019
0.921892
0.580124
0.631191
0.612588
0.552009
0.203989
0.68238
0.669219
0.019549
0.366328
0.568786
0.827584
0.814278
0.704329
0.129373
0.165215
0.733137
0.726771
0.337697
0.320375
0.273708
0.597705
0.771309
0.794376
0.635586
0.138735
0.702871
0.764905
0.609863
0.810967
0.748102
0.417662
0.976958
0.110275
0.434272
0.106908
0.195473
0.466114
0.725226
0.685146
0.247881
0.656566
0.295041
0.36467
0.776722
0.927385
0.632292
0.422707
0.354716
0.004546
0.205053
0.067666
0.189942
0.547288
0.650051
0.448026
0.110949
0.609496
0.096902
0.416142
0.176464
0.092471
0.45318
0.900398
0.086968
0.939853
0.127726
0.938606
0.426926
0.545288
0.886758
0.015515
0.289538
0.748098
0.529855
0.807325
0.847525
0.64105
0.885343
0.508693
0.214129
0.016485
0.833841
0.179942
0.999431
0.122114
0.025049
0.950839
0.021854
0.857285
0.065663
0.07522
0.222134
0.032403
0.11985
0.1263
0.208926
0.177313
0.580029
0.100759
0.374705
0.075846
0.481708
0.376724
0.193734
0.658539
0.69603
0.607131
0.291322
0.491622
0.770634
0.894008
0.075512
0.235931
0.76885
0.07961
0.223071
0.656699
0.053804
0.141141
0.250621
0.427938
0.744194
0.782372
0.325112
0.776675
0.10292
0.939572
0.543777
0.520215
0.888099
0.658593
0.646773
0.846788
0.875873
0.066346
0.710804
0.178435
0.000934
0.761612
0.948667
0.109659
0.403424
0.584398
0.585409
0.703808
0.855257
0.662961
0.35103
0.806948
0.023157
0.142796
0.30415
0.990711
0.886339
0.646458
0.835248
0.210987
0.888218
0.593019
0.414852
0.665577
0.500607
0.325677
0.63943
0.404833
0.266558
0.179391
0.780344
0.263591
0.75071
0.025073
0.160605
0.921525
0.393326
0.071842
0.530816
0.93895
0.813243
0.675533
0.001279
0.071425
0.269691
0.542618
0.013796
0.523967
0.298478
0.194525
0.16986
0.47764
0.223923
0.892328
0.874143
0.255247
0.835207
0.707522
0.311074
0.613387
0.56079
0.614223
0.528197
0.428574
0.485553
0.293496
0.950964
0.614235
0.906475
0.415464
0.141362
0.371003
0.03631
0.490334
0.167668
0.652505
0.381156
0.509177
0.69748
0.18082
0.475563
0.670588
0.524174
0.041699
0.045892
0.591332
0.68544
0.978654
0.978606
0.875284
0.143145
0.844312
0.300902
0.755337
0.944797
0.763843
0.783089
0.073924
0.911198
0.706615
0.689451
0.498908
0.739735
0.98701
0.287114
0.771632
0.7707
0.567238
0.454508
0.408096
0.805974
0.70895
0.739864
0.438628
0.835282
0.18885
0.398988
0.348533
0.382081
0.259925
0.280383
0.827165
0.079236
0.935666
0.960645
0.574518
0.67485
0.023671
0.42694
0.187441
0.204999
0.30567
0.499257
0.928974
0.259289
0.480855
0.132198
0.648058
0.717934
0.805589
0.497016
0.228762
0.900795
0.416511
0.58277
0.244538
0.045912
0.406056
0.494947
0.036931
0.975389
0.692357
0.838854
0.712921
0.341224
0.645582
0.26522
0.339926
0.452126
0.16835
0.523663
0.318038
0.870504
0.48217
0.082411
0.82321
0.33991
0.514844
0.423663
0.638949
0.83377
0.364924
0.064137
0.382767
0.67695
0.653367
0.309135
0.071171
0.09644
0.074072
0.353771
0.413634
0.731861
0.905763
0.27638
0.464947
0.249003
0.856713
0.200845
0.754814
0.279372
0.677874
0.42427
0.596444
0.02236
0.591859
0.851608
0.658024
0.038398
0.719688
0.918514
0.152366
0.336314
0.755469
0.031758
0.989086
0.640923
0.53188
0.449056
0.90376
0.49946
0.552733
0.091922
0.492795
0.329066
0.039469
0.328064
0.208657
0.91188
0.885379
0.653063
0.444139
0.306708
0.727941
0.561223
0.294015
0.87266
0.000268
0.671557
0.875027
0.966281
0.189005
0.310021
0.877974
0.499505
0.21061
0.429658
0.799597
0.07435
0.242103
0.68682
0.860167
0.971794
0.215755
0.842703
0.434396
0.814082
0.073477
0.236961
0.147079
0.687844
0.205095
0.317722
0.655184
0.23339
0.537417
0.525522
0.997288
0.930242
0.091257
0.891341
0.908887
0.196293
0.012033
0.849702
0.463745
0.947124
0.481311
0.022681
0.531346
0.051419
0.512997
0.582146
0.113436
0.59342
0.477481
0.386478
0.555794
0.270477
0.01524
0.74121
0.477072
0.410769
0.992778
0.846168
0.178388
0.454102
0.605167
0.999954
0.286583
0.919132
0.620072
0.442828
0.024769
0.242405
0.148918
0.498979
0.070932
0.247159
0.21874
0.582507
0.905325
0.277938
0.741466
0.008791
0.003566
0.869562
0.031279
0.5351
0.801336
0.140142
0.492203
0.818252
0.991002
0.591721
0.305868
0.954094
0.399668
0.77919
0.18118
0.545538
0.641227
0.746655
0.438879
0.670852
0.608309
0.447242
0.808602
0.671123
0.762155
0.622469
0.843745
0.855303
0.414636
0.656451
0.846509
0.837495
0.803322
0.380586
0.701437
0.084605
0.749924
0.484296
0.808448
0.693545
0.969456
0.544902
0.095598
0.649934
0.645395
0.276731
0.342918
0.658074
0.828037
0.549486
0.049157
0.840968
0.443181
0.924127
0.834363
0.786176
0.596537
0.851978
0.065557
0.470236
0.017362
0.606814
0.461511
0.0332
0.563751
0.465014
0.257281
0.416049
0.366473
0.353858
0.317399
0.313977
0.131493
0.852523
0.323687
0.22188
0.529463
0.840451
0.385813
0.411253
0.362665
0.621793
0.954714
0.51792
0.666143
0.552352
0.859971
0.678374
0.952214
0.634895
0.309519
0.207938
0.182032
0.647362
0.604325
0.691725
0.551908
0.846827
0.777442
0.074147
0.679756
0.079661
0.430914
0.974143
0.756173
0.914083
0.532923
0.097525
0.778166
0.799347
0.093337
0.340739
0.69798
0.747497
0.036124
0.275662
0.842565
0.615429
0.702964
0.95636
0.517396
0.142868
0.226806
0.811059
0.974738
0.254664
0.458134
0.229662
0.372927
0.582917
0.518122
0.606411
0.467126
0.032217
0.635168
0.476082
0.699154
0.482296
0.743553
0.305434
0.265548
0.173593
0.380207
0.828505
0.130112
0.606799
0.048124
0.447729
0.795674
0.688928
0.177749
0.024429
0.505376
0.472925
0.362966
0.028168
0.853428
0.345147
0.256945
0.451093
0.07891
0.735884
0.967064
