256 1 3
0
3
1
14
2
192
3
115
4
70
5
197
6
188
7
134
8
69
9
31
10
154
11
244
12
139
13
130
14
223
15
33
16
157
17
65
18
21
19
102
20
121
21
207
22
132
23
117
24
186
25
32
26
93
27
142
28
90
29
242
30
50
31
133
32
178
33
145
34
185
35
160
36
150
37
150
38
207
39
69
40
155
41
192
42
61
43
163
44
254
45
209
46
212
23
47
12
48
49
112
50
221
50
51
52
114
8
53
54
202
51
55
28
56
57
202
58
218
15
59
60
121
61
204
60
62
63
100
64
237
65
185
66
87
67
87
68
119
69
134
70
83
71
125
72
149
73
76
74
177
75
115
76
214
77
175
78
113
79
89
80
212
74
81
82
202
83
85
84
199
85
217
86
90
66
87
88
211
89
170
90
148
91
118
66
92
8
93
94
149
95
231
96
210
17
97
98
195
99
106
100
210
61
101
102
169
103
191
104
154
63
105
32
106
104
107
108
135
43
109
110
190
68
111
112
189
8
113
114
251
115
199
87
116
117
214
23
118
119
131
120
146
46
121
51
122
117
123
124
254
125
190
126
222
118
127
128
168
129
231
130
159
131
229
132
239
133
163
134
231
21
135
81
136
89
137
138
209
105
139
20
140
115
141
21
142
143
203
111
144
145
157
98
146
118
147
148
237
106
149
33
150
151
214
152
239
153
190
36
154
139
155
156
249
94
157
149
158
55
159
160
250
21
161
0
162
71
163
155
164
82
165
12
166
133
167
101
168
169
240
170
183
171
189
48
172
173
203
172
174
12
175
100
176
177
211
178
234
179
212
49
180
111
181
100
182
148
183
128
184
181
185
98
186
175
187
16
188
35
189
190
194
38
191
192
201
160
193
192
194
58
195
175
196
43
197
118
198
80
199
155
200
51
201
78
202
71
203
40
204
155
205
53
206
160
207
208
240
88
209
203
210
211
237
204
212
137
213
68
214
174
215
65
216
9
217
196
218
219
254
220
253
40
221
73
222
167
223
35
224
167
225
226
229
171
227
110
228
229
241
139
230
122
231
4
232
111
233
11
234
69
235
136
236
47
237
183
238
72
239
72
240
110
241
116
242
192
243
87
244
35
245
108
246
154
247
245
248
90
249
215
250
111
251
98
252
248
253
175
254
202
255
0.617891
0.419811
0.863343
0.317147
0.328879
0.533155
0.654174
0.760037
0.849695
0.112749
0.184992
0.858433
0.964684
0.748894
0.192927
0.128111
0.978536
0.508071
0.16114
0.215453
0.730203
0.893797
0.481145
0.196772
0.281038
0.860601
0.682067
0.796648
0.06707
0.493622
0.79319
0.329825
0.195842
0.267025
0.276184
0.399244
0.75295
0.294619
0.876955
0.792872
0.959743
0.296619
0.713522
0.709573
0.835419
0.582497
0.301056
0.918713
0.757657
0.086649
0.105348
0.269112
0.419164
0.269788
0.834472
0.009625
0.164605
0.413092
0.274932
0.580128
0.292163
0.813937
0.310778
0.353154
0.105929
0.162493
0.115344
0.301806
0.121847
0.332421
0.436338
0.399409
0.668414
0.891835
0.871367
0.189335
0.246632
0.064439
0.751397
0.659979
0.949287
0.176226
0.490113
0.313578
0.847733
0.809379
0.322058
0.13505
0.862858
0.241098
0.982225
0.384026
0.474235
0.405683
0.814069
0.047321
0.33932
0.669599
0.096698
0.243829
0.188833
0.438782
0.3812
0.47682
0.117066
0.258452
0.010472
0.199842
0.875406
0.320711
0.443451
0.008031
0.356911
0.251794
0.824756
0.344109
0.872739
0.852253
0.932939
0.595264
0.713377
0.87783
0.380044
0.933498
0.373382
0.160564
0.530102
0.070578
0.648834
0.454908
0.74714
0.409644
0.241949
0.539775
0.219894
0.083956
0.280954
0.660991
0.012199
0.583517
0.324821
0.860857
0.767569
0.093415
0.653905
0.424301
0.290643
0.175461
0.356594
0.136615
0.501917
0.765712
0.349864
0.419159
0.681305
0.06214
0.375568
0.344962
0.037517
0.954062
0.140386
0.467622
0.318449
0.433281
0.949528
0.473611
0.849483
0.603258
0.974195
0.055638
0.492141
0.126463
0.641347
0.370729
0.226537
0.09281
0.605282
0.602569
0.3268
0.94081
0.697477
0.94157
0.360299
0.115696
0.309064
0.997914
0.114022
0.079919
0.910281
0.327316
0.739198
0.271544
0.090369
0.891318
0.378819
0.072555
0.34944
0.40584
0.951536
0.467602
0.75141
0.83727
0.153612
0.088206
0.484462
0.09915
0.442749
0.607633
0.039272
0.104318
0.437345
0.411533
0.366646
0.196966
0.24503
0.397803
0.585942
0.049008
0.036278
0.642858
0.30316
0.631277
0.403732
0.663697
0.129122
0.974183
0.160232
0.423038
0.012815
0.905975
0.756563
0.676869
0.604715
0.155692
0.812139
0.64941
0.191884
0.630173
0.293959
0.289581
0.962596
0.340154
0.042243
0.246398
0.78469
0.629342
0.813529
0.096951
0.002567
0.03354
0.662193
0.238935
0.94204
0.608111
0.270406
0.05941
0.549972
0.739845
0.488958
0.541962
0.397503
0.527802
0.630117
0.274885
0.185239
0.746564
0.770129
0.447894
0.355657
0.163099
0.531101
0.304342
0.854554
0.969649
0.716147
0.614838
0.174681
0.097138
0.056041
0.028917
0.407777
0.45816
0.618024
0.170356
0.808732
0.989996
0.045763
0.124691
0.524086
0.654207
0.234654
0.202609
0.534546
0.617791
0.992222
0.025968
0.42583
0.868274
0.700129
0.459095
0.547873
0.200726
0.41877
0.387486
0.46279
0.944191
0.05302
0.481151
0.242837
0.926268
0.595604
0.400894
0.625576
0.03038
0.441605
0.143464
0.849672
0.583473
0.961361
0.257992
0.716195
0.63183
0.710762
0.242014
0.706293
0.510896
0.976875
0.847123
0.568388
0.930045
0.417261
0.211742
0.155624
0.042974
0.237278
0.376719
0.197815
0.079772
0.230895
0.75634
0.896801
0.04825
0.126874
0.425585
0.341471
0.80028
0.589893
0.368106
0.497465
0.570623
0.939088
0.635759
0.905078
0.959435
0.282063
0.395754
0.618326
0.584511
0.742707
0.737365
0.237159
0.531688
0.098604
0.230014
0.84973
0.920197
0.856103
0.129879
0.989204
0.416942
0.729381
0.732148
0.929645
0.852954
0.095063
0.750139
0.085695
0.546655
0.835427
0.295634
0.07353
0.716077
0.799537
0.450682
0.346225
0.592463
0.369588
0.02958
0.694325
0.336626
0.911258
0.465224
0.557196
0.687856
0.123247
0.697551
0.048921
0.597678
0.758746
0.738444
0.352155
0.84059
0.445798
0.821981
0.97807
0.641447
0.673808
0.910526
0.54169
0.946467
0.336879
0.7431
0.689496
0.17832
0.384574
0.928144
0.034634
0.304013
0.960441
0.052243
0.147085
0.090148
0.667646
0.309014
0.976361
0.871063
0.371388
0.084965
0.233779
0.266901
0.600736
0.775693
0.425802
0.195872
0.153938
0.704347
0.434353
0.062984
0.045257
0.56437
0.081159
0.407591
0.434047
0.378892
0.144918
0.306422
0.09149
0.057608
0.689749
0.628017
0.81827
0.729293
0.57185
0.549467
0.979089
0.276986
0.939612
0.755556
0.840773
0.775963
0.70261
0.75907
0.43949
0.159376
0.915744
0.414957
0.636715
0.293244
0.451206
0.778672
0.860217
0.386177
0.831387
0.734374
0.356768
0.339688
0.397683
0.487007
0.695547
0.357456
0.607535
0.28995
0.031708
0.55767
0.400857
0.574287
0.620089
0.444934
0.265624
0.556882
0.379822
0.425757
0.283052
0.479368
0.65661
0.793292
0.079838
0.458729
0.34356
0.372255
0.047551
0.878
0.459063
0.798633
0.951256
0.657156
0.887325
0.672049
0.039667
0.420186
0.627767
0.714538
0.845853
0.571224
0.96797
0.629014
0.683045
0.957439
0.59362
0.577302
0.283588
0.798854
0.932226
0.14318
0.810231
0.078908
0.994882
0.175021
0.869503
0.66851
0.53396
0.445889
0.770873
0.677048
0.421077
0.099612
0.429216
0.963264
0.859087
0.792079
0.887467
0.139266
0.039656
0.936641
0.170035
0.922819
0.816217
0.970826
0.088257
0.565467
0.76234
0.404136
0.172642
0.496752
0.294469
0.903192
0.405286
0.349641
0.430865
0.061058
0.702111
0.108073
0.041597
0.409046
0.097522
0.139684
0.653798
0.424552
0.865444
0.44557
0.397449
0.920205
0.505464
0.930014
0.444948
0.506864
0.974293
0.939583
0.385304
0.956908
0.705482
0.0551
0.928456
0.615141
0.750026
0.450523
0.041824
0.775645
0.107153
0.922518
0.69402
0.336592
0.106045
0.137401
0.632726
0.824155
0.979007
0.295847
0.88788
0.025648
0.40414
0.917357
0.567002
0.57916
0.229105
0.073107
0.511897
0.182311
0.321318
0.419081
0.880058
0.105135
0.884499
0.030887
0.7242
0.379986
0.250844
0.249209
0.547867
0.522773
0.076707
0.436601
0.265582
0.11937
0.126979
0.967243
0.468246
0.738891
0.310127
0.483786
0.216848
0.250771
0.143366
0.768952
0.980759
0.359352
0.340141
0.464414
0.610972
0.367324
0.98748
0.330158
0.966301
0.29305
0.434108
0.573822
0.92437
0.706645
0.182169
0.364626
0.953246
0.669233
0.253239
0.058422
0.879978
0.372708
0.421015
0.265043
0.117574
0.596781
0.290438
0.268349
0.465108
0.429834
0.268493
0.554883
0.064462
0.692032
0.797809
0.445365
0.65434
0.317263
0.655391
0.165893
0.542963
0.117611
0.01907
0.858941
0.249968
0.860457
0.999309
0.000856
0.351338
0.959499
0.029458
0.940868
0.626668
0.129173
0.851843
0.773583
0.242427
0.99219
0.318473
0.767672
0.107645
0.980077
0.327155
0.129471
0.987605
0.630441
0.737594
0.949284
0.297361
0.534904
0.646087
0.023436
0.60505
0.140511
0.552122
0.788958
0.839414
0.468031
0.093142
0.002217
0.865875
0.910896
0.983771
0.387175
0.269606
0.689596
0.848241
0.368133
0.562105
0.441639
0.393041
0.570391
0.815176
0.190721
0.786001
0.998803
0.53489
0.459347
0.86257
0.859445
0.995227
0.154709
0.566083
0.03131
0.895727
0.558348
0.072634
0.342136
0.26427
0.816787
0.682898
0.606896
0.559264
0.790827
0.560413
0.421929
0.473017
0.48827
0.712518
0.532409
0.464523
0.104142
0.292579
0.301292
0.278921
0.664295
0.883204
0.950586
0.403757
0.185079
0.518435
0.714716
0.021359
0.944051
0.950165
0.687878
0.549259
0.576095
0.966255
0.265572
0.525829
0.596391
0.888472
0.069268
0.647268
0.115864
0.048504
0.031096
0.394156
0.019471
0.244516
0.778293
0.33569
0.213115
0.930514
0.662815
0.310362
0.739403
0.157986
0.575327
0.223141
0.912398
0.763635
0.631387
0.443092
0.314027
0.690518
0.671864
0.45112
0.930591
0.748537
0.755494
0.703551
0.834359
0.085351
0.545112
0.200696
0.775866
0.728148
0.246204
0.89337
0.85943
0.876659
0.625451
0.658534
0.184192
0.480536
0.486177
0.910129
0.758284
0.291753
0.33095
0.642925
0.561432
0.513273
0.736005
0.477486
0.171966
0.123739
0.951966
0.769589
0.244518
0.602918
0.661825
0.130456
0.766275
0.335973
0.305738
0.441722
0.565243
0.871574
0.105748
0.704258
0.545932
0.911926
0.56699
0.993103
0.181988
0.608765
0.120654
0.577759
0.283898
0.878705
0.700241
0.413952
0.042323
0.321022
0.23862
0.956134
0.271193
0.380934
0.270868
0.192617
0.898436
0.670471
0.771903
0.737917
0.30194
0.019635
0.785147
0.749039
0.338059
0.190648
0.110222
0.102892
0.890458
0.054267
0.932272
0.386545
0.853396
0.984099
0.847663
0.068335
0.11345
0.329176
0.13075
0.21436
0.823616
0.574416
0.650111
0.672182
0.110662
0.724852
0.958382
0.46719
0.275248
0.301174
0.365596
0.147587
0.411322
0.780444
0.3347
0.629966
0.209149
0.564001
0.155384
0.645063
0.012925
0.096487
0.876225
0.008843
0.464875
0.719696
0.259323
0.227146
0.016548
0.720676
0.189607
0.745373
0.390364
0.271867
0.04054
0.202067
0.78025
0.484964
0.727396
0.859144
0.728174
0.914935
0.661246
0.665375
0.346738
0.028923
0.875859
0.180462
0.12677
0.048074
0.18193
0.76192
0.995759
0.422322
0.294189
0.945254
0.406495
0.338934
0.441535
0.09712
0.884607
0.403218
0.017858
0.124941
0.548966
0.25605
0.027354
0.567453
0.571774
0.829009
0.019184
0.255158
0.224721
0.316185
0.995716
0.5488
0.364754
0.49095
0.261886
0.213136
0.39041
0.401508
0.98144
0.541111
0.657819
0.678598
0.958588
0.722262
0.992598
0.762545
0.343631
0.046349
0.967359
0.627827
0.061945
0.141783
0.406272
0.00978
0.000375
0.932957
0.223957
0.791978
0.324752
0.28685
0.963539
0.661195
0.02509
0.482022
0.103258
0.06211
0.494674
0.977695
0.486972
0.610315
0.628862
0.380522
0.120696
0.814326
0.184902
0.355501
0.313912
0.586386
0.315911
0.430246
0.588116
0.713989
0.943962
0.848405
0.346109
0.510986
0.18691
0.64692
0.750415
0.97457
0.634142
0.85099
0.066213
0.625396
0.663033
0.069802
0.973237
0.256223
0.202522
0.858733
0.251552
0.209978
0.191758
0.908013
0.786701
0.063343
0.898595
0.339773
0.99319
0.887167
0.45634
0.915716
0.688022
0.986672
0.247881
0.139916
0.832321
0.94277
0.73792
0.081104
0.328105
0.002614
0.873674
0.344531
0.935048
0.420576
0.463009
0.357732
0.820014
0.694535
0.142836
0.737986
0.28727
0.50665
0.465768
0.375773
0.205409
0.861418
0.484724
0.569021
0.181601
0.048285
0.529275
0.669786
0.218955
0.542519
0.932038
0.88656
0.615135
0.064053
0.369764
0.976252
0.449627
0.983135
0.895494
0.026866
0.456009
0.011094
0.686945
0.94349
0.981637
0.827767
0.294498
0.245339
0.328894
0.966126
0.867521
0.288488
0.317025
0.825743
0.586588
0.002741
0.922733
0.099702
0.317303
0.489827
0.610841
0.904587
0.805115
0.095952
0.080263
0.762697
0.752858
0.667608
0.979358
0.825931
0.966376
0.262734
0.484941
0.706115
0.856232
0.883564
0.60663
0.000789
0.887066
0.028339
0.41489
0.283315
0.660773
0.990456
0.674183
0.305041
0.5358
0.277235
0.173876
0.723403
0.159914
0.014821
0.312345
0.627062
0.923226
0.614729
0.44985
0.241208
0.735384
0.034285
0.438372
0.50786
0.24122
0.793278
0.707944
0.043693
0.010579
0.739293
0.045122
0.585113
0.864677
0.65223
0.321616
0.855719
0.172298
0.661078
0.062519
0.605015
0.333662
0.211432
0.379005
0.76685
0.852242
0.406896
0.42491
0.832861
0.066549
0.20426
0.142597
0.738868
0.853562
0.171012
0.035355
0.588904
0.49892
0.762937
0.39489
0.72366
0.638847
0.580184
0.830989
0.754586
0.927779
0.194888
0.510233
0.536722
0.023034
0.146435
0.940897
0.859912
0.924799
0.932609
0.618245
0.565553
0.860676
0.918415
0.339245
0.799703
0.181401
0.598521
0.520296
0.784362
0.592195
0.889448
0.827309
0.114557
0.750371
0.352503
0.091697
0.030285
0.168341
0.96404
0.693088
0.753904
0.193142
0.474612
0.67657
0.349231
0.920595
0.588126
0.381437
0.72787
0.057284
0.383162
0.384958
0.206676
0.190512
0.173759
0.412724
0.897597
0.474698
0.473993
0.359788
0.728596
0.573797
0.122956
0.614748
0.328923
0.486612
0.350348
0.627059
0.087136
0.553905
0.271373
0.578356
0.954201
0.739205
0.804921
0.389528
0.292847
0.430911
0.463578
0.009522
0.890052
0.453605
0.148811
0.166382
0.803957
0.133049
0.869935
0.859224
0.738416
0.51476
0.998703
0.568425
0.59895
0.593391
0.587253
0.763254
0.398258
0.831697
0.709403
0.443958
0.600226
0.269435
0.254698
0.438938
0.477516
0.534052
0.452115
0.458666
0.882817
0.959071
0.620768
0.933384
0.023601
0.304245
0.732608
0.515395
0.423191
0.460408
0.171701
0.045419
0.031134
0.171188
0.980285
0.265458
0.111051
0.652563
0.472779
0.249894
0.252199
0.641741
0.426649
0.612494
0.678948
0.248476
0.643756
0.453442
0.854588
0.865368
0.741697
0.308256
0.728345
0.218943
0.378864
0.339987
0.382519
0.013717
0.898838
0.670816
0.453841
0.457851
0.786736
0.532908
0.485532
0.489962
0.372003
0.745514
0.784411
0.552552
0.228218
0.123976
0.396431
0.134085
0.044164
0.803599
0.600487
0.754886
0.351888
0.259892
0.279626
0.051919
0.0054
0.082285
0.586199
0.454502
0.834404
0.892389
0.437144
0.653519
0.85052
0.81802
0.080537
0.248777
0.680354
0.799072
0.472503
0.690004
0.958559
0.938968
0.45639
0.277169
0.445164
0.702985
0.271961
0.22213
0.268492
0.78794
0.363957
0.173277
0.631456
0.564612
0.705274
0.060452
0.538348
0.272183
0.62734
0.90689
0.742986
0.607098
0.613299
0.751613
0.657197
0.507533
0.004395
0.099527
0.513339
0.917739
0.944236
0.619919
0.607118
0.800479
0.212501
0.311642
0.595644
0.602506
0.714811
0.439903
0.157214
0.721392
0.651308
0.88402
0.653533
0.628555
0.249976
0.843511
0.213496
0.975353
0.757485
0.591252
0.674057
0.381365
0.779685
0.101912
0.409541
0.990061
0.660515
0.51294
0.077397
0.678554
0.814075
0.855709
0.989987
0.011579
0.108492
0.038692
0.74466
0.857347
0.521042
0.564145
0.796389
0.932633
0.440655
0.512974
0.598204
0.638739
0.941034
0.287607
0.892781
0.19606
0.009502
0.727504
0.320297
0.701467
0.897121
0.140765
0.981161
0.669275
0.380515
0.193402
0.807415
0.707092
0.064114
0.422903
0.437973
0.06227
0.505797
0.930865
0.254579
0.925276
0.724019
0.077503
0.896586
0.855472
0.243623
0.17619
0.658983
0.538113
0.365569
0.787383
0.785109
0.246429
0.853243
0.420826
0.469315
0.315211
0.021008
0.73265
0.493117
0.501062
0.276798
0.848572
0.428533
0.701688
0.237553
0.532914
0.947977
0.719617
0.299607
0.670033
0.607998
0.897579
0.245816
0.201404
0.705091
0.595037
0.280822
0.017541
0.897705
0.14636
0.11659
0.825878
0.208458
0.814643
0.735358
0.847609
0.039878
0.948047
0.758183
0.854421
0.5206
0.42528
0.765398
0.738715
0.724552
0.919286
0.947717
0.387956
0.832192
0.1174
0.158927
0.618288
0.901758
0.803261
0.073059
0.825006
0.141973
0.768205
0.481344
0.581936
0.44561
0.564038
0.627731
0.020939
0.897008
0.047106
0.349146
0.724129
0.418984
0.000265
0.862258
0.295163
0.917527
0.259721
0.401693
0.286565
0.549208
0.964933
0.573458
0.185506
0.017216
0.254287
0.899097
0.973143
0.723279
0.083546
0.909659
0.571386
0.623773
0.58871
0.996571
0.230984
0.095424
0.018377
0.424642
0.533485
0.114713
0.827422
0.873705
0.315969
0.689329
0.539121
0.01404
0.793535
0.783574
0.132229
0.370192
0.999872
0.614745
0.438994
0.175913
0.204686
0.98031
0.588358
0.644492
0.044849
0.445647
0.985639
0.706096
0.92311
0.102528
0.844269
0.481735
0.531484
0.104007
0.799769
0.113702
0.476663
0.856068
0.583609
0.371871
0.095894
0.897234
0.297937
0.961189
0.620047
0.528894
0.868609
0.935833
0.942749
0.830703
0.847117
0.184223
0.452631
0.309274
0.134254
0.391442
0.648974
0.66718
0.653049
0.991495
0.185364
0.333162
0.182276
0.397254
0.313925
0.899735
0.869388
0.801778
0.614231
0.653351
0.286603
0.821515
0.09866
0.263715
0.435686
0.119013
0.050852
0.890197
0.166988
0.154218
0.732863
0.712847
0.525522
0.026401
0.615853
0.767602
0.939448
0.506938
0.994471
0.936583
0.164708
0.221609
0.09389
0.396459
0.088697
0.67108
0.922682
0.397147
0.177315
0.570059
0.734246
0.447969
0.280071
0.549778
0.212511
0.073512
0.54429
0.431443
0.336191
0.594075
0.978645
0.96133
0.312964
0.914865
0.818772
0.036722
0.855162
0.105939
0.246378
0.409037
0.489228
0.124696
0.581033
0.052685
0.484781
0.859577
0.601964
0.803904
0.894794
0.214944
0.742936
0.865752
0.287794
0.78823
0.320878
0.886926
0.000293
0.574565
0.064672
0.516472
0.525194
0.251648
0.273474
0.861242
0.580929
0.585307
0.953517
0.139788
0.989292
0.539404
0.691244
0.344403
0.946423
0.403058
0.127578
0.470216
0.717643
0.979241
0.788257
0.052003
0.254745
0.211485
0.940214
0.341738
0.487107
0.225272
0.415781
0.386803
0.546263
0.971892
0.565242
0.428251
0.557112
0.24215
0.120492
0.020594
0.791223
0.863209
0.70605
0.13811
0.248802
0.29837
0.446048
0.913048
0.954902
0.107829
0.301935
0.584295
0.960229
0.118107
0.723143
0.83693
0.313329
0.925055
0.303929
0.764189
0.334823
0.013636
0.87991
0.363264
0.614105
0.100853
0.365374
0.736731
0.483541
0.784031
0.197785
0.969325
0.724404
0.48785
0.516479
0.193941
0.549879
0.91784
0.302018
0.283801
0.130279
0.20156
0.337422
0.149433
0.591317
0.826944
0.257931
0.346184
0.202755
0.880422
0.140182
0.719294
0.749269
0.201856
0.18123
0.048207
0.465661
0.132649
0.659258
0.397806
0.472819
0.912859
0.737152
0.378092
0.158449
0.373112
0.451627
0.684792
0.146738
0.90657
0.940367
0.983304
0.418492
0.472939
0.090265
0.885054
0.737234
0.420844
0.767693
0.24587
0.741267
0.341683
0.224087
0.02642
0.136986
0.051156
0.665395
0.986941
0.749459
0.712481
0.416978
0.672412
0.304763
0.446632
0.852226
0.566284
0.098251
0.971373
0.95659
0.903069
0.121324
0.746144
0.051855
0.896499
0.534251
0.71406
0.835607
0.825198
0.556471
0.922539
0.06379
0.522923
0.153654
0.629121
0.553497
0.484695
0.611675
0.196862
0.298336
0.546252
0.996831
0.436894
0.524168
0.282694
0.801163
0.145604
0.489595
0.23113
0.799711
0.15581
0.104251
0.902231
0.956348
0.557142
0.370006
0.815556
0.042556
0.480069
0.259614
0.407945
0.020699
0.142696
0.036597
0.473501
0.663806
0.905157
0.817505
0.455751
0.318714
0.726233
0.435986
0.501203
0.050778
0.767973
0.68268
0.66301
0.144618
0.086317
0.180611
0.731566
0.626079
0.405904
0.338448
0.45337
0.211698
0.338443
0.000217
0.446839
0.760259
0.094875
0.276037
0.238709
0.524555
0.181176
0.402229
0.316168
0.269065
0.479404
0.339283
0.301177
0.189734
0.376499
0.12361
0.630463
0.579624
0.899783
0.061514
0.200244
0.294707
0.58404
0.413053
0.71914
0.363884
0.89639
0.51767
0.443801
0.266295
0.7907
0.736427
0.143269
0.560606
0.540624
0.587483
0.199745
0.525776
0.243871
0.03358
0.996
0.47854
0.818245
0.939825
0.066954
0.055013
0.971552
0.036164
0.085072
0.714044
0.05117
0.210215
0.71894
0.896419
0.696584
0.880335
0.327691
0.252167
0.314138
0.712993
0.786329
0.877534
0.502346
0.694116
0.406384
0.71657
0.708629
0.874546
0.856409
0.030804
0.395318
0.610353
0.661407
0.789669
0.828816
0.069821
0.975512
0.486466
0.345556
0.494828
0.158845
0.958512
0.295622
0.393782
0.955488
0.735668
0.640436
0.289804
0.300063
0.300468
0.991596
0.818949
0.862147
0.393368
0.294166
0.068151
0.013688
0.263641
0.461615
0.219786
0.186105
0.26438
0.695822
0.459999
0.463433
0.729237
0.464224
0.335865
0.152093
0.784021
0.200763
0.760781
0.621471
0.129567
0.311168
0.103526
0.617512
0.568862
0.859666
0.91943
0.339004
0.380209
0.400203
0.70062
0.767303
0.027019
0.993447
0.008176
0.263592
0.352728
0.873835
0.253657
0.298388
0.492862
0.50121
0.314179
0.700322
0.966336
0.879723
0.027931
0.194308
0.701722
0.614038
0.062349
0.796524
0.667132
0.944921
0.588307
0.934363
0.35391
0.162645
0.55161
0.114452
0.882107
0.518794
0.640736
0.36643
0.34041
0.712743
0.272974
0.453734
0.732607
0.015773
0.882714
0.796226
0.803748
0.108445
0.392831
0.125449
0.712885
0.876467
0.254682
0.010359
0.052385
0.159667
0.014671
0.005715
0.475899
0.319154
0.465795
0.570039
0.06337
0.042758
0.366927
0.024226
0.109445
0.029421
0.910646
0.47752
0.583065
0.874655
0.26004
0.115969
0.719129
0.731204
0.829818
0.536533
0.821499
0.186107
0.034417
0.650607
0.224719
0.186528
0.148803
0.786693
0.520649
0.120191
0.576781
0.905335
0.14196
0.338686
0.745691
0.95693
0.395263
0.743246
0.600555
0.546665
0.728869
0.198658
0.036174
0.879423
0.677738
0.454705
0.806147
0.761628
0.822495
0.211688
0.250161
0.161426
0.12307
0.398896
0.172155
0.180748
0.19393
0.705227
0.6559
0.556253
0.688066
0.314758
0.864361
0.867388
0.813857
0.800965
0.331275
0.427539
0.746345
0.288535
0.50953
0.032217
0.622773
0.640775
0.054285
0.796391
0.939965
0.646027
0.24173
0.65456
0.987608
0.505683
0.093355
0.167978
0.922737
0.453288
0.826484
0.739287
0.057819
0.701011
0.164985
0.087518
0.991741
0.791575
0.64988
0.05487
0.759231
0.920058
0.840793
0.216457
0.55796
0.462658
0.542323
0.275511
0.136517
0.340287
0.522848
0.907156
0.086951
0.082266
0.108445
0.019176
0.364664
0.270886
0.634064
0.778243
0.877567
0.016316
0.88104
0.400726
0.153662
0.481869
0.121139
0.816048
0.624256
0.005729
0.798374
0.360058
0.041591
0.120559
0.20087
0.47852
0.765601
0.335131
0.855255
0.012738
0.025858
0.850392
0.991583
0.739668
0.834999
0.266765
0.80596
0.027725
0.886895
0.268043
0.048563
0.456977
0.693499
0.990236
0.994435
0.001776
0.262288
0.957226
0.880308
0.701897
0.369703
0.240212
0.261024
0.891923
0.318302
0.538633
0.085255
0.093715
0.342552
0.228447
0.22188
0.307896
0.46815
0.73225
0.078242
0.017482
0.817063
0.502722
0.811876
0.356698
0.211965
0.094685
0.282873
0.022867
0.445651
0.157376
0.467473
0.355378
0.755719
0.505372
0.002125
0.204789
0.687968
0.683237
0.536277
0.145016
0.261121
0.494147
0.489128
0.128404
0.516596
0.857062
0.571557
0.995806
0.644198
0.610853
0.879282
0.482683
0.485528
0.891841
0.657459
0.361444
0.148289
0.774499
0.763119
