256 1 3
0
144
1
32
2
49
3
52
4
154
5
42
6
226
7
172
8
128
9
84
10
31
11
164
12
135
13
132
14
226
15
110
16
157
17
62
4
18
19
198
3
20
21
103
22
40
23
131
24
95
25
173
26
192
27
28
20
28
29
162
21
30
31
53
32
107
33
163
34
162
8
35
36
116
37
221
38
143
39
120
40
52
41
249
42
123
43
120
44
95
45
211
13
46
47
194
40
48
49
243
50
66
22
51
52
246
1
53
54
240
55
119
56
144
57
156
58
248
59
189
60
94
61
153
62
129
63
177
64
94
65
222
8
66
67
117
68
196
69
207
70
210
71
162
11
72
12
73
74
167
48
75
43
76
48
77
78
205
2
79
35
80
81
179
82
174
83
118
31
84
85
230
86
214
87
244
88
165
89
160
90
193
91
111
80
92
93
191
41
94
95
111
81
96
97
184
98
173
6
99
100
193
21
101
102
128
103
236
104
158
105
195
41
106
107
254
68
108
109
142
110
229
111
153
112
134
113
197
114
208
26
115
116
215
117
132
0
118
66
119
120
223
112
121
122
239
27
123
124
140
125
217
126
194
76
127
128
201
120
129
130
146
131
206
4
132
133
156
134
204
25
135
136
233
137
220
138
213
139
226
85
140
141
196
59
142
143
241
50
144
108
145
146
182
147
169
148
182
110
149
150
168
93
151
115
152
153
171
141
154
155
163
156
211
73
157
84
158
132
159
140
160
146
161
60
162
163
245
164
251
165
216
166
246
167
248
59
168
95
169
170
185
47
171
11
172
21
173
91
174
74
175
163
176
177
185
72
178
54
179
21
180
181
249
76
182
22
183
35
184
13
185
167
186
187
232
48
188
11
189
190
247
100
191
146
192
74
193
22
194
188
195
17
196
197
239
101
198
127
199
194
200
201
225
183
202
53
203
153
204
88
205
184
206
50
207
157
208
111
209
149
210
198
211
177
212
201
213
39
214
215
233
156
216
12
217
73
218
219
237
34
220
82
221
84
222
130
223
65
224
156
225
6
226
70
227
228
231
229
243
6
230
231
242
167
232
14
233
211
234
125
235
121
236
117
237
148
238
27
239
229
240
3
241
134
242
16
243
28
244
91
245
127
246
238
247
225
248
241
249
186
250
47
251
231
252
148
253
61
254
109
255
0.769561
0.319531
0.396796
0.243571
0.573022
0.591167
0.084492
0.400714
0.033511
0.471104
0.178635
0.823281
0.239602
0.911984
0.093846
0.872749
0.706516
0.129943
0.924731
0.507023
0.282049
0.670107
0.887374
0.188984
0.383753
0.716602
0.344855
0.950845
0.115513
0.682375
0.939959
0.670949
0.62929
0.563737
0.752337
0.954303
0.427509
0.573446
0.94122
0.401453
0.261097
0.907082
0.600212
0.276103
0.812091
0.578424
0.316154
0.238559
0.547437
0.930737
0.892544
0.712187
0.066924
0.214398
0.435592
0.816645
0.489474
0.788253
0.529582
0.998733
0.088027
0.958289
0.741991
0.378108
0.781306
0.280525
0.746996
0.118982
0.539918
0.018999
0.295948
0.287617
0.405916
0.115188
0.353023
0.559941
0.726669
0.553193
0.682462
0.737412
0.688065
0.512926
0.365812
0.057323
0.129353
0.509048
0.913085
0.492109
0.223016
0.946399
0.628642
0.084155
0.676308
0.080171
0.414042
0.286061
0.479777
0.602707
0.861486
0.511755
0.092989
0.807686
0.011162
0.610177
0.641823
0.575946
0.61129
0.328616
0.588021
0.970943
0.395584
0.498482
0.361496
0.097184
0.315994
0.090229
0.800079
0.171937
0.97329
0.959072
0.90471
0.721079
0.100556
0.635024
0.294657
0.847756
0.386413
0.981733
0.865287
0.130555
0.727023
0.532318
0.045005
0.76121
0.664536
0.595665
0.014349
0.85123
0.433079
0.580331
0.701758
0.068989
0.84863
0.160045
0.588955
0.530187
0.005311
0.767682
0.871464
0.01067
0.906557
0.851919
0.332286
0.227204
0.309849
0.299837
0.604653
0.373145
0.895833
0.507302
0.376953
0.576661
0.171787
0.97527
0.333198
0.483058
0.783994
0.227353
0.4445
0.138531
0.145271
0.37947
0.160794
0.751507
0.137063
0.195372
0.885895
0.957836
0.109388
0.413572
0.094498
0.694004
0.695266
0.416965
0.769105
0.547088
0.0736
0.737554
0.927005
0.657397
0.550838
0.946713
0.863891
0.539642
0.726518
0.37561
0.216084
0.006577
0.76795
0.522594
0.230165
0.595945
0.958167
0.619456
0.44144
0.131992
0.600135
0.139104
0.113846
0.795113
0.2353
0.656889
0.967018
0.819571
0.247363
0.065088
0.609097
0.909351
0.516194
0.661335
0.021908
0.436923
0.752731
0.815746
0.709828
0.878256
0.490257
0.39295
0.666978
0.771458
0.012251
0.740661
0.735668
0.563074
0.686018
0.714209
0.126788
0.183058
0.969198
0.042235
0.653898
0.339805
0.005171
0.373866
0.067299
0.854541
0.97229
0.652737
0.70598
0.3271
0.894074
0.581325
0.753888
0.771869
0.671517
0.945141
0.406335
0.77281
0.127819
0.372019
0.702746
0.149143
0.91325
0.576222
0.941615
0.252635
0.911171
0.005813
0.997714
0.789919
0.899583
0.257514
0.114827
0.452759
0.989843
0.176118
0.029522
0.900521
0.843215
0.462676
0.594924
0.830019
0.208717
0.999813
0.573939
0.581369
0.043379
0.942634
0.564139
0.040918
0.138323
0.474603
0.163838
0.595704
0.53806
0.602922
0.954579
0.235374
0.280664
0.932381
0.575254
0.527323
0.534231
0.998635
0.080618
0.094171
0.623037
0.828045
0.980496
0.684415
0.127765
0.728333
0.677696
0.432473
0.726095
0.012327
0.313237
0.632351
0.100329
0.203122
0.847399
0.347215
0.552795
0.02553
0.370391
0.945931
0.3075
0.188333
0.951594
0.985608
0.288054
0.106832
0.6755
0.343314
0.714993
0.944971
0.062578
0.502902
0.29287
0.266676
0.061533
0.064692
0.196399
0.104059
0.48394
0.657713
0.513846
0.136909
0.814921
0.429261
0.352419
0.386174
0.254431
0.385907
0.634765
0.950505
0.506954
0.045264
0.228083
0.311456
0.31608
0.623046
0.692976
0.213475
0.3244
0.353215
0.191697
0.03666
0.941395
0.872326
0.798573
0.25281
0.810667
0.090608
0.613797
0.946063
0.943246
0.681408
0.135074
0.89306
0.603079
0.752519
0.950085
0.811913
0.553583
0.77959
0.146825
0.549324
0.056938
0.803503
0.246997
0.329724
0.3813
0.58152
0.744005
0.475833
0.589573
0.080835
0.22726
0.250474
0.648188
0.859583
0.867046
0.571581
0.829393
0.075005
0.118176
0.001502
0.276392
0.784967
0.117692
0.551558
0.9092
0.539426
0.794908
0.561725
0.380344
0.577491
0.577785
0.398068
0.560813
0.927536
0.884573
0.715482
0.802913
0.083353
0.88952
0.542665
0.07028
0.087407
0.91928
0.647895
0.577788
0.912971
0.825801
0.771343
0.00395
0.548137
0.489007
0.99493
0.586039
0.416794
0.234142
0.98569
0.980385
0.52556
0.416698
0.865385
0.663559
0.497461
0.328194
0.514604
0.34909
0.258924
0.775845
0.984505
0.514984
0.271972
0.780101
0.868982
0.082695
0.739607
0.876806
0.17814
0.122375
0.828442
0.299311
0.118735
0.428614
0.926078
0.340836
0.533715
0.052245
0.555644
0.118875
0.25347
0.140453
0.358216
0.402081
0.878784
0.494543
0.725833
0.385022
0.507613
0.727359
0.530105
0.431541
0.092941
0.825927
0.089216
0.492681
0.517616
0.154767
0.486761
0.693862
0.795126
0.211878
0.070817
0.132668
0.702101
0.726468
0.205645
0.803482
0.737861
0.598602
0.556532
0.963968
0.887358
0.283925
0.626176
0.781747
0.557805
0.167363
0.188818
0.342566
0.27189
0.975778
0.522503
0.796333
0.872414
0.038143
0.166234
0.075744
0.84978
0.122245
0.331835
0.924013
0.481386
0.089903
0.16526
0.627106
0.914181
0.665542
0.457199
0.202176
0.117242
0.644298
0.604135
0.70302
0.845549
0.627734
0.311261
0.402392
0.128778
0.915934
0.609989
0.921747
0.157846
0.671257
0.426507
0.361336
0.409655
0.274349
0.045057
0.469736
0.775525
0.941054
0.311994
0.937278
0.699821
0.821855
0.94134
0.371974
0.877899
0.782364
0.553454
0.038545
0.366147
0.13169
0.325397
0.889385
0.18989
0.69619
0.397367
0.838151
0.396975
0.901329
0.166659
0.006597
0.464448
0.118891
0.281205
0.076166
0.182142
0.785925
0.60367
0.478845
0.865542
0.761066
0.126455
0.641841
0.648581
0.2413
0.129344
0.773126
0.104816
0.42019
0.208166
0.729839
0.904815
0.566764
0.146404
0.636513
0.624952
0.985861
0.290263
0.593132
0.709731
0.306918
0.087063
0.298685
0.648114
0.040043
0.828242
0.146057
0.509098
0.483215
0.996271
0.348566
0.1949
0.592734
0.969699
0.853927
0.189168
0.750779
0.351364
0.501626
0.763406
0.436084
0.205681
0.290325
0.356624
0.692915
0.110218
0.856438
0.744335
0.07465
0.224656
0.698909
0.536461
0.288685
0.779672
0.771339
0.383624
0.435506
0.907419
0.667133
0.950948
0.983093
0.162198
0.844837
0.727061
0.747866
0.317531
0.628044
0.655367
0.913489
0.658451
0.988117
0.843524
0.397576
0.359958
0.859759
0.378142
0.875916
0.234507
0.477049
0.754912
0.152419
0.901955
0.332857
0.00167
0.896796
0.48469
0.698919
0.239719
0.31388
0.706853
0.846923
0.552857
0.145125
0.027645
0.883864
0.47485
0.093383
0.248937
0.511994
0.485641
0.359211
0.38684
0.736615
0.473446
0.229248
0.782563
0.956449
0.859122
0.52985
0.538876
0.561738
0.525368
0.084119
0.331164
0.116286
0.200406
0.916957
0.123374
0.036203
0.067634
0.964478
0.118483
0.540417
0.000358
0.087088
0.588257
0.764239
0.280526
0.738783
0.249301
0.592819
0.355772
0.591834
0.699764
0.739486
0.194694
0.703172
0.229609
0.832794
0.903181
0.368427
0.584514
0.251242
0.963579
0.285878
0.409676
0.210907
0.655126
0.467407
0.754775
0.859925
0.685476
0.433081
0.569343
0.596146
0.536045
0.129324
0.446988
0.807789
0.95551
0.594854
0.239858
0.880052
0.122214
0.27219
0.480803
0.483799
0.06132
0.767341
0.109533
0.594827
0.008298
0.030914
0.040596
0.783444
0.212629
0.328533
0.156474
0.203009
0.76999
0.842615
0.047241
0.311233
0.493504
0.450126
0.928926
0.158802
0.936289
0.437413
0.603036
0.338421
0.398733
0.931279
0.448365
0.24941
0.026206
0.535923
0.134732
0.416611
0.881051
0.342959
0.078141
0.173592
0.275099
0.856271
0.496218
0.94264
0.985819
0.390245
0.299348
0.558038
0.354909
0.031707
0.563822
0.683783
0.176279
0.104427
0.67709
0.243184
0.602654
0.483115
0.073506
0.485746
0.360103
0.530982
0.086936
0.441166
0.357108
0.645962
0.016401
0.184147
0.589591
0.310783
0.703683
0.424678
0.863493
0.596639
0.92303
0.490108
0.133938
0.749966
0.021895
0.28103
0.91212
0.241857
0.870044
0.379549
0.875736
0.68802
0.39724
0.065472
0.426361
0.874256
0.046734
0.660972
0.811401
0.013796
0.149061
0.068429
0.809069
0.091764
0.094472
0.172047
0.854966
0.860189
0.897952
0.025304
0.071862
0.041782
0.076658
0.979486
0.194273
0.224723
0.242188
0.229007
0.93744
0.313726
0.876668
0.457071
0.56686
0.44559
0.019175
0.176541
0.473291
0.792151
0.328782
0.507743
0.175357
0.879333
0.043765
0.381004
0.928308
0.010298
0.636699
0.308577
0.779678
0.339193
0.282748
0.531753
0.152591
0.205917
0.278091
0.849467
0.377444
0.05284
0.074565
0.636909
0.885357
0.81636
0.844168
0.679223
0.278748
0.143462
0.038419
0.413601
0.619762
0.441326
0.150884
0.78504
0.152001
0.683736
0.164455
0.013255
0.002982
0.635954
0.118609
0.175881
0.483036
0.185839
0.278465
0.128485
0.725487
0.781105
0.587847
0.117538
0.921805
0.496506
0.619356
0.123934
0.127008
0.236268
0.033428
0.537412
0.902784
0.646915
0.758831
0.729746
0.936113
0.180799
0.148411
0.599352
0.698436
0.26271
0.827662
0.178541
0.017056
0.234679
0.152957
0.879537
0.966348
0.559587
0.858955
0.966964
0.140875
0.527487
0.85649
0.091729
0.33088
0.754924
0.603506
0.553362
0.514155
0.616398
0.133597
0.688399
0.32229
0.671445
0.249458
0.650426
0.815915
0.599138
0.46606
0.94677
0.683828
0.93713
0.559107
0.784643
0.294933
0.610662
0.225286
0.119991
0.140362
0.634408
0.222702
0.908102
0.806828
0.630224
0.22157
0.30835
0.570449
0.768501
0.435028
0.053573
0.568928
0.283849
0.282932
0.672418
0.443775
0.027926
0.518333
0.655714
0.263394
0.668907
0.456258
0.184087
0.981917
0.251884
0.944155
0.981995
0.51456
0.203694
0.769512
0.272872
0.21499
0.697181
0.819865
0.347066
0.155159
0.982299
0.71271
0.610913
0.52784
0.223703
0.996829
0.768577
0.174525
0.152778
0.486577
0.442998
0.996347
0.798445
0.672924
0.804904
0.405976
0.663509
0.649328
0.951113
0.85093
0.020933
0.222016
0.659852
0.909357
0.149997
0.077069
0.997553
0.248054
0.186847
0.522209
0.071666
0.469276
0.314602
0.573127
0.430864
0.625541
0.18265
0.706364
0.265405
0.677534
0.402507
0.374106
0.266939
0.087363
0.251605
0.385694
0.448443
0.577232
0.500074
0.461386
0.713451
0.576185
0.717834
0.418505
0.887848
0.748625
0.756633
0.441539
0.199937
0.119857
0.29644
0.988977
0.18086
0.257993
0.408642
0.312979
0.902547
0.028553
0.325239
0.899373
0.7691
0.70996
0.497734
0.096697
0.561437
0.375678
0.685707
0.136884
0.165239
0.556666
0.90454
0.895222
0.266412
0.491634
0.675711
0.66187
0.381369
0.529482
0.409241
0.366334
0.513548
0.940402
0.949125
0.832289
0.614902
0.575619
0.824702
0.938174
0.848172
0.775903
0.878048
0.562752
0.768066
0.599074
0.128352
0.889557
0.542625
0.694876
0.180264
0.099183
0.112746
0.372074
0.828741
0.374483
0.489192
0.089793
0.69953
0.379477
0.20752
0.920674
0.919522
0.158626
0.027093
0.579363
0.037941
0.622794
0.477683
0.670276
0.920625
0.930069
0.098125
0.882292
0.569288
0.637121
0.099728
0.87253
0.321373
0.93024
0.876843
0.907814
0.931597
0.591742
0.608993
0.114196
0.862096
0.816766
0.458939
0.004135
0.725695
0.73479
0.738439
0.449152
0.477848
0.056836
0.866177
0.459281
0.0874
0.623337
0.13314
0.178339
0.031181
0.611902
0.422522
0.378788
0.07593
0.61795
0.175549
0.443003
0.305409
0.803338
0.106729
0.836804
0.824509
0.511493
0.775098
0.572019
0.654511
0.762126
0.63969
0.969534
0.539633
0.625386
0.8887
0.445534
0.153989
0.092506
0.360159
0.212144
0.046463
0.982677
0.800428
0.989709
0.599148
0.076171
0.350615
0.056786
0.014896
0.132675
0.587196
0.017223
0.146738
0.167268
0.196353
0.514192
0.514322
0.279882
0.173771
0.937372
0.540441
0.322403
0.666974
0.3393
0.796834
0.306811
0.899338
0.364921
0.644975
0.646437
0.23329
0.721571
0.311274
0.749464
0.999862
0.693539
0.940313
0.561997
0.14574
0.240128
0.224439
0.97121
0.919179
0.047932
0.641114
0.570806
0.279085
0.703839
0.326945
0.322391
0.231725
0.077676
0.889413
0.988394
0.89723
0.787494
0.744544
0.61171
0.797682
0.75615
0.87237
0.002924
0.358383
0.360857
0.038841
0.456525
0.873826
0.751918
0.880337
0.84475
0.56663
0.889449
0.634756
0.08177
0.194597
0.17471
0.987075
0.646526
0.444441
0.233437
0.617299
0.766492
0.154888
0.77916
0.996057
0.243759
0.050632
0.021316
0.123434
0.277024
0.411092
0.594917
0.711929
0.110865
0.98233
0.993338
0.812871
0.149001
0.874223
0.730715
0.47902
0.599985
0.68134
0.151886
0.547224
0.645601
0.825928
0.474498
0.511957
0.141393
0.704141
0.00745
0.743373
0.262159
0.914957
0.175811
0.765821
0.352215
0.153763
0.857328
0.745911
0.760625
0.269291
0.601598
0.479941
0.76134
0.356931
0.33205
0.344264
0.27819
0.181303
0.516462
0.339326
0.507715
0.808752
0.750124
0.405202
0.906455
0.86132
0.610707
0.110745
0.187868
0.571242
0.005614
0.366467
0.330979
0.344834
0.44225
0.159208
0.743601
0.162092
0.061289
0.325059
0.443289
0.620861
0.259929
0.317484
0.568092
0.739423
0.929566
0.419318
0.338502
0.022747
0.499733
0.938203
0.392836
0.435616
0.707292
0.344799
0.593846
0.523727
0.100225
0.329735
0.735636
0.372479
0.561914
0.825931
0.824183
0.739841
0.877607
0.599789
0.204893
0.074605
0.747909
0.257442
0.089394
0.227411
0.768911
0.895071
0.912829
0.760256
0.691402
0.298658
0.116389
0.438679
0.91835
0.398114
0.827524
0.129907
0.746933
0.858803
0.455195
0.962225
0.031826
0.623631
0.686737
0.490871
0.70589
0.742696
0.068132
0.824993
0.266556
0.237698
0.917693
0.035395
0.893041
0.689277
0.054084
0.265137
0.213248
0.410348
0.541223
0.828114
0.77015
0.528168
0.726202
0.524961
0.898589
0.004631
0.532137
0.63193
0.079425
0.726167
0.591321
0.759601
0.176109
0.862983
0.055535
0.393798
0.70897
0.924935
0.54542
0.083013
0.285151
0.529241
0.379843
0.191208
0.411762
0.84133
0.241109
0.670392
0.763021
0.366228
0.670225
0.386957
0.800137
0.652921
0.489529
0.9084
0.037264
0.793879
0.944761
0.689021
0.879743
0.960754
0.811445
0.742473
0.590493
0.726566
0.78267
0.365303
0.55164
0.780596
0.957008
0.237768
0.622273
0.046838
0.24621
0.680227
0.179091
0.620058
0.061954
0.329439
0.840037
0.185158
0.73068
0.116281
0.92733
0.942336
0.41328
0.614252
0.707051
0.083921
0.631872
0.956226
0.774512
0.92651
0.692233
0.977474
0.868369
0.761199
0.848715
0.064662
0.491575
0.805536
0.062296
0.929492
0.336578
0.620753
0.613686
0.603996
0.824714
0.104525
0.329376
0.863143
0.068901
0.081265
0.018485
0.283842
0.398235
0.109494
0.689243
0.322218
0.481203
0.939825
0.401693
0.175025
0.073266
0.383713
0.233007
0.006998
0.907748
0.828638
0.146714
0.527176
0.533386
0.976688
0.190825
0.193621
0.517879
0.445283
0.964377
0.065036
0.998177
0.344418
0.79007
0.776206
0.844332
0.753276
0.080462
0.730811
0.803766
0.183032
0.48651
0.045633
0.015646
0.681135
0.917189
0.58567
0.281062
0.155185
0.27357
0.172783
0.241522
0.902099
0.270928
0.889628
0.061864
0.367765
0.426116
0.315256
0.790386
0.478199
0.125911
0.730515
0.124036
0.589455
0.472561
0.156682
0.28114
0.768761
0.434755
0.739517
0.500401
0.269792
0.73465
0.137791
0.287391
0.478526
0.598417
0.248902
0.308815
0.980476
0.762022
0.12684
0.828101
0.727308
0.065871
0.932965
0.210871
0.995686
0.748141
0.113608
0.731814
0.401488
0.122632
0.284964
0.380783
0.966894
0.11872
0.914427
0.089444
0.793731
0.167723
0.467338
0.396529
0.341241
0.382647
0.871095
0.616385
0.340948
0.468958
0.582865
0.902991
0.832529
0.629233
0.062999
0.889105
0.876205
0.31865
0.887702
0.208523
0.346908
0.938393
0.895081
0.98138
0.005999
0.266868
0.932206
0.039745
0.562258
0.770274
0.182528
0.646727
0.956803
0.983989
0.433866
0.077056
0.654346
0.806795
0.571611
0.498308
0.257903
0.704396
0.914419
0.28319
0.640113
0.152238
0.292893
0.18103
0.856765
0.523168
0.604214
0.130124
0.345144
0.057069
0.909452
0.847365
0.774689
0.053921
0.135219
0.859296
0.352854
0.612504
0.399483
0.307768
0.953143
0.343353
0.583927
0.062194
0.394815
0.762602
0.181904
0.429163
0.605159
0.372032
0.825663
0.527711
0.998867
0.740748
0.075218
0.751915
0.764028
0.360567
0.161564
0.706989
0.449574
0.211917
0.582187
0.223043
0.50772
0.535788
0.972833
0.730953
0.065184
0.448712
0.313867
0.90935
0.703226
0.027722
0.335278
0.67329
0.899932
0.196005
0.995708
0.729351
0.440559
0.617459
0.27773
0.717901
0.821237
0.678412
0.677158
0.941485
0.733123
0.827762
0.037367
0.011897
0.172406
0.254935
0.687516
0.801699
0.10908
0.062388
0.858226
0.61178
0.820873
0.613653
0.324916
0.025063
0.766843
0.626178
0.044474
0.218607
0.600746
0.433239
0.163752
0.260182
0.898751
0.077226
0.73668
0.027522
0.62845
0.792944
0.888961
0.302081
0.158037
0.67186
0.350144
0.536392
0.429455
0.799619
0.865051
0.60102
0.646518
0.27667
0.620373
0.982063
0.968832
0.286492
0.478538
0.203408
0.796704
0.843403
0.330625
0.43063
0.379367
0.166419
0.371114
0.894703
0.181779
0.000628
0.769637
0.620816
0.698333
0.186177
0.408104
0.342395
0.670839
0.478308
0.011642
0.378143
0.475693
0.662948
0.352275
0.367394
0.828147
0.496977
0.698656
0.466575
0.783825
0.710192
0.922322
0.704797
0.651371
0.803124
0.857968
0.564576
0.97279
0.32086
0.133279
0.860305
0.708648
0.272228
0.095722
0.985429
0.312019
0.518452
0.036403
0.69552
0.949153
0.269525
0.974997
0.61556
0.316948
0.840037
0.846034
0.710388
0.983589
0.522625
0.43547
0.012256
0.737551
0.022115
0.70734
0.820638
0.21633
0.919978
0.448884
0.538992
0.714295
0.625375
0.842204
0.772456
0.639635
0.941528
0.676018
0.760366
0.504276
0.247423
0.57521
0.77185
0.341373
0.049333
0.072892
0.11711
0.679154
0.88601
0.598853
0.587644
0.040274
0.054434
0.613476
0.164066
0.957754
0.498343
0.932252
0.783221
0.195695
0.244047
0.669443
0.786261
0.133104
0.876365
0.255723
0.919953
0.525113
0.875572
0.748898
0.670601
0.583272
0.394213
0.527097
0.797539
0.420139
0.277863
0.693853
0.455567
0.312108
0.844403
0.982746
0.413791
0.818421
0.9365
0.842958
0.19534
0.939416
0.175197
0.669971
0.916572
0.194345
0.374672
0.407193
0.576785
0.755519
0.431078
0.708406
0.422316
0.940572
0.861738
0.401569
0.727587
0.11513
0.375704
0.16077
0.868867
0.159912
0.074027
0.553475
0.433112
0.64174
0.355356
0.025028
0.983862
0.148945
0.338318
0.037175
0.465099
0.879931
0.218638
0.975325
0.517596
0.524924
0.210525
0.832031
0.508158
0.9703
0.735608
0.973721
0.173633
0.247054
0.798787
0.454316
0.008689
0.662591
0.05375
0.439031
0.648938
0.821163
0.058079
0.085648
0.062084
0.733196
0.297549
0.038972
0.453447
0.248292
0.539026
0.479324
0.786408
0.732599
0.979743
0.907009
0.977972
0.845277
0.735599
0.653947
0.261738
0.066945
0.957387
0.185012
0.60572
0.061012
0.358865
0.090602
0.664102
0.435711
0.571433
0.792453
0.586638
0.772164
0.522622
0.46477
0.301847
0.952271
0.727121
0.973301
0.406069
0.611838
0.528671
0.041143
0.402957
0.159315
0.08753
0.796471
0.158713
0.883629
0.159754
0.549501
0.076831
0.998878
0.561614
0.391963
0.765998
0.0338
0.415689
0.004662
0.953099
0.154507
0.826527
0.889448
0.536788
0.839972
0.805527
0.939898
0.081073
0.380891
0.212156
0.85026
0.242625
0.305453
0.206776
0.681903
0.762239
0.857013
0.999451
0.923904
0.303262
0.423373
0.229691
0.534348
0.216186
0.2174
0.872078
0.882494
0.691496
0.469403
0.005843
0.121209
0.123753
0.189796
0.289584
0.194854
0.079691
0.990916
0.388323
0.742163
0.982637
0.056458
0.455188
0.980574
0.016646
0.695967
0.469766
0.528732
0.058855
0.728326
0.789315
0.241835
0.429637
0.262221
0.480384
0.531719
0.318657
0.692296
0.307546
0.246026
0.058128
0.426707
0.361225
0.00348
0.218756
0.833476
0.535081
0.346094
0.943626
0.873726
0.31919
0.630234
0.861071
0.50147
0.413784
0.155856
0.546222
0.137227
0.378608
0.482095
0.436895
0.646823
0.131529
0.930668
0.318724
0.734628
0.336858
0.096788
0.323697
0.847694
0.096048
0.499036
0.003219
0.705778
0.960017
0.44341
0.360615
0.289873
0.170794
0.957838
0.486706
0.049811
0.294274
0.984145
0.361099
0.348635
0.396634
0.029684
0.597329
0.134497
0.801461
0.442768
0.046986
0.654127
0.588149
0.762241
0.422494
0.272579
0.352657
0.230411
0.35047
0.847824
0.751263
0.746044
0.097446
0.159102
0.155606
0.861803
0.347534
0.899135
0.052559
0.127709
0.007462
0.358804
0.529558
0.774905
0.455381
0.69449
0.432985
0.348479
0.796986
0.847694
0.619281
0.207567
0.258695
0.970054
0.052947
0.245407
0.762704
0.966523
0.71926
0.015804
0.820743
0.953506
0.816054
0.610997
0.142135
0.055342
0.53385
0.518477
0.395195
0.541958
0.523528
0.72516
0.89466
0.718853
0.38849
0.038373
0.658451
0.442678
0.076743
0.777655
0.252769
0.472051
0.770599
0.318157
0.580866
0.160997
0.833388
0.623548
0.847637
0.542942
0.797119
0.282073
0.396283
0.792634
0.708045
0.069968
0.077139
0.741207
0.771363
0.35149
0.820498
0.978685
0.021705
0.018377
0.011221
0.085306
0.303298
0.145524
0.172209
0.867199
0.581589
0.505224
0.486917
0.113458
0.442118
0.755334
0.757823
0.123772
0.718357
0.113163
0.584199
0.986814
0.46632
0.758514
0.551065
0.395685
0.961717
0.650318
0.608925
0.672929
0.276722
0.064685
0.953731
0.917117
0.204333
0.777163
0.594536
0.149522
0.273486
0.464412
0.681146
0.749193
0.116831
0.634858
0.984339
0.287309
0.978056
0.988417
0.17959
0.370267
0.339095
0.729577
0.65398
0.451269
0.599543
0.015262
0.018433
0.250117
0.717493
0.190054
0.092026
0.845329
0.551012
0.178501
0.098192
0.943281
0.555064
0.09148
0.511902
0.769263
0.508273
0.469699
0.865188
0.141245
0.094162
0.884416
0.200291
0.664221
0.197965
0.145129
0.479031
0.230932
0.288182
0.727115
0.298824
0.308029
0.496632
0.907734
0.576382
0.506353
0.280561
0.184807
0.227234
0.50147
0.414107
0.93283
0.909945
0.326704
0.743831
0.143474
0.266206
