256 1 3
0
174
1
238
2
42
3
60
4
215
5
150
6
122
7
182
8
129
9
184
10
124
0
11
12
220
13
242
14
154
15
208
16
28
17
56
18
172
19
69
20
170
21
107
22
74
23
243
24
193
25
69
26
209
27
42
28
35
29
58
30
157
31
118
32
76
33
243
34
36
35
242
14
36
37
78
38
234
39
178
40
184
6
41
42
242
43
55
44
167
30
45
46
64
47
248
48
151
49
103
50
77
27
51
52
53
53
194
54
97
31
55
56
149
57
104
58
70
59
216
60
90
61
107
62
143
63
168
64
227
65
233
66
105
67
212
30
68
69
164
70
120
71
230
72
214
68
73
74
201
49
75
59
76
40
77
45
78
79
194
80
188
81
174
25
82
83
155
75
84
85
117
86
161
87
255
66
88
89
240
90
198
91
233
92
96
93
247
94
165
18
95
96
100
97
227
98
211
99
213
91
100
101
187
102
168
47
103
18
104
105
171
106
160
29
107
12
108
40
109
110
227
111
243
48
112
113
246
114
174
115
220
116
168
51
117
32
118
64
119
120
230
80
121
101
122
39
123
124
194
58
125
126
207
6
127
40
128
129
216
130
211
131
173
49
132
105
133
45
134
135
161
84
136
73
137
138
246
105
139
140
213
57
141
142
245
143
211
144
255
8
145
141
146
147
202
148
170
149
214
150
217
52
151
152
231
90
153
31
154
41
155
86
156
157
172
158
249
159
164
160
252
97
161
65
162
64
163
142
164
165
218
166
212
167
221
14
168
48
169
117
170
56
171
172
182
173
249
63
174
162
175
81
176
22
177
178
248
49
179
24
180
146
181
158
182
166
183
119
184
185
187
69
186
187
246
89
188
120
189
34
190
191
249
36
192
0
193
139
194
47
195
196
216
197
199
198
234
70
199
200
207
173
201
74
202
12
203
204
210
183
205
153
206
53
207
10
208
12
209
139
210
137
211
212
248
152
213
214
242
72
215
216
238
8
217
82
218
219
225
114
220
11
221
150
222
223
240
224
229
141
225
32
226
23
227
142
228
229
242
215
230
27
231
136
232
98
233
10
234
235
248
86
236
33
237
186
238
133
239
228
240
109
241
181
242
135
243
220
244
226
245
52
246
59
247
86
248
153
249
79
250
21
251
237
252
225
253
200
254
106
255
0.335847
0.219222
0.061452
0.254061
0.775869
0.484593
0.613922
0.927782
0.379494
0.459351
0.62187
0.773006
0.078046
0.820521
0.815885
0.718486
0.452371
0.869046
0.201166
0.819128
0.746723
0.547014
0.990809
0.857294
0.517203
0.225457
0.36585
0.616046
0.59501
0.23359
0.713443
0.2949
0.627928
0.734711
0.613217
0.278608
0.735295
0.282261
0.930368
0.067255
0.235648
0.503192
0.052742
0.028486
0.034869
0.683635
0.183828
0.365336
0.543755
0.145603
0.211424
0.941657
0.300195
0.670935
0.319915
0.239012
0.09618
0.234109
0.245705
0.085428
0.860184
0.367714
0.447407
0.820033
0.52904
0.86737
0.482203
0.409168
0.986719
0.151433
0.782524
0.181753
0.311101
0.37768
0.833499
0.824332
0.583996
0.317666
0.727834
0.147033
0.20612
0.287982
0.934629
0.388706
0.650947
0.03528
0.653725
0.506668
0.472113
0.97937
0.22376
0.458437
0.348685
0.022807
0.586639
0.647024
0.916338
0.470936
0.520203
0.852131
0.624089
0.767817
0.407438
0.699266
0.913495
0.487259
0.091231
0.221695
0.223554
0.751621
0.336474
0.446104
0.022532
0.884535
0.139303
0.752476
0.841402
0.077246
0.299799
0.086923
0.375786
0.694233
0.075714
0.940493
0.79127
0.71236
0.267618
0.573301
0.073854
0.912877
0.728363
0.389691
0.685822
0.894904
0.007072
0.304703
0.019678
0.367416
0.246674
0.643359
0.178358
0.085357
0.383912
0.646858
0.789333
0.323892
0.978509
0.628729
0.149336
0.916614
0.24918
0.52741
0.305045
0.759091
0.256869
0.411044
0.176117
0.336564
0.468408
0.741127
0.553766
0.684367
0.647227
0.508763
0.684723
0.128925
0.249649
0.163773
0.689862
0.035462
0.140728
0.94398
0.529768
0.976039
0.675187
0.420143
0.933054
0.001106
0.041988
0.2988
0.411862
0.026024
0.709023
0.617356
0.184613
0.408917
0.116017
0.074424
0.973082
0.214638
0.402688
0.024236
0.522353
0.061781
0.356146
0.850428
0.363356
0.153055
0.011485
0.591883
0.520939
0.031328
0.990916
0.244818
0.114342
0.236691
0.092956
0.054785
0.990818
0.917348
0.745848
0.856071
0.018087
0.038306
0.372913
0.854861
0.02358
0.56855
0.107247
0.763314
0.581264
0.085337
0.256852
0.167925
0.092414
0.268775
0.968265
0.866524
0.049205
0.605349
0.285365
0.673061
0.910284
0.560236
0.947616
0.385898
0.366237
0.693786
0.178102
0.255454
0.383599
0.64844
0.960676
0.732556
0.32993
0.40131
0.077978
0.37018
0.125829
0.811615
0.0579
0.407083
0.08114
0.87591
0.886828
0.345958
0.32264
0.468362
0.439072
0.149563
0.062767
0.910823
0.90552
0.637515
0.962103
0.750343
0.905681
0.039353
0.813638
0.49729
0.908811
0.177542
0.181274
0.720265
0.063697
0.169152
0.611497
0.418961
0.568781
0.527553
0.800371
0.966091
0.199401
0.876982
0.795756
0.539252
0.241322
0.249434
0.754427
0.108544
0.053496
0.341395
0.217945
0.355577
0.003666
0.963134
0.131942
0.74755
0.347338
0.127451
0.700664
0.833585
0.688038
0.492713
0.849616
0.057937
0.571948
0.659896
0.609647
0.933829
0.972175
0.25737
0.345412
0.551322
0.522699
0.514658
0.337579
0.232167
0.41431
0.362284
0.992411
0.94146
0.157032
0.549145
0.339649
0.472481
0.124791
0.529588
0.257513
0.824092
0.627879
0.416556
0.710907
0.494984
0.225095
0.831634
0.879941
0.240882
0.65183
0.7351
0.965749
0.53184
0.161137
0.751526
0.18084
0.596395
0.920912
0.137574
0.442696
0.232843
0.926756
0.346634
0.435142
0.080422
0.251919
0.672837
0.668877
0.239688
0.348288
0.88116
0.132609
0.268142
0.92542
0.112264
0.274564
0.454851
0.135494
0.609193
0.135999
0.835031
0.337461
0.923902
0.401946
0.954902
0.485923
0.214167
0.374406
0.176634
0.978873
0.536637
0.787799
0.639332
0.398798
0.106666
0.087733
0.963435
0.275664
0.149823
0.652845
0.225658
0.212111
0.635565
0.665504
0.501479
0.976513
0.031601
0.099605
0.574625
0.38793
0.568584
0.736351
0.534693
0.673605
0.503009
0.340931
0.115845
0.383777
0.414076
0.43617
0.20356
0.240327
0.399694
0.480671
0.222151
0.094875
0.811386
0.289235
0.765638
0.151807
0.123479
0.185753
0.849508
0.666715
0.86598
0.446355
0.871174
0.308512
0.880808
0.701357
0.999431
0.695949
0.65612
0.551796
0.256487
0.954301
0.875005
0.068036
0.417295
0.560681
0.234588
0.693785
0.825919
0.872099
0.521745
0.452931
0.705437
0.071546
0.346268
0.718662
0.987986
0.661596
0.041025
0.636459
0.98324
0.011544
0.59222
0.700423
0.806652
0.438089
0.769902
0.627374
0.040272
0.413881
0.862708
0.497435
0.301976
0.429544
0.436553
0.495495
0.85539
0.546499
0.998185
0.522566
0.20196
0.206271
0.655057
0.983221
0.558505
0.011971
0.165131
0.857834
0.040264
0.867763
0.88031
0.983586
0.990324
0.251636
0.831953
0.107751
0.549941
0.499618
0.705295
0.642453
0.181018
0.638371
0.671387
0.690575
0.585556
0.592228
0.245357
0.962057
0.748359
0.122118
0.981737
0.876717
0.752548
0.249248
0.095657
0.304492
0.033271
0.115161
0.702515
0.106339
0.742649
0.834657
0.80953
0.545627
0.779404
0.506532
0.528597
0.367696
0.054315
0.352824
0.637273
0.19958
0.977851
0.518803
0.611168
0.144325
0.583066
0.980318
0.551292
0.55816
0.745346
0.056524
0.61199
0.625101
0.351445
0.313713
0.860187
0.958431
0.072655
0.061583
0.084987
0.385386
0.648211
0.622381
0.721203
0.843521
0.446862
0.271777
0.105082
0.191033
0.981425
0.911954
0.236196
0.18912
0.345823
0.018391
0.057628
0.07117
0.108127
0.919342
0.426138
0.539079
0.507935
0.406923
0.920461
0.108122
0.704571
0.490529
0.693626
0.141146
0.89348
0.710966
0.48996
0.516783
0.76705
0.110698
0.969469
0.572215
0.34389
0.489433
0.212517
0.862075
0.075652
0.857051
0.291079
0.709517
0.166333
0.135815
0.530787
0.259967
0.011398
0.436546
0.679224
0.374052
0.053989
0.224216
0.224154
0.672036
0.912459
0.031149
0.019377
0.015418
0.128263
0.519861
0.203469
0.551659
0.806181
0.314203
0.448647
0.856573
0.137232
0.727799
0.906854
0.65694
0.682208
0.684196
0.785696
0.481589
0.275233
0.603694
0.525964
0.964918
0.222626
0.980758
0.635507
0.147649
0.726995
0.190674
0.012042
0.842826
0.831482
0.514147
0.188285
0.184764
0.621662
0.178664
0.848531
0.067406
0.794192
0.924158
0.784915
0.437427
0.311389
0.531983
0.311583
0.990741
0.803318
0.662508
0.872034
0.594114
0.618878
0.529545
0.407739
0.77076
0.404476
0.028675
0.597901
0.324454
0.257231
0.294423
0.754336
0.834708
0.74518
0.0062
0.069669
0.442295
0.311007
0.561573
0.886544
0.629896
0.894593
0.003046
0.5726
0.98664
0.175291
0.693081
0.246025
0.62365
0.319441
0.391905
0.509338
0.421034
0.102144
0.181227
0.914715
0.955533
0.391949
0.572729
0.971854
0.349942
0.994943
0.293793
0.307054
0.070115
0.542066
0.58149
0.249878
0.601662
0.012184
0.429566
0.365462
0.889723
0.717977
0.770125
0.217252
0.275161
0.188072
0.594246
0.461456
0.326676
0.118895
0.539849
0.046356
0.593525
0.808646
0.085317
0.429576
0.387168
0.947439
0.918458
0.428702
0.336636
0.501019
0.447353
0.392461
0.987844
0.086878
0.063877
0.164445
0.929507
0.162165
0.358621
0.384962
0.133484
0.050487
0.751259
0.306141
0.246459
0.776909
0.069338
0.892762
0.674039
0.048098
0.877184
0.514115
0.104745
0.851489
0.980326
0.8043
0.03338
0.908599
0.207375
0.487247
0.052939
0.622891
0.416645
0.572569
0.330524
0.531302
0.722477
0.218702
0.774961
0.853098
0.476221
0.954574
0.84384
0.34905
0.196144
0.474355
0.880584
0.639081
0.261069
0.155755
0.826215
0.13523
0.991529
0.39346
0.327824
0.461672
0.081311
0.921782
0.041809
0.934566
0.480524
0.218334
0.719697
0.953404
0.760129
0.436367
0.91242
0.662843
0.393644
0.385524
0.225521
0.609042
0.699447
0.901207
0.810257
0.459673
0.288589
0.485544
0.988494
0.207364
0.722173
0.769605
0.101507
0.843586
0.434896
0.625291
0.252006
0.997404
0.783422
0.718484
0.868646
0.186361
0.693365
0.75053
0.939807
0.601614
0.401158
0.132111
0.50443
0.700725
0.914486
0.376346
0.079455
0.536805
0.048867
0.186339
0.498972
0.932463
0.748066
0.728357
0.495207
0.207729
0.468881
0.71616
0.141817
0.977302
0.379705
0.94618
0.29887
0.148401
0.141825
0.385536
0.131235
0.984766
0.726935
0.976922
0.30351
0.364558
0.300604
0.781386
0.049722
0.603982
0.686326
0.67555
0.683896
0.312546
0.083408
0.452256
0.352531
0.572539
0.871689
0.455167
0.02676
0.054172
0.313081
0.181765
0.050253
0.002
0.303986
0.300029
0.819968
0.995295
0.25361
0.111807
0.572337
0.728887
0.062553
0.93234
0.532364
0.599526
0.09724
0.887167
0.282293
0.7403
0.195309
0.229381
0.014761
0.322803
0.285505
0.091424
0.421927
0.224672
0.180044
0.447317
0.838297
0.486637
0.464294
0.949392
0.151273
0.98881
0.804337
0.992851
0.131483
0.382827
0.683324
0.060092
0.478148
0.587754
0.774391
0.534529
0.769299
0.195249
0.875012
0.669007
0.529184
0.028064
0.892355
0.692934
0.777644
0.407065
0.365379
0.545437
0.910335
0.39721
0.021206
0.994553
0.709917
0.420144
0.427329
0.555278
0.561398
0.664632
0.550052
0.84906
0.952875
0.774721
0.198843
0.158657
0.30643
0.69633
0.009819
0.355681
0.145941
0.772743
0.886434
0.494528
0.838016
0.271347
0.679012
0.625195
0.769581
0.874332
0.573907
0.769467
0.7585
0.106904
0.977236
0.657309
0.093103
0.999975
0.157482
0.189427
0.836928
0.45045
0.762632
0.508987
0.498074
0.109889
0.318303
0.898318
0.333556
0.894238
0.813626
0.312318
0.114759
0.13707
0.368825
0.808005
0.621451
0.11311
0.30232
0.924442
0.095201
0.574677
0.8208
0.320569
0.632702
0.50531
0.530851
0.225447
0.799937
0.006003
0.210154
0.89477
0.409532
0.379005
0.014593
0.934048
0.731424
0.666553
0.941859
0.653421
0.681932
0.139921
0.380371
0.670413
0.370135
0.752611
0.329063
0.019408
0.168649
0.907473
0.967972
0.183557
0.954189
0.827453
0.252773
0.840148
0.68216
0.706873
0.357119
0.487434
0.62906
0.501103
0.51387
0.051754
0.936012
0.863159
0.710443
0.776825
0.903812
0.824724
0.212704
0.98317
0.598631
0.694435
0.864182
0.559255
0.378553
0.086885
0.660001
0.351053
0.595854
0.746191
0.743463
0.464171
0.525647
0.222764
0.252592
0.388517
0.791563
0.084531
0.652318
0.388243
0.801411
0.927445
0.381105
0.36322
0.534543
0.603687
0.469771
0.933781
0.32461
0.736024
0.320274
0.696863
0.250636
0.064212
0.663665
0.511939
0.081997
0.060416
0.418756
0.93173
0.656719
0.064925
0.564441
0.677488
0.965532
0.863343
0.080299
0.361569
0.29717
0.810431
0.566853
0.527236
0.411667
0.284326
0.317146
0.576009
0.457776
0.851759
0.774489
0.85024
0.023008
0.299769
0.850537
0.313486
0.065311
0.654363
0.299334
0.003277
0.53823
0.563973
0.68524
0.44371
0.588001
0.17082
0.859658
0.781712
0.325427
0.608744
0.543073
0.026255
0.213589
0.213474
0.127855
0.827657
0.710483
0.529364
0.023281
0.180488
0.729472
0.821497
0.462046
0.319242
0.084341
0.028785
0.131882
0.635343
0.694715
0.356128
0.266536
0.715761
0.201438
0.54983
0.7627
0.028595
0.666025
0.389379
0.726446
0.454713
0.146368
0.610959
0.373862
0.820914
0.56042
0.768147
0.274802
0.681264
0.150661
0.496529
0.798714
0.271977
0.046124
0.540598
0.890571
0.043058
0.57655
0.27753
0.213513
0.140623
0.998407
0.194076
0.160327
0.568023
0.633149
0.653964
0.655081
0.000999
0.722128
0.961246
0.35163
0.9388
0.479559
0.912475
0.39602
0.089599
0.459645
0.374716
0.160147
0.834202
0.840514
0.165942
0.896095
0.076938
0.854583
0.219917
0.375196
0.28732
0.510927
0.3277
0.251792
0.767419
0.179808
0.017341
0.361246
0.007996
0.754559
0.501321
0.961221
0.458338
0.339681
0.999135
0.056088
0.480667
0.120289
0.831661
0.315318
0.274003
0.606597
0.217308
0.182459
0.056868
0.130128
0.697167
0.553388
0.838442
0.841688
0.171359
0.120399
0.741981
0.025758
0.658731
0.189362
0.637427
0.192668
0.090121
0.436559
0.339973
0.315957
0.290289
0.314491
0.818951
0.770819
0.073966
0.436049
0.15501
0.991555
0.150129
0.533113
0.600664
0.088074
0.306618
0.139708
0.889863
0.116479
0.72046
0.379196
0.195971
0.309472
0.691152
0.923047
0.272282
0.056422
0.314016
0.938747
0.203181
0.98227
0.658085
0.416953
0.821551
0.575839
0.680463
0.900358
0.41768
0.079008
0.108065
0.34088
0.637468
0.234606
0.890359
0.472993
0.585259
0.19403
0.385322
0.03286
0.974325
0.050266
0.853546
0.851964
0.433707
0.251571
0.23544
0.399486
0.75971
0.54838
0.038269
0.107317
0.566046
0.361605
0.996768
0.701233
0.593624
0.814152
0.087137
0.234542
0.507673
0.200875
0.795922
0.261541
0.045031
0.047537
0.051044
0.505545
0.276238
0.902021
0.074389
0.785448
0.610811
0.341178
0.871737
0.869864
0.292106
0.648808
0.906392
0.690044
0.550443
0.437856
0.186757
0.753218
0.980977
0.143455
0.4759
0.706461
0.88515
0.846428
0.785669
0.016223
0.140873
0.65993
0.609876
0.322222
0.908072
0.092034
0.570314
0.270787
0.694142
0.163227
0.35929
0.420722
0.226333
0.1916
0.09102
0.024794
0.225327
0.824349
0.083929
0.399718
0.729582
0.439262
0.367025
0.071819
0.126019
0.980654
0.598393
0.883881
0.725001
0.626882
0.563421
0.481821
0.456078
0.66363
0.688402
0.898775
0.85614
0.631939
0.297468
0.882875
0.963847
0.177606
0.569764
0.775158
0.710609
0.254437
0.252086
0.933134
0.636045
0.221443
0.124548
0.718114
0.766487
0.626861
0.694913
0.636286
0.851692
0.673805
0.916568
0.121969
0.374261
0.996295
0.958287
0.834432
0.185708
0.580427
0.419802
0.935062
0.258421
0.395623
0.168042
0.738602
0.857955
0.882807
0.407344
0.801982
0.093721
0.86083
0.932525
0.746798
0.311097
0.561039
0.394382
0.329725
0.403353
0.20549
0.428924
0.599931
0.451293
0.03272
0.550403
0.283174
0.674216
0.725031
0.27147
0.890675
0.628137
0.963223
0.100868
0.719724
0.533348
0.328366
0.711151
0.376161
0.620242
0.487013
0.52055
0.585038
0.422776
0.587462
0.036167
0.888398
0.051397
0.887405
0.096078
0.018545
0.029553
0.864588
0.888244
0.645852
0.086669
0.181547
0.211136
0.788793
0.273045
0.704143
0.921793
0.103163
0.327591
0.270873
0.445094
0.150662
0.208278
0.81108
0.063668
0.512134
0.74829
0.220233
0.639634
0.640303
0.655779
0.627085
0.51283
0.018606
0.975945
0.992145
0.694405
0.0257
0.788168
0.355463
0.903252
0.267816
0.915829
0.659539
0.384132
0.156765
0.992511
0.804625
0.888379
0.680622
0.096136
0.578264
0.294454
0.044082
0.274694
0.503489
0.628058
0.521893
0.328418
0.305209
0.148968
0.650409
0.162904
0.315961
0.941841
0.06048
0.332633
0.900972
0.80373
0.263268
0.53304
0.245213
0.512435
0.973651
0.095187
0.313158
0.674031
0.989795
0.873027
0.613105
0.710835
0.360171
0.921952
0.607592
0.962365
0.729342
0.167671
0.017712
0.354463
0.674992
0.012892
0.243155
0.582588
0.956387
0.028369
0.035886
0.36938
0.344821
0.285355
0.067311
0.724467
0.582182
0.981689
0.821858
0.044691
0.423859
0.587544
0.4691
0.078867
0.06565
0.102428
0.26689
0.716509
0.789682
0.698993
0.441115
0.478861
0.002881
0.325446
0.574521
0.613153
0.94513
0.461128
0.778655
0.550897
0.843874
0.020677
0.37658
0.747694
0.74423
0.877041
0.580649
0.893661
0.665956
0.250227
0.259601
0.147255
0.004732
0.112013
0.229937
0.648907
0.20295
0.892065
0.183783
0.730185
0.264534
0.120661
0.049276
0.161126
0.95419
0.914513
0.415552
0.598367
0.743522
0.067134
0.160129
0.680132
0.676482
0.871839
0.440103
0.359864
0.15196
0.707584
0.096189
0.794645
0.757917
0.978798
0.669011
0.005662
0.505183
0.153948
0.214497
0.569502
0.893175
0.686935
0.977274
0.691885
0.091544
0.915798
0.960671
0.783269
0.324908
0.068469
0.276141
0.065943
0.051005
0.915763
0.747957
0.727618
0.378549
0.091079
0.47433
0.894443
0.016571
0.419598
0.419042
0.710002
0.434557
0.827739
0.170957
0.833635
0.958248
0.294253
0.751624
0.652932
0.526142
0.837608
0.335865
0.146131
0.224368
0.170151
0.010998
0.795608
0.923235
0.046748
0.133357
0.017404
0.023454
0.747899
0.720222
0.322456
0.98656
0.487089
0.795781
0.313363
0.607681
0.423732
0.491027
0.893043
0.044738
0.256869
0.01059
0.994685
0.054577
0.834635
0.114543
0.394275
0.566334
0.181451
0.345727
0.785947
0.91978
0.703308
0.936032
0.462072
0.640659
0.648357
0.305457
0.166695
0.019235
0.19313
0.806625
0.549283
0.060239
0.659191
0.759205
0.531206
0.608581
0.369312
0.804469
0.118035
0.024831
0.652225
0.378566
0.487432
0.001279
0.118986
0.289249
0.113565
0.402524
0.09028
0.728641
0.328917
0.742526
0.567852
0.580706
0.55352
0.03901
0.421212
0.468631
0.131746
0.725706
0.437326
0.607155
0.470378
0.687834
0.399807
0.042258
0.882085
0.225733
0.45176
0.666392
0.603762
0.672258
0.439491
0.844303
0.327235
0.485154
0.322432
0.327131
0.90551
0.83645
0.24084
0.135196
0.287704
0.031247
0.872739
0.821143
0.816343
0.840682
0.415231
0.104613
0.826431
0.834155
0.836793
0.557875
0.40888
0.78623
0.728746
0.600911
0.822709
0.921364
0.700291
0.324438
0.726465
0.142133
0.813488
0.502977
0.421668
0.221776
0.523928
0.25507
0.748725
0.163669
0.644469
0.527892
0.538008
0.205658
0.141976
0.7879
0.683427
0.994686
0.481381
0.907053
0.365099
0.071843
0.375638
0.049496
0.543442
0.715954
0.303162
0.475902
0.273633
0.782226
0.63657
0.017615
0.009092
0.606123
0.547516
0.043521
0.099743
0.971542
0.143576
0.201528
0.215438
0.62404
0.709602
0.946777
0.076882
0.239921
0.488301
0.879558
0.640275
0.42678
0.214524
0.365983
0.836522
0.766219
0.153042
0.141543
0.866666
0.100062
0.617583
0.845132
0.384852
0.134541
0.79439
0.578311
0.714475
0.397372
0.725456
0.012455
0.874889
0.783533
0.501357
0.970982
0.670393
0.209573
0.62631
0.159899
0.73819
0.463426
0.541996
0.440512
0.678998
0.065415
0.856236
0.523012
0.508157
0.217655
0.487553
0.731228
0.025081
0.2936
0.433553
0.176889
0.162523
0.661784
0.111514
0.071545
0.986121
0.431052
0.082092
0.917634
0.588018
0.657977
0.700111
0.814058
0.190906
0.893017
0.572431
0.717676
0.880981
0.405537
0.521325
0.060247
0.616358
0.91065
0.369295
0.061619
0.135142
0.603043
0.274778
0.807002
0.023413
0.920793
0.343817
0.114391
0.033976
0.714758
0.390157
0.494341
0.969123
0.477096
0.885021
0.283072
0.046115
0.945883
0.318946
0.436814
0.837897
0.692696
0.61368
0.591932
0.691352
0.465684
0.172976
0.974226
0.97273
0.821302
0.040524
0.363109
0.622832
0.377798
0.476402
0.919258
0.553822
0.719336
0.570807
0.824379
0.032046
0.541684
0.73627
0.601653
0.897868
0.351265
0.452813
0.680563
0.912211
0.674825
0.230659
0.673583
0.814232
0.775975
0.710236
0.979422
0.234293
0.138994
0.609764
0.665349
0.928403
0.817629
0.938816
0.658322
0.977468
0.980965
0.761468
0.768262
0.168874
0.860869
0.300512
0.902632
0.402123
0.590372
0.966173
0.801394
0.809762
0.752737
0.749444
0.509804
0.882486
0.690221
0.677026
0.809927
0.948984
0.685257
0.708241
0.20091
0.648444
0.481357
0.750736
0.145942
0.375694
0.756972
0.369116
0.261057
0.184805
0.120417
0.709572
0.006662
0.740835
0.8455
0.468933
0.073526
0.315051
0.866977
0.239476
0.874833
0.061066
0.787406
0.475599
0.772967
0.902118
0.529744
0.889972
0.752523
0.817155
0.80395
0.604936
0.296625
0.335611
0.643243
0.878262
0.508803
0.265608
0.563847
0.777117
0.64936
0.502971
0.770263
0.849189
0.184326
0.586077
0.257881
0.473401
0.301761
0.069373
0.590817
0.635986
0.858957
0.332318
0.404055
0.40276
0.247373
0.471511
0.387565
0.284516
0.023615
0.019126
0.168903
0.917067
0.084733
0.550152
0.722909
0.660478
0.055394
0.385197
0.334116
0.280631
0.040193
0.204357
0.707394
0.334592
0.037387
0.305421
0.88307
0.798148
0.89661
0.851701
0.568604
0.564753
0.928571
0.508973
0.678988
0.50264
0.791552
0.594105
0.387392
0.441162
0.582657
0.477921
0.03695
0.679118
0.803136
0.466722
0.860018
0.687335
0.180159
0.857706
0.577067
0.816414
0.379178
0.849023
0.451344
0.40972
0.520254
0.372131
0.76966
0.14002
0.790073
0.119655
0.843005
0.039211
0.175876
0.863251
0.902527
0.687875
0.426219
0.589357
0.325059
0.622323
0.596695
0.452994
0.093327
0.380238
0.698692
0.266066
0.068181
0.806088
0.331015
0.805862
0.692277
0.552441
0.271534
0.163144
0.30446
0.242645
0.619954
0.038985
0.07479
0.331637
0.647672
0.91079
0.560184
0.358539
0.499388
0.030749
0.973926
0.225214
0.305803
0.394296
0.203505
0.646547
0.918288
0.053266
0.218963
0.444915
0.134059
0.672017
0.41402
0.747732
0.888132
0.640001
0.416175
0.046319
0.955325
0.141895
0.894263
0.298766
0.579043
0.16206
0.537447
0.356228
0.174143
0.555885
0.75626
0.716876
0.718199
0.228446
0.501933
0.631322
0.994243
0.171744
0.632368
0.544612
0.527617
0.908076
0.338349
0.128703
0.867867
0.574273
0.665722
0.744528
0.697254
0.458277
0.916181
0.629911
0.916534
0.721652
0.41132
0.380467
0.242978
0.948111
0.984236
0.516299
0.687064
0.598184
0.428057
0.183509
0.960664
0.285948
0.461897
0.682351
0.651175
0.255381
0.003239
0.610242
0.882078
0.260687
0.874463
0.171907
0.097614
0.308913
0.519802
0.613239
0.53423
0.656106
0.880262
0.351618
0.116814
0.982363
0.407118
0.326326
0.202691
0.574516
0.656953
0.455716
0.062345
0.557412
0.913682
0.960789
0.295986
0.491321
0.565629
0.934627
0.35905
0.821598
0.469466
0.624157
0.427624
0.51224
0.513624
0.139154
0.533365
0.783586
0.011668
0.362812
0.352417
0.087549
0.404041
0.385549
0.183708
0.909751
0.103008
0.274048
0.7618
0.046076
0.920876
0.988662
0.773688
0.111261
0.943829
0.60829
0.655384
0.342154
0.263413
0.43775
0.450575
0.018479
0.424611
0.705402
0.817713
0.509456
0.639657
0.514414
0.295931
0.196397
0.518171
0.332231
0.317647
0.322257
0.808948
0.779851
0.97959
0.371337
0.608971
0.475221
0.087568
0.806667
0.405954
0.26964
0.019797
0.883981
0.929265
0.821335
0.873096
0.566441
0.093574
0.294983
0.403822
0.070805
0.287185
0.197935
0.650615
0.091619
0.976649
0.61425
0.097144
0.108384
0.729646
0.254388
0.802665
0.076557
0.467442
0.304541
0.218104
0.502743
0.300697
0.363975
