256 1 3
0
162
1
243
2
231
3
223
4
15
5
229
6
149
7
138
8
174
9
207
10
179
11
151
12
179
13
240
14
106
15
42
16
225
17
205
18
109
19
184
20
38
21
203
22
212
23
223
24
29
25
123
26
114
27
160
10
28
29
231
30
187
31
67
32
60
33
61
34
222
35
162
36
146
20
37
38
253
39
48
40
238
41
196
42
98
43
222
44
163
45
215
46
207
47
178
48
254
49
247
30
50
51
168
52
172
53
197
54
191
19
55
53
56
57
184
34
58
59
193
60
116
61
91
50
62
28
63
64
164
65
175
6
66
67
171
68
177
69
223
70
107
71
175
72
114
35
73
74
199
75
211
76
209
77
187
3
78
26
79
73
80
81
133
82
162
17
83
37
84
2
85
86
211
87
179
88
231
89
233
11
90
16
91
92
214
93
255
76
94
50
95
96
128
97
239
98
187
99
228
100
175
101
228
102
105
89
103
104
166
105
133
40
106
107
113
108
162
109
243
110
229
0
111
14
112
113
141
114
187
34
115
100
116
117
215
118
163
22
119
74
120
60
121
122
148
51
123
3
124
61
125
74
126
127
193
39
128
90
129
52
130
131
246
43
132
133
168
100
134
38
135
101
136
47
137
138
211
139
197
140
221
141
237
142
244
143
253
81
144
109
145
146
150
147
196
148
234
149
233
150
171
53
151
152
196
94
153
17
154
35
155
86
156
157
160
0
158
159
216
43
160
161
182
162
192
163
206
118
164
62
165
120
166
46
167
71
168
169
239
128
170
171
207
165
172
43
173
38
174
6
175
144
176
51
177
178
180
179
248
54
180
97
181
34
182
183
187
107
184
52
185
99
186
7
187
41
188
189
248
154
190
185
191
189
192
193
197
176
194
48
195
196
219
197
234
184
198
40
199
104
200
153
201
202
230
131
203
53
204
93
205
54
206
135
207
113
208
37
209
102
210
208
211
169
212
15
213
214
235
177
215
8
216
114
217
218
228
210
219
62
220
100
221
12
222
169
223
184
224
69
225
119
226
98
227
187
228
76
229
205
230
23
231
77
232
136
233
24
234
191
235
72
236
16
237
86
238
233
239
221
240
47
241
240
242
201
243
185
244
21
245
123
246
25
247
187
248
80
249
121
250
115
251
169
252
161
253
90
254
104
255
0.766574
0.661955
0.654909
0.158568
0.010834
0.743943
0.367619
0.453174
0.863672
0.70984
0.274399
0.184802
0.116937
0.49147
0.929505
0.989173
0.889205
0.134362
0.683788
0.445662
0.148456
0.060846
0.52064
0.960227
0.78189
0.270798
0.441026
0.674478
0.078038
0.603323
0.838179
0.515201
0.365335
0.124621
0.777623
0.345903
0.179166
0.04455
0.200595
0.26559
0.096073
0.6824
0.138147
0.558963
0.042838
0.674824
0.585731
0.514542
0.207843
0.611639
0.307759
0.242799
0.422865
0.898901
0.04911
0.662906
0.546154
0.709739
0.37998
0.211939
0.020525
0.253716
0.250794
0.589239
0.034671
0.352058
0.265053
0.506991
0.626645
0.542885
0.318054
0.862802
0.527011
0.726005
0.860638
0.899821
0.730487
0.372371
0.911316
0.864585
0.989332
0.143183
0.480558
0.936199
0.856759
0.047099
0.970107
0.69635
0.125202
0.346344
0.601078
0.328613
0.906465
0.518189
0.62505
0.755975
0.500741
0.924969
0.650556
0.926609
0.966038
0.364412
0.787585
0.131921
0.297312
0.326872
0.387681
0.770116
0.689785
0.325992
0.449094
0.252895
0.236773
0.995032
0.649066
0.030893
0.09517
0.977875
0.679011
0.571854
0.265916
0.585791
0.312163
0.491796
0.68746
0.630078
0.790277
0.842667
0.083017
0.035424
0.974466
0.40604
0.961636
0.569176
0.780802
0.161346
0.327822
0.335088
0.131202
0.92194
0.220634
0.967957
0.720123
0.475874
0.701206
0.707372
0.166612
0.309884
0.312389
0.718657
0.427093
0.123081
0.224198
0.991388
0.030639
0.561543
0.205239
0.712854
0.264625
0.742536
0.965158
0.140531
0.974394
0.281503
0.69529
0.913396
0.483373
0.305283
0.834493
0.583229
0.995714
0.889608
0.406094
0.050536
0.881136
0.897388
0.05602
0.285008
0.655048
0.725887
0.83498
0.503284
0.281256
0.656193
0.505958
0.378666
0.043663
0.842194
0.351939
0.682984
0.195391
0.259392
0.616212
0.62286
0.67753
0.539572
0.107742
0.183334
0.803267
0.564099
0.618128
0.706134
0.895649
0.913466
0.067554
0.538348
0.818832
0.632694
0.705715
0.192133
0.570371
0.023024
0.760873
0.746248
0.396434
0.028529
0.668557
0.209834
0.567541
0.502872
0.304248
0.930069
0.670306
0.094791
0.138821
0.41507
0.252099
0.22306
0.939163
0.591323
0.772445
0.037825
0.1403
0.51177
0.840939
0.702907
0.86345
0.804204
0.896933
0.552577
0.002657
0.795274
0.862771
0.952203
0.800598
0.641291
0.418533
0.54266
0.972107
0.959282
0.640419
0.039623
0.302106
0.936467
0.260768
0.673717
0.031037
0.568815
0.70085
0.305163
0.55535
0.675641
0.602434
0.602527
0.744793
0.323421
0.206282
0.395193
0.660465
0.895415
0.04133
0.808604
0.877073
0.333511
0.328174
0.685201
0.172523
0.552277
0.670861
0.201414
0.008757
0.938249
0.988685
0.295506
0.889706
0.932288
0.327822
0.477426
0.255928
0.388107
0.77875
0.588505
0.968367
0.406286
0.371965
0.011766
0.086423
0.083167
0.777627
0.985471
0.264418
0.176371
0.695562
0.400557
0.073897
0.300663
0.460819
0.614016
0.445991
0.643561
0.800742
0.424468
0.211034
0.931433
0.316858
0.878387
0.386832
0.453421
0.165325
0.035596
0.398745
0.218545
0.409467
0.459104
0.821428
0.94046
0.106574
0.435528
0.34872
0.617043
0.604526
0.853472
0.334501
0.085884
0.367222
0.886441
0.737638
0.625102
0.017468
0.583372
0.904065
0.97514
0.667352
0.613211
0.754199
0.058083
0.510874
0.072202
0.812777
0.725238
0.815071
0.150031
0.458504
0.911357
0.870758
0.442209
0.884016
0.834716
0.746966
0.0568
0.616032
0.061629
0.829066
0.836108
0.271197
0.697446
0.571242
0.551068
0.495368
0.871313
0.497924
0.749663
0.738506
0.739411
0.386389
0.739868
0.218645
0.778969
0.875981
0.778033
0.204319
0.209521
0.426249
0.0371
0.597708
0.344854
0.314916
0.552751
0.3524
0.92453
0.767301
0.012538
0.692628
0.110916
0.736777
0.44949
0.612633
0.35772
0.929267
0.997594
0.081888
0.118186
0.341854
0.718373
0.461386
0.578532
0.937238
0.85071
0.90841
0.458408
0.464235
0.573091
0.856891
0.762375
0.023028
0.517485
0.972513
0.45495
0.238005
0.915707
0.082369
0.58658
0.137049
0.52379
0.888177
0.162095
0.689236
0.621311
0.048146
0.919879
0.416504
0.337261
0.956873
0.01678
0.312802
0.463266
0.042907
0.002564
0.503489
0.866741
0.094936
0.854954
0.042512
0.214468
0.928416
0.879439
0.634153
0.247869
0.837701
0.854164
0.859559
0.072947
0.657491
0.315345
0.31855
0.32439
0.495434
0.981986
0.598845
0.548112
0.070881
0.395239
0.08133
0.510297
0.326518
0.237817
0.010511
0.794781
0.998574
0.888692
0.955287
0.623814
0.505123
0.782257
0.314146
0.682163
0.006722
0.315861
0.228648
0.339044
0.237559
0.678896
0.546713
0.160798
0.329882
0.086224
0.483533
0.488194
0.42418
0.105671
0.256811
0.026265
0.125686
0.98092
0.289959
0.225831
0.962787
0.660414
0.200019
0.113218
0.310571
0.367156
0.025346
0.111212
0.442402
0.884008
0.560135
0.139481
0.700693
0.760902
0.878537
0.081611
0.795291
0.274747
0.1067
0.203092
0.704501
0.326867
0.888617
0.062028
0.612277
0.811645
0.217668
0.880945
0.159649
0.457266
0.703103
0.443493
0.316628
0.189779
0.267901
0.190455
0.20657
0.891033
0.972443
0.921166
0.754894
0.408592
0.236373
0.339584
0.89745
0.668602
0.738831
0.865052
0.954494
0.336092
0.627599
0.700542
0.728136
0.198251
0.411643
0.830578
0.461754
0.584066
0.891996
0.649786
0.330118
0.369236
0.109534
0.943118
0.863948
0.968977
0.24053
0.537371
0.748787
0.066228
0.40439
0.844573
0.103945
0.721481
0.838242
0.906539
0.710905
0.859265
0.298453
0.219928
0.016145
0.287783
0.992802
0.686825
0.122864
0.083794
0.211788
0.695701
0.668747
0.633552
0.430758
0.576616
0.86519
0.420873
0.346808
0.546173
0.165246
0.572485
0.542208
0.795347
0.314342
0.912311
0.502825
0.742467
0.741105
0.921345
0.001496
0.046158
0.389414
0.630013
0.311705
0.913883
0.966641
0.445461
0.357159
0.112294
0.41117
0.523641
0.733762
0.691222
0.393513
0.118109
0.271063
0.219798
0.065929
0.272455
0.364492
0.664384
0.442633
0.608353
0.316125
0.618304
0.018657
0.947325
0.066718
0.875855
0.477994
0.602187
0.637315
0.244705
0.17372
0.844615
0.173187
0.303775
0.449478
0.672561
0.448332
0.025848
0.31829
0.300435
0.221492
0.780756
0.693948
0.473594
0.490972
0.757726
0.608805
0.382111
0.977682
0.511796
0.626094
0.333776
0.903177
0.903034
0.075379
0.29957
0.856633
0.405344
0.566292
0.194309
0.620251
0.644372
0.510503
0.357603
0.056095
0.471444
0.557422
0.418635
0.316888
0.331155
0.737169
0.824471
0.487873
0.174184
0.017782
0.840699
0.339135
0.711574
0.747754
0.954948
0.95129
0.460642
0.212014
0.48834
0.869104
0.832602
0.851647
0.355654
0.615045
0.764897
0.553441
0.512426
0.75037
0.603064
0.99717
0.417026
0.661787
0.619103
0.408611
0.884006
0.027686
0.609634
0.184186
0.305281
0.870427
0.653852
0.813319
0.625957
0.414916
0.207333
0.140115
0.064961
0.394496
0.318955
0.345277
0.710214
0.444757
0.81692
0.08606
0.820611
0.815289
0.935288
0.32097
0.383344
0.753533
0.672062
0.634416
0.854367
0.987469
0.877343
0.007627
0.80531
0.067498
0.18696
0.650473
0.020851
0.642863
0.983981
0.533172
0.255321
0.569035
0.595885
0.717492
0.21627
0.803612
0.233189
0.852482
0.522989
0.930318
0.658902
0.573614
0.944208
0.66915
0.782073
0.62595
0.03137
0.906892
0.825553
0.535865
0.990718
0.07364
0.538412
0.951776
0.410533
0.330675
0.226081
0.753194
0.611074
0.716655
0.318879
0.593072
0.26161
0.373949
0.158112
0.321138
0.297939
0.105789
0.077601
0.408537
0.800204
0.212692
0.894262
0.882976
0.086854
0.620483
0.265696
0.322241
0.563254
0.789065
0.701511
0.989601
0.280485
0.847205
0.517525
0.183528
0.24797
0.176668
0.540954
0.176451
0.351573
0.079412
0.870372
0.419777
0.488968
0.333836
0.889693
0.092346
0.410941
0.222817
0.651497
0.203849
0.098038
0.146505
0.909772
0.579537
0.974164
0.302563
0.101284
0.7102
0.922299
0.594244
0.108344
0.271231
0.463923
0.627872
0.069065
0.621722
0.683779
0.354942
0.498692
0.676859
0.255026
0.870526
0.524658
0.653732
0.079161
0.329518
0.771766
0.941799
0.600332
0.551293
0.474219
0.247468
0.830065
0.799889
0.534086
0.697468
0.176047
0.514538
0.647723
0.575329
0.167707
0.709616
0.247026
0.526812
0.735029
0.107509
0.749929
0.734351
0.087587
0.25306
0.566823
0.826757
0.891552
0.54211
0.477855
0.275577
0.41321
0.692222
0.738742
0.929203
0.764337
0.591365
0.297849
0.013044
0.021198
0.388796
0.573909
0.777543
0.051832
0.161579
0.79693
0.745542
0.435907
0.495226
0.509842
0.536525
0.263486
0.862991
0.49981
0.961809
0.359672
0.82447
0.057775
0.787278
0.958508
0.948216
0.872983
0.123996
0.780858
0.539424
0.951988
0.718435
0.263006
0.135112
0.422061
0.654424
0.201338
0.834972
0.886159
0.864245
0.568051
0.067506
0.467226
0.218616
0.794697
0.704336
0.182622
0.053731
0.004889
0.210173
0.785323
0.138525
0.232782
0.192114
0.846215
0.14401
0.914139
0.125327
0.301026
0.944486
0.06902
0.122681
0.892101
0.307003
0.732013
0.514016
0.033952
0.363837
0.776432
0.153281
0.496614
0.684356
0.693171
0.594406
0.782476
0.919616
0.492279
0.745275
0.250003
0.723028
0.538885
0.254953
0.791167
0.277269
0.269014
0.821067
0.94011
0.854273
0.850748
0.862602
0.715984
0.114849
0.319304
0.172531
0.706622
0.219058
0.527964
0.966533
0.881282
0.650431
0.610741
0.985101
0.353071
0.158596
0.466929
0.855588
0.124261
0.066226
0.638947
0.173177
0.196064
0.173768
0.996664
0.673084
0.545237
0.527545
0.994588
0.661353
0.233479
0.472266
0.175485
0.433007
0.083056
0.698208
0.154954
0.836154
0.455733
0.169209
0.893843
0.133836
0.005754
0.24528
0.152958
0.532747
0.154502
0.120758
0.458943
0.73709
0.668009
0.44468
0.281431
0.961387
0.18517
0.436271
0.869616
0.866458
0.222973
0.229892
0.670438
0.458517
0.540533
0.015245
0.97136
0.398594
0.045816
0.267116
0.951182
0.185891
0.30494
0.35604
0.665637
0.783135
0.987324
0.29249
0.75881
0.101128
0.923734
0.30554
0.891931
0.396476
0.162847
0.555559
0.763931
0.119364
0.052655
0.100794
0.173265
0.142732
0.313236
0.129037
0.525761
0.711339
0.858895
0.447667
0.133375
0.787731
0.02143
0.89457
0.651056
0.459943
0.121971
0.084897
0.360312
0.062481
0.857445
0.352286
0.028091
0.189859
0.883788
0.025736
0.701955
0.87293
0.685717
0.800469
0.779567
0.740446
0.355391
0.308973
0.851352
0.888257
0.191202
0.809536
0.359979
0.24448
0.859497
0.352765
0.099242
0.242789
0.59296
0.444713
0.612028
0.988877
0.653037
0.717254
0.809494
0.299599
0.50553
0.978651
0.894118
0.501742
0.316805
0.909586
0.414247
0.05813
0.122223
0.484879
0.498475
0.135528
0.400356
0.729733
0.929302
0.527105
0.26994
0.968419
0.189458
0.357391
0.553465
0.497388
0.070199
0.276165
0.883444
0.519432
0.259651
0.928234
0.718813
0.337023
0.011054
0.264054
0.273017
0.66811
0.46022
0.332523
0.434322
0.832167
0.541118
0.707398
0.798258
0.832175
0.271364
0.926697
0.032708
0.324478
0.762635
0.248874
0.490893
0.231969
0.130465
0.962152
0.255581
0.900712
0.593098
0.978832
0.49319
0.584045
0.139177
0.045378
0.26311
0.043625
0.76863
0.708152
0.1287
0.815745
0.66015
0.888601
0.61794
0.698057
0.686314
0.393398
0.956424
0.216622
0.053571
0.902719
0.02822
0.442786
0.631113
0.564401
0.428702
0.096258
0.228567
0.936088
0.893212
0.085767
0.199308
0.890719
0.865034
0.854293
0.376988
0.683346
0.944004
0.803412
0.869287
0.895391
0.177535
0.272687
0.822615
0.928528
0.023957
0.261251
0.199445
0.575242
0.320281
0.85264
0.919702
0.48792
0.019346
0.969548
0.480457
0.808263
0.124209
0.882651
0.093925
0.670884
0.861138
0.423071
0.865877
0.899619
0.937398
0.137875
0.475412
0.271067
0.358643
0.159724
0.52847
0.789167
0.819791
0.758992
0.220499
0.47958
0.461097
0.05265
0.115217
0.797107
0.629074
0.308327
0.191053
0.796276
0.66174
0.530699
0.229004
0.800639
0.707757
0.062645
0.01229
0.238713
0.539317
0.85197
0.537377
0.562294
0.80668
0.23256
0.596315
0.357503
0.796394
0.770097
0.255751
0.181477
0.767775
0.913052
0.936186
0.871303
0.493359
0.5305
0.905915
0.609775
0.549421
0.777436
0.802152
0.267641
0.338899
0.564496
0.601915
0.024575
0.920696
0.349096
0.816221
0.539372
0.257367
0.16361
0.008292
0.247865
0.313239
0.673881
0.559093
0.954666
0.905873
0.055157
0.005738
0.10029
0.651294
0.216679
0.364136
0.153599
0.162394
0.196163
0.009789
0.614218
0.569263
0.519833
0.448286
0.143606
0.95571
0.492024
0.558415
0.512616
0.023723
0.718058
0.050721
0.997628
0.82829
0.394502
0.819969
0.591081
0.52481
0.688816
0.136589
0.324346
0.069393
0.292914
0.806522
0.114147
0.141794
0.855019
0.807518
0.830803
0.588976
0.118434
0.760734
0.440133
0.115718
0.405769
0.427238
0.340001
0.847992
0.709056
0.848402
0.408925
0.91134
0.779356
0.631445
0.796098
0.513806
0.564615
0.242139
0.480806
0.865672
0.381401
0.991921
0.457445
0.211025
0.031219
0.371423
0.972985
0.503955
0.867759
0.724252
0.82596
0.794873
0.1846
0.978177
0.007976
0.209994
0.317809
0.189243
0.675771
0.545906
0.319524
0.215909
0.001911
0.073014
0.662802
0.583341
0.702738
0.719446
0.726306
0.324126
0.087436
0.323458
0.194581
0.106079
0.0717
0.99306
0.010162
0.990148
0.727053
0.496029
0.623539
0.787932
0.185347
0.709911
0.570485
0.332601
0.945951
0.925503
0.992142
0.140601
0.375685
0.389432
0.334505
0.080896
0.980189
0.614551
0.867727
0.082039
0.423487
0.825426
0.430715
0.702984
0.527472
0.796901
0.54051
0.294884
0.613849
0.225261
0.018107
0.281363
0.724911
0.215346
0.785475
0.121477
0.3622
0.231953
0.608606
0.981205
0.400546
0.966181
0.095842
0.721936
0.171719
0.517403
0.563374
0.630433
0.937365
0.04888
0.784584
0.197329
0.38139
0.247305
0.800609
0.867045
0.698965
0.578219
0.978815
0.568373
0.033569
0.731258
0.720236
0.050795
0.063185
0.847782
0.360542
0.06396
0.332232
0.315343
0.451739
0.677338
0.934012
0.536337
0.574441
0.952079
0.577341
0.505573
0.315576
0.492635
0.704235
0.245933
0.699585
0.850969
0.024438
0.356512
0.60423
0.138294
0.695098
0.863053
0.422014
0.973676
0.005874
0.539134
0.679016
0.633733
0.743019
0.288212
0.168982
0.039455
0.874919
0.572412
0.267681
0.325653
0.060977
0.481418
0.360064
0.902334
0.307884
0.692376
0.627979
0.455672
0.099548
0.611319
0.815566
0.689746
0.356773
0.724963
0.728061
0.395824
0.80798
0.569371
0.099485
0.417524
0.745351
0.691827
0.44915
0.816025
0.487946
0.977119
0.203961
0.594482
0.295148
0.039564
0.262582
0.82199
0.532652
0.00377
0.145558
0.161498
0.359855
0.396689
0.45429
0.991283
0.079053
0.894023
0.343606
0.741812
0.955773
0.272345
0.198825
0.183819
0.453533
0.957764
0.930916
0.383417
0.815443
0.354614
0.288241
0.598176
0.666849
0.124718
0.054802
0.537323
0.701892
0.548767
0.744785
0.85568
0.534491
0.686079
0.767088
0.337492
0.516433
0.384926
0.549435
0.10778
0.529474
0.251618
0.150453
0.102983
0.712465
0.175882
0.514462
0.338675
0.810471
0.754329
0.605488
0.41066
0.528038
0.713807
0.606653
0.325182
0.707625
0.882215
0.307069
0.12049
0.915561
0.17105
0.000341
0.861008
0.697566
0.950187
0.812846
0.989356
0.3333
0.899152
0.484945
0.85115
0.224969
0.800901
0.786393
0.816548
0.043059
0.215439
0.829654
0.411411
0.942753
0.16564
0.43639
0.428393
0.798416
0.756495
0.336076
0.376052
0.282183
0.372573
0.440261
0.059394
0.60943
0.32484
0.577607
0.639056
0.971801
0.031041
0.398377
0.570397
0.055159
0.94673
0.374477
0.497231
0.770331
0.557692
0.429452
0.175893
0.9322
0.084278
0.728205
0.068379
0.771326
0.707718
0.077608
0.723346
0.621573
0.117406
0.649112
0.902156
0.277917
0.766907
0.13379
0.793024
0.396575
0.397049
0.554865
0.681156
0.064722
0.066769
0.499132
0.392378
0.256218
0.370743
0.165236
0.011817
0.902878
0.836417
0.325237
0.977319
0.079126
0.948876
0.219857
0.677822
0.364691
0.873453
0.763758
0.579301
0.359813
0.691485
0.222681
0.400717
0.087537
0.438596
0.944787
0.33049
0.537753
0.019271
0.533045
0.076761
0.903597
0.188759
0.165887
0.60375
0.03185
0.959479
0.785308
0.774122
0.462967
0.593455
0.277866
0.41866
0.478234
0.73887
0.360937
0.958584
0.958215
0.317289
0.037888
0.435397
0.684951
0.034735
0.624078
0.813822
0.488556
0.283956
0.329369
0.625392
0.050002
0.878868
0.223966
0.554885
0.902548
0.289688
0.081952
0.170494
0.199566
0.794334
0.165066
0.765321
0.489882
0.999177
0.327539
0.132053
0.139658
0.948533
0.147476
0.430165
0.696778
0.219571
0.76186
0.527332
0.894037
0.760087
0.169235
0.7389
0.902202
0.113632
0.368851
0.527253
0.627831
0.640829
0.797497
0.161171
0.213025
0.303283
0.530778
0.28109
0.196022
0.050572
0.552659
0.167777
0.788347
0.754161
0.918258
0.647449
0.529489
0.835813
0.838708
0.54249
0.74372
0.725908
0.745347
0.0419
0.77171
0.270678
0.80837
0.063864
0.31518
0.39326
0.618909
0.471902
0.418168
0.911966
0.839116
0.63844
0.904729
0.515018
0.760846
0.122024
0.35812
0.252906
0.134013
0.40384
0.807284
0.45342
0.451493
0.040228
0.883922
0.195159
0.339669
0.291032
0.938608
0.100357
0.728107
0.368871
0.171583
0.540917
0.006912
0.329147
0.368583
0.500444
0.413385
0.607455
0.842949
0.328318
0.674948
0.265172
0.056756
0.90172
0.635897
0.115703
0.010881
0.40506
0.426955
0.618631
0.917568
0.628327
0.425526
0.131597
0.666738
0.51227
0.12671
0.11331
0.57098
0.366587
0.804808
0.410404
0.168201
0.083804
0.077827
0.567234
0.398534
0.244862
0.502603
0.809796
0.864337
0.60397
0.146602
0.770576
0.750821
0.480432
0.728956
0.006117
0.481993
0.466995
0.807452
0.909659
0.261967
0.761364
0.709179
0.937435
0.050217
0.078683
0.655186
0.435751
0.869525
0.236503
0.516043
0.098696
0.326531
0.93834
0.497891
0.829301
0.552163
0.777022
0.167179
0.15643
0.244344
0.438548
0.404061
0.183018
0.258353
0.069573
0.516429
0.317659
0.474638
0.939804
0.647447
0.488053
0.341709
0.573463
0.115289
0.725417
0.308004
0.768302
0.226246
0.469075
0.887297
0.061142
0.385191
0.929613
0.161416
0.899598
0.641203
0.079819
0.725773
0.535361
0.886604
0.837447
0.750619
0.862622
0.038121
0.041337
0.979886
0.202982
0.53463
0.319396
0.729885
0.659623
0.189307
0.873284
0.680892
0.892246
0.625983
0.077508
0.693653
0.820643
0.015025
0.902632
0.041034
0.343672
0.068656
0.880257
0.679024
0.444585
0.432434
0.827797
0.023435
0.605239
0.104046
0.903742
0.490138
0.940093
0.079089
0.542559
0.219305
0.097295
0.156595
0.270178
0.791024
0.700675
0.769982
0.256207
0.337881
0.451445
0.778387
0.987395
0.941265
0.239902
0.726007
0.484463
0.901748
0.392842
0.52093
0.744873
0.551669
0.418058
0.037262
0.355881
0.999508
0.603397
0.163002
0.641021
0.64469
0.989798
0.922633
0.193865
0.133828
0.972531
0.398484
0.168134
0.17505
0.396535
0.715275
0.985494
0.597136
0.205664
0.934321
0.979806
0.676469
0.546469
0.758488
0.408017
0.979775
0.674399
0.95173
0.52597
0.578337
0.639084
0.376344
0.897206
0.878076
0.895417
0.5621
0.744796
0.293511
0.257759
0.245739
0.552749
0.49449
0.399935
0.01115
0.36344
0.269669
0.993553
0.472205
0.282041
0.537498
0.314048
0.091456
0.675153
0.148116
0.795477
0.366413
0.649838
0.912395
0.669316
0.6319
0.670605
0.857567
0.26602
0.861534
0.514169
0.578157
0.721944
0.273178
0.917692
0.357931
0.435734
0.829137
0.636828
0.673122
0.963674
0.86667
0.174397
0.944838
0.95282
0.788828
0.413093
0.157713
0.541251
0.557894
0.651251
0.908146
0.386029
0.440072
0.040355
0.669113
0.008756
0.00699
0.254847
0.440599
0.313726
0.326647
0.245055
0.877871
0.405295
0.568913
0.679898
0.611303
0.783072
0.982966
0.878558
0.743113
0.962794
0.269286
0.313924
0.612527
0.407733
0.942679
0.009582
0.282001
0.327168
0.861803
0.101574
0.090539
0.972343
0.238921
0.107152
0.973956
0.261506
0.056424
0.045314
0.681641
0.562156
0.243618
0.55908
0.861126
0.300418
0.492458
0.461468
0.942981
0.454581
0.100511
0.862779
0.786573
0.980799
0.044573
0.888805
0.086051
0.316437
0.180123
0.972415
0.758182
0.309832
0.627464
0.918002
0.98826
0.204974
0.841531
0.391803
0.202908
0.153254
0.260239
0.424306
0.622368
0.856336
0.458742
0.751637
0.104294
0.253007
0.717112
0.694229
0.260918
0.623954
0.234614
0.627013
0.455668
0.596692
0.210215
0.786278
0.522604
0.238386
0.006049
0.564883
0.382675
0.455079
0.209394
0.244162
0.431491
0.723447
0.224756
0.769919
0.209741
0.450426
0.199268
0.212798
0.869009
0.32284
0.957039
0.154312
0.334537
0.10241
0.91135
0.162556
0.483326
0.361772
0.795198
0.414159
0.817307
0.247456
0.218386
0.649306
0.188746
0.819934
0.731832
0.16433
0.607604
0.389553
0.209404
0.60149
0.610068
0.73413
0.915684
0.361976
0.51773
0.809932
0.642852
0.787739
0.15668
0.030234
0.992474
0.465957
0.254747
0.62103
0.321378
0.454565
0.22668
0.618502
0.783241
0.358312
0.303359
0.104974
0.001277
0.19336
0.031809
0.0055
0.605525
0.884603
0.517389
0.262503
0.165202
0.242909
0.798458
0.345292
0.447904
0.697924
0.029384
0.710616
0.777603
0.304111
0.993112
0.68118
0.126708
0.914071
0.629252
0.004684
0.58218
0.093404
0.382816
0.287703
0.737212
0.797823
0.849115
0.450218
0.104931
0.599583
0.593459
0.739751
0.382889
0.732395
0.338588
0.440973
0.370886
0.698296
0.840964
0.722523
0.659219
0.183686
0.749721
0.145667
0.942801
0.219679
0.535731
0.123916
0.735759
0.819623
0.461879
0.239121
0.898359
0.523897
0.208519
0.118777
0.624244
0.212308
0.975391
0.61163
0.925917
0.037474
0.93459
0.185767
0.923174
0.78367
0.949376
0.145916
0.553947
0.862509
0.631984
0.390648
0.005075
0.186506
0.624688
0.96286
0.015492
0.842714
0.016473
0.291995
0.355636
0.603602
0.272947
0.755233
0.003289
0.152104
0.065912
0.818721
0.887854
0.671802
0.124469
0.378805
0.453718
0.121518
0.893717
0.906272
0.680663
0.841663
0.194509
0.782194
