256 1 3
0
18
1
86
2
222
3
246
4
12
5
71
6
221
7
42
8
241
9
217
10
242
11
85
12
189
13
150
14
148
15
77
16
129
17
43
18
24
19
224
20
26
21
197
22
42
23
121
24
37
25
153
26
118
27
55
28
182
8
29
7
30
6
31
32
42
33
140
34
225
21
35
16
36
37
171
38
184
39
251
18
40
41
196
42
167
43
127
44
154
45
61
46
108
47
164
48
194
49
114
50
182
18
51
52
142
53
70
54
107
55
141
56
98
57
78
58
163
59
204
60
155
6
61
62
194
63
130
50
64
18
65
66
212
67
129
36
68
69
94
70
206
71
100
72
233
73
113
35
74
75
77
76
85
77
178
20
78
79
234
80
242
64
81
82
117
83
175
84
124
26
85
75
86
87
95
88
117
30
89
15
90
91
119
92
147
22
93
30
94
95
108
96
221
97
237
98
203
99
110
84
100
101
177
11
102
103
233
104
123
105
126
106
125
107
135
16
108
62
109
110
253
111
135
85
112
113
152
114
189
108
115
116
156
117
223
102
118
67
119
67
120
57
121
16
122
44
123
110
124
49
125
93
126
127
203
128
129
85
129
130
186
58
131
89
132
16
133
134
147
130
135
136
255
137
182
111
138
139
153
140
158
141
206
94
142
143
206
62
144
36
145
146
153
44
147
102
148
149
254
124
150
125
151
152
171
153
219
57
154
63
155
156
181
17
157
86
158
53
159
86
160
161
188
86
162
146
163
164
179
165
195
7
166
83
167
53
168
16
169
154
170
80
171
107
172
173
215
113
174
18
175
39
176
76
177
85
178
168
179
180
211
181
211
166
182
140
183
184
251
162
185
186
232
187
209
173
188
189
197
190
218
191
192
44
192
43
193
33
194
2
195
35
196
68
197
198
208
199
212
182
200
107
201
31
202
12
203
204
214
0
205
23
206
207
231
208
250
189
209
80
210
96
211
5
212
81
213
214
240
23
215
216
252
173
217
100
218
208
219
84
220
221
230
220
222
223
232
224
229
97
225
15
226
30
227
64
228
37
229
26
230
3
231
134
232
148
233
157
234
94
235
17
236
74
237
105
238
135
239
13
240
127
241
161
242
1
243
47
244
94
245
30
246
247
251
171
248
177
249
116
250
129
251
189
252
76
253
107
254
142
255
0.506661
0.605082
0.582612
0.324193
0.246188
0.617548
0.613989
0.133915
0.451414
0.485498
0.613259
0.748404
0.650309
0.418436
0.077048
0.922186
0.808017
0.794658
0.549043
0.689007
0.946785
0.041742
0.684521
0.528732
0.131797
0.086164
0.1586
0.78507
0.145784
0.174762
0.477803
0.954236
0.982229
0.316024
0.073516
0.747991
0.44691
0.483545
0.378987
0.040266
0.668447
0.487547
0.156839
0.342714
0.765513
0.855957
0.358115
0.889812
0.953374
0.382002
0.271101
0.257345
0.08654
0.830778
0.174372
0.341607
0.837007
0.167514
0.1585
0.122888
0.098772
0.791217
0.293101
0.711757
0.622574
0.550703
0.897679
0.436795
0.797656
0.386451
0.165862
0.203721
0.86756
0.29668
0.678622
0.929554
0.842689
0.819204
0.99712
0.851491
0.36982
0.359453
0.005911
0.776572
0.083728
0.934088
0.507615
0.262605
0.603145
0.916401
0.619847
0.788996
0.261083
0.231076
0.974761
0.21659
0.463126
0.623436
0.538186
0.608315
0.958353
0.154167
0.696667
0.321204
0.443194
0.426447
0.250615
0.949247
0.1827
0.776715
0.586226
0.616508
0.958714
0.431607
0.173455
0.705682
0.615669
0.089596
0.96235
0.051229
0.223027
0.23364
0.708632
0.627752
0.671383
0.036346
0.842898
0.62808
0.162627
0.136487
0.729025
0.680394
0.185832
0.936549
0.547839
0.58231
0.387147
0.967132
0.302323
0.906676
0.441314
0.13566
0.82101
0.834111
0.683487
0.587537
0.087999
0.369006
0.39128
0.328421
0.135884
0.788397
0.394469
0.353475
0.762818
0.541522
0.443021
0.283979
0.399788
0.926126
0.036989
0.98654
0.808587
0.913615
0.287894
0.904842
0.881219
0.300735
0.961387
0.739069
0.500643
0.446724
0.771208
0.485049
0.698006
0.511056
0.679214
0.341078
0.452052
0.806858
0.956417
0.564666
0.15644
0.693608
0.884091
0.429165
0.955751
0.719985
0.866731
0.60462
0.649747
0.506421
0.888071
0.379018
0.601528
0.980368
0.831498
0.836578
0.25925
0.053639
0.949473
0.8642
0.314656
0.616176
0.46919
0.404502
0.791289
0.826591
0.066877
0.89198
0.091873
0.531764
0.93408
0.599339
0.292737
0.283343
0.091982
0.193473
0.815949
0.331295
0.417858
0.47876
0.019621
0.902389
0.263762
0.880178
0.836804
0.406604
0.393647
0.607019
0.9831
0.532545
0.088656
0.942615
0.97753
0.432716
0.561924
0.625649
0.413529
0.233223
0.112548
0.985191
0.947581
0.977983
0.715486
0.032292
0.175693
0.462906
0.33704
0.727312
0.408276
0.431942
0.051932
0.122189
0.694927
0.084083
0.91942
0.749335
0.293573
0.110488
0.678812
0.856907
0.019624
0.320507
0.265383
0.745345
0.527897
0.013189
0.345284
0.704952
0.569314
0.973844
0.690984
0.906608
0.634229
0.587711
0.988477
0.977372
0.964986
0.099576
0.305778
0.307313
0.159491
0.923115
0.640601
0.172729
0.452601
0.209967
0.345998
0.494075
0.774749
0.191764
0.289019
0.578951
0.650576
0.344481
0.661
0.476944
0.805834
0.092198
0.188002
0.350522
0.378328
0.764317
0.482678
0.441475
0.868918
0.203767
0.574932
0.714298
0.3748
0.378252
0.140598
0.849361
0.141122
0.488783
0.680545
0.578882
0.819726
0.512733
0.798829
0.881258
0.383873
0.830851
0.34436
0.401852
0.410859
0.497748
0.332289
0.646063
0.540136
0.152708
0.922162
0.631198
0.228139
0.162975
0.777864
0.175132
0.997155
0.899052
0.978745
0.938181
0.878305
0.507584
0.678492
0.530108
0.860432
0.710435
0.662726
0.406498
0.940442
0.242427
0.256483
0.415422
0.844006
0.587068
0.942843
0.659012
0.10923
0.046547
0.259825
0.893771
0.273608
0.493972
0.396854
0.97696
0.379774
0.078536
0.379282
0.94758
0.677803
0.963558
0.087137
0.187537
0.659338
0.830593
0.178102
0.86111
0.328124
0.334648
0.621349
0.12766
0.709421
0.72758
0.738312
0.233098
0.21633
0.573824
0.693733
0.887874
0.501771
0.222312
0.680651
0.182204
0.837511
0.549231
0.255415
0.982691
0.298756
0.277803
0.996143
0.973239
0.924575
0.148603
0.309709
0.680518
0.491333
0.701079
0.083427
0.085983
0.429167
0.695033
0.039593
0.036468
0.62507
0.198596
0.485807
0.614811
0.795581
0.357019
0.58318
0.836875
0.850547
0.12273
0.910095
0.588391
0.95044
0.382875
0.768145
0.689866
0.187375
0.016399
0.00804
0.406118
0.265372
0.477495
0.626689
0.980551
0.195466
0.03714
0.607532
0.536477
0.832252
0.480371
0.603748
0.763108
0.551307
0.490573
0.461786
0.207541
0.878536
0.279684
0.345504
0.022774
0.295949
0.63336
0.544274
0.346035
0.633146
0.944739
0.135988
0.387169
0.316375
0.964014
0.389035
0.63892
0.686406
0.899565
0.846104
0.166399
0.743036
0.251639
0.451655
0.036982
0.8873
0.479822
0.991676
0.133614
0.162581
0.39667
0.021946
0.333718
0.88231
0.797913
0.11945
0.023092
0.730354
0.622632
0.411682
0.172602
0.018388
0.426489
0.683463
0.030819
0.067128
0.47901
0.675261
0.980041
0.668149
0.234932
0.791731
0.820869
0.014327
0.756849
0.049383
0.412446
0.787164
0.938028
0.395257
0.52154
0.243774
0.898673
0.68719
0.761048
0.936021
0.556439
0.345942
0.888459
0.314266
0.14072
0.400583
0.496903
0.42844
0.132215
0.66189
0.711838
0.79166
0.429749
0.347246
0.815275
0.377391
0.243891
0.614047
0.198299
0.719656
0.587664
0.503053
0.625007
0.970354
0.866704
0.443337
0.591891
0.636994
0.211359
0.990522
0.387034
0.62926
0.424968
0.693213
0.206011
0.495154
0.293705
0.875493
0.762762
0.194985
0.192123
0.74362
0.178587
0.733297
0.360475
0.774202
0.693462
0.204497
0.931733
0.82674
0.523121
0.278062
0.989305
0.085491
0.383661
0.612147
0.910676
0.591308
0.716331
0.894586
0.635613
0.221129
0.949767
0.639194
0.776907
0.244064
0.992159
0.328145
0.612766
0.31077
0.185091
0.036971
0.23856
0.908913
0.482279
0.419819
0.198525
0.987752
0.185067
0.469213
0.980657
0.000767
0.576326
0.951085
0.673059
0.388115
0.992563
0.100533
0.205484
0.459808
0.346809
0.965361
0.211769
0.009199
0.491326
0.876736
0.587105
0.451303
0.495367
0.130023
0.913378
0.679847
0.250259
0.633221
0.222926
0.463208
0.878799
0.758189
0.666318
0.320883
0.166757
0.951624
0.232298
0.294039
0.162927
0.788161
0.191574
0.686529
0.077479
0.501108
0.384007
0.285312
0.083733
0.726772
0.461376
0.693393
0.569349
0.502974
0.24076
0.373687
0.185806
0.711736
0.235388
0.882786
0.394295
0.821087
0.495222
0.417683
0.558939
0.684265
0.370177
0.326113
0.600571
0.111328
0.974289
0.628003
0.323157
0.251555
0.80574
0.596179
0.967618
0.482645
0.566396
0.619574
0.267224
0.68609
0.561983
0.598109
0.462825
0.97696
0.967253
0.306443
0.453123
0.974171
0.251522
0.295826
0.230428
0.913532
0.715057
0.136232
0.798846
0.47103
0.135094
0.848296
0.496405
0.330415
0.264585
0.694566
0.39724
0.453974
0.810815
0.494995
0.332854
0.522744
0.185709
0.125003
0.678326
0.322951
0.537553
0.874685
0.920281
0.105861
0.961813
0.282235
0.973741
0.788716
0.572338
0.667022
0.087896
0.138525
0.208762
0.080184
0.671636
0.831262
0.52468
0.004517
0.662522
0.137617
0.627217
0.488656
0.658584
0.674325
0.068365
0.88844
0.158683
0.414281
0.641654
0.773514
0.469738
0.927514
0.2138
0.525681
0.217866
0.401187
0.091069
0.86285
0.05053
0.281562
0.810339
0.122972
0.317399
0.741351
0.049977
0.885907
0.68136
0.710671
0.051331
0.25264
0.285435
0.095634
0.218498
0.064675
0.661199
0.717626
0.533209
0.55279
0.15768
0.572995
0.266904
0.152202
0.434808
0.478095
0.15343
0.752634
0.113998
0.515518
0.024328
0.490336
0.721015
0.603718
0.162554
0.799046
0.519849
0.209535
0.760624
0.282524
0.209453
0.326142
0.956693
0.712803
0.06743
0.041492
0.475703
0.821103
0.292866
0.375302
0.798926
0.464312
0.5483
0.04679
0.416948
0.462151
0.369149
0.490381
0.065617
0.298628
0.422901
0.816877
0.480985
0.533971
0.471333
0.810723
0.558822
0.337283
0.236
0.505789
0.429304
0.850126
0.148427
0.259858
0.825897
0.084251
0.022631
0.014828
0.049125
0.073649
0.569075
0.988804
0.286956
0.37341
0.480514
0.405061
0.287984
0.179404
0.699707
0.958396
0.210311
0.618108
0.250534
0.04271
0.954202
0.01394
0.016858
0.135791
0.902839
0.124111
0.335604
0.946939
0.419261
0.380007
0.422448
0.205477
0.593149
0.745548
0.495617
0.22026
0.080866
0.256568
0.914352
0.20629
0.593942
0.237329
0.758529
0.299877
0.367862
0.452646
0.045014
0.566721
0.488023
0.066186
0.740671
0.139185
0.482485
0.236647
0.506106
0.568944
0.036738
0.458297
0.54029
0.415872
0.805332
0.577947
0.539984
0.768006
0.673676
0.234405
0.037244
0.476617
0.220168
0.518682
0.845975
0.871789
0.609194
0.473931
0.887936
0.757782
0.320514
0.17663
0.834951
0.004408
0.298543
0.392086
0.900973
0.3863
0.186073
0.192431
0.118766
0.955377
0.156549
0.662664
0.89557
0.680772
0.895014
0.610502
0.993234
0.856556
0.092819
0.317898
0.734664
0.767253
0.426786
0.261806
0.239541
0.165755
0.940404
0.208086
0.829925
0.708141
0.483399
0.670028
0.158534
0.751241
0.963766
0.425256
0.537904
0.962392
0.851154
0.396414
0.638831
0.267119
0.984244
0.658916
0.819419
0.24189
0.458242
0.58653
0.172988
0.487349
0.753092
0.371683
0.604648
0.565847
0.630995
0.692183
0.092314
0.954725
0.979344
0.764632
0.631731
0.347258
0.85247
0.667166
0.390733
0.816372
0.627535
0.651016
0.133694
0.830097
0.905431
0.501737
0.474962
0.992366
0.269684
0.497656
0.797345
0.921387
0.095421
0.970928
0.459166
0.219637
0.128952
0.48472
0.179105
0.171953
0.287339
0.907724
0.658986
0.069954
0.780331
0.41886
0.924405
0.247932
0.275113
0.109428
0.069307
0.234126
0.428961
0.049715
0.249956
0.592619
0.656615
0.992113
0.164039
0.468077
0.456569
0.354456
0.184148
0.378102
0.288213
0.905393
0.890035
0.054672
0.527756
0.440123
0.833031
0.508435
0.069348
0.178955
0.384868
0.272166
0.715963
0.823061
0.917125
0.257322
0.865459
0.865833
0.165886
0.043733
0.426805
0.050652
0.314166
0.451998
0.083643
0.811828
0.942041
0.973389
0.858229
0.413647
0.477346
0.516201
0.022321
0.583329
0.397119
0.082741
0.765166
0.149854
0.342409
0.548147
0.189937
0.63579
0.951884
0.521085
0.068858
0.149439
0.790036
0.463745
0.868995
0.818417
0.659619
0.479903
0.696544
0.787759
0.552954
0.403491
0.767463
0.861902
0.006474
0.97006
0.664138
0.656046
0.522137
0.389133
0.995225
0.722035
0.267291
0.225765
0.650752
0.469015
0.956601
0.98119
0.597946
0.527281
0.983449
0.438707
0.632393
0.633512
0.695094
0.189631
0.157025
0.172059
0.999266
0.253147
0.671104
0.816122
0.013805
0.31692
0.866405
0.402793
0.675026
0.076421
0.12576
0.00476
0.268005
0.791438
0.39571
0.010243
0.90315
0.562321
0.740755
0.600359
0.112773
0.498004
0.860027
0.157743
0.80566
0.913971
0.726672
0.0863
0.950936
0.215668
0.411787
0.200227
0.778308
0.39727
0.197052
0.196389
0.662134
0.246346
0.447634
0.293416
0.417762
0.962832
0.903356
0.13394
0.784385
0.798867
0.91301
0.199719
0.017294
0.241629
0.322491
0.556188
0.170321
0.960092
0.769575
0.86251
0.766804
0.733709
0.963195
0.682842
0.405925
0.725451
0.780254
0.558982
0.121482
0.671751
0.938308
0.782973
0.198456
0.548623
0.04678
0.733046
0.652433
0.215248
0.006236
0.594252
0.410796
0.10962
0.706757
0.150044
0.892703
0.44237
0.994696
0.775465
0.419818
0.91276
0.208586
0.877456
0.75848
0.772702
0.992133
0.130573
0.619697
0.461754
0.32292
0.32288
0.689199
0.259003
0.112826
0.81812
0.886363
0.36827
0.918281
0.388998
0.192433
0.329002
0.992346
0.642967
0.705339
0.127422
0.818716
0.156303
0.360252
0.341818
0.245043
0.944621
0.019938
0.276948
0.456053
0.355218
0.120122
0.332997
0.845833
0.438944
0.069998
0.08971
0.432366
0.669909
0.598745
0.600224
0.132456
0.83907
0.619073
0.737526
0.184376
0.996878
0.878504
0.119643
0.951543
0.746817
0.132622
0.106019
0.730088
0.834367
0.436229
0.987159
0.300561
0.373396
0.808287
0.379307
0.584417
0.56441
0.91126
0.955516
0.315569
0.399094
0.697146
0.02437
0.238092
0.506394
0.473654
0.015224
0.473674
0.738986
0.952406
0.693079
0.145596
0.383676
0.724651
0.352255
0.997584
0.965415
0.660003
0.458862
0.325597
0.947824
0.915607
0.235667
0.828785
0.127975
0.62793
0.066286
0.849755
0.593782
0.930412
0.803595
0.223692
0.009745
0.677009
0.926365
0.693326
0.23034
0.876153
0.893601
0.013305
0.191416
0.563167
0.12844
0.630874
0.663612
0.138712
0.346351
0.150687
0.606999
0.710918
0.576987
0.779187
0.132513
0.623908
0.496162
0.979303
0.546042
0.217024
0.586541
0.94923
0.979526
0.76339
0.647117
0.532317
0.344652
0.394407
0.480149
0.714741
0.489369
0.959317
0.820249
0.999684
0.868083
0.114048
0.792704
0.621307
0.391996
0.694294
0.123705
0.225354
0.138157
0.633077
0.757417
0.969174
0.548618
0.954705
0.401568
0.843611
0.4726
0.820469
0.026023
0.859676
0.851587
0.154388
0.317724
0.385257
0.573474
0.78072
0.353838
0.795144
0.911509
0.520435
0.32176
0.773963
0.026443
0.636852
0.926042
0.945748
0.660518
0.415598
0.54746
0.860947
0.59532
0.090425
0.18222
0.935945
0.619519
0.062669
0.098254
0.100957
0.031387
0.497696
0.646675
0.092745
0.689536
0.941049
0.75169
0.594799
0.869111
0.13273
0.680845
0.654393
0.457902
0.651249
0.086801
0.646709
0.44603
0.32679
0.691637
0.85632
0.927413
0.85024
0.905966
0.634615
0.721381
0.659722
0.685123
0.335036
0.815437
0.843242
0.718679
0.260284
0.207263
0.715619
0.597767
0.029693
0.681775
0.416192
0.156767
0.275949
0.551734
0.95015
0.314519
0.942134
0.816137
0.45337
0.049321
0.810153
0.954766
0.473114
0.383515
0.552382
0.528503
0.871039
0.441961
0.846443
0.399991
0.581956
0.417905
0.030926
0.922408
0.074742
0.385253
0.015569
0.212282
0.355745
0.335928
0.078096
0.847086
0.194458
0.540082
0.519343
0.331135
0.530692
0.909631
0.224285
0.542989
0.80673
0.185283
0.039807
0.258636
0.783825
0.440532
0.833225
0.010342
0.525439
0.791975
0.253597
0.379386
0.541422
0.378341
0.818465
0.043706
0.525146
0.494886
0.567353
0.173894
0.799083
0.007293
0.252188
0.003689
0.023131
0.478329
0.956021
0.410742
0.861677
0.656055
0.56478
0.73185
0.560046
0.047247
0.824994
0.188085
0.64046
0.288134
0.333467
0.397091
0.813416
0.5599
0.706194
0.593226
0.273697
0.271462
0.654161
0.782684
0.411252
0.600974
0.686854
0.025561
0.697261
0.83484
0.632172
0.524651
0.358555
0.577559
0.580676
0.455908
0.763496
0.112903
0.294108
0.550727
0.968241
0.164806
0.464603
0.62141
0.154282
0.263947
0.245028
0.890679
0.143788
0.916836
0.095106
0.994233
0.118333
0.032763
0.062523
0.159707
0.375754
0.341773
0.186137
0.597172
0.494996
0.968024
0.823466
0.88099
0.991245
0.444327
0.005925
0.978108
0.359526
0.064639
0.389374
0.462005
0.833263
0.496116
0.782819
0.267323
0.955447
0.12288
0.079321
0.167627
0.623468
0.101049
0.494481
0.153185
0.661029
0.662643
0.792284
0.912872
0.463976
0.417121
0.826012
0.15813
0.19667
0.034851
0.073201
0.492719
0.209978
0.857048
0.159577
0.237101
0.408083
0.281012
0.437639
0.508348
0.307727
0.598301
0.971611
0.457975
0.420979
0.36938
0.444747
0.037036
0.996628
0.98951
0.889302
0.942388
0.707362
0.461321
0.904852
0.223725
0.730147
0.820622
0.690699
0.970402
0.932785
0.908316
0.434614
0.540938
0.583467
0.813324
0.919501
0.316471
0.446705
0.359415
0.768371
0.145575
0.238175
0.490406
0.19146
0.619116
0.737224
0.147539
0.2994
0.591134
0.73319
0.337475
0.477449
0.120477
0.988521
0.462162
0.512656
0.291076
0.663923
0.807347
0.761889
0.400101
0.202141
0.441792
0.353149
0.746904
0.641195
0.774951
0.14153
0.934368
0.873291
0.967994
0.61192
0.429191
0.681993
0.944341
0.684642
0.749094
0.062243
0.813409
0.495199
0.398727
0.202777
0.621421
0.185033
0.248064
0.158648
0.087982
0.160898
0.737299
0.646521
0.416173
0.718775
0.102528
0.632077
0.072609
0.634611
0.380691
0.230766
0.087813
0.542545
0.936124
0.334241
0.877905
0.133487
0.445456
0.777484
0.300975
0.088883
0.673067
0.707456
0.135668
0.65384
0.403448
0.459222
0.697827
0.281837
0.957165
0.151218
0.973587
0.980025
0.870791
0.836166
0.98847
0.797738
0.705791
0.819784
0.589337
0.88704
0.78078
0.637717
0.248612
0.654951
0.411382
0.282381
0.353293
0.678605
0.152473
0.812718
0.31142
0.027237
0.024768
0.039702
0.110846
0.008429
0.394688
0.949756
0.107679
0.398308
0.228441
0.363964
0.062238
0.270233
0.638865
0.30814
0.380383
0.432999
0.47237
0.87805
0.24937
0.018367
0.537419
0.122119
0.776894
0.122846
0.281782
0.233642
0.962676
0.443182
0.465358
0.452995
0.386924
0.927015
0.857915
0.016536
0.723684
0.109588
0.376764
0.259021
0.519296
0.539016
0.649252
0.873257
0.303269
0.613077
0.813422
0.377669
0.33243
0.596089
0.042879
0.540435
0.41828
0.606134
0.725775
0.83012
0.593248
0.952589
0.423048
0.757239
0.242357
0.749935
0.653717
0.821771
0.134769
0.928548
0.92081
0.703284
0.740901
0.089406
0.335248
0.011963
0.649286
0.824229
0.02625
0.808322
0.100852
0.033252
0.180135
0.87843
0.503664
0.382881
0.225317
0.789195
0.007654
0.645487
0.436894
0.726502
0.154175
0.954839
0.765557
0.632201
0.06574
0.009731
0.208854
0.648161
0.360045
0.290306
0.161899
0.691126
0.830514
0.726903
0.736332
0.926406
0.107761
0.337836
0.7708
0.237504
0.962565
0.025424
0.490113
0.593941
0.041427
0.62257
0.256529
0.414192
0.93853
0.445467
0.391745
0.684131
0.035968
0.081523
0.146056
0.349416
0.997139
0.815676
0.49758
0.163295
0.817462
0.197591
0.484297
0.463316
0.781153
0.302661
0.900481
0.102467
0.227647
0.805644
0.639802
0.690993
0.964117
0.793483
0.167112
0.865466
0.922791
0.564416
0.927531
0.57723
0.460871
0.556873
0.065143
0.853516
0.532991
0.429221
0.684725
0.68457
0.903381
0.046712
0.184792
0.162735
0.744223
0.350499
0.746397
0.591184
0.302899
0.001901
0.751596
0.334046
0.449659
0.320068
0.367819
0.812277
0.262507
0.193205
0.269516
0.445465
0.542596
0.6385
0.25329
0.527024
0.26922
0.500275
0.888568
0.140998
0.372815
0.712029
0.112468
0.902095
0.108948
0.317564
0.04136
0.43163
0.395095
0.845416
0.277155
0.350284
0.192515
0.741712
0.712042
0.365942
0.03016
0.692011
0.615852
0.742902
0.118486
0.325155
0.774086
0.148402
0.888462
0.994996
0.215082
0.544404
0.659282
0.352699
0.927575
0.087832
0.354774
0.330766
0.301894
0.080915
0.518239
0.025765
0.598331
0.648756
0.784205
0.160442
0.402726
0.138872
0.267778
0.40707
0.206971
0.850454
0.227364
0.765723
0.46625
0.277199
0.865029
0.586269
0.640236
0.503342
0.569682
0.406589
0.103238
0.419326
0.317081
0.708648
0.483893
0.282054
0.491468
0.374682
0.559342
0.022143
0.660212
0.200984
0.196313
0.537532
0.334787
0.812821
0.643479
0.063109
0.994977
0.301981
0.752124
0.034246
0.237735
0.161773
0.374473
0.150722
0.171745
0.086114
0.810247
0.511518
0.013836
0.063947
0.656881
0.008334
0.133683
0.345299
0.926366
0.953829
0.792708
0.58833
0.241497
0.308436
0.127584
0.85566
0.361043
0.747236
0.093327
0.474176
0.868092
0.264479
0.470061
0.913306
0.896253
0.997266
0.918823
0.370213
0.829103
0.172236
0.762164
0.39768
0.184837
0.872055
0.36324
0.183647
0.793229
0.850528
0.219103
0.93302
0.405118
0.26278
0.936
0.355204
0.268543
0.506886
0.262959
0.442272
0.149261
0.024483
0.504161
0.817064
0.209935
0.82559
0.404985
0.210336
0.054783
0.335569
0.592818
0.675466
0.945471
0.920826
0.609676
0.215658
0.700843
0.256474
0.89515
0.256815
0.610822
0.751843
0.773428
0.338589
0.510146
0.093785
0.500053
0.186207
0.795635
0.977546
0.179811
0.457299
0.38442
0.129012
0.262624
0.424238
0.406096
0.587123
0.633227
0.085588
0.316648
0.00859
0.505492
0.828772
0.049191
0.472483
0.302863
0.55935
0.926751
0.555083
0.781084
0.114986
0.21612
0.42836
0.171554
0.418436
0.711648
0.200961
0.156174
0.390918
0.526714
0.096208
0.692744
0.968822
0.621456
0.448711
0.813625
0.900951
0.504761
0.395881
0.220994
0.028544
0.712714
0.746449
0.092017
0.979692
0.753595
0.579285
0.167342
0.055658
0.526896
0.000293
0.484549
0.465438
0.589671
0.409735
0.64723
0.08661
0.690133
0.051619
0.081294
0.959447
0.170151
0.688089
0.660795
0.731169
0.699632
0.973186
0.35752
0.826858
0.391037
0.11557
0.499846
0.288792
0.702897
0.610111
0.639973
0.919475
0.993242
0.549362
0.967397
0.970908
0.59956
0.653191
0.447949
0.29975
0.372852
0.180231
0.965689
0.965652
0.643528
0.75647
0.273781
0.435103
0.443843
0.345988
0.402026
0.25995
0.100373
0.711916
0.47097
0.974685
0.170302
0.555991
0.97681
0.909985
0.393536
0.754688
0.653825
0.120442
0.233338
0.639171
0.065782
0.936954
0.501317
0.298973
0.651834
0.542458
0.587041
0.121663
0.615696
0.31956
0.465916
0.916906
0.406377
0.511895
0.932366
0.614862
0.851101
0.760992
0.572191
0.3064
0.792522
0.097868
0.290764
0.721392
0.506814
0.811438
0.887959
0.83659
0.551215
0.04459
0.125593
0.465503
0.841005
0.612638
0.150218
0.760388
0.151735
0.312612
0.262859
0.921264
0.777386
0.419553
0.461229
0.943848
0.116633
0.521497
0.805262
0.186986
0.298695
0.890434
0.551844
0.031995
0.303174
0.903842
0.662057
0.816336
0.228956
0.076401
0.61442
0.416
0.258378
0.590593
0.779476
0.385277
0.301914
0.872101
0.825449
0.965567
0.436108
0.269262
0.43993
0.47424
0.532787
0.210637
0.093823
0.546311
0.559694
0.781392
0.811219
0.055333
0.547117
0.468608
0.305745
0.588691
0.890962
0.207541
0.706304
0.268198
0.523581
0.867587
0.501073
0.586984
0.594085
0.510343
0.541358
0.88084
0.718615
0.536266
0.899388
0.913813
0.382053
0.748575
0.133993
0.321473
0.627583
0.238461
0.090339
0.543992
0.395787
0.982768
0.514651
0.344987
0.128939
0.692574
0.392155
0.561381
0.173794
0.771236
0.037832
0.74826
0.207357
0.612106
0.639143
0.42446
0.307416
0.837201
0.53344
0.103623
0.819125
0.020287
0.395681
0.170591
0.371471
0.0441
0.533799
0.765741
0.926691
0.572859
0.598141
0.626625
0.921181
0.708853
0.751088
0.609349
0.694342
0.009095
0.277254
0.50455
0.411689
0.355199
