256 1 3
0
191
1
2
2
235
3
48
0
4
5
46
6
178
7
8
8
156
9
128
10
249
11
215
12
182
13
35
14
125
15
225
16
238
17
79
18
166
19
155
20
82
21
153
22
52
23
54
24
50
25
76
26
62
27
149
28
137
29
111
30
234
31
76
32
221
33
79
13
34
35
202
36
223
37
181
38
179
39
74
40
76
0
41
42
110
43
197
18
44
45
82
46
64
47
72
48
137
49
178
50
222
51
172
40
52
53
226
54
141
55
174
56
227
55
57
58
176
8
59
60
214
61
102
26
62
63
82
64
212
53
65
66
79
67
255
43
68
69
189
43
70
8
71
72
169
73
240
74
196
75
240
76
201
11
77
76
78
79
120
80
159
81
216
82
114
10
83
24
84
4
85
86
213
81
87
53
88
89
92
56
90
91
246
40
92
90
93
94
252
87
95
96
171
97
168
98
101
71
99
100
167
101
105
102
185
103
217
71
104
105
116
106
138
107
182
108
119
109
225
110
228
99
111
4
112
95
113
42
114
115
146
20
116
117
229
118
251
30
119
60
120
40
121
122
124
123
223
47
124
125
139
102
126
127
130
48
128
54
129
36
130
116
131
132
170
133
195
134
217
81
135
136
235
137
141
40
138
139
202
140
232
114
141
142
158
8
143
102
144
113
145
37
146
147
210
31
148
82
149
73
150
12
151
152
157
153
228
154
185
155
243
91
156
157
163
158
246
38
159
64
160
17
161
33
162
68
163
163
164
128
165
166
230
167
235
82
168
90
169
34
170
12
171
97
172
173
244
28
174
147
175
26
176
141
177
70
178
145
179
180
188
181
220
144
182
180
183
67
184
48
185
157
186
120
187
61
188
66
189
107
190
82
191
159
192
38
193
161
194
44
195
171
196
197
251
39
198
199
247
22
200
201
246
52
202
203
233
84
204
188
205
206
234
207
221
8
208
155
209
210
239
136
211
3
212
213
232
164
214
51
215
210
216
111
217
40
218
33
219
134
220
183
221
214
222
57
223
45
224
28
225
226
245
48
227
137
228
168
229
217
230
34
231
17
232
59
233
120
234
21
235
162
236
25
237
44
238
173
239
240
242
84
241
86
242
195
243
244
255
25
245
241
246
8
247
210
248
189
249
36
250
166
251
38
252
248
253
190
254
67
255
0.565037
0.724938
0.652655
0.946882
0.56416
0.106235
0.700481
0.930214
0.675685
0.603811
0.284629
0.892023
0.405321
0.566864
0.356905
0.544556
0.238157
0.71576
0.032323
0.702775
0.55915
0.531788
0.892214
0.246717
0.509065
0.943981
0.082007
0.757492
0.331671
0.990869
0.367743
0.942158
0.393751
0.710235
0.542865
0.247107
0.113016
0.273311
0.979251
0.873757
0.187135
0.216204
0.328081
0.528353
0.496252
0.175091
0.740868
0.409387
0.322112
0.378615
0.318969
0.466481
0.629837
0.552906
0.430863
0.530573
0.853048
0.669963
0.83736
0.438399
0.881543
0.309557
0.10888
0.932518
0.233738
0.135172
0.024979
0.166221
0.177112
0.948178
0.489829
0.406466
0.604665
0.140182
0.934432
0.469791
0.323176
0.382933
0.483193
0.246777
0.938318
0.460603
0.755384
0.721342
0.371611
0.906092
0.714482
0.753549
0.38615
0.082706
0.093919
0.963967
0.364564
0.734935
0.864863
0.711124
0.359412
0.598487
0.792311
0.021981
0.550625
0.287792
0.099532
0.903324
0.084231
0.828583
0.281008
0.353382
0.785649
0.131025
0.005905
0.464505
0.673904
0.597071
0.335606
0.180727
0.23221
0.442179
0.457163
0.134652
0.551088
0.609197
0.532272
0.701811
0.52509
0.88082
0.600806
0.721704
0.569612
0.598107
0.764894
0.13345
0.900379
0.209656
0.23654
0.946634
0.890698
0.229597
0.96663
0.300214
0.768988
0.261659
0.348906
0.331244
0.011432
0.613163
0.551372
0.542189
0.753207
0.516792
0.669887
0.245924
0.567323
0.74108
0.176291
0.740539
0.620324
0.904626
0.784749
0.670822
0.728585
0.418288
0.956042
0.361275
0.806672
0.295119
0.88059
0.511904
0.86314
0.372873
0.986267
0.53053
0.087707
0.724854
0.784665
0.353354
0.501985
0.752511
0.933929
0.379595
0.627303
0.075412
0.422797
0.716897
0.389262
0.272319
0.087654
0.649123
0.819877
0.441314
0.780755
0.932608
0.735936
0.208644
0.842219
0.517727
0.491958
0.311551
0.880013
0.942903
0.612824
0.130754
0.301174
0.086053
0.449004
0.610464
0.828767
0.058129
0.634493
0.603598
0.570799
0.582348
0.838736
0.345449
0.96211
0.839567
0.719581
0.40159
0.454825
0.465214
0.68899
0.542726
0.239431
0.305314
0.801245
0.436493
0.125448
0.507266
0.401592
0.311013
0.250383
0.933711
0.930854
0.456399
0.023288
0.708173
0.53898
0.350444
0.885933
0.952378
0.78583
0.947574
0.084193
0.457763
0.779373
0.801788
0.681782
0.839742
0.632781
0.924026
0.287349
0.573932
0.640997
0.275261
0.951781
0.052002
0.895319
0.671113
0.870648
0.499505
0.833471
0.71594
0.787495
0.287558
0.578394
0.808325
0.455668
0.830111
0.835876
0.203192
0.600428
0.791553
0.336439
0.042449
0.292714
0.620055
0.041582
0.087278
0.281585
0.486244
0.874659
0.261679
0.051409
0.917545
0.557734
0.975502
0.890264
0.822757
0.728571
0.649529
0.319702
0.541797
0.741694
0.743581
0.125812
0.851077
0.699317
0.950994
0.746875
0.876188
0.320336
0.495701
0.166082
0.486527
0.931266
0.496945
0.084383
0.223909
0.464768
0.596737
0.077999
0.70652
0.341884
0.89246
0.292939
0.652759
0.670117
0.103232
0.569782
0.289096
0.971861
0.960776
0.136045
0.875194
0.333425
0.056533
0.025369
0.9675
0.024532
0.701618
0.463132
0.796454
0.091242
0.473738
0.526217
0.574843
0.892851
0.594065
0.805696
0.356099
0.158395
0.617671
0.031862
0.906941
0.518874
0.050265
0.941496
0.123837
0.515491
0.295153
0.948194
0.796301
0.903318
0.625382
0.191128
0.215282
0.819288
0.015263
0.894457
0.351734
0.972344
0.919458
0.310083
0.617692
0.746222
0.438493
0.287109
0.623148
0.762135
0.967371
0.210874
0.604891
0.77582
0.133225
0.177009
0.506706
0.048788
0.747558
0.985201
0.920096
0.524697
0.222189
0.380724
0.479773
0.669625
0.305778
0.083873
0.288644
0.4115
0.270438
0.34069
0.76563
0.696391
0.761091
0.176778
0.068333
0.517332
0.452199
0.716541
0.397756
0.40874
0.455317
0.319448
0.547744
0.412609
0.660005
0.224809
0.505408
0.44375
0.319501
0.670301
0.131551
0.726056
0.93762
0.190564
0.239118
0.013646
0.697927
0.274029
0.691625
0.778993
0.404238
0.175016
0.502884
0.094726
0.026333
0.377843
0.944842
0.186705
0.825681
0.682908
0.542949
0.430919
0.235997
0.874369
0.215735
0.793531
0.381335
0.973488
0.419331
0.514648
0.785383
0.479154
0.905939
0.177121
0.915679
0.612842
0.831944
0.863854
0.368201
0.147183
0.678622
0.858365
0.336715
0.752135
0.673186
0.570309
0.223794
0.314589
0.506315
0.527376
0.122985
0.801721
0.42564
0.440658
0.073732
0.068037
0.504455
0.135854
0.05939
0.456237
0.541353
0.203873
0.704203
0.391089
0.519547
0.087741
0.716189
0.497105
0.130573
0.597017
0.455664
0.435394
0.149206
0.21968
0.294204
0.473907
0.102996
0.226567
0.478856
0.487946
0.427531
0.383215
0.075519
0.003095
0.392812
0.398547
0.561595
0.438683
0.13412
0.158629
0.118837
0.883608
0.079126
0.354818
0.672567
0.444175
0.386992
0.697395
0.388084
0.248707
0.100236
0.213444
0.084298
0.862973
0.808419
0.672893
0.535453
0.914704
0.405552
0.039841
0.823962
0.000849
0.517165
0.618584
0.362155
0.041313
0.490033
0.792391
0.788989
0.896602
0.407926
0.282984
0.126147
0.443546
0.121235
0.699306
0.574706
0.89132
0.242613
0.965709
0.76177
0.576979
0.657358
0.305795
0.839996
0.581504
0.447007
0.749764
0.013091
0.404988
0.936342
0.705962
0.448639
0.543172
0.600479
0.863328
0.176355
0.970802
0.404994
0.41688
0.459141
0.826016
0.16495
0.477336
0.296495
0.657082
0.231014
0.755237
0.613614
0.062309
0.782038
0.445212
0.373273
0.558781
0.200396
0.959315
0.104117
0.757067
0.675011
0.258904
0.859706
0.528556
0.186311
0.816701
0.265627
0.748806
0.602461
0.679446
0.972652
0.802053
0.238463
0.533536
0.851759
0.193824
0.21432
0.66419
0.972803
0.938541
0.077958
0.376692
0.120473
0.498106
0.681082
0.648358
0.915573
0.048326
0.569822
0.439272
0.75752
0.165157
0.869764
0.807485
0.194675
0.081757
0.265853
0.843409
0.562622
0.717371
0.434835
0.613355
0.566024
0.074234
0.264711
0.295428
0.244245
0.321002
0.33531
0.523614
0.373126
0.656923
0.881569
0.728402
0.079092
0.662645
0.602999
0.875496
0.946851
0.394766
0.317219
0.210929
0.989722
0.770434
0.616455
0.386824
0.400179
0.747581
0.159087
0.337625
0.318132
0.590126
0.245951
0.520564
0.050851
0.232125
0.16826
0.134983
0.521112
0.031231
0.38089
0.247249
0.723168
0.512565
0.394549
0.948873
0.302543
0.69924
0.460015
0.17037
0.201853
0.094847
0.751591
0.793888
0.760246
0.888883
0.648165
0.405162
0.99332
0.471042
0.312377
0.121488
0.998485
0.290587
0.95998
0.694194
0.544804
0.564185
0.004675
0.397823
0.725506
0.204948
0.749627
0.694798
0.253899
0.837253
0.733809
0.304425
0.096353
0.514114
0.542584
0.94419
0.691478
0.567748
0.219022
0.634848
0.23849
0.271295
0.297771
0.685786
0.766851
0.98161
0.017858
0.781561
0.493513
0.001741
0.603739
0.124515
0.443754
0.888924
0.073523
0.779263
0.743066
0.814644
0.474507
0.599831
0.575361
0.234821
0.861269
0.301464
0.986358
0.411907
0.028368
0.779894
0.267416
0.53556
0.587803
0.900286
0.870835
0.491552
0.844322
0.277576
0.091428
0.626232
0.294675
0.820422
0.632263
0.821032
0.696791
0.182199
0.692193
0.522877
0.956669
0.295228
0.072384
0.26066
0.616902
0.000398
0.710932
0.198298
0.779178
0.111989
0.818337
0.115307
0.450371
0.00227
0.345685
0.78217
0.938418
0.933996
0.970831
0.329979
0.935107
0.89225
0.350043
0.999025
0.88736
0.705235
0.239492
0.011991
0.803735
0.728904
0.615239
0.793623
0.714399
0.73525
0.704658
0.756014
0.005889
0.699382
0.396487
0.451354
0.069077
0.087397
0.57173
0.825461
0.545574
0.506764
0.806084
0.209497
0.074172
0.843191
0.46556
0.151852
0.221027
0.667054
0.101305
0.740706
0.965737
0.330215
0.302221
0.181828
0.466669
0.680905
0.837496
0.902122
0.496273
0.3726
0.090061
0.413777
0.028272
0.178736
0.815954
0.843342
0.131156
0.239586
0.067035
0.610974
0.721434
0.198891
0.039165
0.889753
0.739156
0.813402
0.765657
0.610519
0.895872
0.403423
0.451712
0.139551
0.460864
0.50153
0.259569
0.115767
0.140132
0.15454
0.966617
0.252484
0.079878
0.461308
0.930191
0.258435
0.230326
0.268462
0.033171
0.334602
0.991854
0.637896
0.902612
0.369271
0.476968
0.114371
0.372513
0.666704
0.99884
0.005812
0.121859
0.232779
0.54353
0.272044
0.022195
0.822173
0.670456
0.456635
0.980108
0.684465
0.887171
0.962775
0.954342
0.488185
0.183726
0.808575
0.121593
0.624558
0.532614
0.90625
0.629646
0.80448
0.064356
0.915757
0.396709
0.077761
0.71212
0.665647
0.901102
0.037069
0.542963
0.163998
0.044156
0.676097
0.571431
0.391035
0.986609
0.124207
0.544513
0.297512
0.66588
0.906311
0.88739
0.841108
0.922689
0.759291
0.189685
0.361836
0.977975
0.708862
0.243019
0.755768
0.802716
0.80875
0.632364
0.14121
0.423711
0.440906
0.58777
0.727351
0.045736
0.288967
0.053155
0.452568
0.924384
0.986824
0.079014
0.993368
0.201992
0.367381
0.218928
0.22404
0.932348
0.054594
0.558699
0.580236
0.07853
0.41864
0.501014
0.401885
0.163038
0.215463
0.157839
0.849058
0.284078
0.098703
0.672606
0.11428
0.133099
0.992508
0.133728
0.566614
0.115181
0.521122
0.977616
0.554323
0.111646
0.972268
0.034538
0.696243
0.675673
0.708121
0.257366
0.304464
0.743921
0.014644
0.113073
0.377828
0.397842
0.074806
0.41632
0.004944
0.271139
0.436237
0.574784
0.205807
0.838594
0.460921
0.279457
0.357903
0.695914
0.606944
0.129982
0.069441
0.602634
0.712491
0.602272
0.019291
0.835372
0.227631
0.841912
0.975381
0.536999
0.824566
0.643118
0.179724
0.909467
0.639469
0.555948
0.769148
0.327856
0.123454
0.873658
0.014442
0.605605
0.841363
0.127207
0.973895
0.479787
0.659627
0.102572
0.465444
0.448539
0.428211
0.903079
0.910575
0.816139
0.252676
0.607389
0.883125
0.847953
0.691288
0.292303
0.813465
0.131592
0.892111
0.049108
0.824593
0.54601
0.838895
0.995151
0.111478
0.978418
0.078741
0.717672
0.192849
0.065254
0.117645
0.671056
0.032796
0.664514
0.957915
0.388585
0.082129
0.529573
0.426173
0.133123
0.506895
0.586128
0.8285
0.105472
0.14852
0.900056
0.814248
0.798062
0.739758
0.381042
0.955642
0.732867
0.957668
0.962569
0.148493
0.108078
0.757056
0.162193
0.366454
0.03092
0.918459
0.739862
0.295368
0.722222
0.365443
0.551729
0.192787
0.781336
0.314839
0.09953
0.943706
0.961429
0.10499
0.741276
0.498549
0.00604
0.803062
0.830967
0.462051
0.963994
0.939989
0.627898
0.820275
0.445766
0.163592
0.447888
0.477751
0.38339
0.848916
0.850309
0.61372
0.705924
0.132258
0.331482
0.901589
0.609566
0.387543
0.326803
0.167826
0.21404
0.74705
0.818236
0.383411
0.241205
0.992054
0.64518
0.403299
0.765759
0.758052
0.444587
0.698144
0.753213
0.957011
0.003369
0.612247
0.258076
0.513576
0.462154
0.802532
0.385286
0.850224
0.452277
0.642667
0.189494
0.786601
0.728787
0.916366
0.34899
0.216853
0.357849
0.223746
0.282722
0.528891
0.497091
0.015153
0.291271
0.107236
0.2883
0.739509
0.038892
0.918894
0.997707
0.905563
0.630706
0.522144
0.55107
0.623092
0.316955
0.369335
0.03903
0.948286
0.505629
0.439269
0.461624
0.24454
0.646559
0.36235
0.475598
0.834894
0.299393
0.801037
0.431722
0.660119
0.885166
0.511665
0.478706
0.801968
0.874097
0.203147
0.176502
0.598481
0.193237
0.383738
0.558902
0.128062
0.173662
0.236165
0.01824
0.911704
0.058744
0.802156
0.439506
0.404979
0.818332
0.164995
0.325069
0.167501
0.905489
0.39443
0.67271
0.304872
0.75397
0.901108
0.148891
0.355667
0.719692
0.419753
0.868064
0.569477
0.378834
0.364779
0.283223
0.145782
0.218495
0.813875
0.906963
0.938715
0.497536
0.950212
0.366181
0.532156
0.50878
0.191455
0.897208
0.020995
0.07006
0.148361
0.155669
0.910622
0.718825
0.201862
0.536715
0.222282
0.690877
0.942112
0.968002
0.85213
0.002036
0.212041
0.736335
0.121077
0.375224
0.791056
0.267617
0.791209
0.522098
0.11333
0.049227
0.891803
0.125778
0.644069
0.506396
0.057779
0.870444
0.626049
0.72371
0.959627
0.947843
0.598934
0.63517
0.897747
0.604434
0.444746
0.311288
0.41087
0.692872
0.528032
0.89638
0.90237
0.794671
0.195827
0.780093
0.417834
0.510302
0.817862
0.921996
0.846133
0.661159
0.418748
0.33341
0.003112
0.565363
0.313917
0.175986
0.313152
0.8699
0.140678
0.766497
0.206847
0.286294
0.726804
0.790978
0.524197
0.587542
0.636138
0.278986
0.103563
0.086432
0.925146
0.439739
0.787672
0.380822
0.441796
0.531013
0.665881
0.979443
0.744575
0.300931
0.625995
0.681485
0.951416
0.444389
0.514916
0.464159
0.535197
0.41154
0.534732
0.279324
0.864438
0.073674
0.555801
0.144572
0.536775
0.567197
0.125827
0.733151
0.535521
0.950331
0.783799
0.627445
0.643992
0.193678
0.605031
0.58005
0.370707
0.660104
0.75216
0.768088
0.744565
0.993803
0.90909
0.073892
0.617399
0.044967
0.224722
0.210506
0.685604
0.094565
0.279769
0.948007
0.03416
0.355659
0.38796
0.535376
0.777069
0.004591
0.497961
0.227854
0.539983
0.491938
0.896009
0.305482
0.64609
0.35805
0.403927
0.823823
0.644364
0.498569
0.420797
0.000744
0.689549
0.826185
0.540731
0.22929
0.53864
0.316454
0.230923
0.680622
0.181533
0.375551
0.3906
0.023062
0.982247
0.660874
0.67588
0.890576
0.496501
0.905514
0.67702
0.024657
0.727238
0.99157
0.389916
0.845138
0.05346
0.804054
0.46111
0.427745
0.14568
0.136854
0.385712
0.426632
0.314431
0.637992
0.307404
0.979166
0.369491
0.54725
0.22563
0.25062
0.791031
0.500422
0.828677
0.622823
0.424225
0.218759
0.667714
0.298179
0.858691
0.545447
0.502828
0.13057
0.804984
0.296233
0.550848
0.421801
0.31506
0.079741
0.141993
0.894606
0.193211
0.603962
0.997292
0.139958
0.310025
0.638449
0.651608
0.313921
0.211797
0.407141
0.595669
0.561946
0.319784
0.65288
0.826973
0.946049
0.304495
0.177017
0.433504
0.939806
0.958714
0.812545
0.753288
0.709281
0.690781
0.376661
0.544259
0.777739
0.908202
0.114051
0.891138
0.609837
0.869963
0.513948
0.834389
0.899282
0.314962
0.247414
0.779024
0.367666
0.955891
0.358013
0.81965
0.796625
0.249344
0.24156
0.73533
0.217197
0.983582
0.613319
0.356998
0.493118
0.349799
0.670092
0.808269
0.628645
0.456382
0.882007
0.849548
0.842717
0.071396
0.892961
0.506209
0.826031
0.05935
0.241842
0.578625
0.742784
0.436285
0.614925
0.92434
0.355159
0.39585
0.016687
0.800506
0.669924
0.668338
0.105902
0.339118
0.250531
0.82619
0.35543
0.866723
0.098248
0.341342
0.571695
0.834401
0.813136
0.389222
0.494477
0.618564
0.033152
0.702079
0.416185
0.107836
0.186506
0.107826
0.189514
0.183591
0.371619
0.056924
0.868963
0.582906
0.759464
0.223417
0.123664
0.658884
0.351911
0.564518
0.520349
0.778349
0.054463
0.359062
0.049668
0.952377
0.39898
0.710257
0.166087
0.424673
0.948377
0.019241
0.381008
0.524354
0.440235
0.452072
0.968917
0.463305
0.352511
0.879565
0.329064
0.850229
0.46223
0.345139
0.290069
0.747531
0.508159
0.026401
0.333791
0.304909
0.157793
0.998545
0.784236
0.158899
0.965317
0.230551
0.107726
0.372996
0.312668
0.110393
0.498688
0.0933
0.818425
0.847931
0.717256
0.391262
0.908424
0.974983
0.315211
0.082523
0.040424
0.62397
0.923634
0.164027
0.959065
0.021184
0.785981
0.614119
0.82188
0.235733
0.686879
0.055439
0.877951
0.949811
0.86245
0.694351
0.583235
0.949206
0.433807
0.226287
0.684566
0.14674
0.501004
0.219966
0.492133
0.770523
0.015961
0.485681
0.507488
0.352407
0.480659
0.663817
0.65298
0.755617
0.550529
0.830931
0.755096
0.41601
0.687031
0.171248
0.668666
0.111869
0.254612
0.239628
0.543538
0.920911
0.838544
0.501521
0.205162
0.828787
0.078443
0.32957
0.067702
0.057176
0.170604
0.182943
0.401124
0.320127
0.429127
0.534656
0.264848
0.265885
0.358694
0.973901
0.666307
0.693852
0.779659
0.951931
0.271949
0.203061
0.514409
0.738097
0.175883
0.283883
0.598943
0.828719
0.451489
0.784221
0.802459
0.692843
0.946148
0.914918
0.254494
0.866605
0.706174
0.943104
0.477449
0.957327
0.235399
0.222666
0.429718
0.388029
0.2309
0.59573
0.294019
0.88838
0.253818
0.349271
0.74132
0.876508
0.933452
0.581594
0.697023
0.077914
0.712746
0.134181
0.947485
0.318247
0.134251
0.732018
0.165331
0.854497
0.513412
0.519079
0.800433
0.35865
0.355489
0.963469
0.224102
0.501117
0.03067
0.775695
0.997461
0.818818
0.755883
0.358433
0.413049
0.970489
0.285721
0.860805
0.183954
0.97388
0.996385
0.623601
0.534941
0.093387
0.943194
0.244679
0.192415
0.77222
0.467429
0.285099
0.409972
0.937528
0.32017
0.461579
0.66097
0.68134
0.422093
0.233454
0.856727
0.157352
0.59941
0.012214
0.476339
0.242019
0.376338
0.076735
0.580645
0.306441
0.099186
0.833239
0.139341
0.638632
0.698434
0.132097
0.985996
0.792434
0.588982
0.232092
0.006906
0.838881
0.066201
0.132674
0.148979
0.124337
0.848945
0.573835
0.261299
0.309874
0.996112
0.668436
0.218923
0.300604
0.603471
0.919345
0.075025
0.950092
0.826223
0.63676
0.918021
0.518861
0.741844
0.948625
0.075326
0.485329
0.69524
0.539858
0.879525
0.815944
0.817391
0.869544
0.183399
0.135107
0.147553
0.468342
0.841431
0.760963
0.736368
0.831177
0.145816
0.57755
0.818015
0.1105
0.545896
0.781284
0.517714
0.46029
0.27135
0.558774
0.775656
0.14297
0.555257
0.263645
0.049768
0.047362
0.715701
0.15957
0.321214
0.801635
0.250926
0.10375
0.236364
0.725814
0.57198
0.469137
0.366334
0.6753
0.605748
0.433151
0.256299
0.851148
0.095689
0.302931
0.456506
0.367739
0.353864
0.866321
0.711301
0.792063
0.975517
0.737924
0.585278
0.056764
0.144101
0.238614
0.486847
0.369551
0.599251
0.589416
0.263859
0.592888
0.474409
0.637961
0.254323
0.375266
0.743731
0.726844
0.517617
0.326645
0.211603
0.914739
0.471023
0.352073
0.454177
0.75562
0.487166
0.351657
0.671473
0.187986
0.718229
0.756714
0.786662
0.702245
0.098532
0.526551
0.067034
0.993565
0.071494
0.901723
0.158262
0.173482
0.718013
0.121436
0.062339
0.202517
0.423805
0.478696
0.619779
0.153812
0.250416
0.782243
0.240283
0.665715
0.915833
0.449204
0.461564
0.824704
0.698402
0.78389
0.895086
0.697207
0.968506
0.811809
0.702625
0.379686
0.947706
0.522617
0.539192
0.395111
0.15052
0.735865
0.114975
0.926928
0.275413
0.933281
0.949817
0.825893
0.212723
0.409748
0.273841
0.150377
0.417326
0.03633
0.02432
0.7614
0.238564
0.986589
0.448952
0.630803
0.252226
0.63125
0.241318
0.83614
0.739289
0.595916
0.112151
0.084021
0.756796
0.742778
0.418475
0.270188
0.63666
0.596652
0.946392
0.536619
0.362669
0.186879
0.740286
0.485998
0.212224
0.012684
0.909056
0.725021
0.139717
0.781304
0.642352
0.230384
0.422202
0.123544
0.476017
0.405238
0.419067
0.702955
0.433006
0.05094
0.499104
0.325705
0.57686
0.583837
0.343121
0.65861
0.631553
0.066964
0.333535
0.236309
0.224806
0.481551
0.031553
0.436282
0.348001
0.121125
0.187757
0.141739
0.698133
0.579214
0.866011
0.226971
0.572534
0.979105
0.221587
0.909245
0.201005
0.224967
0.480995
0.605903
0.907636
0.254516
0.204676
0.405709
0.584922
0.001433
0.244686
0.989185
0.249799
0.794832
0.916657
0.689002
0.899484
0.265188
0.014871
0.770386
0.190687
0.336278
0.618318
0.607482
0.608475
0.862635
0.696297
0.829809
0.401928
0.699495
0.352735
0.323983
0.765624
0.933522
0.470609
0.684404
0.184218
0.017345
0.935633
0.756065
0.136835
0.729795
0.339137
0.667609
0.935712
0.192853
0.052006
0.41745
0.135829
0.539386
0.661572
0.338838
0.417932
0.79917
0.340475
0.561061
0.826124
0.640696
0.301349
0.501144
0.806824
0.028368
0.718288
0.564646
0.998435
0.907488
0.872634
0.869346
0.874963
0.431692
0.671173
0.838343
0.939797
0.888655
0.188753
0.497312
0.478677
0.76963
0.965683
0.059285
0.19183
0.123933
0.207442
0.127793
0.90851
0.117301
0.58572
0.48879
0.892046
0.008296
0.203172
0.507255
0.995751
0.127543
0.82861
0.123532
0.92748
0.328391
0.32748
0.524235
0.891947
0.741127
0.188613
0.306811
0.25271
0.262061
0.471522
0.058482
0.190728
0.788216
0.610077
0.957094
0.541794
0.475331
0.29201
0.609677
0.624085
0.584272
0.401771
0.945714
0.961859
0.979898
0.914303
0.996553
0.159588
0.367858
0.571552
0.866632
0.686587
0.474306
0.519248
0.127071
0.378541
0.285493
0.132461
0.262726
0.538178
0.350425
0.819697
0.782289
0.925357
0.053259
0.257547
0.060209
0.744541
0.186375
0.538688
0.751925
0.19565
0.182378
0.783079
0.569209
0.713553
0.267486
0.514209
0.646532
0.285305
0.816657
0.674871
0.184834
0.658832
0.579134
0.347119
0.753659
0.141899
0.370788
0.758539
0.505832
0.983061
0.536674
0.613994
0.244496
0.295384
0.269927
0.022946
0.351768
0.131743
0.557535
0.422426
0.299919
0.099161
0.302275
0.167884
0.094974
0.745825
0.082146
0.498476
0.170101
0.59774
0.905872
0.255534
0.335876
0.91794
0.297052
0.12415
0.176062
0.492434
0.576567
0.899267
0.619409
0.526248
0.244477
0.240311
0.907668
0.825702
0.347931
0.557841
0.888691
0.406664
0.0724
0.452692
0.505962
0.647808
0.851959
0.782608
0.426297
0.996893
0.457567
0.718634
0.620159
0.665406
0.263288
0.259518
0.996053
0.405486
0.351608
0.163738
0.1633
0.252133
0.973868
0.169488
0.863428
0.275039
0.191869
0.528398
0.064334
0.329717
0.928824
0.01495
0.070682
0.297983
0.452733
0.507649
0.512255
0.384211
0.93428
0.920988
0.323106
0.41881
0.516571
0.267392
0.03944
0.390948
0.508235
0.150546
0.248898
0.324608
0.20683
0.435825
0.994586
0.260624
0.408896
0.518205
0.024299
0.185389
0.056355
0.273253
0.610773
0.604965
0.860123
0.577071
0.404218
0.397845
0.109783
0.97446
0.377267
0.010499
0.794987
0.961258
0.514491
0.019082
0.533188
0.93988
0.513661
0.221378
0.958199
0.998126
0.372567
0.556368
0.896662
0.823654
0.85879
0.113433
0.481372
0.723299
0.953676
0.302417
0.689376
0.959879
0.263604
0.988737
0.311861
0.380585
0.212875
0.75457
0.624375
0.673247
0.37103
0.209832
0.151041
0.738213
