256 1 3
0
200
1
111
2
200
3
127
4
150
5
29
6
150
7
113
8
149
9
36
3
10
11
127
12
80
13
161
14
20
15
227
16
137
17
44
18
156
19
129
20
32
21
212
22
92
23
229
24
247
25
254
26
106
27
95
28
172
29
75
30
101
31
158
32
182
33
225
34
76
35
187
36
119
37
145
38
70
39
222
40
99
41
246
42
193
43
133
44
204
45
218
46
162
35
47
37
48
49
132
50
156
51
255
37
52
53
80
54
126
55
177
56
187
57
62
26
58
59
171
60
197
61
178
62
167
63
177
56
64
65
98
66
75
2
67
51
68
69
210
70
104
71
212
14
72
73
103
74
201
75
213
47
76
77
204
78
186
79
164
80
117
81
204
82
236
83
183
84
173
85
254
86
122
53
87
88
152
27
89
90
183
91
139
47
92
93
206
15
94
49
95
96
136
49
97
98
108
21
99
100
163
42
101
39
102
13
103
104
229
63
105
106
155
53
107
108
147
109
112
76
110
111
147
29
112
113
255
21
114
75
115
116
155
67
117
68
118
119
228
120
140
0
121
12
122
123
235
124
216
125
133
126
127
56
127
128
134
62
129
65
130
60
131
101
132
133
173
66
134
134
135
136
137
7
137
17
138
139
169
67
140
34
141
142
181
1
143
144
205
145
176
63
146
147
239
148
224
149
184
10
150
151
217
152
193
36
153
16
154
36
155
156
186
157
252
81
158
159
169
160
198
161
207
124
162
163
183
51
164
33
165
146
166
167
238
1
168
169
235
20
170
171
221
76
172
157
173
174
176
95
175
175
176
177
250
178
201
140
179
131
180
151
181
182
228
183
203
111
184
185
230
173
186
88
187
188
198
36
189
160
190
5
191
167
192
193
201
94
194
195
201
157
196
164
197
198
223
89
199
154
200
201
215
170
202
143
203
61
204
197
205
122
206
50
207
203
208
125
209
20
210
113
211
65
212
98
213
88
214
40
215
132
216
118
217
163
218
219
231
180
220
119
221
222
232
174
223
124
224
30
225
218
226
114
227
113
228
113
229
224
230
62
231
232
239
233
243
74
234
30
235
135
236
150
237
199
238
90
239
144
240
58
241
233
242
98
243
126
244
138
245
187
246
170
247
190
248
37
249
36
250
100
251
251
252
184
253
48
254
163
255
0.495017
0.038775
0.233097
0.318019
0.105948
0.371796
0.520739
0.869936
0.569628
0.516512
0.459996
0.381528
0.474613
0.352711
0.820316
0.471981
0.508356
0.107533
0.330693
0.143553
0.016338
0.72865
0.886925
0.143512
0.176865
0.394751
0.656445
0.039687
0.226783
0.407275
0.329028
0.236924
0.153815
0.279501
0.001327
0.714504
0.2592
0.165447
0.170373
0.462469
0.787836
0.870933
0.815058
0.405272
0.897242
0.214164
0.061348
0.932117
0.210992
0.428025
0.769597
0.736712
0.129397
0.334632
0.641589
0.142402
0.33766
0.153957
0.004676
0.626046
0.234367
0.01529
0.006643
0.076173
0.19524
0.389017
0.11345
0.004585
0.683261
0.974886
0.263716
0.455316
0.958852
0.25878
0.099919
0.257418
0.87829
0.22487
0.684755
0.033146
0.66639
0.629441
0.158782
0.767763
0.596354
0.431138
0.079614
0.440951
0.516378
0.888569
0.575379
0.000858
0.560978
0.626798
0.854693
0.036422
0.579314
0.829926
0.94318
0.857444
0.957709
0.548965
0.688964
0.085095
0.161678
0.955906
0.33578
0.401511
0.728975
0.419599
0.755988
0.250077
0.002921
0.255613
0.453868
0.90787
0.305918
0.582476
0.706872
0.880448
0.92338
0.38314
0.114244
0.949101
0.598196
0.385993
0.301166
0.155016
0.382081
0.233462
0.359388
0.268497
0.393113
0.707316
0.983835
0.291775
0.028752
0.441123
0.690433
0.817828
0.381113
0.987794
0.546733
0.60767
0.262952
0.277595
0.097642
0.372321
0.346255
0.48205
0.438758
0.647473
0.618708
0.751058
0.096346
0.853599
0.065691
0.991305
0.852916
0.079917
0.908683
0.646988
0.772237
0.613057
0.856099
0.395891
0.053675
0.105194
0.106228
0.472037
0.965121
0.640754
0.795619
0.01775
0.707227
0.610637
0.110107
0.08644
0.261046
0.74178
0.856821
0.120771
0.689504
0.634657
0.225019
0.991779
0.542221
0.353252
0.702508
0.580852
0.554411
0.475969
0.454708
0.657945
0.380231
0.387317
0.335406
0.636612
0.127035
0.272317
0.949241
0.73731
0.732717
0.88467
0.0321
0.538135
0.212936
0.29142
0.521752
0.551807
0.121824
0.456228
0.304696
0.059751
0.14866
0.76483
0.326827
0.683644
0.971323
0.206492
0.320547
0.737058
0.62889
0.614032
0.463664
0.873605
0.165129
0.242422
0.267975
0.026533
0.884462
0.287189
0.669277
0.373983
0.592885
0.389152
0.899916
0.421969
0.93965
0.08651
0.54796
0.046075
0.049218
0.222983
0.364136
0.600225
0.447672
0.403525
0.724796
0.453519
0.327951
0.195242
0.72636
0.067684
0.247374
0.500659
0.175301
0.339469
0.852466
0.923992
0.968514
0.179082
0.317038
0.469306
0.984746
0.793085
0.317494
0.090832
0.658038
0.600321
0.105614
0.902267
0.509127
0.770228
0.587417
0.443838
0.819407
0.738909
0.951838
0.284722
0.462584
0.346914
0.391878
0.495376
0.883354
0.502967
0.234002
0.371596
0.136318
0.232176
0.36262
0.316014
0.949994
0.566469
0.338081
0.046628
0.016993
0.87668
0.002053
0.816928
0.250464
0.112317
0.910478
0.833799
0.633053
0.74958
0.140133
0.983048
0.087186
0.459023
0.660898
0.763521
0.554422
0.907001
0.691179
0.859163
0.402155
0.06308
0.707207
0.888879
0.325253
0.30133
0.7609
0.303759
0.641772
0.164117
0.432442
0.642927
0.856409
0.329601
0.1374
0.165892
0.145859
0.692759
0.804997
0.765488
0.016883
0.426455
0.13064
0.07799
0.21879
0.296139
0.672938
0.440579
0.745519
0.938331
0.205959
0.784211
0.760528
0.409011
0.960293
0.642215
0.14622
0.973715
0.371485
0.471429
0.809213
0.765835
0.550126
0.951852
0.950014
0.036338
0.707278
0.350848
0.13516
0.931663
0.88501
0.071693
0.860845
0.70409
0.497102
0.839079
0.117105
0.307716
0.347308
0.682773
0.187497
0.440826
0.054247
0.245368
0.347893
0.365966
0.539824
0.26254
0.879196
0.952822
0.480434
0.076432
0.406615
0.432043
0.927335
0.01865
0.489317
0.084278
0.255473
0.738351
0.030376
0.635534
0.958441
0.334028
0.324695
0.023444
0.192463
0.802998
0.202963
0.862455
0.140543
0.448814
0.142915
0.527249
0.247435
0.605876
0.997378
0.513223
0.170745
0.814903
0.562116
0.426526
0.44026
0.162512
0.461235
0.139225
0.891037
0.167247
0.484382
0.029794
0.367081
0.132586
0.719303
0.582117
0.128748
0.706114
0.054576
0.619102
0.378338
0.516315
0.268828
0.880302
0.841998
0.377148
0.600244
0.287998
0.705295
0.222671
0.50152
0.086992
0.51757
0.353566
0.685402
0.490564
0.396007
0.727228
0.208572
0.604532
0.13998
0.691358
0.776321
0.738826
0.664904
0.854168
0.084852
0.655775
0.191517
0.914356
0.632872
0.942864
0.896838
0.002833
0.835913
0.717464
0.605052
0.951676
0.317406
0.176431
0.377949
0.247322
0.200684
0.844014
0.511708
0.510905
0.129133
0.381062
0.563902
0.023067
0.643388
0.214244
0.820814
0.638324
0.33793
0.764902
0.192943
0.523997
0.247294
0.90924
0.17871
0.614083
0.881889
0.912337
0.338027
0.154018
0.800831
0.595512
0.416535
0.861901
0.888182
0.80864
0.114421
0.158993
0.233385
0.646514
0.689228
0.541418
0.610284
0.625124
0.050512
0.1449
0.340801
0.520567
0.819037
0.005217
0.876077
0.85528
0.708526
0.877182
0.318894
0.698648
0.645413
0.705036
0.066583
0.90277
0.834857
0.687595
0.594342
0.88574
0.093792
0.275338
0.061629
0.611487
0.739497
0.103862
0.982053
0.381413
0.439391
0.892571
0.563232
0.120545
0.649588
0.658317
0.955131
0.634368
0.026441
0.587949
0.433981
0.061
0.000373
0.227468
0.922905
0.49345
0.033895
0.802509
0.4237
0.076333
0.707158
0.128133
0.403078
0.008572
0.387985
0.254909
0.643465
0.150731
0.314242
0.245956
0.452329
0.337306
0.471915
0.777848
0.053578
0.732694
0.512351
0.505119
0.542903
0.476061
0.02194
0.033249
0.761929
0.225596
0.063263
0.358086
0.574708
0.082221
0.259369
0.480333
0.839551
0.47847
0.804869
0.494183
0.088838
0.028531
0.129376
0.502024
0.324512
0.898484
0.42921
0.071754
0.061809
0.08198
0.645366
0.7859
0.305797
0.327328
0.652947
0.696566
0.880275
0.14729
0.615479
0.733368
0.571538
0.736648
0.903431
0.132318
0.169953
0.357504
0.233475
0.924431
0.247099
0.95658
0.969059
0.105711
0.042265
0.351404
0.590036
0.005355
0.323529
0.536508
0.73648
0.798599
0.798414
0.004438
0.795419
0.777936
0.147079
0.703679
0.845504
0.617679
0.048502
0.139671
0.414753
0.59761
0.413097
0.221124
0.950355
0.471945
0.223187
0.00343
0.271492
0.245925
0.471043
0.002272
0.527151
0.532519
0.49372
0.131978
0.990363
0.538172
0.918525
0.927094
0.400268
0.021997
0.232116
0.031734
0.032024
0.268329
0.080469
0.164636
0.466875
0.325635
0.771144
0.69706
0.65302
0.383427
0.538964
0.881146
0.157018
0.908144
0.554382
0.254128
0.306347
0.197968
0.253745
0.828754
0.102891
0.880282
0.06414
0.289619
0.868927
0.792404
0.759489
0.055216
0.936982
0.550389
0.348054
0.755698
0.663897
0.890122
0.609994
0.805076
0.008985
0.467856
0.621765
0.96725
0.85318
0.232627
0.482325
0.966923
0.62764
0.163079
0.826369
0.421871
0.082149
0.383763
0.705377
0.671963
0.812681
0.5008
0.427455
0.87036
0.658954
0.970074
0.443338
0.432285
0.302188
0.033974
0.617444
0.275191
0.887907
0.26661
0.739713
0.652935
0.245155
0.685435
0.368065
0.120872
0.542402
0.368511
0.283379
0.729841
0.629994
0.707688
0.294982
0.033563
0.311053
0.650275
0.767682
0.124044
0.326994
0.391507
0.604317
0.311778
0.179484
0.001925
0.812629
0.860661
0.350278
0.064133
0.507438
0.203974
0.829621
0.555193
0.730441
0.63281
0.82417
0.653552
0.934107
0.836753
0.629087
0.368484
0.398518
0.548244
0.494971
0.747393
0.715768
0.355646
0.794409
0.077723
0.982031
0.407311
0.547283
0.32721
0.997761
0.695345
0.668437
0.600105
0.777523
0.413489
0.355139
0.031104
0.077584
0.785402
0.852405
0.349426
0.309582
0.343889
0.203078
0.048103
0.023472
0.303385
0.070293
0.601311
0.913575
0.92878
0.589135
0.819808
0.757773
0.824055
0.640223
0.823111
0.616212
0.392467
0.504863
0.139289
0.468698
0.560458
0.121684
0.901405
0.35465
0.881487
0.559263
0.514
0.720616
0.688671
0.965711
0.624801
0.075507
0.969277
0.801344
0.246209
0.610147
0.858043
0.280262
0.472667
0.937454
0.101202
0.230997
0.790166
0.21728
0.783722
0.450063
0.774075
0.810733
0.725092
0.603333
0.365818
0.635
0.317638
0.156345
0.840739
0.936344
0.390162
0.891615
0.315482
0.39939
0.239523
0.832627
0.883226
0.787535
0.671454
0.685643
0.107227
0.579694
0.390502
0.381489
0.206247
0.110902
0.119342
0.675413
0.381067
0.793827
0.829544
0.735596
0.630937
0.619594
0.377585
0.912615
0.439285
0.038878
0.047388
0.389626
0.140323
0.439605
0.251423
0.501439
0.732405
0.785518
0.553462
0.787323
0.381228
0.556986
0.815028
0.787857
0.44231
0.066946
0.025257
0.645978
0.460814
0.973859
0.503689
0.521971
0.953956
0.60111
0.886033
0.078179
0.282621
0.263046
0.974849
0.227944
0.304109
0.44386
0.992064
0.76886
0.153992
0.13872
0.820486
0.794405
0.368943
0.745141
0.289294
0.503848
0.19334
0.42222
0.576904
0.003489
0.591621
0.683141
0.115943
0.676042
0.735081
0.924274
0.677201
0.147281
0.424909
0.933499
0.574021
0.608133
0.139736
0.891189
0.494433
0.483957
0.128542
0.495396
0.641037
0.856329
0.223654
0.478701
0.142051
0.511155
0.367088
0.417737
0.747461
0.898087
0.782491
0.114071
0.20407
0.728832
0.922434
0.422154
0.123024
0.843835
0.314344
0.456898
0.798003
0.145655
0.855588
0.884641
0.939353
0.981046
0.04284
0.36289
0.403272
0.33943
0.563017
0.684667
0.45113
0.088042
0.360443
0.239165
0.545419
0.646344
0.811639
0.423029
0.670774
0.592346
0.316422
0.019194
0.238402
0.556302
0.255884
0.895367
0.942639
0.629237
0.927599
0.765645
0.421794
0.456473
0.45285
0.575317
0.832595
0.962406
0.105923
0.423814
0.708809
0.986152
0.861294
0.323902
0.016444
0.549258
0.502462
0.007844
0.740159
0.343448
0.376544
0.460387
0.31137
0.556284
0.38458
0.858737
0.605139
0.10622
0.29492
0.353056
0.67221
0.380652
0.937975
0.520357
0.31093
0.874068
0.736112
0.783839
0.11274
0.524667
0.678864
0.466428
0.701608
0.321813
0.800151
0.501561
0.671161
0.752345
0.267285
0.53502
0.746099
0.947581
0.05845
0.116103
0.787532
0.030516
0.692592
0.828696
0.051553
0.285066
0.50088
0.562008
0.230615
0.150965
0.801142
0.2137
0.254425
0.765167
0.095477
0.682657
0.14824
0.728162
0.472522
0.268642
0.239031
0.920928
0.600843
0.674075
0.770858
0.268136
0.145714
0.158616
0.258857
0.294521
0.755036
0.754706
0.389639
0.680769
0.536055
0.171109
0.599241
0.616805
0.931427
0.274623
0.40983
0.47417
0.21908
0.29572
0.883143
0.828918
0.869578
0.608972
0.423483
0.680637
0.216146
0.421313
0.526893
0.136922
0.018941
0.057236
0.064346
0.086616
0.851009
0.458304
0.053989
0.602893
0.267999
0.147685
0.564113
0.560426
0.725101
0.120981
0.604576
0.549148
0.467851
0.638816
0.762575
0.38704
0.152812
0.503794
0.746318
0.32243
0.054068
0.784443
0.287013
0.515555
0.948034
0.747549
0.196309
0.440826
0.556162
0.19615
0.271203
0.477439
0.232927
0.818925
0.183987
0.839134
0.371547
0.362882
0.071074
0.724837
0.778208
0.687404
0.495157
0.624299
0.297644
0.941101
0.151083
0.871206
0.122666
0.079978
0.889006
0.418179
0.92347
0.738819
0.698818
0.245375
0.467439
0.821716
0.541425
0.011645
0.277219
0.114258
0.653775
0.278467
0.114472
0.445663
0.537949
0.462895
0.628644
0.390801
0.654557
0.40247
0.59306
0.350854
0.131644
0.612428
0.630147
0.250752
0.950502
0.548489
0.637016
0.072644
0.732102
0.86744
0.042408
0.34172
0.573064
0.56786
0.936586
0.730321
0.194182
0.790347
0.242743
0.45662
0.116518
0.922656
0.290078
0.755987
0.653389
0.937075
0.513699
0.509088
0.300971
0.030777
0.740318
0.928736
0.651067
0.384735
0.080669
0.185186
0.260454
0.242452
0.362998
0.235218
0.647466
0.888865
0.249322
0.66452
0.504408
0.252142
0.041916
0.472503
0.141503
0.283261
0.763528
0.863113
0.490529
0.530698
0.195801
0.649943
0.803824
0.355481
0.592123
0.653066
0.703465
0.176382
0.857241
0.344271
0.541279
0.523728
0.185847
0.462671
0.532694
0.251013
0.333276
0.370398
0.563501
0.499076
0.476105
0.71005
0.728147
0.221584
0.818501
0.166532
0.638183
0.080375
0.886327
0.359675
0.158338
0.779427
0.521876
0.690189
0.595484
0.630644
0.013513
0.437985
0.774702
0.778259
0.419002
0.747545
0.718389
0.637743
0.701987
0.34486
0.473831
0.019912
0.215704
0.550162
0.083333
0.15098
0.177661
0.321332
0.180637
0.552548
0.879247
0.08311
0.270552
0.930534
0.58324
0.272812
0.187638
0.313419
0.844232
0.073244
0.181176
0.12623
0.003612
0.702224
0.866363
0.746786
0.361368
0.710439
0.540586
0.544677
0.370282
0.901297
0.619336
0.138363
0.088471
0.701482
0.668745
0.172135
0.241125
0.193807
0.258512
0.255306
0.843727
0.54657
0.276547
0.787398
0.513762
0.137203
0.448873
0.981311
0.039855
0.912085
0.023794
0.693151
0.348191
0.455323
0.185511
0.601974
0.714293
0.037761
0.309075
0.208866
0.399278
0.529295
0.644927
0.361849
0.428232
0.560013
0.75225
0.099133
0.445583
0.96126
0.104174
0.357217
0.223662
0.747268
0.733688
0.735804
0.499898
0.295331
0.471299
0.175513
0.273747
0.650304
0.89625
0.770748
0.144673
0.16782
0.552799
0.59124
0.453097
0.735376
0.443182
0.288471
0.204291
0.77733
0.348633
0.507402
0.401952
0.619586
0.206361
0.235032
0.989861
0.491519
0.908393
0.298087
0.840051
0.398363
0.21634
0.982432
0.048672
0.272983
0.405953
0.715638
0.85097
0.25525
0.551403
0.235605
0.948325
0.00057
0.329737
0.958042
0.47191
0.620102
0.601827
0.961362
0.472379
0.494052
0.781588
0.477057
0.627789
0.552171
0.648392
0.88618
0.504735
0.83817
0.738664
0.487132
0.272455
0.764417
0.708504
0.504823
0.837067
0.67602
0.475543
0.048494
0.159777
0.052296
0.528421
0.181396
0.110636
0.434356
0.074729
0.52355
0.639104
0.180084
0.70375
0.837611
0.449854
0.120383
0.148778
0.824541
0.073556
0.216753
0.763764
0.361433
0.206015
0.242708
0.220802
0.832204
0.795226
0.708493
0.362066
0.803445
0.935969
0.503358
0.81338
0.899959
0.184662
0.505954
0.610797
0.234666
0.62639
0.746728
0.580783
0.102257
0.494986
0.261274
0.370626
0.015157
0.41579
0.258048
0.657049
0.935535
0.193592
0.31727
0.70587
0.621306
0.28823
0.137608
0.624249
0.064008
0.167779
0.787048
0.326
0.050757
0.99815
0.021541
0.655835
0.162266
0.492187
0.202065
0.342255
0.346964
0.737535
0.039049
0.776404
0.147126
0.859128
0.085678
0.362581
0.19008
0.912055
0.426054
0.29404
0.2455
0.652089
0.174936
0.624075
0.377122
0.23226
0.536306
0.119507
0.15602
0.96155
0.890243
0.124954
0.268301
0.946786
0.035979
0.753205
0.346221
0.19342
0.929627
0.315415
0.477711
0.229304
0.095025
0.259066
0.465452
0.729821
0.60936
0.070486
0.511034
0.188005
0.053533
0.04565
0.463438
0.488665
0.272776
0.426169
0.498341
0.422749
0.152498
0.003099
0.455512
0.067096
0.964859
0.437152
0.063729
0.336556
0.327175
0.355477
0.610873
0.931939
0.624247
0.667236
0.122632
0.951987
0.244149
0.31374
0.264197
0.153324
0.137058
0.821595
0.485601
0.551221
0.869724
0.715804
0.026468
0.996914
0.020688
0.499247
0.676849
0.390615
0.011859
0.217285
0.336196
0.469364
0.603968
0.387627
0.973509
0.305622
0.117579
0.074265
0.982343
0.225602
0.335745
0.251676
0.67434
0.469006
0.191432
0.110558
0.62196
0.400428
0.219607
0.851108
0.912696
0.262701
0.594236
0.946833
0.537589
0.296868
0.403236
0.36237
0.202307
0.871822
0.069393
0.703611
0.621113
0.526545
0.419333
0.848872
0.151955
0.523674
0.89584
0.388308
0.564289
0.809404
0.447539
0.357722
0.10113
0.647255
0.497606
0.844797
0.913839
0.288267
0.168666
0.581794
0.413608
0.12441
0.678623
0.779733
0.406969
0.552984
0.24389
0.116378
0.855943
0.744357
0.631659
0.982056
0.984816
0.52478
0.441088
0.499793
0.611363
0.086889
0.973847
0.132965
0.31975
0.958854
0.463064
0.294673
0.202697
0.618334
0.324754
0.690809
0.463283
0.757622
0.68172
0.208728
0.696216
0.241563
0.699646
0.324947
0.439652
0.96436
0.528564
0.087067
0.401625
0.304325
0.426107
0.953601
0.906734
0.116917
0.514922
0.037523
0.431091
0.315877
0.212281
0.274518
0.108745
0.887822
0.594872
0.465479
0.118895
0.780212
0.217565
0.601197
0.038425
0.673094
0.834808
0.806636
0.764328
0.417111
0.202011
0.040927
0.417984
0.854234
0.346637
0.63186
0.199393
0.393401
0.172753
0.69539
0.951628
0.392096
0.731536
0.505536
0.973173
0.754409
0.603844
0.410736
0.584582
0.455207
0.168008
0.5967
0.706115
0.606645
0.313654
0.588253
0.143713
0.507185
0.456613
0.444692
0.323993
0.753444
0.70026
0.976409
0.440959
0.987921
0.911245
0.85786
0.474426
0.534127
0.601165
0.319028
0.892544
0.462258
0.786942
0.204487
0.62529
0.406437
0.350924
0.826534
0.683239
0.706756
0.5321
0.975745
0.100056
0.431467
0.250925
0.016543
0.486
0.393445
0.903397
0.817749
0.239014
0.123631
0.071857
0.967811
0.165268
0.431916
0.507402
0.975417
0.240719
0.747111
0.145691
0.100108
0.714899
0.496652
0.356955
0.826542
0.414885
0.645497
0.711526
0.271761
0.801657
0.486623
0.415488
0.951893
0.003864
0.705654
0.679658
0.360331
0.456552
0.152757
0.078475
0.496917
0.570975
0.832365
0.572765
0.076689
0.923802
0.653934
0.546886
0.088765
0.826564
0.177002
0.106776
0.754149
0.291591
0.191639
0.377846
0.310706
0.609241
0.950438
0.477827
0.783123
0.078611
0.853315
0.785868
0.940528
0.345773
0.733004
0.585528
0.190231
0.777191
0.332778
0.971456
0.216929
0.045147
0.547445
0.953937
0.243142
0.660473
0.59279
0.593537
0.468705
0.068579
0.50529
0.454866
0.785949
0.110682
0.710739
0.089367
0.339994
0.856825
0.944204
0.255684
0.958335
0.361139
0.658048
0.498279
0.453342
0.423935
0.215524
0.685409
0.920559
0.511192
0.616
0.074893
0.201272
0.415275
0.964664
0.653919
0.02522
0.40645
0.491313
0.291163
0.845917
0.46215
0.769535
0.963018
0.40465
0.851649
0.691737
0.255169
0.518286
0.821512
0.913265
0.387372
0.92154
0.360465
0.967672
0.676566
0.473475
0.804599
0.868842
0.56502
0.508136
0.972835
0.134585
0.024971
0.768063
0.518264
0.458869
0.058339
0.170511
0.256378
0.614657
0.103941
0.188434
0.860325
0.329905
0.938523
0.632695
0.815029
0.518371
0.661593
0.139473
0.932528
0.963345
0.457282
0.746524
0.507468
0.344934
0.394273
0.955821
0.979624
0.156254
0.93134
0.928272
0.959027
0.990357
0.892058
0.070288
0.983443
0.456975
0.310552
0.140866
0.935686
0.504304
0.172081
0.287894
0.272393
0.580551
0.385464
0.428901
0.383603
0.255773
0.7205
0.367766
0.794777
0.95238
0.954745
0.933432
0.934436
0.46854
0.671774
0.791546
0.708421
0.12058
0.11575
0.646718
0.287314
0.996034
0.795099
0.293912
0.135699
0.136054
0.791968
0.922646
0.381446
0.623664
0.913547
0.534707
0.914584
0.661402
0.067675
0.440104
0.638049
0.474738
0.188144
0.105247
0.79335
0.386285
0.686009
0.594312
0.154312
0.964979
0.420077
0.461764
0.323986
0.045481
0.219362
0.930107
0.755821
0.234139
0.935512
0.746878
0.068437
0.803695
0.58651
0.915206
0.671436
0.806703
0.491713
0.45005
0.578097
0.510212
0.745998
0.34569
0.935313
0.338836
0.465906
0.57136
0.836546
0.16917
0.43124
0.888692
0.789914
0.957551
0.965953
0.025804
0.793496
0.892568
0.360458
0.04501
0.884297
0.732472
0.22674
0.491759
0.812848
0.630308
0.268896
0.950171
0.700174
0.445978
0.81322
0.884047
0.781314
0.192658
0.743862
0.850035
0.205306
0.598037
0.526095
0.21541
0.400191
0.44544
0.395351
0.370827
0.374255
0.992517
0.898705
0.60866
0.258924
0.815219
0.920104
0.524128
0.056858
0.565
0.721501
0.77919
0.279701
0.014459
0.799019
0.794151
0.920212
0.566718
0.469082
0.289576
0.199425
0.792461
0.118203
0.405845
0.798644
0.956134
0.996647
0.985716
0.546307
0.01194
0.990367
0.872967
0.666221
0.412088
0.281758
0.507401
0.88321
0.147158
0.052249
0.515468
0.039873
0.268832
0.449473
0.246337
0.158354
0.878984
0.055488
0.422716
0.833219
0.379467
0.428776
0.124375
0.472648
0.501972
0.880319
0.997507
0.192232
0.842353
0.267405
0.419595
0.053216
0.848343
0.45305
0.193326
0.846659
0.759464
0.778484
0.671977
0.838273
0.300862
0.455624
0.170813
0.169898
0.118925
0.719323
0.116288
0.245382
0.415856
0.417455
0.107986
0.15352
0.231368
0.38846
0.142816
0.302831
0.406644
0.413325
0.960318
0.869777
0.132946
0.142833
0.992267
0.731426
0.049895
0.996761
0.686149
0.025618
0.946441
0.842338
0.596839
0.868983
0.649035
0.824033
0.811439
0.579677
0.950358
0.175949
0.711152
0.393174
0.518457
0.444794
0.741265
0.439009
0.867934
0.094224
0.173243
0.093313
0.062881
0.58373
0.622884
0.34791
0.465458
0.561765
0.115384
0.372525
0.043325
0.455041
0.036342
0.308206
0.89769
0.698557
0.745749
0.894113
0.074029
0.291029
0.101818
0.416387
0.617979
0.287299
0.871711
0.435968
0.80581
0.945444
0.32257
0.251508
0.089876
0.469827
0.614093
0.858313
0.732042
0.442736
0.205357
0.659836
0.63839
0.088495
0.341856
0.019983
0.955655
0.756182
0.897656
0.685648
0.873957
0.095586
0.129777
0.997223
0.432773
0.43043
0.098196
0.641277
0.271423
0.80527
0.104351
0.346509
0.978853
0.032693
0.663712
0.319693
0.647653
0.223384
0.823907
0.609252
0.621089
0.409371
0.439414
0.385332
0.241367
0.393244
0.840595
0.924054
0.999309
0.105989
0.929618
0.861442
0.75456
0.952717
0.62034
0.230303
0.221579
0.405829
0.771901
0.339231
0.214862
0.913767
0.398782
0.181361
0.556475
0.458533
0.083297
0.311675
0.001002
0.391528
0.275152
0.897346
0.938903
0.140475
0.580246
0.770368
0.79631
0.882411
0.875862
0.955721
0.587237
0.368419
0.45872
0.46055
0.813041
0.116397
0.871798
0.360584
0.355845
0.591279
0.77879
0.854639
0.369096
0.888612
0.313255
0.813157
0.177802
0.755391
0.657793
0.36374
0.862284
0.585726
0.03125
0.01315
0.748838
0.448331
0.528725
0.839442
0.292772
0.602116
0.039784
0.234075
0.070452
0.336539
0.342685
0.243819
0.663583
0.206748
0.087932
0.673232
0.434423
0.85318
0.523948
0.516226
0.04652
