64 1 3
0
44
1
55
2
16
3
35
4
25
5
31
6
9
7
30
8
63
9
53
10
38
11
17
10
12
2
13
14
17
10
15
16
57
17
44
0
18
19
50
20
29
7
21
12
22
12
23
24
60
25
59
5
26
27
51
28
45
29
47
30
46
31
34
32
33
14
33
34
37
35
61
36
62
1
37
38
40
17
39
40
47
41
61
42
58
1
43
12
44
14
45
46
51
34
47
42
48
25
49
50
57
1
51
34
52
4
53
24
54
3
55
3
56
3
57
37
58
59
60
2
60
44
61
10
62
54
63
0.6982369860762232
0.04335155477583419
0.9770488382962867
0.18152203442295012
0.0217456311090094
0.43510836130335984
0.5229539184494716
0.5239617122552737
0.21895223183138446
0.37350677648842145
0.2192814770029673
0.04754676695643001
0.5769093546753836
0.7156285022239076
0.3417765657388513
0.04059146018737436
0.6357431834673348
0.10553801155278264
0.9907219892316612
0.03430723220567622
0.5597387641266935
0.382927179016345
0.5895712037950948
0.2251683194060493
0.4344569889905441
0.2302058722276965
0.19268285888340975
0.01393002379782482
0.8685674335422783
0.6645603843613045
0.007136725164559876
0.35829909964656037
0.5992490999426224
0.9263528247837451
0.19302166516541386
0.9121677231884484
0.793111999799626
0.46941868908986684
0.3374247566083779
0.3572006923766363
0.8742920988316415
0.07333096724138566
0.2297769796586605
0.2276951122344959
0.44293016781911954
0.9641885553935281
0.6368064931688344
0.8839254678065979
0.2846161232817782
0.2008573699463324
0.8247259337190754
0.6797710457026352
0.05933008178149679
0.26429759163133226
0.0060593042049399415
0.2057527703181362
0.23707541822253686
0.15234530539457203
0.747197886366642
0.7098155230764599
0.45491601382020597
0.19970524616964846
0.6291186770217119
0.4163347949016458
0.5078036738327174
0.13038350938207144
0.7082431235577259
0.05116875511380359
0.7713608586137832
0.7295289245113111
0.5098671099182013
0.35105342330609035
0.06604097589568314
0.663831433497316
0.3473172482296124
0.7695062951602648
0.3069097279903147
0.6294696720638532
0.6501626696078312
0.09822333019985918
0.30652366245035334
0.3329413101528086
0.8720276094641765
0.15308603813844612
0.5405412667987224
0.13770697463763082
0.6304427872624213
0.7639093123940652
0.4355512482262056
0.9234410381460114
0.6215189222258668
0.09900868019807052
0.7805831550846425
0.26816935969666256
0.46497771609092375
0.5558773294556324
0.6019118842478997
0.19764485369741103
0.6415053500366521
0.7356696946712376
0.6262599007591446
0.3805326465561115
0.9619059580445474
0.3105332852847773
0.4839404023166619
0.9580176586486963
0.780299403188735
0.9596184327321786
0.35003607088620514
0.04642148143264224
0.06805214282422745
0.13780449189799815
0.7203346958753666
0.6798505644300016
0.04235745764397969
0.985613355859941
0.4197070569353091
0.24144530077897908
0.46695074180967566
0.8774787887714902
0.2539478047635224
0.8712151465247213
0.4343366477523719
0.5508463408361848
0.9996056066402078
0.24459687674703523
0.5313248231596018
0.7695625993653913
0.7198323216223728
0.7092090150048772
0.35772163646045874
0.4793381825851477
0.3648721399948268
0.8926075197698149
0.6015398052435328
0.22225290121481478
0.16788967488689988
0.008443600931309025
0.49485871477567955
0.3037204638908533
0.08448916525944306
0.23340152279440085
0.7971446494683221
0.8861748838850321
0.7783849771385196
0.8923993483223637
0.8365935777059037
0.6417778561586707
0.32881156752336116
0.1408566815934429
0.45007626358798936
0.039209478789755114
0.3229210865499622
0.1808928937174582
0.33550157240836664
0.9165598429689213
0.3890844304376746
0.20069345591061893
0.7453778549386448
0.3417607618492088
0.7047429011257653
0.1898228847637059
0.13530884445388514
0.6141092049754237
0.5958697402147027
0.39898881614912673
0.03500941302300409
0.9040944045536263
0.7453847219816095
0.6703047605841863
0.989409914766516
0.19204485655500714
0.14984782411059427
0.13474486699897226
0.3448141357537451
0.6096815561941216
0.001144518312736098
0.5432106386461488
0.48262920492074046
0.8152313023910654
0.06696911176636755
0.8859727753044667
0.5063736530496764
0.6572309904327903
0.08960260460448677
0.4468277785854864
0.7795053890208798
0.27832428730780234
0.17935261164184146
0.9314025943246926
0.5313539424329413
0.736857497977067
0.9772066864683955
0.5134059846145151
0.2876987556443408
0.3754164979560727
0.878687546538353
0.4677095510931536
0.9080367295723115
0.38433227226216593
0.9343240383860874
0.9994197401578491
0.7509936673322449
0.5261133435462685
0.5373889754823367
0.31299531617118437
0.1202521644673018
0.44472206028854766
0.4649171086621764
0.8114514728562403
0.9568259840732529
0.5925348791121371
0.4157209697730818
0.3136792481778321
0.02237586737285735
0.41008272256631473
0.1441482644993689
0.5511389091451667
0.012925281619648787
0.1134612021035839
0.2253240340036159
0.10449068254614668
0.8011200691861061
0.9712513503476674
0.34753273798803674
0.14955614016007224
0.31640384603624716
0.38186065981621875
0.11167143964321158
0.37604735635414144
0.06503868914591537
0.8805920142724959
0.553124844621796
0.7724332074005356
0.37147062319659485
0.3586124010718066
0.2514909172603079
0.6914407608455575
0.4038759020239451
0.7705500782960469
0.46845444035106076
0.03157521040317324
0.7582498886981323
0.4071100527126281
0.5755248574981554
0.2518325740958861
0.7103346358835005
0.9414564936785935
0.3192066880789639
0.9162692096915347
0.9557119083677456
0.9494618763304032
0.3263499121307424
0.2969387928111017
0.4824744509123359
0.3289468148614433
0.1658118732829128
0.6146104503083315
0.7610968490114534
0.9833814959572176
0.9476113392447844
0.04710292977785513
0.3600152401336305
0.1614131718213615
0.42039688110584017
0.3377840292952602
0.3392404282818823
0.4719066429476868
0.2561216998881557
0.8005484918881678
0.9931700969414715
0.3385568368989009
0.7110317539319185
0.2146355311967164
0.9955486012992021
0.3635339578387611
0.12639472958824338
0.25856330018505713
0.857327104585833
0.2722288531067901
0.6943005624649161
0.9185087833774536
0.38327052795670746
0.6584718321243247
0.8174773900709538
0.7949763595196315
0.9417566874481538
0.42115802739539965
0.3078742829076312
0.20716923650079344
0.547784300249317
0.7159719183732581
0.8833436857407618
0.41824515761505976
0.1441259378605506
0.8542720627515319
0.8122612370703138
0.4326452762149451
0.9396235518602912
0.8807833007606973
0.09614263717315585
0.6705558373695848
0.24479237284069255
0.46422280251928094
0.24363680747216931
0.18263305550725129
0.5633564469120806
0.3726316774917273
0.42882147104689516
0.7668355916668066
0.8174251336419419
0.5846351362983367
0.953267862308893
0.8668201169764819
0.19317412935586376
0.37518065785760124
0.7588722378567074
0.43222885604506833
0.3390531828799175
0.03977842342389504
0.04179236876461767
0.6275166185892724
0.33068413270016206
0.3274576803871718
0.6027024837328994
0.557043327584598
0.5755425481580371
0.04600932682913195
0.12247818409972855
0.6834527886032417
0.6344631317835487
0.024541106827289716
0.8556282636180257
0.48294020251112746
0.9008186757836634
0.931620545920506
0.020233104902190213
0.27071276733475913
0.4300292898722943
0.8416075578051833
0.6405359814885915
0.6714799727203785
0.17963542679350797
0.5188672518930405
0.2959929580837115
0.9144894000017507
0.5223865152894327
0.062201918584822824
0.2055817709550165
0.057883083272735614
0.4097516218998065
0.1727793762142863
0.27989415739550116
0.04300895363421087
0.7295075543173599
0.2761090070305616
0.8135703177152619
0.30283078373949923
0.6189996270565941
0.08416581785471533
0.9000083894823427
0.11579818282756604
0.1336845983269319
0.12636427364589253
0.466041538852919
0.3224443461625347
0.8259000603805022
0.615627588206973
0.27922618608270733
0.8610530961128039
0.39221339264694033
0.28843635092322395
0.4088440545177551
0.304920883382665
0.21768436920667067
0.9294389516938212
0.010965487159096732
0.8783470893478087
0.43282310052701634
0.1864512187182893
0.8679709532997433
0.8850680284168705
0.36178386265690265
0.3528162648642117
0.020181896906353525
0.9677473818500542
0.4701942382888583
0.49059800645564366
0.37277451845989307
0.18042528129047697
0.7133014297122522
0.8832460318800694
0.8477046005788337
0.6329418657510489
0.9331109361488479
0.7075441585363978
0.6905326823276686
0.12043885783159303
0.3490564900423828
0.35560144458219434
0.725710877559315
0.1195901081435391
0.5763111330235982
0.42298562961600905
0.9249754482952174
0.8419105080248046
0.24516727653771342
0.2459861191590511
0.2702521805853193
0.9504451821827602
0.2683853491539161
0.998575132907013
0.10061436453600103
0.5765088064724257
0.8287870875366135
0.4078533850547196
0.25561754230300726
0.6649760696695336
0.3566710416591251
0.24389556899848475
0.5271055674485872
0.8991406780300273
0.3331340156493301
0.6390399280766318
0.2467838193359101
0.6788122854381592
0.17613338753397978
0.05387744861464483
0.28547788252391604
0.8896540557864905
0.2336777377628737
0.060836772349260326
0.026130570326460933
0.8750170983395065
0.3890733076032614
0.8819975983345184
0.6379068645741189
0.6163260685539595
0.5936399497229459
0.11374745643207096
0.616121709278073
0.1572618866136789
0.21667751655692524
0.9080718189005399
0.7435276311047246
0.1693584383689707
0.2012889442616973
0.2798420261455844
0.3127251850033881
0.7249063761418163
0.761161816872313
0.802126568013386
0.976321658668579
0.6636287746700557
0.39669233765129475
0.5809724547096496
0.7349181369650531
0.4082379493782007
0.9091126700079248
0.4043568003780429
0.4686156987437269
0.8285047694111676
0.461836983656437
0.08293582996489812
0.7367096029276543
0.024214048044389425
0.6254226611365307
0.8919390044363432
0.33194748109472205
0.9802366371314002
0.14805290924438685
0.783660928944486
0.31399441822520535
0.8000966824609025
0.09664487361951668
0.48576502516967457
0.05082633019153948
0.827342185868127
0.5983498177090034
0.38539990416472725
0.8264007964230582
0.7675498494920887
0.9861628682097464
0.003195182120574791
0.6871726845205783
0.06411753060317438
0.6383443162271891
0.09535817490798659
0.2031047365447637
0.0731314412324281
0.5786391006853485
0.1400510857864885
0.9172872181503967
0.3747552348194533
0.39598808497312243
0.20103860368525417
0.3192955124372583
0.4062087159838278
0.6871509856186063
0.7010017441934077
0.12701485222011466
0.31209176057583254
0.6588393912916218
0.4058376616658109
0.4625299252434185
0.6189815907556778
0.096415000563282
0.44424692765179574
0.056620281809799944
0.7885014658596105
0.10649453019043631
0.6185566049476985
0.5313899846012375
0.24493676467417658
0.149440863782779
0.7572072921810918
0.2785082863134283
0.5052479653494726
0.7249595192684791
0.6022850127368548
0.5522922090264915
0.07264335926872978
0.46453135672930046
0.8819467211748401
0.07528344068311466
0.125648038056845
0.4758339808954841
0.7709398686106606
0.9250669873627486
0.43583244337039195
0.9888960092446054
0.16922249872134432
0.15196646408737702
0.3604789740943841
0.667943470550372
0.4804412659594315
0.0017204442583229618
0.967408372837091
0.5722233430299712
0.6256175230837192
0.16367310463054674
0.5427661219464874
0.90974820386816
0.546853327015037
0.9461219380680643
0.21052948551073625
0.39601417804889016
0.34130494805722833
0.06332163879516728
0.966299122233372
0.7948363390053115
0.7997066046220449
0.18608899506843413
0.3197999910733611
0.4123812027675613
0.25343253391407805
0.785526838564165
0.521492727881274
0.6625241571306241
0.16164962914090197
0.3853719706734291
0.44408489946849783
0.7497601881254726
0.43708410626942495
0.8190965459999683
0.5987891575083554
0.19419798789320142
0.7785294846018269
0.8639181327581681
0.2752986819523492
0.8919086794439919
0.12951074095337667
0.8667422910311936
0.5367800588473305
0.3192562438930707
0.14866455927183997
