64 1 3
0
6
1
23
2
18
3
38
4
59
5
15
6
26
3
7
8
40
9
62
10
62
11
28
12
31
13
59
14
33
2
15
16
28
17
48
18
63
15
19
20
34
19
21
22
36
23
41
24
40
4
25
1
26
17
27
25
28
29
52
30
55
19
31
32
50
33
43
34
46
19
35
24
36
37
55
38
59
30
39
40
59
41
49
27
42
4
43
28
44
42
45
36
46
47
58
48
60
49
63
47
50
45
51
18
52
21
53
38
54
3
55
53
56
30
57
15
58
3
59
29
60
4
61
59
62
55
63
0.39633538771696586
0.2319204941058407
0.7609356386552335
0.7688212521187836
0.8292915536947657
0.33048828760652826
0.8783665006287054
0.9720314029023813
0.4098697320117468
0.19670237314563144
0.5394644230018877
0.7924800876552982
0.3462930369373368
0.11836204683957285
0.9437017455991366
0.49312830887027537
0.6372331233001162
0.6721218127217974
0.10835437777169343
0.6351464955948497
0.5631982232875085
0.30724207519745905
0.38522990090720666
0.40294391590333156
0.3141900694366633
0.3600594700826937
0.3394289012978223
0.29908283336422037
0.6656764953782248
0.23931141932396305
0.38707110828032987
0.6085336660237672
0.32429701652472254
0.948503030436439
0.25413349130607743
0.7124967621689137
0.5912660949905875
0.7452303385711887
0.22839020402794474
0.23624565217667326
0.05665713177952536
0.15553792503091302
0.5383312799671639
0.5229716167236315
0.1319528639641243
0.9219500867292314
0.7222189184815961
0.10652696578758247
0.8114770168904346
0.020172617840417573
0.8555062405311759
0.5274520881760371
0.15350462987727853
0.9048384981568482
0.3335280737005101
0.4573042912181319
0.28808669079214677
0.3625091939137577
0.2508182898210477
0.25879003221207664
0.5697852054458189
0.09343154044091473
0.8990536456725612
0.5807089083565046
0.8912521437796574
0.09205893766037954
0.24636931946870144
0.15421389457669432
0.8100031326979513
0.4201724781280721
0.1695877675204126
0.7527267658395826
0.009801741424723454
0.9591600214087824
0.09594599006573468
0.753279692815731
0.960598563529588
0.6603037841935422
0.478969099320686
0.0625423612956203
0.8402276699287335
0.8026316873660225
0.8864085405035659
0.8978290398045784
0.74239101292699
0.3614297228232931
0.1611177145119821
0.38113772146458147
0.5055068860705628
0.7356452085664308
0.8118748291802568
0.7609054647289965
0.19678815180884368
0.5297273084288638
0.19697310958268266
0.3273448319033504
0.8499475244434549
0.11092299832119779
0.22994333629104724
0.5027774638460822
0.4386974339553271
0.27675106717405495
0.1580055566170535
0.7977913691350721
0.8224003070939994
0.32072195568713513
0.2307469130755928
0.38941007951114404
0.923679009801962
0.6133203280323082
0.22763287442562907
0.28618951975203033
0.8316004587333304
0.14464416448564898
0.22633933547638418
0.23724947002047703
0.03460813256882467
0.4489662959710976
0.061846715725376256
0.5715367658869995
0.9234134704254643
0.817163145112837
0.1483112453074953
0.4451694845772576
0.657233116540641
0.7444781232210826
0.7125020649059457
0.7104673716124318
0.524810986462776
0.45790192392429574
0.6855216836393391
0.16851858045011836
0.10107164464459273
0.1153644670581414
0.1790100932438622
0.23187947399313158
0.3896274967796476
0.5603404386548435
0.6464225073009195
0.2930008746253334
0.5519977301563
0.5838175550822547
0.39701105633551004
0.47817781359434197
0.832430020289773
0.01843676757920265
0.16990592192267007
0.8558242312835362
0.45778742398888483
0.013735073910928208
0.059023425956267195
0.4060189934705999
0.9578143673877139
0.08594363819554507
0.3830646457646617
0.7841809065227924
0.6889441803669636
0.5612140631496013
0.7831560045256414
0.11090264321627186
0.3298847063528928
0.6615694820322072
0.7941655027514706
0.26271063139946516
0.006243109759521914
0.271889244195897
0.5972972247987776
0.607743386300907
0.29019451010234365
0.9106646211753294
0.21893549049683236
0.6100545986934475
0.8160785396143898
0.701705546464223
0.653057350485647
0.08085058204574891
0.4620396402261858
0.6895983500934012
0.7540118274354358
0.42302034193063676
0.6249427457039287
0.23979608047273882
0.6009631208074241
0.1938411116873069
0.10901377419896796
0.7323858649723366
0.16600484283642014
0.33124312699942127
0.7375673012124933
0.6281429119117573
0.24015514044078967
0.3016797741662606
0.7110948028813695
0.351183011528597
0.2688563512890897
0.08431008014161379
0.19116296991424608
0.3621247407876218
0.31334676011767526
0.07385509640339627
0.4603113530008376
0.7896415350124608
0.17539863246305532
0.6464860158494639
0.8217305377531153
0.9229605471857671
0.46024674709623115
0.049223845590805615
0.4867688767273053
0.3087935817493479
0.6185190325798107
0.42525064523245215
0.22462389609920097
0.062466275511964375
0.6637295377630236
0.2127338344426859
0.9405831495815186
0.9076051995089629
0.9122064292292972
0.9168577021210413
0.7006587871954557
0.23775377748715576
0.8281385755378571
0.4141773777622987
0.5020064026871476
0.18114407908864472
0.30676492833828617
0.09339425592819262
0.7112667958629483
0.3299113242792324
0.2448866376454779
0.10447297622727714
0.5702017670728838
0.4589171207930208
0.6890620341878262
0.6060392217740105
0.3824211380751068
0.8331485214538148
0.12547238034213914
0.23810775932032124
0.9343139153545124
0.9320046388787289
0.10551747136771039
0.27737039809937203
0.3933534145906722
0.43869547065643155
0.9576529107566528
0.15028038311717629
0.16894297687860593
0.9987230254713951
0.13749635271789995
0.05512101958056281
0.07007522256403409
0.26329694232805523
0.7886181642143308
0.14586622185232911
0.26866343636400725
0.9116162502720818
0.9623890071339721
0.27411605057148636
0.6248009193135444
0.2603514012660214
0.8235410838112962
0.19033463204265189
0.7334802401077867
0.043599226677252245
0.32031077467298363
0.5390874711148697
0.605065639163971
0.6633973810970156
0.7785094163088572
0.6921173065267934
0.8786464778634955
0.6111559026980287
0.0077718452841736285
0.44493491666171947
0.08540854900676242
0.4469944344228648
0.35874296359372626
0.4240364491365316
0.5882953573069116
0.9595901645152778
0.42694707806541843
0.9689948776889802
0.46813615180250234
0.6491511809460909
0.012799022103415547
0.3229451049053229
0.8653538748198417
0.09715398750192994
0.8101743287600751
0.7071519467257037
0.44996769876882026
0.06657842660398317
0.4687119415001887
0.9712937457224889
0.1889770426898454
0.31791941349319275
0.5402585599236845
0.29076400611026165
0.5467072053311499
0.49344441378385673
0.21289699051173339
0.7107719086802162
0.2300108224062689
0.691272514418095
0.050767104203908064
0.14691670866305162
0.4586675846497611
0.43144846663721326
0.3706061666954147
0.22736544473163822
0.6975870088686623
0.6098483226722182
0.6289814353910841
0.8362773806703754
0.5922617900209967
0.2371034193863757
0.8537329564531035
0.2303844906500545
0.44884397287623057
0.28115445800202143
0.2574770552698601
0.3510389053396391
0.9987814488910522
0.7818064578203568
0.8867276899388951
0.4521233097605727
0.5239486879664657
0.8424126126557786
0.7824215256569005
0.6511833422480175
0.20968508161025978
0.4980050477744561
0.5037284053297495
0.39086273049365405
0.6793702207511811
0.5087234715280687
0.00494308091550022
0.7592355822143882
0.8955821302988466
0.9319155540735405
0.4012333621412132
0.44210770513146125
0.4289048653930797
0.8691628465191299
0.25541803057574153
0.2369774782245362
0.008695996989433907
0.8744313066404062
0.3131416777311452
0.25641603789462897
0.7875025577936562
0.028164328690684415
0.6925538821194326
0.7837437651553141
0.5915833244729116
0.7353222226497533
0.8907072530210899
0.6058977987614409
0.36233272390086846
0.5380331987363154
0.6665034218184935
0.9203878493419205
0.034257190046828256
0.8618859338599388
0.46930809235002235
0.6211342696593468
0.3673457557024281
0.37768102847891727
0.5995420859571007
0.5408868315911852
0.940252364430709
0.22745250468438494
0.154445153286081
0.8672096557598092
0.7867309615136328
0.4899102289417814
0.45013886264380076
0.9963565265756604
0.8130698752966079
0.610556001373451
0.8842715397690973
0.9202155925160318
0.19014418584923642
0.9820902444897265
0.034465442215735775
0.47996280555485105
0.3369561274218895
0.9983535397053703
0.12169978693757988
0.13434187159764188
0.674488870078549
0.7394206771132661
0.36433491782054617
0.32760012512683523
0.980183171964798
0.5692086306683704
0.15709756227793792
0.796790451163933
0.8967243759100693
0.11980846682454405
0.9845724805319551
0.7587205239179903
0.5305255985064387
0.38447259896231456
0.8820610033773865
0.7580306038607567
0.47801825123733954
0.052934967305723
0.9119524763120644
0.18289536560788588
0.5942625863986217
0.48321276775035993
0.4838198773664846
0.3151547156707425
0.2188054955031844
0.9059575099291511
0.5691716844873311
0.4898737772237598
0.6520446077291374
0.8904713985067814
0.8861230256509538
0.9198541326843263
0.13378148406278434
0.8810803213771847
0.5155583872841857
0.9254109376563622
0.7952812608283507
0.981967230735084
0.800664424484053
0.05295475720210285
0.9811166924955389
0.8308146455610677
0.4895152085522263
0.3973767239996553
0.08320298844530594
0.9288529236119546
0.18189064865370885
0.09915053086157055
0.12717227227536476
0.3643954726437161
0.4451512860496257
0.818574116305153
0.14671697122646943
0.04351654878943645
0.12455364902339372
0.7380606162357869
0.8215850571500746
0.9498346018903063
0.14393033543775413
0.06402139331743428
0.07425930468250452
0.6595830596761119
0.7212114349022279
0.5489825520590162
0.7850616545151956
0.429624142167632
0.8053621137607904
0.09137254101285175
0.34770707991042815
0.14846519859192986
0.04947853541417091
0.5703629397048675
0.3046635576358451
0.2943943787142953
0.9365524450962142
0.7385726651111053
0.17462034992559605
0.3154300503273926
0.179296260826162
0.060716922370454895
0.9964157055884935
0.882153162392701
0.9934155896038189
0.8974204694255655
0.6337931301921514
0.2708078576169496
0.20710029001368313
0.647713559764567
0.7875113183867554
0.8943563262926995
0.5777378824572611
0.23067647374590083
0.8414760062460594
0.7044462343820931
0.26284555390401587
0.26684576246350067
0.7035073577839114
0.9164252895076823
0.11317698377100138
0.8211124800227397
0.7265029562072222
0.5151568921602334
0.12895930648271048
0.375516530860436
0.4239078342926361
0.45227059840985695
0.5123115749406593
0.03466417332459193
0.4369401615010189
0.5472085479972856
0.9462787097357378
0.9726773121428708
0.3426980484568777
0.11742599702553691
0.12340918353680397
0.5616998425699862
0.6202204866934734
0.19553386076329793
0.795447950603424
0.2943413190547559
0.8976077246575032
0.8129808569693079
0.8549928320297584
0.6072384706287776
0.939138169513338
0.7806647098975612
0.15138469837237256
0.9366161856187266
0.7517731841838957
0.9811258968479013
0.40050578482947474
0.9207561196110254
0.017569870222167605
0.2341303113204738
0.4027866066267156
0.46503331866824016
0.7875041453737415
0.9610621194378357
0.24600873245392518
0.16767896337668198
0.4536707738965402
0.4414857894408938
0.6466066274665454
0.44102776222406204
0.8239144137094089
0.767822186067213
0.22448973975274178
0.3716508028343166
0.8093177164576617
0.914660439409047
0.5788550099220219
0.8032656335983491
0.2627228326421922
0.12004705513915115
0.9391252670646235
0.8689522881852414
0.4742214836817249
0.5801386833424694
0.09356267972523324
0.8137442029572084
0.4124112471604211
0.08288835258715577
0.25576843057180454
0.7494975099507792
0.29428748185045595
0.3649623526631701
0.7607794304337403
0.8375743558449122
0.9430712620793915
0.8517205441026404
0.8537526652128904
0.029045268456260098
0.6395896471762156
0.8841636696321054
0.1477631947872312
0.3082650458051829
0.5432432140872422
0.33205745486483207
0.001829327399281766
0.8833969066759996
0.4419098194918937
0.8369283177132544
0.3652330947850573
0.9283028066233694
