64 1 3
0
4
1
19
2
25
1
3
4
49
5
43
6
47
7
17
8
28
1
9
10
35
11
45
12
46
0
13
14
51
15
57
16
35
17
56
4
18
19
33
1
20
5
21
5
22
23
35
24
27
25
28
26
31
27
40
28
59
27
29
30
58
19
31
22
32
0
33
12
34
35
59
22
36
37
48
38
58
27
39
22
40
18
41
5
42
33
43
44
53
7
45
43
46
47
56
7
48
23
49
46
50
9
51
52
63
22
53
26
54
12
55
38
56
48
57
47
58
26
59
45
60
32
61
7
62
7
63
0.8764455243463309
0.11027596356980718
0.5053330677421846
0.47461530658554696
0.5929852907507559
0.8080052157764109
0.4856384088791612
0.31974233411912534
0.40079248719308747
0.20141309228460624
0.06524847057881178
0.05557110766646989
0.9657722802314446
0.4895596636583007
0.747496937528299
0.6580764073445939
0.6070025070129849
0.6346489307412149
0.5870785546464087
0.38386813582578705
0.3211319615280148
0.9669601126599355
0.014123355206985155
0.18715416697919673
0.48779609303589266
0.7192476849064267
0.6403361469001619
0.5880174171375693
0.7256861797236511
0.5891766475945414
0.27125344963626197
0.01625687275359966
0.30022081653199506
0.2562048685715249
0.543783873139256
0.7849085213013866
0.1700364411831502
0.29854807586405774
0.39450329013069296
0.9322749760669498
0.6038378144342224
0.2087937782161261
0.8159065181102129
0.49694433733984533
0.5830549792522824
0.46031602201261923
0.8146298367039589
0.8281142715297666
0.3100981311907255
0.1248719872731835
0.03489762098895044
0.7714485135267017
0.8180956459734161
0.35681944473539895
0.6642508971547201
0.18157641550448267
0.7419566417707767
0.8449067263018131
0.34294860485205847
0.12415084925613451
0.22156112604965084
0.17396261298935956
0.34254851562490773
0.9137514788286049
0.49918412683862723
0.653691384496302
0.9648608160808468
0.13476700505324712
0.9149099407687711
0.10584986001281571
0.1482915167710167
0.08526211696903674
0.8836332982393349
0.6343229633575712
0.222879129418459
0.09061562431131409
0.8958813273629711
0.4309474423421935
0.9159430187471148
0.4309801707671975
0.3743814796706657
0.5156109831371601
0.7433817502386662
0.22078201194897873
0.029785016620378357
0.6512372778081776
0.6984174634479087
0.8837953173855684
0.5365637739933854
0.8807317132064187
0.9561598604906971
0.4528389314681851
0.5018675240655539
0.3529822109933941
0.2915096333707029
0.4979183456555325
0.011063772907898617
0.8197538006932774
0.15769134325029843
0.1829870551639805
0.36125064373908944
0.5149540617228118
0.5985147560319338
0.20094734692209903
0.46765090110618435
0.49815972572524725
0.43921891593194107
0.5695594746403639
0.11063495567044579
0.34504839984262303
0.3826006436523144
0.5770362785642374
0.16216621494551298
0.10895399233703196
0.11858486126566115
0.38309362010711867
0.6987241904887782
0.6524659416721561
0.7537103822048695
0.23469813666058892
0.4500640033139309
0.1929618914035367
0.8299701278653568
0.723588249168855
0.7819263898482377
0.8059546119391287
0.7502812878162604
0.6878983786939592
0.6054249795583025
0.17459833771722577
0.754444602264757
0.8878816198243671
0.7837629752764328
0.005441286652045352
0.49128341587137303
0.23299991449063817
0.7562441271605114
0.5453727854784832
0.7849547030804852
0.7498477273671427
0.9554509685707467
0.9914857091209051
0.37869654911595796
0.2572722041340816
0.3087324652900314
0.4422127347678837
0.11192929267965179
0.3574087458082561
0.9024355198202874
0.12899807119599271
0.45324550162442023
0.5389776457159935
0.0984645210263645
0.2998454382023741
0.5139030288656842
0.12774049357740103
0.6408811041815607
0.6853273324675582
0.1675724965384635
0.07784217339578381
0.9119696648230596
0.7897545418957769
0.8412049858189106
0.8597213487461325
0.1247484613063422
0.1979980995211541
0.9399931098775641
0.7397194781990853
0.868071002619771
0.9023485935189915
0.654541898336884
0.34197298587256963
0.38339231846861044
0.30466470647845756
0.9467335831999879
0.1262810951496781
0.7702696018463012
0.7043741474563175
0.8526208933456914
0.3303140685824474
0.019768253188941043
0.39319370050658753
0.6720889925581062
0.07884544144601202
0.8965468164115701
0.6559335162401113
0.6278389544625891
0.6404285951823638
0.9828989708721453
0.34602088352301663
0.49682219802962524
0.0715475595902747
0.31652645009015257
0.08127680135044413
0.40140107167498207
0.9225894640292479
0.2857953797646904
0.2675121212940361
0.7679324708185142
0.531593335018503
0.32301087298602305
0.04023610797957666
0.34266295285397874
0.7631179313670355
0.07103112087257912
0.30485362126856974
0.8873359581196614
0.9426107970468713
0.02772384102973713
0.6267970462830562
0.19055657527812453
0.07794961450970617
0.13511783113141762
0.8696917280164758
0.22891753863978404
0.9107113320348779
0.7507225783996847
0.26261869919672853
0.46542139885584843
0.35264051729809665
0.19230680061173533
0.399422889718112
0.8479247186330604
0.1835327338178483
0.36932358017024314
0.6235525121846711
0.1377399943874973
0.8882280336507435
0.04802898979676917
0.6409904882565944
0.3963083749838663
0.3968608906555521
0.1244351736134307
0.944243191548625
0.44779087492216274
0.6969590557484439
0.6055597464743527
0.8607965713169645
0.7314921896168697
0.048030768132134694
0.011700083857858812
0.9947893443395229
0.3087297557847888
0.3186422246098186
0.740860575802572
0.6762710862442557
0.9697831417024259
0.5731176833376997
0.44966150791264636
0.5383632560028268
0.5532406289087457
0.6047027630026298
0.058610424082709445
0.7231870728693721
0.4786359542585098
0.5523271323997995
0.5031948454874358
0.17484056826931438
0.9739495816993646
0.3001142542257105
0.661984927455455
0.43071297474767944
0.8244159565761953
0.3373517826257757
0.1435208165648577
0.81245699295859
0.21391951765101047
0.008629932414190744
0.1920635183424363
0.3153222901255972
0.8275143752016227
0.19802181067968594
0.06807036046924797
0.1323800293430849
0.6284912012074523
0.44910609977320215
0.1607865087012652
0.7460085764946202
0.5362347904777419
0.6570252197388533
0.5134465383912745
0.14631807176579203
0.4643326765097078
0.25728042177461563
0.09616811063226738
0.3866157489103176
0.8096777137476775
0.7398466903361084
0.5813827788469863
0.19102457715132248
0.8924402413529992
0.11917078378532042
0.6993568729620913
0.28163978192441375
0.2272903482938594
0.11851923325868363
0.9037223103965284
0.6466629290034812
0.5784919756567501
0.5489370356284814
0.14519932360495424
0.3993665002841915
0.27453524562278986
0.654874217535423
0.5809082562388286
0.8511254038882196
0.9154886170719808
0.7404356365489589
0.2382384091968116
0.51128606948776
0.07278379205004548
0.2419177411655925
0.2557497454831035
0.01705230171432237
0.4789173777666622
0.5347583427312768
0.15392232132575834
0.5971071651118355
0.0408724840341983
0.9454615773500112
0.04606916581587461
0.5707347631657663
0.531060512033739
0.09301251504964403
0.33276105565759284
0.3192163051065958
0.05243061975419927
0.4400817053719588
0.9925177976766532
0.5571258502382043
0.02501491008321055
0.8279080241348424
0.8745054049422235
0.6619896740850382
0.558049537805843
0.5341595290437972
0.5344202955152868
0.4480783941452653
0.010548231735657998
0.24598372092512322
0.5708196164231741
0.4979377036736853
0.11464716834702315
0.586230317816187
0.09310318729376554
0.3010757815192182
0.3046146443183311
0.16463575147190912
0.4838563851548433
0.027979605753848058
0.7062636308576737
0.24702592805540202
0.12191244866999917
0.7417504807255022
0.11766701119402811
0.8797810213244247
0.6230356672648643
0.4809158091408381
0.2802860479593162
0.06372746664857287
0.6941551488728662
0.7705052147547035
0.8343946873721392
0.038512893368012335
0.9840513451885502
0.5024237878894281
0.3914793173929437
0.15423762586121892
0.11273283649357924
0.8683139338110826
0.7584221151469985
0.06202629040058194
0.20070767824258462
0.9625602888077639
0.4196915722824087
0.009765057548523415
0.6609848511912503
0.25491122559056323
0.4606316873805798
0.3603818716249638
0.7686480141284848
0.9292597322993783
0.8495626088185727
0.9957770095097306
0.5530941587790044
0.4805101852424958
0.028281281157816585
0.6457854066490999
0.9771020774982198
0.7088060417442374
0.7426855876409671
0.004865689408829477
0.7235042519767445
0.7631459007711526
0.4355818841511716
0.7537927267712068
0.9126337523413872
0.6518491252276837
0.23063472167804833
0.7625853387522934
0.3498520601815853
0.18076295974035883
0.23719276917715393
0.1697346756386794
0.0470247044410641
0.5686043938853254
0.024501131021659628
0.8105803020251966
0.23171255446919015
0.017291706197167134
0.6744144721359341
0.3287053230654158
0.862562165087747
0.2869513402733602
0.6588852495164619
0.713621290507924
0.846253060978179
0.2632930236835289
0.1952030223703226
0.5140239742720308
0.5362926005643622
0.3638875479689686
0.7147632363590594
0.4599328489015224
0.49539822627267016
0.8261438562063247
0.8211222287024096
0.9037095804813883
0.2515491671473197
0.27651098240864214
0.8661154747519411
0.2744320864495966
0.7708812849295963
0.8117953586958556
0.99670398650849
0.7299596226236412
0.5370581904154469
0.9975068461485112
0.6647981801911566
0.1373760155048085
0.7904219944990092
0.5898720876442688
0.33666181757936775
0.23012770240856373
0.09058529510772617
0.5177282952004698
0.07493294335550937
0.4936512418420447
0.288443332101987
0.10677210148049587
0.23176088057580602
0.6355374608712513
0.7667465192624762
0.035351075195587556
0.12731953655131145
0.9845367004132919
0.5716892577895177
0.5841850324193306
0.6287293614946924
0.22969461921369783
0.14086351502935035
0.3260034582605408
0.18077573075334386
0.6884889280049094
0.4142868398783276
0.543033722900741
0.6058959750790673
0.317732129755399
0.26429166374176816
0.4890398593700347
0.6526969538095736
0.836392157499902
0.755783005822359
0.8767728058807056
0.4899036069489848
0.14734715802657672
0.4821414659716835
0.7684735595908058
0.19220964415071007
0.4245818634625079
0.0711492952081696
0.9639902266258322
0.6839387819217849
0.3917274615312737
0.9473236213170007
0.08008899681151749
0.8917657531916091
0.7331636613341352
0.4144668771423091
0.7041535376414978
0.2161087168807896
0.5946442866612704
0.4880619958987955
0.9021038735140593
0.08360938590555245
0.38190165867600545
0.17633191973042528
0.9294219744586699
0.5516809413492085
0.8891873004737532
0.7531650505814815
0.30485781731627604
0.07033579928548628
0.7808110597992178
0.516804883084398
0.4945214352773777
0.8882186283920234
0.25226344401224143
0.8635058123210153
0.3972043300125916
0.5830293263759664
0.2876884163879422
0.8844899875707272
0.6986255372671988
0.4237762041309292
0.22056342510092297
0.2923050852023532
0.2314648177067542
0.45882067121424175
0.380144343652946
0.23159865005501978
0.4372448814647235
0.6435496791979594
0.6811045000043734
0.4385025456291405
0.2976073148906583
0.08069307194754838
0.20720925705894666
0.8096169696554228
0.6297346019439993
0.44030000314290574
0.11583648698828841
0.45572601307291927
0.7642504329346578
0.17861690020235554
0.7639715227026097
0.6199331995405202
0.5904650190264403
0.42033549241580714
0.9745837289479446
0.058458601174385505
0.19210890892812105
0.5308281414371924
0.6034393895790793
0.278518087490888
0.39136951852986623
0.0036527707757534333
0.6431918795200108
0.2662672937398124
0.5829246422818981
0.5259954894312333
0.2775360397883444
0.8846047863970649
0.22704170261430523
0.718189913911276
0.24246005398755088
0.8472342560533925
0.4833971150107603
0.7552867309362845
0.41057672353938124
0.08994532888604345
0.7134147054064287
0.7582532887377965
0.763429410528858
0.3728703849780588
0.28662743682989733
0.1263298259657193
0.5292028077727773
0.4933246796170144
0.22356887857454388
0.36477904415344886
0.8296342410298558
0.01613879611483271
0.8579818804376814
0.7934409739611847
0.31064842121951863
