64 1 3
0
44
1
14
2
62
3
60
4
35
5
41
6
42
7
9
8
29
9
45
10
52
10
11
12
63
13
49
14
32
3
15
16
37
6
17
18
36
5
19
20
46
21
45
22
30
20
23
19
24
25
40
6
26
27
38
28
59
29
55
30
40
31
58
4
32
1
33
32
34
32
35
8
36
22
37
38
45
38
39
40
43
35
41
42
51
5
43
44
59
45
62
6
46
11
47
0
48
13
49
5
50
33
51
9
52
53
61
7
54
46
55
56
60
31
57
44
58
4
59
54
60
30
61
35
62
10
63
0.7506468326536564
0.6162474243023508
0.16610213218780912
0.10195806869651569
0.8409292156860826
0.07032763313833978
0.07303353707624372
0.45673744743183897
0.6822266069659548
0.9598668301659348
0.9353003637044502
0.9388185291589972
0.37527102942486834
0.7586460157160327
0.05135418096980504
0.7391992353093139
0.36688014710664774
0.6550487800230789
0.8873788201787731
0.5424065606835194
0.09998087253472043
0.5431140144887707
0.6558887702315687
0.46123450968680824
0.34949738097721783
0.04939514626799668
0.2399595304834682
0.4793286561618131
0.3160851884413861
0.5927927283505094
0.7980440237940414
0.7835766981547873
0.4460010930741919
0.1834751637225629
0.029060729901717375
0.04923709057059833
0.7713120107612067
0.9591764406332697
0.25970712409201313
0.946510215492014
0.8828509486904278
0.7702639291666492
0.5037896048255195
0.10863872477239533
0.08443814119100335
0.30161720091313204
0.7747622998070836
0.6200131392559367
0.3584490153949136
0.8971891427361566
0.25293183153058996
0.8428831261129786
0.9994196265843543
0.5786316377635038
0.6747541347435664
0.6486411754825466
0.7528236627509187
0.6707861277691306
0.998788685299262
0.3940730924643988
0.6682472349034054
0.6431681992144422
0.2801835137759263
0.10519229291468268
0.2736692903725324
0.6366633910284778
0.11180095527013567
0.620050959239328
0.8208507824157859
0.696813951468898
0.004076725100573997
0.02094172203403477
0.7877171690190987
0.9351080711934259
0.9866490495207997
0.1944123395042846
0.6603102779843776
0.31483197395767737
0.8511833295601772
0.14668471289918295
0.11499675825121358
0.9309617842715666
0.6990882688603935
0.5793785517999949
0.14847384278851405
0.23309130450613036
0.42973956148139414
0.4593936116129719
0.10632746494075862
0.2854367109727245
0.244280661872332
0.6508264277271644
0.5375174639048175
0.828802786615232
0.08400491792352138
0.7432343987296846
0.5924596499190453
0.43611723923427437
0.806344023375018
0.848679358137699
0.9124835682532089
0.9301327929117029
0.15383842931419323
0.5056994225420827
0.6247705263621498
0.11829521626415951
0.5012832960864848
0.5376927804346412
0.8906315821892646
0.9484783344266208
0.3128557439388254
0.7765641325598742
0.7046773997233425
0.39682972692732044
0.24293195891142538
0.9135752797836214
0.6661858617338547
0.06720645252654656
0.2655285530865912
0.8585837459004836
0.7977809023683099
0.7597512118610289
0.15508930683533384
0.1270661057946758
0.9535715099325116
0.1200871799604808
0.7068032995946811
0.887969170321229
0.4729661960444632
0.16919401142990398
0.9652786753435582
0.9634879641324297
0.022396347182842335
0.9713610872215684
0.8766339818827812
0.5194167852816864
0.32685514358120316
0.9524867072470967
0.2949188578320303
0.4646113545161188
0.10125011543662887
0.8193927322444657
0.8338345156623255
0.696364300469854
0.6826289908167861
0.7271757038935043
0.04412177788782823
0.6281853885157994
0.678469710489349
0.4805960736923707
0.5106829577315299
0.10404354140565608
0.9462051710521293
0.5393694669042275
0.07033027969787953
0.11823816879471216
0.23634284445573506
0.08620672333999857
0.08816683407166337
0.5842238256175212
0.9688927356859731
0.6352597927428457
0.6548124189687891
0.43883185083718357
0.24611386591744167
0.2391652154611954
0.45694217292217976
0.1304310177258251
0.23056870134398577
0.7462301278148743
0.032242579910838565
0.3609061681042056
0.4354085769201853
0.88831277493
0.8756978795297317
0.9960503600612648
0.945903173263424
0.07975215498789234
0.7434225531470096
0.8904841397071984
0.6121939408879119
0.8573510919517922
0.17612621027538333
0.9955608321375957
0.6535755124163688
0.955024624933436
0.16009240205713116
0.6818192369084702
0.6996056757237293
0.22572163506961918
0.7297197617052233
0.06788363967153932
0.9842454423250964
0.21308943830747062
0.3912544261227662
0.3008223581235622
0.25015125419447304
0.08088905273097968
0.9790348467717567
0.3355885751299492
0.29126972364128745
0.8430390297867646
0.9908245894926251
0.47245895496017
0.09234590831833145
0.5095590141812134
0.966140100259001
0.2181021826539612
0.9424490772769278
0.7917836727488698
0.4321423824283679
0.5974667209624824
0.036118238201227726
0.7481525489918276
0.7344019789975046
0.7621817222216841
0.854869622507885
0.9012973864792263
0.6603720980628103
0.9701944750536047
0.036189131915115635
0.6106538493791054
0.9891072772684778
0.8513323955470812
0.45683807369065577
0.9170346997963325
0.4160595172239143
0.6402301472603935
0.2853969943933442
0.5759058712432158
0.26544868280448863
0.7688035972959046
0.4540465271891966
0.7354805608064672
0.7996995132570132
0.7888328821126043
0.30697255214756636
0.025656531187601805
0.768073501356867
0.8059888101463647
0.06373866075855195
0.3060370726979472
0.09007107015523641
0.4315733708261179
0.46651592541514364
0.9813414808705349
0.7123923711645754
0.008458459346462055
0.4464221661992741
0.8329961366870509
0.6622580775933793
0.018113137744471874
0.7156078625350122
0.8773978206771929
0.5526980495813657
0.2970830244278597
0.20974040009723394
0.8093091605117005
0.5661926374791836
0.7464874325617268
0.5102119810888505
0.21181528153812834
0.7059875226388439
0.19515647241194933
0.08499733694079159
0.8074379463763053
0.24599593282577592
0.33144212792773065
0.3807180304047162
0.6407632739926246
0.07155660676858588
0.24880515608892317
0.2613407820243625
0.22079593436726597
0.08345282829202538
0.506646579882233
0.12228565247882417
0.9722752840943788
0.7336169300720545
0.9859223863618103
0.7003762471582838
0.8686431572831541
0.694717648385909
0.28545224564280813
0.6068924316261084
0.4709786866845125
0.5585238591062965
0.8267199420921557
0.8154815737035408
0.40155784799658034
0.8459732886998503
0.7644961264048096
0.0825396741658313
0.4182854784098532
0.9936834709654835
0.4214863869420413
0.12173135186818285
0.08299970448607086
0.9155738937578298
0.7720634318706889
0.2892378629354255
0.8778422200133041
0.026101245800016826
0.5880727803579439
0.01421065360743723
0.6252158580076493
0.2880864645518073
0.6436718089356835
0.3469529023136497
0.9519911593593525
0.038602165559996626
0.2499367716751083
0.8462624533367733
0.4653101961886551
0.33441589524554094
0.08577207178616175
0.6301803930381221
0.6444291373145374
0.39307465254999396
0.24981298257943707
0.1145592964657276
0.29803740161080294
0.6247263744738856
0.22344155888223904
0.8977668317483747
0.5313593487405556
0.5447262588692435
0.9569231603928249
0.39885485724180336
0.02202766722954408
0.5781439087789493
0.6471628278633463
0.9754885875785502
0.572701946251554
0.7137739406957335
0.5022393840078264
0.9705542982718011
0.9294902927922947
0.6055971577931973
0.42152026812805676
0.6210983923074112
0.6081254842419995
0.5981022863144719
0.17832205502404186
0.11617871850661132
0.4595556001855323
0.4581824632730864
0.9178869139626998
0.5059798015281092
0.2126145470369133
0.5456062766972682
0.6369097047137613
0.8872660026975191
0.5769007012175356
0.8051357469172048
0.33753096586189046
0.5583486630153516
0.8431922236243677
0.618140570592571
0.5562862036109207
0.7245739423146753
0.06620656340235442
0.22386301834654254
0.15744024756972963
0.10583158150095129
0.6846274737497356
0.7363276777180539
0.6437830782650545
0.7531596993009727
0.7650531924832945
0.40687430486799614
0.4264997891178023
0.127439767926238
0.2050384031752046
0.5421543395537282
0.5556773793847712
0.8764007405241274
0.6460270096310453
0.4070895660424526
0.7480878509352643
0.9864454297725187
0.6779554468654119
0.30114858387345567
0.9750253720422165
0.8860969870040678
0.8813036834785624
0.1728002969609358
0.8211978918626295
0.11495772498998102
0.15425593286271033
0.04613503309731293
0.26507393555310876
0.3968988635014108
0.29742065260134254
0.4373303133504396
0.34547354142283093
0.5932972682414177
0.43853245725517165
0.6833800038800453
0.4060425402508987
0.696751295072454
0.3085570458824578
0.8310328663922678
0.282707966629971
0.9062721147374803
0.735919746241174
0.3353635790372509
0.16105041318815383
0.06144987470713237
0.8872595288717843
0.2256347490947057
0.24103521566918007
0.554555944733891
0.5473224810723586
0.9803728837590607
0.5859974845170032
0.39906193782544497
0.9484294352814224
0.20853033735823445
0.9743921840235001
0.17507213261688592
0.7867104865256259
0.05479088364665641
0.11221866574181705
0.05259513705016006
0.1402538695857657
0.17086312179258945
0.6974042790503306
0.8958102899939406
0.7072660750156846
0.4302800878029719
0.026498261205486373
0.0626466584279628
0.03414541428864715
0.9281939313881548
0.9188625747561416
0.351609754716424
0.4107687863619527
0.259286848542743
0.3466121995501624
0.9347796866216801
0.41877628960161406
0.8446045543837933
0.3023928220413864
0.19968640286188377
0.2799507506382174
0.25430565737177036
0.03128161475203051
0.7360052224286666
0.7795329432797045
0.9536337148618996
0.6789779647057979
0.2876973994715437
0.5324215874915581
0.17427171119026552
0.36484366035426063
0.8284758010505553
0.8294602045274713
0.27943980171901794
0.6056469692845982
0.8513321389288426
0.591885543141979
0.22806924040237486
0.7439782166990534
0.9144206562382228
0.5142347013967971
0.6192402558592197
0.021567556725317738
0.9714692057799157
0.9705658215948456
0.3157644341935657
0.8453782239520534
0.3274330194384052
0.2786314879901609
0.5890043248226056
0.06908427643544934
0.9951393596901424
0.17738765226799313
0.46461104626483285
0.11348124833966378
0.8034663501707706
0.6114423562917543
0.37395339216582923
0.4242714458449226
0.11326520402550977
0.2734070328009941
0.7252483987497432
0.7516543572130809
0.48075050598761726
0.8787673657790545
0.11212389309529625
0.5431387419833149
0.802328866151949
0.9735396648933786
0.06449333609598651
0.8033505073063518
0.24903181629747095
0.6999755790962131
0.9890487285949613
0.4156499557414113
0.555562559571732
0.2071739408152442
0.0837479040265181
0.17388323953662932
0.5294797603566302
0.8391547168035571
0.9329543819605098
0.05034400674164641
0.8254972556568244
0.20332553757054628
0.5981270395866727
0.5629697613680664
0.19499830650861427
0.9395920353361392
0.25900022109581866
0.34186082221360237
0.24086871335016102
0.0324619146206796
0.7055023388170778
0.9048581056332707
0.8382885810887093
0.9965719434942647
0.12340582430931413
0.052418563650141525
0.6668272988763236
0.9332012118319271
0.8039140091655415
0.6931297705843736
0.7416855069447055
0.09087073530317835
0.2553267103952168
0.29060398942874965
0.9892669780920377
0.8070030079481552
0.021811400381089863
0.4848028414448906
0.39580304007999834
0.38441146904659085
0.02166761554877339
0.6678999488475065
0.8919292960686391
0.2029850823102608
0.5476740405613932
0.994738689616424
0.3547336360525254
0.6258788146130336
0.909691466746082
0.03206923204799961
0.721385646373232
0.8029415451028598
0.7990853978072989
0.4154579834064357
0.07105663639792548
0.9245220332440152
0.6980904177650106
0.8774267422954921
0.7049116017536121
0.6251905355270159
0.028957234095684403
0.9990605878734218
0.7413750541129226
0.6735263672929774
0.349578590447167
0.6010203352328555
0.29243603013974473
0.7345436987956044
0.6741287805297205
0.26073107388430006
0.1657335963279014
0.5754732102677788
0.9276128691148693
0.9240641471376027
0.5367747539264832
0.07024044153967912
0.08108647176676131
0.06850126099700793
