64 1 3
0
22
1
17
2
5
3
42
4
56
5
20
6
11
7
9
8
51
9
58
8
10
11
52
12
22
13
39
14
47
15
59
16
48
6
17
18
49
19
63
20
26
6
21
22
58
23
52
24
37
22
25
26
32
27
41
28
35
22
29
30
41
31
39
21
32
1
33
34
44
3
35
5
36
19
37
38
60
39
48
34
40
0
41
36
42
15
43
44
49
33
45
46
58
33
47
4
48
49
62
50
56
24
51
52
59
53
54
7
54
15
55
3
56
15
57
9
58
57
59
16
60
37
61
60
62
25
63
0.42865807766450836
0.3637727203437102
0.6942299306989118
0.811617379349229
0.8489842627704998
0.573670394823157
0.8585223667882501
0.053586545589195844
0.8176758222089064
0.7157442929040219
0.5443352324777672
0.7061414155643957
0.6173173961341877
0.6577375054894132
0.8087791345578935
0.05718334220623533
0.8289720030945142
0.5794921899785789
0.9732790265028146
0.4423826307742149
0.9843961156335846
0.9704328441769209
0.8483638400892075
0.8257479528481337
0.793159330257533
0.2403537310666436
0.833464157828824
0.17523772513919134
0.3327008169891249
0.8949499709194054
0.18902416430254132
0.07024174494667945
0.5035611084821967
0.9440564580564723
0.511234528355968
0.20926099184338276
0.9904468589582599
0.10856733911820637
0.35536843506855975
0.7276719628740874
0.4049813863574484
0.9124817730127383
0.775298897022035
0.8634476896960742
0.2118385663540775
0.8379594845873178
0.32929291193590227
0.6676494950573842
0.19788737694232583
0.3383806987389715
0.1278259177725698
0.29250628356971364
0.951336242781464
0.3579536195921049
0.07347695116534747
0.075153660960812
0.44303363607746293
0.9104392878738362
0.8041466154764059
0.05948357713886088
0.9574695737336073
0.35514580481823155
0.150684365552597
0.705970046842292
0.974695436385383
0.6872257386396158
0.34415697536061474
0.11811556749340091
0.0967587199416019
0.16086332051829555
0.9516542354982426
0.23701781052428894
0.0459054656419452
0.3906558938926301
0.46525371672824567
0.6123257453610593
0.011257970285883379
0.5163747130491705
0.6752922626130756
0.7917688674473965
0.40325418736455265
0.6550242080212477
0.34274407062230483
0.8098268115086755
0.8766330641955102
0.16337587317126656
0.6958778840663535
0.8214240919269128
0.4475343998734198
0.2122093841189424
0.26441929450111534
0.30867685417347535
0.36021712812730333
0.017054213257116757
0.07123292803531267
0.6438746645853609
0.1701839237838927
0.7910664819085207
0.5456049103422445
0.999545013538175
0.7237607683354809
0.32329429270083176
0.9741483627864326
0.9685613327181605
0.5475637180162626
0.9009744946270118
0.5555513546035886
0.593973528261701
0.034799049460583875
0.6715493066601755
0.053698394878719635
0.5110229439095991
0.09266859723340992
0.5069903808033952
0.9656281014068584
0.8481467047410046
0.33158581055736236
0.3271373755911011
0.16996634115836184
0.1035212679087123
0.6212358692450497
0.39165638240336764
0.02209091315068512
0.2972910735204194
0.856970984917094
0.5017928977152409
0.6032919718258064
0.11112913317283468
0.0647732279955674
0.21866628219213646
0.9908538842281281
0.3621782801591322
0.895875179244916
0.9915540181369457
0.5603653246515042
0.35228325316302744
0.2708563492257471
0.6235641036122856
0.5742567612749735
0.2853460441362837
0.40074353015680786
0.7867557296692098
0.049213675824713254
0.9321550966374155
0.406361446258781
0.05309980121273428
0.7850792478685558
0.8177892117879443
0.03029870276614044
0.7306974325221306
0.8913801275953064
0.813966191042821
0.9285858864865283
0.17303783994606925
0.6562583181152837
0.16674883155351772
0.7668379330989881
0.987027246012428
0.1363823410039735
0.36831340337581475
0.9865044256978215
0.3514970599050581
0.7345033693856731
0.4369436952227026
0.2841347862783534
0.018470929724367813
0.0621282533949048
0.5165950448040092
0.14966820956677374
0.07001876295866738
0.902865171121343
0.012207825193310318
0.6556056815191902
0.35636203124297994
0.878981328133644
0.06797874118375513
0.13686150169511002
0.4449030884584727
0.1460424681588367
0.05152667732546712
0.6709174547966562
0.9905010064593017
0.7169881335489742
0.6179835158727864
0.6305895029931153
0.8967863909304343
0.37471328472552035
0.6375888122926833
0.45982560661032423
0.2120637337789114
0.8635536074223492
0.14726067427488565
0.687769746367603
0.37737778500172103
0.18081622789710428
0.9297995366162602
0.9380049267476951
0.31998390672649646
0.8661811295016373
0.9421333967359622
0.05296625633759944
0.2991607471794572
0.3092535494119446
0.39347058804282986
0.31632244536781207
0.3274474496341876
0.14374173166862292
0.06883748635834108
0.17818678626231643
0.3917024501281672
0.004954044840476235
0.746425237156137
0.7352539696611632
0.5421657115356543
0.7811473083281135
0.3112215300689747
0.41040853865245297
0.4153927546350342
0.10289010446183089
0.6419137728718366
0.20679683385816638
0.6787296826931735
0.8914640490289855
0.5375873108888718
0.41966723930621264
0.7658197100924542
0.656692876937667
0.9873722455559758
0.25428383519317554
0.6744603073271764
0.22658502261911828
0.44015172624889987
0.9301826045544135
0.06429580239027854
0.4597260005166882
0.9029721943900745
0.3236184324963346
0.6380463001421669
0.48839330994232066
0.4164230115697214
0.19165998333677325
0.776974386018102
0.7588599777174527
0.2767549971219183
0.9291418138722409
0.009498947350050302
0.27974047050669537
0.8037375929610086
0.3484926356596185
0.5087511917845575
0.24975356694909145
0.7986996248621078
0.15269324531135509
0.22723526541119154
0.19633632058954853
0.23531535603458897
0.18938771346757233
0.20225920184158874
0.6493551194293591
0.17374167793493156
0.21351410104773882
0.8697389430531169
0.672213281104593
0.8611439146637534
0.966037763026215
0.7558698107935199
0.9070088644379695
0.3896122526585548
0.5970841774422064
0.593801105856759
0.13589976386329072
0.32098229835917413
0.3917195922457515
0.8853932362388038
0.30998016402547035
0.4977092993866996
0.5450300605490616
0.6395769604789374
0.4364577810414423
0.641121245523752
0.8020315683674402
0.540863901102369
0.7577237791653793
0.3625957509768395
0.904487473466695
0.20396621322641995
0.3011089411633958
0.5847690840913196
0.9486392176080399
0.02150088887699464
0.6795088575047108
0.036327009388136045
0.22000821523901692
0.45623264467102365
0.8035071964627268
0.45608515719954834
0.22188014302526615
0.15682621210458758
0.6628714651571366
0.4535706177004529
0.990473990408723
0.6014566450549965
0.09143546995921759
0.5399889423968691
0.8984923725056684
0.13824271275288502
0.8913379438572954
0.5070758698315398
0.8413945027540795
0.6495966498820644
0.9029364513067057
0.9266418423053523
0.913616976224318
0.23166194688894903
0.87164219608305
0.8677357971788218
0.2443972199806027
0.9292352454520283
0.6072168838848778
0.034853729766491925
0.7782605562362999
0.3904300663403315
0.9988373919895898
0.5992291814510511
0.48737958633709777
0.14199569767290132
0.7356318885252748
0.4193755341953461
0.02675539264575366
0.8343383656833361
0.9422376260086279
0.7354199927277271
0.05268961864007349
0.31402744553241946
0.4961900968584696
0.6699878016768995
0.08826310003142979
0.44854168713121123
0.320157814027883
0.3843329999239806
0.6147157660163618
0.042379909165402574
0.23652726125059098
0.1447828826797326
0.7133257069847163
0.8448289140318175
0.23584785890411297
0.19742015614130926
0.046467260485414275
0.6464002005084636
0.8813178782197139
0.17328161913760198
0.9669173099924466
0.462742031804559
0.007883575326595671
0.2594739813103496
0.778339604742068
0.5343263082011585
0.42957562425402673
0.8500195137659167
0.15820470675228582
0.6759899537951248
0.9500127904592344
0.11619746665395603
0.1655420821398652
0.05513470501142648
0.33005092827506044
0.6522909531443702
0.05088490683039715
0.9092967215291843
0.033262166784065905
0.9844367664109628
0.5473578025842601
0.8122597020593426
0.6201278798504343
0.8941137711053379
0.09347857744643895
0.6037577882426491
0.6215470179680485
0.3821373978211774
0.4962025974507537
0.49715135129455645
0.15228284990845065
0.5518421558602118
0.9149549619552336
0.878814295063351
0.23183113590296378
0.7461740811402994
0.13204758897846292
0.35952470031975226
0.8110391116810891
0.2341016436236376
0.5181601543087282
0.21385087799053548
0.42894395850442224
0.9335793614333633
0.4882922515225715
0.2853033748271201
0.631058357162539
0.1952719351738209
0.5132962295382306
0.5698796424517387
0.13243655115878672
0.7046497149551926
0.04797593925740784
0.4041017702673869
0.20849264528250688
0.05848294910370044
0.4227072692590962
0.5275608870908403
0.24421432222325312
0.8765636679488914
0.00598500006242908
0.8768782344972126
0.2205038234457154
0.04995641592224109
0.492015192196271
0.5604189231405916
0.5469152059241232
0.1489086334005969
0.816814128920179
0.01974987227187741
0.10667727012226469
0.6082627005042656
0.3809747160699072
0.372225589756656
0.17859362413719315
0.33017652993959035
0.637184212677651
0.763024456138912
0.8045830449410135
0.9294825191757122
0.3985814265725952
0.7031163680791302
0.6151247029628685
0.4213561995142773
0.9348113487605315
0.3897538580401583
0.1182420165191368
0.6700060874387201
0.8075566494644788
0.3720173703949279
0.4560508678939389
0.05610765592472711
0.43984383956889306
0.589062583835699
0.24426644220612936
0.6884796117951832
0.30533650418696645
0.9149755240884601
0.026671536188189626
0.3539077392276715
0.5601463372570943
0.5138348981209159
0.5971315804910095
0.2705770025599914
0.2130892054203668
0.22161140781729427
0.5096386853499258
0.3817914690918912
0.7629041681612644
0.7045757912628448
0.9090239651829531
0.6825400870676398
0.5130471020806299
0.3737221653693653
0.013066055404594379
0.16900603127040614
0.8260475283056973
0.4960173339288314
0.4383140223706089
0.032511984543773687
0.5831935310622363
0.27769249474349733
0.0824183260861685
0.4914115127310329
0.6361979465622379
0.3275514396546272
0.26919642576386427
0.432107272117763
0.34304193283345286
0.8692507898426938
0.6258801281694641
0.20809139994957415
0.5602460228737886
0.9332049356605673
0.04626012253446299
0.8206672541750045
0.9236050069618171
0.2671498517574411
0.7366541774483585
0.6863965756056291
0.9433166691468141
0.011406254254122339
0.30716317899893564
0.33501760530453517
0.6957221052466612
0.22732955831979162
0.62863607727219
0.11354994794594919
0.47200043304553474
0.11467704469673679
0.3782312461539069
0.45278367307842693
0.6947969837918485
0.7643789978504872
0.39228950364482973
0.8671515936996443
0.691527309439972
0.006803123885631757
0.06426358425463763
0.07713772452876111
0.05337311657376309
0.7072546265382487
0.7329590304604202
0.7844144941589279
0.37022876330332877
0.20657596185322824
0.10423568341007095
0.13066680059377644
0.336065792394056
0.7147840423407252
0.41299210695161404
0.8791879767244745
0.0270841064499987
0.35439274463068915
0.9472949103094308
0.22394703611803057
0.16926864409378872
0.8903808822814082
0.7918622260913513
0.4221110771095685
0.0825841073839284
0.34503790451260397
0.07826657588876629
0.6262769544772981
0.839367104746822
0.6474473498810586
0.5916818369914585
0.24742557076750005
0.6466644870471736
0.8482146438091674
0.7781654151814608
0.16895130609548303
0.1771540469339542
0.15865404733452337
0.12938605994423247
0.05752495758335918
0.19667972288133995
0.7012256795824547
0.13602112979577152
0.5354129623043972
0.2230900131339122
0.706073406601793
0.13622229746794412
0.0878031343491178
0.43929568138574515
0.20253447590246032
0.14699173943863675
0.7687382970967567
0.7390352303561284
0.026429479090559482
0.8468805474563783
0.3806863623063529
0.6245489410454218
0.9416670262366476
0.42895417468236174
0.5516326178921669
0.952598971654594
0.6092381144528877
0.30843320425569654
0.29640219054208494
0.5875358210535228
0.013595660233226448
0.8793015872808293
0.9444684367601387
