64 1 3
0
53
1
45
2
5
3
29
4
11
5
59
6
63
7
41
8
62
9
21
10
26
11
44
12
41
13
52
14
26
15
58
12
16
4
17
18
28
3
19
10
20
21
47
22
57
13
23
24
56
25
30
5
26
27
52
28
54
16
29
30
48
13
31
26
32
33
47
22
34
19
35
19
36
1
37
38
53
39
59
20
40
41
56
42
58
38
43
36
44
45
56
8
46
18
47
24
48
49
53
25
50
6
51
16
52
16
53
8
54
48
55
55
56
54
57
45
58
31
59
50
60
31
61
27
62
43
63
0.3656001689129198
0.9013812216682436
0.737864222284214
0.18060797266385176
0.574930871223682
0.07465362631782024
0.9293732974041611
0.8604862773584461
0.42171360597203433
0.8872341209564061
0.9024630270888389
0.8300687940458593
0.17764555073396016
0.7363533860111509
0.6536995401534303
0.5041654299152589
0.48014241527987445
0.6802850158479633
0.7297059490467461
0.08834953384389266
0.148385331804617
0.2887785530727407
0.04579606226248645
0.015963759977159042
0.21722296763872806
0.9504085619762198
0.6729722373268046
0.516489115136277
0.5315674912995867
0.7187764046382167
0.7323786335731919
0.2657631112670731
0.20969249714071803
0.9916976748272299
0.7918112315804827
0.46824342799648466
0.7755488202527387
0.9026272311856156
0.2339899833650636
0.4321119118680685
0.2512115031186877
0.1496974056594914
0.7470123231068343
0.6745697477340431
0.5175461849722167
0.05340120796290815
0.9360937875070818
0.1552234262877068
0.05440447242778912
0.4009523192591703
0.23864433473706148
0.38737122260086365
0.4732732909232482
0.2946802897855608
0.4085160677129268
0.5476926434781672
0.8801151967976214
0.5030218015175959
0.21172947613612714
0.9369601392576977
0.7315183573100839
0.3938740953716322
0.437781963338703
0.7293704716063268
0.35479151333749337
0.7996176843960049
0.7198573387518533
0.12489408538776037
0.7508357013202144
0.8990916000612211
0.9248851906842941
0.9411850093570997
0.35180778190446527
0.5958595438513596
0.300866541249599
0.8670199674591509
0.59489091360176
0.46949039165768214
0.5922894323561834
0.0010539222690058025
0.9663290063711295
0.32055398073317365
0.044610402970230334
0.4346137012240281
0.6147153037245765
0.43725347352581323
0.04924415440563956
0.5309287214948708
0.5430364931427394
0.439123994948701
0.04000676321758989
0.5109886172390331
0.0167190952257239
0.6798610177270927
0.5004773785314528
0.9496635894568233
0.3766411621927035
0.07712501977156849
0.6861825630558666
0.8311290413123702
0.977124272872636
0.9242295975582259
0.01118474158244509
0.3027245791004667
0.8078059211840246
0.08935198519064402
0.02778884713288543
0.44102624327129214
0.3948591803460366
0.5893324252812273
0.6011892318073144
0.8181982476899117
0.9126705664351249
0.5236975428194044
0.6820007406295755
0.08299420244988265
0.29572524776251874
0.5308878799578722
0.7713390697352136
0.05628358775959186
0.5843596163469934
0.611833142834085
0.37191386851035646
0.9967241694456913
0.3789893929586303
0.5275334820402912
0.7679444040462072
0.025408651445861574
0.27007583261189305
0.08648329622812112
0.17172322383177663
0.7248706591597885
0.44436251285263684
0.8398794917820265
0.17933193261957503
0.3387740205633172
0.9261714453361815
0.7565156876691029
0.15579563741517255
0.5655702493252114
0.884983188447983
0.17828516353642376
0.9544849979047753
0.06940300894934848
0.8781775751221832
0.8069379501283852
0.31675627084269276
0.07357980887408444
0.2545315536776347
0.8045652320026372
0.9061634114291184
0.23041811628311704
0.9011908293639092
0.25130879874913037
0.3867773007681423
0.7370891260964063
0.3385167333067661
0.9709861334051085
0.9810310459223678
0.9781912231609204
0.45226378070543494
0.5968760284818923
0.31429095565734655
0.2959113669554768
0.9684295432185196
0.7270401651148698
0.27728021701640826
0.36286557778731365
0.344257255111987
0.3769680558287607
0.9065948342995853
0.38523535399443887
0.5381170405538179
0.34493837618663004
0.3276664573559439
0.727248527115331
0.45821457984605996
0.6413793889241396
0.994436875031671
0.6450460184854601
0.3584628951597977
0.49634550452705517
0.6877474054084196
0.46814373169535395
0.8856307892714501
0.45675895038843173
0.1239339751452414
0.21647333430295557
0.24107901078670102
0.48294162487592573
0.6770448752460789
0.035326084722397844
0.6364888512988912
0.3484061268355989
0.3730333019489013
0.9059019626554126
0.8182232840289003
0.6091067490736762
0.24222085685448236
0.809601371015958
0.6774214880679843
0.8820283768622031
0.08402544551926927
0.027230160867828368
0.9799532665947229
0.1831509496124153
0.36848234599404206
0.2030659923200785
0.576857733970232
0.28055022058653145
0.37076586412817947
0.4792800025868542
0.2397226382582892
0.5566636337084667
0.6819617013446359
0.9415533115352338
0.4030342494942244
0.21357756185192933
0.06349731038362183
0.2986925750894459
0.6460859563599741
0.19387989970229413
0.06541845867727103
0.6454912281755993
0.1526642908796143
0.7762453523764128
0.004819922995249137
0.37164784695393693
0.85527974068908
0.30717538586936244
0.4143459588086782
0.71952031200388
0.899129911399075
0.32632651146077185
0.6890197474487733
0.05544750513620966
0.6361663137740827
0.2973614028540521
0.1800915481425891
0.48983633195527587
0.4149476405711717
0.27189415667775385
0.3900306759310036
0.40418183480751024
0.5476710781739177
0.9377786403316611
0.7770796182003158
0.8678668229598288
0.33819149996751807
0.06788751053961262
0.6488293535981335
0.42870751283663455
0.9746748534306262
0.3751277859460579
0.2213378373180832
0.12056099188989877
0.622081830826478
0.4464605432093762
0.941343347824459
0.5828934837758902
0.12366087350032673
0.4615559818817915
0.8609256686057357
0.6337954275898036
0.2676352164067879
0.5707259997335734
0.5245891912562692
0.010248241988873641
0.25236079842348635
0.713252465640612
0.11655791605727128
0.11934661719978057
0.29283951983319634
0.18175650011347944
0.040772646120924905
0.6543783957097928
0.1714781000468687
0.48896971254448385
0.9977434859132318
0.10459404339640488
0.9017970657949403
0.21757930235175527
0.3748545067996153
0.6672902174459021
0.5375052314941612
0.6962191726090587
0.4105207916993372
0.11639686701487939
0.7391851269256008
0.2713266525711021
0.8111101027542897
0.176518240572489
0.5909340490088102
0.9019370432747206
0.34745845361169114
0.637313561242627
0.23467847637318906
0.7100521492382029
0.10676285715364309
0.23370917468389552
0.5831759149693432
0.26211710117440934
0.9591854530498998
0.4046345045861176
0.1298019505937007
0.5821745747645803
0.8641994393805769
0.11364343719231829
0.3128116019551277
0.09175686937454941
0.5581558231492609
0.8306724221816827
0.721542275701822
0.7489302896921491
0.6635458495054793
0.40271323846714624
0.893975872390163
0.5643525648204579
0.16810251890359684
0.6743845318922512
0.47475128247419407
0.7759551018988102
0.896128705906097
0.25618947976611983
0.2078668760180833
0.2912926671474093
0.7192391314087474
0.2252947065974088
0.21289301455481058
0.5210710042828695
0.3670621048978838
0.534649082233164
0.1569442867599038
0.2996459709906232
0.8985050540748559
0.5589936320805147
0.4278693920433847
0.8028385983755503
0.47637182115687193
0.8020586632879748
0.3560947809651822
0.5946877466977649
0.7875501078174111
0.862834491335862
0.3417483102008132
0.7407681472793365
0.19665473912265874
0.2868816437807331
0.8543026519374146
0.6955724533319457
0.49510137209097227
0.06969173777803206
0.1562022296476432
0.5565915534912743
0.3219115563792484
0.7737900637628295
0.6302714097398144
0.6896191458354191
0.05571200246841723
0.7991151933999653
0.355874147884814
0.18751406964688222
0.9797829049408294
0.05414019714917728
0.7764467061247434
0.4332168722960936
0.4987805550894646
0.07796180943283593
0.07912670277013278
0.3067224645423522
0.2869599992795434
0.009392207113999684
0.023632583422675046
0.20560664897341718
0.8639816693107238
0.9048403634236103
0.9882508474687522
0.29195635009181486
0.44204629943062235
0.1130805276408352
0.24963770780754224
0.5066686115827332
0.37639646013756023
0.34999690865287625
0.6466349239065126
0.08518870462180039
0.4283443709209822
0.7659024534765043
0.6670354371536069
0.4261891981675683
0.6828722155847976
0.055635289600007076
0.9317472347180511
0.013935059263926575
0.27502096133850895
0.5249622820581938
0.49125985528352767
0.096016369320443
0.7859625562255678
0.5132369597374145
0.5284842053338272
0.35478142746317487
0.18410952147822002
0.7054874008068073
0.5032508187070089
0.674248359821727
0.11971143586372057
0.03134109897997428
0.18630685766332733
0.6552932411581837
0.2608574728158778
0.5072704918713952
0.25659705806212296
0.6784698102709551
0.07092049997929883
0.5878171384535307
0.21299806361356666
0.07218064106675248
0.48703564103465646
0.30764731160958214
0.7474918637933571
0.6062981579551755
0.8550486129477759
0.19408211720433044
0.01624950967407457
0.2527416155483041
0.4835443210082051
0.7554562540870281
0.09515807559137901
0.32294590415524116
0.584632266960094
0.9276431749531248
0.27747697763757595
0.444533119082019
0.13502253115659224
0.563967312606743
0.7591329327392167
0.5121722041160237
0.9340922098316137
0.7450750721047184
0.1998473549017119
0.26257521684489094
0.09801148842957597
0.5330166136309081
0.32219133737595895
0.0007717487267979717
0.9022296851535644
0.7590578502949842
0.7672431191096487
0.35687199321781804
0.8707988551480518
0.42098836405367646
0.35659168972990873
0.13059076026778205
0.39105645364823616
0.740922514935449
0.33472803274291907
0.5700036858734594
0.2484862371695078
0.4717010652097231
0.1583064587810209
0.21724396332955764
0.4797814905184208
0.4217552704037253
0.452540437549832
0.6843669195317563
0.4479487169065153
0.8177519597613142
0.5714473987259345
0.5077394622227223
0.4139355344350416
0.5058356933741938
0.4128864537127508
0.2868738117497138
0.766215361014605
0.6337510380848927
0.56433967559226
0.7973620547780078
0.7838736533940783
0.9553739076914336
0.7335377411389479
0.9733789706402064
0.3036450750544546
0.08466788525624902
0.972359657960649
0.9615979099985624
0.9779935439320158
0.11472132062252616
0.9652504049881826
0.7967400003791427
0.5838524215927082
0.40763122881301495
0.8052545418199795
0.25296758123285523
0.414245555555517
0.28594608272480937
0.5393386640810638
0.03289753204765822
0.839115707458272
0.5981406152149192
0.6423812626840513
0.2778767516159182
0.4304571300913559
0.05193986733092315
0.7460088690218265
0.1486174944427756
0.12487133958610397
0.3736641464128503
0.5534240390967862
0.19270011016111233
0.2008973625228685
0.5215379963826362
0.4401752358866067
0.4004871777516765
0.68444272969974
0.5075421818265865
0.7762306579816821
0.17451760369427793
0.7622261234477287
0.12582866914606916
0.36567306367953745
0.3376423914241715
0.6833030550928025
0.4133892590009727
0.37790586805904003
0.14776193843370833
0.7567232008929028
0.21364371706402918
0.05230765505324919
0.7251233311492639
0.24186341225999852
0.9627502591415885
0.6989842373958097
0.1759250215454654
0.6978602142063618
0.30823221445819293
0.08215033408676675
0.6545309080237907
0.48475557717877005
0.31628508893174634
0.16914297794371724
0.2574150520711236
0.5486479437932307
0.5309362749266135
0.4774212394928272
0.4364053419247741
0.6040024462242283
0.4521365786526844
0.3889751108121178
0.8575130322394177
0.13616177062630497
0.9462051027706103
0.07197824569921107
0.7300964397020236
0.3499067416366891
0.506913897402549
0.383068293270036
0.7122630519844316
0.5151648315278434
0.9611887126765355
0.263651190904579
0.7810814917111822
0.04459576828518674
0.15736470165657623
0.8314223440826894
0.6726402911449951
0.562893668077192
0.3959338020141834
0.16705215190583467
0.3343469860181555
0.1008373232153732
0.6050387949970751
0.810137596023685
0.02636006574622818
0.36457540588402126
0.7670708954100579
