64 1 3
0
27
1
50
2
27
3
24
4
46
5
59
6
10
7
44
8
34
9
14
10
50
11
53
12
33
13
17
14
60
3
15
0
16
17
38
15
18
7
19
20
56
21
60
22
51
23
25
24
46
25
48
26
43
14
27
28
43
29
44
26
30
31
39
6
32
16
33
17
34
5
35
3
36
27
37
18
38
39
61
40
59
41
42
40
42
23
43
8
44
45
59
46
48
24
47
48
63
11
49
32
50
37
51
40
52
17
53
54
61
55
56
26
56
57
59
17
58
49
59
32
60
20
61
49
62
24
63
0.5007189953635214
0.4794258905806086
0.3014899581470636
0.07232258430345906
0.22715999020132904
0.1987382989803037
0.06585416890076357
0.4450426343746221
0.536466651836848
0.6908861244749801
0.3364834929050774
0.33177775521457054
0.30637619277231265
0.928773489477357
0.9129506958143107
0.6707713086865135
0.8868460852237667
0.05823707181174631
0.395345132119182
0.5971955180437707
0.7548100605876747
0.009919558980702958
0.9750905803551648
0.2212036627585724
0.374604055090173
0.8743879269257329
0.9596544358256169
0.33478515401389775
0.9586369725009628
0.5210943161238424
0.8601407866515764
0.4628587909904448
0.203310393045945
0.09456127759879462
0.6673179182999649
0.5308935761998238
0.45353298334244396
0.6902615829483346
0.09212188195596183
0.9068281039741325
0.32040505416613363
0.8400253309246124
0.06221028893711478
0.3992564847728505
0.12005795568873157
0.955456888426709
0.18051516372468113
0.7826364493943674
0.7841480984488831
0.17642411944856295
0.3420652181010647
0.3189017083507236
0.6820004228937366
0.4290891429087127
0.4844853914864119
0.19793914805564583
0.9517349740135728
0.4438304202475222
0.7266666100994513
0.7459236823900066
0.2468996868992518
0.29213496555950225
0.7709620835289355
0.2386355639081026
0.8433613455734587
0.345721528911759
0.26243160651890607
0.9298702561843014
0.9174933576589743
0.9921248943705201
0.9212080347333931
0.7291151545474571
0.9990944253265481
0.3411311200529026
0.08928960350282689
0.3879071330958912
0.12132623754070848
0.5342411743739843
0.8922591862578415
0.08409894447703847
0.3268292025573414
0.3776585883707625
0.20275310368847022
0.7225054437609812
0.3194696520246407
0.772881997165888
0.49301581549424744
0.3469912688482807
0.05844900881001902
0.39841920581879164
0.49073251699879183
0.881034293727689
0.15093299593253218
0.8397971991744471
0.47438519807829704
0.5783697974996945
0.6961086405438359
0.02297496024063439
0.9252000749704126
0.3675377252617039
0.3185621375395674
0.35719754600103315
0.34407018546612333
0.5468285740829786
0.9943624074182784
0.9642282208154468
0.8366462149517537
0.7683181321051297
0.8593967999071654
0.6623936822469052
0.09119172970852929
0.03855087848420968
0.8100201415750283
0.6845071913142922
0.08604994548185652
0.07304605444377943
0.7941577843174508
0.09352100061369573
0.722321308222433
0.43711984428832107
0.13334770903067983
0.9034105470177071
0.7511651860081472
0.7480811923362827
0.5674801060194717
0.8881772507175396
0.1174740656926242
0.9039526373683893
0.16188038122052517
0.654627775544188
0.20701183808651014
0.9867030826996506
0.983185072969022
0.10727914575365449
0.7821446517293212
0.9677119116597879
0.8762409538147858
0.930905917617869
0.9330021594046002
0.11595640213441738
0.5370872114804265
0.6087131373691322
0.42528904164425174
0.6710234555045849
0.13106721713246794
0.2470252066608618
0.9814479824821968
0.38147777547854145
0.8580433597513623
0.04542714956291216
0.1837508644927639
0.4855521499299881
0.4326393172050813
0.3197592461472911
0.08457293755364759
0.20951590015048005
0.7441268695538649
0.35719920825552864
0.25486085492590993
0.5383472774502532
0.7176617817248799
0.8054378392469129
0.508348790792206
0.9253026777474651
0.13736520742766534
0.8665838991797892
0.9631769903226586
0.10548510855152671
0.02848107678909262
0.5460137861041988
0.8409293351216203
0.5046759163959974
0.07067718365800968
0.345960273594235
0.7126320665057487
0.028550327610180393
0.28612349754178323
0.1927227312941151
0.4640928125001035
0.32661044199662037
0.9658406140482062
0.7544194121634127
0.43576586776342996
0.31818194090674934
0.7379251826543987
0.5865204663887794
0.8014008699136229
0.5065686609566578
0.030193803251456153
0.47700279489625286
0.9991956096916459
0.6384637626801044
0.6003926203605591
0.6775627430195327
0.5377443780608099
0.8812668328642762
0.5659764779766326
0.06334179968251386
0.6492573502171437
0.559652801894961
0.3456240769596157
0.13314557430499463
0.8759034454658877
0.951170453584672
0.8076129927426071
0.0385962466552503
0.7699278993805059
0.10718807639193484
0.30906099830283507
0.561823208029823
0.07929860931641508
0.7559157292795022
0.6187690711031331
0.4287998615969886
0.10438116599977987
0.8218563740122148
0.32539421625508447
0.3293176987460458
0.6543449396334147
0.9352899132090843
0.8421495820978641
0.9526958233255628
0.9501800686121812
0.22966186634651875
0.08717355843315389
0.4857623428834149
0.14830837232600325
0.36661818689634995
0.012623025043233649
0.026853053260889936
0.9640810798680898
0.9825458587530035
0.6851713726364019
0.13647100325195982
0.15763587416856628
0.3180241101927519
0.8864714432111813
0.19425489346766345
0.43114006769026925
0.12281778048623138
0.4450883279308473
0.7827068840616148
0.6801558808424727
0.1910207828106586
0.24834699003543848
0.27002736444307296
0.3440039736640831
0.6519963165341512
0.25336065245958594
0.4320579976775739
0.5553901538466507
0.645261888333149
0.32866573142518696
0.4649965624114064
0.025794697918644194
0.03716845117786716
0.9248158155308774
0.6809556774156813
0.18301315075302105
0.9611257082366557
0.6219263359466157
0.4877964740815601
0.8723289942730074
0.7385568449443903
0.36079511921063234
0.6114276299162144
0.33361469365230045
0.4570013454754459
0.3655911336123464
0.017155767771370733
0.20913372301665967
0.29821280129989214
0.6231954726787504
0.3237713536136936
0.7327862095588847
0.2689430452266105
0.028852535648544397
0.8567171511574313
0.10750701937005447
0.11775367089149569
0.5119733267714559
0.881349687167082
0.6418329406444165
0.8606243716028703
0.8201769592668834
0.14554364072505543
0.754901117204413
0.6758287473713673
0.5834742539036101
0.1426353117715521
0.3387021450316271
0.7670532536187609
0.052956254234937994
0.18345082486592346
0.8094584164713476
0.6703529629010575
0.5882345885198091
0.11630847346159057
0.08728379620026006
0.6770478982492751
0.8191192546724717
0.2688544571837148
0.17894969210525413
0.15163608159208564
0.12803883539090777
0.48232273768410283
0.5520181639435712
0.6897631669908704
0.11790899865522608
0.1585479153482786
0.4454394643602295
0.202314539927123
0.5563412330227132
0.4312734601056787
0.9523248297046503
0.1793835685927051
0.5127327793271843
0.22426169905590299
0.8755747115527472
0.09597892011062359
0.9402763907826546
0.612444105643431
0.8934942395466643
0.4113374122717801
0.048043712531552374
0.3554650490379504
0.589336547485267
0.610926938479775
0.47720547663353574
0.23921009420413186
0.21658426534035846
0.1361892586171859
0.10609598521235042
0.42193343737339417
0.6704403649440939
0.1933419682366906
0.6644737676578759
0.8581756172419378
0.19786727065644183
0.06995813923931316
0.9153823833152285
0.9777576935139545
0.3063586032620571
0.7403388466865506
0.30578070675546654
0.9308825672665876
0.8038760045896195
0.39360507155900715
0.4590678864755543
0.6788662746670414
0.2122937396261907
0.41732562603294177
0.2271041386853656
0.10474194499652167
0.8911206242046201
0.7943130825660751
0.7355140174640696
0.25675080997273825
0.37393581892480166
0.9980265154050934
0.8180646049191023
0.7713771954635813
0.8180892932362921
0.4871288590771451
0.9468399365468684
0.4564462423882566
0.2542073193418688
0.3374707771375084
0.790251765749131
0.33081699827472033
0.728169832646378
0.32019310660698264
0.21009532512861606
0.31453014860970485
0.1527428488214515
0.5318404613000938
0.2263061366796857
0.9820952435885005
0.707332967281738
0.8312547942908722
0.6982919601138163
0.9060635682560518
0.461332047023995
0.8714724174565325
0.6308281649462788
0.6286437302449336
0.49429012302352604
0.5850871048576263
0.4746122791465752
0.30160372939058155
0.5352865479671899
0.9715676642962632
0.006831084209254157
0.8305171983784819
0.060529917807534694
0.26900714572523154
0.49965583161061156
0.3471162562671529
0.7247828245225244
0.34589645020059945
0.0022964791782480454
0.39005623654766
0.16288699048770294
0.8209517354727894
0.5266404928812506
0.06130658697612823
0.1088819308490857
0.40587914065297226
0.3810111669956434
0.958591267043107
0.4599051617146157
0.2676107845220852
0.3973705102974856
0.11461258970174426
0.5922349911841616
0.26778543246193764
0.4995537554441427
0.6392737077469776
0.06683124146222552
0.6774144359958791
0.8496051859326842
0.662961112786498
0.25400428933473707
0.1496456691180411
0.04204345527049058
0.016568967502367693
0.8324365460178519
0.8222549536006688
0.2364357991877175
0.2446189519363764
0.5584061613388979
0.9114004116826551
0.7070392714901208
0.9068550328681139
0.791022624284413
0.744431903491431
0.26516025756315076
0.7322419874066931
0.6869527381752358
0.2650677522181132
0.014352056718674566
0.2914431817695893
0.1705029824098785
0.5198872794035334
0.6773981570440001
0.9605670125405087
0.5297873527685618
0.9361998824513138
0.2918850840764873
0.11057930388226889
0.2907264209370536
0.26807658258587475
0.5104822146028031
0.5726927354633569
0.7134264259881289
0.9537815884942046
0.9181522480054543
0.37685225763262875
0.20224320209807456
0.7404000224533375
0.1196572362602486
0.023549046799589024
0.5838849929163018
0.6097380510574246
0.8329626865769288
0.6564163117535022
0.7599591818850082
0.29352739323554855
0.6129311289051873
0.4801095619556045
0.32732808161252636
0.31490494416200066
0.21528473157541372
0.9555111802897979
0.8913209767084096
0.5031420733333488
0.03939514844099845
0.45707635359475407
0.8990593167579793
0.02389881590772336
0.31392035090870474
0.04990585387568014
0.4101354959791841
0.07384997263338933
0.9251994591595728
0.9736543667644484
0.5786188820243835
0.741778838978581
0.023914345028346218
0.44565801472322597
0.699442074820283
0.7530960686226505
0.23128868977764472
0.9001037679511189
0.7344895468685128
0.4556920013904552
0.12014488947030455
0.4554834151289595
0.00846819922977704
0.3646653155365672
0.8455195389307109
0.6569011270408646
0.7746827051095313
0.8539259578452728
0.7339414972611278
0.47738824440452
0.9449473403376936
0.027529228984181864
0.2632203790381469
0.8878142047970615
0.2337535575234193
0.5673037455534845
0.5400056970671723
0.7439575000535166
0.7963631508035387
0.8118654081989112
0.9143593244468526
0.9573169748180952
0.19135408000571552
0.10045248648011085
0.15083875627198318
0.8271653992784878
0.23082203461171558
0.32070859381276284
0.27838347379835904
0.40018058013212066
0.9331614365610021
0.06828235906515756
0.10745075891013156
0.8291925306686961
0.2880094164117514
0.9287235039945344
0.2326895894561074
0.4287366382867569
0.8964219638663102
0.45893143343244025
0.976846956561427
0.7210946699482772
0.9566495773757533
0.2450566938711033
0.143240980983955
0.7816354965314544
0.3434952909730903
0.5533851770094909
0.4179380972926219
0.3249945588313591
0.42761896362337637
0.8938299610404757
0.4299734789466928
0.4419624848043694
0.9583026094369568
0.08135777650531506
0.24818068002102744
0.6677654915455076
0.11218446276461047
0.34158453575637593
0.004128513642193576
0.045582479514202134
0.9506174005585734
0.2961328979337644
0.7958912474811662
0.8032482685469715
0.34749981177489264
0.3441208393712447
0.9844937400411893
0.025544561668625843
0.7861525522925089
0.12754829798222622
0.6959513854449122
0.6236534926576389
0.5878673127508115
0.18725824555201542
0.8242807870746921
0.5390836951862255
0.9275406162463133
0.541503433673232
