64 1 3
0
6
1
41
2
27
3
12
4
36
5
26
6
48
7
17
8
10
9
36
10
36
11
20
12
58
13
60
3
14
8
15
16
62
4
17
18
26
5
19
20
41
21
63
22
36
22
23
12
24
25
57
26
43
9
27
28
38
29
57
30
31
31
46
8
32
33
46
34
40
35
59
25
36
37
49
22
38
30
39
27
40
31
41
30
42
43
51
9
44
45
63
40
46
47
62
45
48
11
49
1
50
22
51
29
52
30
53
10
54
49
55
20
56
30
57
30
58
30
59
15
60
11
61
12
62
61
63
0.8600370646592876
0.9535475634411009
0.933897520984596
0.8003037053129418
0.27778512620184415
0.9897874775705225
0.3503429891775911
0.012647406668163552
0.7485274661124933
0.3714707179567184
0.9705425853886538
0.010869699389162712
0.3529514894284601
0.1110638455719627
0.602166222718142
0.6063531027954355
0.829266642968404
0.2847352557775109
0.709570525035484
0.8591862408017634
0.7609721847211982
0.5341090187367218
0.4789623050793498
0.7077570464942549
0.5156756500735862
0.4541400442049328
0.6057936921477635
0.3219461607350309
0.2259151751117936
0.09165307091907948
0.812113080689831
0.6401459948660523
0.21702043125494064
0.7247628010583743
0.27001239027557344
0.3712258048395505
0.9401267447432661
0.4322050620208603
0.8777645990026796
0.8995346760440092
0.3034460634722219
0.9150952128964687
0.43582027597618656
0.5151613104173665
0.9198170666618862
0.038061016216826116
0.03058011331045951
0.8955374722780534
0.9777108526241256
0.25864132661897254
0.6146366388105815
0.9299975059890412
0.5580920373919612
0.12770930808508507
0.42730311069193283
0.308993900182412
0.9749801723881589
0.686170372115825
0.6893238494418195
0.8463758730007319
0.4564773876355188
0.9428988368970066
0.04076753107716746
0.49315089369735887
0.8582021800770684
0.4811675287033894
0.8396903157584075
0.9258342871289337
0.41870241301680666
0.5480075443553354
0.05643176020937979
0.45683141345178735
0.7846040369107329
0.6031174774931294
0.717937678920507
0.17459144633592683
0.6183233440422938
0.5589829778373232
0.4170716790695459
0.12127870694671594
0.35864484073040337
0.6922890369727981
0.7949057047205107
0.36839576341142166
0.9214448307500288
0.34302809837857384
0.12101399752454434
0.2815993037136352
0.5913144587287156
0.2091991840240246
0.6338345377901992
0.25595743006335325
0.8570857711597238
0.8185887914386285
0.12215599595451854
0.5708480019238663
0.46799014330395716
0.5863522270172213
0.26797689084266796
0.05823993513232262
0.1341586655479443
0.7162808215803328
0.7999355212531011
0.8286547096085514
0.7978228925325116
0.705474669425992
0.7296559326387261
0.5299889639800305
0.787305699222252
0.8098429645484297
0.9544240404687373
0.9296201822602502
0.9088322587851253
0.5616325370944758
0.6145465644612133
0.16531414167738911
0.42764470253029463
0.5846092372337853
0.2622438843653754
0.8124164574744598
0.5307591080547965
0.13466610069125384
0.5578223650025221
0.845024106921112
0.8354293310807467
0.44581378657622717
0.9715926030256861
0.16142895326820772
0.7362726142986341
0.99549265516474
0.31346708487586483
0.31211752618731503
0.9500327087487854
0.4866717951978652
0.9197865582809309
0.001983243405569879
0.24741866696773895
0.5956474853120344
0.2690127439090524
0.7174495866617036
0.3487278870294942
0.47851252622131957
0.7500051654357132
0.5512394023539889
0.8960213635164248
0.8213520459515256
0.4849450807544041
0.2030900323893906
0.22844021326578046
0.19230268459465194
0.03644804068752716
0.05288843698998802
0.5622054568705748
0.43486414189092115
0.35149562464960693
0.6094335277587439
0.3559138358994228
0.5460235585821694
0.4409760049235003
0.7657491123461923
0.8072381930545953
0.43073017648118683
0.4884769454722304
0.17067479492829385
0.09582900064095867
0.1317224882322432
0.7560769732203035
0.42488863898436935
0.17313088674556254
0.27400750413716146
0.9393965674371855
0.7836222904774913
0.3485019525755886
0.9941589159981433
0.13384235514842668
0.5851354979289962
0.6366341147419026
0.8848304612884592
0.20954251846294958
0.1531990553722683
0.0789661030092893
0.31238153786608613
0.9609291207126451
0.7583602281916503
0.9213717285172742
0.7426895209672844
0.10199763531112715
0.4099471842344533
0.6135853224126234
0.6758691482413315
0.7309024652076179
0.7912995274118093
0.07065040886769292
0.37354087418494386
0.7934907005813095
0.8803503711774231
0.5591504628601633
0.6798204037389344
0.11297321378667036
0.2642277037335351
0.44910499354789635
0.6527081880233822
0.5916428581807793
0.9378009685022562
0.9064621079437144
0.4639154965767368
0.7619670741647455
0.3709830727256602
0.45041899061423174
0.9314197427557317
0.3695768894763286
0.6451568146628134
0.5323459119194194
0.41004431681669284
0.6636722747955401
0.7063565827075745
0.5826462459204366
0.23555159333931897
0.48407765038858497
0.9147818558859357
0.7589013371187661
0.8451277145873815
0.3632812671742527
0.094701148266081
0.8993134633424161
0.29690215768029027
0.09158360347616346
0.35483019970294616
0.9726314694592453
0.7215428798901881
0.2315829023612449
0.35624053623730934
0.49710072344529777
0.13500255897750257
0.32667684309462164
0.4588814025673156
0.1496260368798763
0.7203632716982762
0.24905683484696772
0.9617561895969133
0.49565477218745935
0.29268435622903477
0.5218290047750177
0.4722509052750208
0.8041883846099702
0.5938817059922074
0.18875092368158852
0.16225782072678774
0.6006317088251116
0.8021465987948971
0.41980128728513866
0.952164420659364
0.5294515491136448
0.9275443436638752
0.4557316886554942
0.8161716397011989
0.6301493409300419
0.6015596528218947
0.41257015639286254
0.21787804405858646
0.5312877275433353
0.9766597141108246
0.32407128724361034
0.25162605116162884
0.5716564155852816
0.8575347014364375
0.5055256961581712
0.5439861257846785
0.7947399943314973
0.2685447443705712
0.0662402119345109
0.19727697056440907
0.20689158241098682
0.5656328866085555
0.5631002894743611
0.06333177439541937
0.6321113092842884
0.5791253762979529
0.48251846879426963
0.7509292464060124
0.016887237415881495
0.39237501611185377
0.948843318867392
0.5285992228239776
0.7964841468806502
0.6760208132208303
0.8005022158916751
0.3585688130872636
0.9014068849565635
0.5099108389041022
0.27229529533826347
0.34146415020042953
0.03713940923779391
0.5884403180214743
0.1379053323480237
0.9962374094255584
0.62203908405597
0.21394900066630151
0.7550173953088766
0.06984493741205422
0.928047913585805
0.6196841140914423
0.012074403169643477
0.4138244630546626
0.08314168798984323
0.42828948456772076
0.0876647372262872
0.9205707625554523
0.31324616356990387
0.17701392122593274
0.8736031225774414
0.7379832105972814
0.8676523637243218
0.4543592885719636
0.8583894928369418
0.947246624981991
0.7770735527499942
0.17005488160042004
0.1652449095815418
0.8876089917499701
0.2960818209026378
0.004138404737477397
0.9898967267651845
0.5930841038595711
0.8700815145811976
0.7879738489571041
0.7957162897133193
0.43594289209552173
0.8886568882682957
0.2397102703695353
0.39818537004092613
0.1672423254987765
0.007547912237733323
0.28248401340868146
0.8516486566627626
0.28067999673726274
0.4093463371348349
0.6475884206117012
0.7809998610448436
0.6497944527251976
0.6931876099315519
0.294117170530962
0.002634605424600145
0.45972877838161363
0.7918456147602505
0.02154720982842684
0.5762353284436653
0.6932122655626894
0.8000626199433192
0.7728213933461358
0.040056472941627175
0.02419910884205223
0.16538982461352847
0.3359233257000085
0.1540085258922026
0.19767117739237927
0.9299133367486513
0.7832590729403712
0.7050499161567724
0.794420319808825
0.7794747127736847
0.3051322680156977
0.7073545667479173
0.39057994746410085
0.7044381601226749
0.15456725278151373
0.4371536061561696
0.6012969910580189
0.2228741172784161
0.13424782953196868
0.031649217440912314
0.17095738845154151
0.3308167194408882
0.08493108193131027
0.5884691254263076
0.05459862161498685
0.07939169753873843
0.2851946221447522
0.6796005337200571
0.9699914569098349
0.8605944640037749
0.9998522667264886
0.9091750748990872
0.9315570044369172
0.28880782142060246
0.4769175733078477
0.29526616419279605
0.03756944830631748
0.05827610653547388
0.5633329143411812
0.8765607588792084
0.45337021709333203
0.5412919235245991
0.6584732310287689
0.5918524345345171
0.8136577119788716
0.9151043497129671
0.9902751971674716
0.7282108122977535
0.08281451715980137
0.12540206362564887
0.11270214719202298
0.5952694200886121
0.7473183526733289
0.5563929842920253
0.7799264094054542
0.45161464435815
0.17240800048558524
0.8566525126941461
0.5668304460692952
0.543044267168127
0.6929864009720252
0.4214822959264398
0.20426828076540338
0.029424103728106332
0.07522914373412048
0.6405867649690901
0.8397179531293915
0.7994227733902948
0.8505287524214451
0.8942021863292727
0.5327128173779826
0.44686934279801627
0.6632864067253742
0.3050052810652941
0.28777773110011995
0.26536695655621545
0.5910801230763254
0.5223534956121338
0.08419791995968795
0.5007120617574854
0.8814800236226006
0.639746553626645
0.8548077649760483
0.46945015086448927
0.8849338234740206
0.6753744415122662
0.07475972280540055
0.8057055698136152
0.12561253119303128
0.539738518231329
0.2215708848151121
0.33200805526289456
0.6161656745574859
0.5393527400131394
0.4634394504471461
0.0825041072844116
0.58596219584758
0.7431226502424023
0.9891350996697093
0.5325268876196255
0.14160763483212635
0.7270586196939273
0.02614795937647285
0.8829376073382809
0.7320481258662633
0.09849233915380695
0.08041678376619632
0.9023216673529046
0.008149256801714633
0.7728873521004503
0.11022781208808774
0.047571880890168616
0.9760353350124384
0.3435540024620728
0.8976768785132757
0.3697455776826998
0.5730802340201551
0.9179463129902616
0.8329166989047471
0.4112912866849173
0.9227196612395692
0.21989475544583947
0.5163884208534679
0.5964309600462956
0.8949549283353418
0.5208513425479023
0.5061833754529702
0.29324300681916526
0.9277611857839729
0.06892477252188012
0.07664067397343222
0.3986236811847115
0.8794101713468032
0.5188539618314938
0.4282041765614151
0.12949314688343616
0.5568243135879329
0.2947306221828756
0.14916883525871227
0.9620297351259139
0.7670833278432734
0.7814346457334485
0.8575481077516238
0.7018286600343232
0.17695078056476443
0.2142717800481424
0.5630546139086994
0.2964173630936079
0.7514918027974742
0.7102617969633899
0.22258836833949036
0.9745898020559658
0.705319838319024
0.4835366310302296
0.13473207290564637
0.6386233628884208
0.18423953359742662
0.36857990134007945
0.7720064641075819
0.33915859793535974
0.8897231374386987
0.9415938181914534
0.4831689411515321
0.18523471202600017
0.40597499452492936
0.0500474859285448
0.20967096483874215
0.0639395166733906
0.400304456974768
0.05150998775883764
0.8719153811934124
0.6080394961348619
0.3608005379896616
0.8507746247315396
0.026136257299542387
0.058206660351505346
0.9774049629603233
0.9203527814575201
0.2842564698127381
0.028771807798787075
7.701294604567366e-05
0.7328608454478238
0.3673141409056543
0.14054514386851635
0.26002053826513594
0.7942877888085657
0.6726951244895458
0.004861747067346767
0.5251199583463726
0.3924014832446808
0.945423941610679
0.14841174691132286
0.25212450622402793
0.44593700878884757
0.638347787385873
0.6103441224723385
0.44495405362629836
0.00744817361525052
0.6828999267820041
0.4290204686936785
0.1651148868811202
0.9384569419968496
0.5299144305001462
0.906988220331974
0.5850176831747532
0.9324305982767154
0.9801167973384056
0.28123843972118956
0.7167700851718681
0.12591927803802072
0.3666363255641206
0.5102351190194392
0.09995763333198393
0.941616621647133
0.17138121550343488
0.5134309738643454
0.35762032492581886
0.5078639719687593
0.6170170373363649
0.37853670217344293
0.2981930298746761
0.5636872309187168
0.2844820698064532
0.14638329803606487
0.2907013959977206
