64 1 3
0
35
1
43
2
30
3
50
4
31
5
19
5
6
7
35
8
29
9
46
10
56
11
31
12
13
13
25
14
48
15
29
16
28
17
44
18
40
19
27
20
63
13
21
22
49
8
23
24
44
25
58
22
26
13
27
28
48
29
58
30
63
31
43
18
32
33
57
25
34
35
42
3
36
17
37
20
38
15
39
35
40
41
56
17
42
12
43
10
44
45
58
46
49
21
47
48
57
10
49
9
50
16
51
25
52
11
53
34
54
55
61
44
56
53
57
19
58
9
59
21
60
21
61
42
62
55
63
0.05566009800764404
0.6366680006168688
0.016248267787306148
0.7797157575806879
0.7155911063516932
0.21612521731891565
0.1191935024840356
0.8889551193945086
0.7490283161612705
0.3460644445666926
0.8652657722321501
0.7823997075840642
0.5104117808341923
0.20938780820258007
0.08439319133489398
0.34222415445276344
0.9603383875068552
0.12650285186679722
0.9242580211128325
0.4577872073436403
0.44809857393071884
0.5039239239176259
0.12334854069684809
0.09650790545432564
0.8139182260736975
0.02153807226478932
0.7955497423466757
0.2175864047769014
0.6698086088089772
0.3257665353857654
0.5930347788416728
0.9444572989287331
0.1343106422334166
0.33094572671476186
0.5632585376497844
0.8647770569736911
0.84399095700369
0.5803848280988398
0.29089504405355404
0.7410890324043838
0.07602398321249249
0.30532366473151773
0.9049860933337803
0.23227722318659427
0.5896530164679123
0.6610750100613945
0.4491984598502017
0.07924423827637628
0.542946494809441
0.5054156030240139
0.2663969115734265
0.8659657667469871
0.42020248539957883
0.7577807093240374
0.05248927124729519
0.8102251236463589
0.759923626246769
0.9755770011393418
0.3468654717851549
0.5908269940220217
0.8159065819735994
0.2713497387976931
0.47377184015120866
0.018408043905129734
0.0477569561881559
0.45063005281750723
0.8135054157177987
0.5476727193117081
0.5741247991754566
0.08124961754656779
0.9987675609809264
0.5817347200906303
0.1940035628599701
0.8339798891558388
0.6287419992743862
0.8612411642544683
0.8134368460418113
0.7276493046892376
0.5786423882922683
0.46892711657166053
0.9637432620265014
0.38646733609230965
0.1402631678776034
0.9117724815401602
0.8067182510740317
0.4562716226212993
0.9469911118463192
0.9180674837425211
0.8606842646735846
0.5456841021254214
0.9713103550492065
0.13483782623832052
0.4649332655382582
0.0865323417268119
0.38007344502278584
0.7796768964134961
0.34921213211912994
0.42852659075892774
0.5075695739360659
0.6216466902802439
0.8109922587706113
0.19618639535211235
0.37692176010161293
0.9653487402195033
0.4968576137154992
0.5667364885350418
0.4020310762935957
0.9839887061975839
0.14551943841777182
0.9893907902569141
0.2689142028799617
0.3766899760304109
0.8046849554103597
0.01978516514588724
0.988199441642141
0.495769183379283
0.15073730257627083
0.42731489218968055
0.14249188605265495
0.8292741292094862
0.758559871205224
0.8686838293840542
0.2545632500645102
0.050961703311621864
0.10414247984983238
0.36924177944005243
0.5522477276988963
0.4909006088428677
0.6589302517393005
0.6188807526262887
0.18011660215581327
0.1608108845236843
0.11113029093137905
0.7098452467458753
0.8195110282805745
0.9506600637282694
0.6501774108044435
0.7430199216353492
0.6171688357894544
0.4725872393865175
0.5045234877149106
0.5325002833330866
0.04757578063595491
0.7162742666291615
0.90699638763929
0.6574954876233685
0.7420441377200808
0.8985329586616639
0.2967172518157378
0.38219121862546224
0.48261276727204083
0.7633564038999477
0.7866393527472424
0.8275492198839295
0.2922542083464569
0.3380023028716529
0.6578691453455745
0.8762481076059065
0.1852962962711986
0.3835031258374315
0.7696689991946277
0.6845538212985707
0.2917098277520118
0.13306170884152513
0.38184087755383767
0.6593739598837717
0.1434688437550451
0.30880102550665556
0.6422823105721629
0.6517951126497823
0.6957395628772524
0.021318861718329418
0.9387190384319847
0.14620685134910283
0.35742875901090154
0.10756848412428355
0.6410729297810792
0.5572017687287573
0.5299786763181757
0.8811682175066883
0.5620798103235694
0.11247023179090576
0.15016499425044683
0.42710283919875425
0.8347052482120866
0.512899795060026
0.4055038782437219
0.9591407495854571
0.2783313158874493
0.3427484269650203
0.29516498339227193
0.9743553540661769
0.5634525650884106
0.18663209742101494
0.030333376063825468
0.24373820876328034
0.7019528425935396
0.12237055767324267
0.7272241837856915
0.6973217905638964
0.054269755572022405
0.9966792721262373
0.033881441486326214
0.9927862813306939
0.6883452312972342
0.8906322054132604
0.8864160686885072
0.03604500796842236
0.7963224359507363
0.6299719837350145
0.523898280142841
0.16589447660906154
0.6059984716755725
0.6546554948685805
0.8273413960370793
0.06656889703892477
0.07012936744812082
0.535195196905804
0.16551634429002648
0.9348460719320082
0.40224055981240303
0.9374152267392216
0.9960281874918842
0.6369779477104467
0.48482733079684626
0.8732462529362403
0.12816661510135552
0.028818049118507272
0.5427010694482984
0.35798811112060835
0.10339164106335441
0.07757582510983352
0.06693137963277807
0.7392806353499383
0.7671302361269263
0.9760025051115211
0.6024560939999354
0.32021329697259193
0.32168345467060744
0.5116514912083112
0.4707345214930364
0.662894097970931
0.16503309594452542
0.08905630993824842
0.19772166006375258
0.05898609692849033
0.08185843913284341
0.8876386614613326
0.8077160942796971
0.8783293832049893
0.0997235790043457
0.6097038735302803
0.033582499544670075
0.05285321781560037
0.7196176730032543
0.7904582017643325
0.04790801696768887
0.3836113194595294
0.8300771613662861
0.10083182862198936
0.2365121033366916
0.6470034043435433
0.8221651980776019
0.15224261078889179
0.35076325001162345
0.32952379055681924
0.22033808815923706
0.6905321048819155
0.49647443256725665
0.341261288722163
0.05384726022666764
0.8427154932859355
0.911637318600406
0.11986918451660766
0.08029122706284553
0.8067592359044607
0.3995666248952694
0.15047228487389785
0.2235744766446427
0.0018743385705496385
0.4078346691414463
0.3653784566042052
0.8532666340710114
0.5599789665885739
0.6507760652317506
0.962852417170738
0.21127568875718383
0.3317500359002681
0.7329109106086216
0.5926858768715453
0.23916611930486087
0.273130547775455
0.019606439058279523
0.8336111674339912
0.5818811874030242
0.24346394436195606
0.2975423054138042
0.8538666715444745
0.18708532988067872
0.14144946671565983
0.965314263094548
0.9955190741308643
0.9538925167637162
0.00272435288705819
0.1681478895631754
0.7654443216342459
0.27656138146566334
0.49661155572279714
0.7400839856023882
0.2013014207324504
0.4787766558463644
0.06841932731127398
0.9444852832761388
0.5193648814728153
0.9315593537652034
0.15018864112904262
0.03926154125247583
0.6400239025247653
0.5202708755404358
0.4780103013341078
0.9680884305516656
0.09099401514974281
0.1185079376411523
0.5967069450951619
0.5202838165971806
0.8645190516036089
0.5752752902848711
0.5088366460223146
0.47133046585377414
0.662980937587218
0.6323188378466424
0.30340401148190055
0.18869779695940936
0.04935809016228587
0.07433058968716177
0.7393821023277657
0.4432074036652798
0.48722744094157333
0.9025262142849058
0.5802419031373941
0.2995592650201515
0.03771899762059694
0.889798770693492
0.465423524424066
0.6601234879549479
0.5648363708762921
0.42830010476111025
0.8417777366259633
0.8832066303194138
0.1825165417262361
0.6551643461952633
0.4975919354085325
0.9380423518955965
0.7881006529879663
0.48502043422140195
0.3447851110413044
0.633147547856413
0.6867774664344226
0.3018314851691878
0.012572721577631119
0.7498951752285434
0.24132491673411027
0.3808151831112677
0.10517544263822576
0.4995572699659998
0.8982663163293756
0.26363182817567277
0.30029428709794315
0.4408791884938261
0.6989268704764743
0.5322262043485773
0.6862522276863512
0.4645828331882953
0.6560033313795854
0.6923527770642312
0.2981703004824068
0.37573192364089447
0.7764746664938312
0.3161668359876457
0.45150250318473284
0.6680128938438145
0.019276265285997463
0.35561140713258865
0.36327718863329794
0.9396797254249665
0.5735387745640741
0.4643729658502185
0.4256435073261787
0.16891219630238874
0.31922458002151866
0.4571272251558721
0.4859192945851798
0.3850712304266084
0.43942061707442326
0.8301770518479595
0.5800064122461772
0.17420070736498539
0.8266291850214522
0.7750665181414544
0.06235379664378471
0.6327276348114081
0.4021025853674163
0.981799504948585
0.23936005751050238
0.13637371307229107
0.22339930607463
0.9698511689755817
0.030392125243569046
0.3573331175234493
0.7418054788468547
0.5310889179689604
0.47803158887230424
0.1346229776265131
0.846281211404572
0.6901924120005086
0.4061369451149963
0.16159263845775385
0.7812083195711105
0.6873265125987691
0.2900813844880278
0.9797420135323156
0.09841369916154008
0.18232119022668114
0.6938339176361984
0.47416695964750977
0.8422988279267677
0.3170965261324544
0.5828297943747343
0.2883689247135731
0.7453018065338703
0.10728527142638122
0.9255928432322742
0.5247000890239276
0.5389240418634158
0.8374114882880513
0.8157160481480199
0.12474527849758466
0.6598186731062927
0.30819920201898965
0.8553348512176044
0.9425545683257338
0.6243308518410015
0.012923529060549721
0.12342775993112998
0.5911826892958147
0.7720370828674833
0.7563794554453195
0.11253656920046673
0.6355382862161898
0.006089713133532237
0.728966367379896
0.3706659595418521
0.14963468387083
0.5141831842471873
0.7354899199591161
0.3327660535964969
0.1303369959452525
0.6877547901872714
0.0848359648643866
0.7543533317581936
0.003486906682613644
0.17807222225519626
0.9539812131741289
0.7048186944987592
0.627586305637575
0.9358870216334522
0.6288025894557481
0.8020550355676569
0.5497598973162019
0.5964134675081317
0.25194582717223246
0.1599808450208149
0.17881498562784193
0.8095352004514396
0.07200808374819423
0.5816589506687829
0.8406963964277312
0.6250166697923815
0.879042126979307
0.26309340214292476
0.9689289822930699
0.9618271709807481
0.1524607397041592
0.8424975189656235
0.10993703815049793
0.37512952952870204
0.5192364097640627
0.9589695976746377
0.6571824246275481
0.546429433863181
0.22616840631746182
0.9350911502960855
0.5463604776627627
0.015460339279950275
0.19334929838735027
0.4076055847068647
0.423377914171171
0.7452891092281798
0.19563946853143732
0.2657323515834007
0.5403222347130487
0.4933593146780525
0.5646290647708663
0.541098792994463
0.5526988576874619
0.34277931900955716
0.42443448795523564
0.30862130965315704
0.5828414682760439
0.7112731359072065
0.20826118953098682
0.5446887777196292
0.3011181271109037
0.9734221582720946
0.38513685070802584
0.34301966074467194
0.6199737287339555
0.734916892329663
0.022838049710583674
0.41330243489530694
0.3173677144798498
0.8515936569094141
0.8817490563795398
0.438949126423248
0.11429800963535697
0.5766195274831236
0.8335699480012164
0.4813924690174509
0.739857423809295
0.16840563969544986
0.43081447487736146
0.8008802874384767
0.49002463314777167
0.22860186693989404
0.04310117242651257
0.2949833134444103
0.13106237644240804
0.7050320945641264
0.23442038351806804
0.924004119468219
0.06479024704658787
0.4588944860289731
0.3763212797031419
0.016852650079689502
0.8298771264180831
0.32057574948757606
0.002413326250322756
0.02585755171511317
0.8173069291954056
0.5356100795973229
0.49915194132535634
0.2441595679596552
0.24622840659549228
0.8160899310370165
0.5537326960703197
0.768976560968151
0.3598792119885966
0.21101594543128743
0.258540413266674
0.750672725768983
0.28946260647366306
0.272568455009767
0.43024233632829123
0.4015912411478071
0.2454915466124037
0.3406266137929128
0.02282525327100471
0.643221595453131
0.17487843248282464
0.3295123715380849
0.8155434297210815
0.6590764123442908
0.7424687827056892
0.6704883684096419
0.6592578196650487
0.1222088450916774
