64 1 3
0
4
1
33
2
55
3
33
4
22
5
60
0
6
7
44
8
23
9
37
10
26
3
11
12
48
1
13
14
41
15
26
9
16
17
38
18
26
19
21
20
54
21
29
22
59
23
43
0
24
25
52
10
26
27
32
7
28
29
48
10
30
31
35
30
32
30
33
34
48
9
35
36
49
37
52
1
38
12
39
10
40
24
41
36
42
43
48
40
44
23
45
35
46
42
47
45
48
49
54
26
50
12
51
46
52
24
53
6
54
26
55
56
60
47
57
49
58
1
59
24
60
20
61
21
62
23
63
0.10144574822089847
0.6586182487397636
0.11975334302465435
0.45833339478295276
0.6810821762563474
0.18148374630662356
0.5919846249894463
0.4076048748370056
0.6534079578560912
0.6171318526504028
0.023646185694385147
0.2546941690126645
0.7198113765670486
0.22063680827856047
0.8742913813191548
0.8019392387042914
0.014256083545498344
0.9444219793150815
0.584434570768685
0.8498966636189712
0.32958217725175076
0.7296901336383894
0.1457599444295249
0.11212438344827702
0.059622058428830615
0.8427174910770012
0.8662151965493642
0.6680004745772837
0.1906564859450508
0.141679037611407
0.679287131087635
0.43986956635278207
0.9160810403010718
0.10707520954301586
0.42376707150708526
0.1133910349655276
0.09972698456677032
0.5450988090990644
0.2337859294665765
0.18713259165634866
0.8338488624119502
0.2972178335381632
0.26207464249699974
0.7669933425902472
0.2952217997129526
0.2943722563811182
0.2829282249876466
0.2585716691824649
0.01336068806228008
0.14674403935792912
0.8142400215318633
0.6580413761418358
0.16566638211368778
0.0019716436860679476
0.9957356365223815
0.725283924647313
0.049539967332970725
0.5384427243993195
0.2468492535496205
0.41564039844679634
0.7765517899251135
0.575557858819771
0.23671222774287992
0.25335606488888485
0.6231838199117431
0.4818258273074528
0.5649442203260203
0.44247961695942284
0.7565807485219378
0.23231351786365162
0.6225822805473445
0.606619200000455
0.9987025727391371
0.3228595291962456
0.09412378183753445
0.6213476915940008
0.7535152178908667
0.13997336158627183
0.5229529054384414
0.8769044456253278
0.4744102241300918
0.8908011147256716
0.7092907209537016
0.5867862727925017
0.7597651520457368
0.12780413664995283
0.8915545884119473
0.26341820141907535
0.043937131783580274
0.4123417537365226
0.307399139677314
0.1271595473638205
0.5048264640935958
0.1265141220792152
0.6607103436817452
0.7402163916577515
0.7332044679954213
0.3750141351274481
0.6466894378703537
0.7639670132261074
0.31105100729391655
0.6284872099934621
0.7991311390861054
0.47105925698792783
0.7072605513681725
0.47920137311436284
0.06356801317967486
0.7809067175089208
0.502531832959283
0.6800139679890849
0.28721691031725516
0.8791770988310764
0.9736260779517801
0.7252265563271033
0.9733994258592925
0.7600910293537041
0.3353933363161943
0.2481027961804435
0.8922732531168984
0.5288208513842891
0.9236841995639922
0.651763421412547
0.05109113780939334
0.5114139476829221
0.056148950587967095
0.9646403280430996
0.01801834580568329
0.10501563545497272
0.9993749799592433
0.7097866835131015
0.7829686539260695
0.2781240281636236
0.8671895765217472
0.68623901853135
0.6233903357124286
0.09214820548565428
0.18645874921148786
0.08790224079910813
0.7577856142568329
0.3610377810850576
0.22333192413683656
0.3893978014006745
0.8974022047417336
0.10593028378919778
0.9984936650385005
0.5043795710858651
0.31310301903633597
0.34651851390184363
0.16949143717352044
0.9525065155520431
0.11648499078821883
0.2308936737313395
0.3593919404207614
0.9645537503127436
0.014660382750871559
0.6152128607550814
0.6927063296250077
0.3872983143255816
0.7302066418053311
0.26031259457002565
0.14305110385470943
0.6644716367301075
0.604607008836814
0.6656169305674592
0.8601896142710893
0.04629649728587715
0.22142953525218212
0.8910355101738592
0.049195240163101506
0.28089823454046114
0.9379912780092465
0.6531144862898847
0.7548416985090786
0.8128146407861596
0.9135134107589533
0.17283747677032313
0.5614563566613915
0.08849771028044118
0.7952282248385192
0.011530901238436031
0.156571529368135
0.14365783320630576
0.2520876002991669
0.5045561234736664
0.4934580775266607
0.4908752453436839
0.4169436827867755
0.7050287353478186
0.3589786374773155
0.688419923652228
0.14742166502624066
0.5505104959137839
0.17493201174450934
0.09696899415010929
0.06651807566229384
0.6107127888183723
0.7351507136485613
0.9717467535912928
0.2377882254013699
0.4408588817528315
0.7837269907267707
0.2912945521054586
0.19396109973294717
0.532409151733256
0.4267011977060212
0.5169535966068572
0.8815476316720021
0.011513944791375574
0.5296362693622167
0.18807597401255904
0.7595042213497093
0.5163241904911686
0.9146612814810829
0.35037393500150216
0.6774370573938846
0.16950198015742768
0.6235735181158272
0.3167533237265766
0.8533953230046117
0.8576004369849123
0.04623261058229211
0.7170736070290326
0.7949199009676771
0.44193415796387425
0.09817220231272095
0.7422573779381652
0.11568501174134804
0.04931556483250743
0.00793125743231271
0.13739029964332816
0.17227454574827794
0.17245700564201571
0.04717089168913735
0.7428077359570221
0.2875781665430337
0.9399718948757992
0.8572984990002297
0.5336637884863715
0.6107843982890415
0.6356300861449584
0.8406497480699047
0.9258529902147697
0.8894807993006463
0.9379232636181424
0.9381973894642232
0.9196030223448624
0.6837068596110508
0.575216062886819
0.9954389619904958
0.5037013560051887
0.530136531244758
0.661682672891204
0.6658545657774453
0.18417772200552107
0.00968905781865148
0.4709583773434507
0.4971701404670934
0.9065606258527847
0.5281076785087425
0.8024840889250104
0.07634382599423539
0.1793694359227922
0.10414598984056678
0.9277550038865967
0.38784631504900025
0.024540405067671522
0.201931078457393
0.2752619929572101
0.5833696480971231
0.10691598438619032
0.18121668154020143
0.8523672140366374
0.06964320458688367
0.11470633590575685
0.8564477783799651
0.8090070343835452
0.8001193958454286
0.6965709463431863
0.036352582651162035
0.7858803078405467
0.22299406714032755
0.5601946831881423
0.026760474967265968
0.4191514194000978
0.14516749660328454
0.6355677687092347
0.026079580362812216
0.6098502327150952
0.16450124794548904
0.07824969806085336
0.36634355997354506
0.6517619357658512
0.9751043746840963
0.3884793040207811
0.5007119900522797
0.7425656245304814
0.5749504130936464
0.1633099637733566
0.5219995451778892
0.7258709171259522
0.5956672333019876
0.17576405273729112
0.9929210049801891
0.04620739656366346
0.7002770527735062
0.11760123171324555
0.1611861618968341
0.5996659086823151
0.7968486058073706
0.15210580857014688
0.9952490730559682
0.6547905130565461
0.1856426558709764
0.9672170387824164
0.31994132704078837
0.9721958776734144
0.41153858202305604
0.9287800819231314
0.8960020820509994
0.6031236287178458
0.5224659178372403
0.877741050840082
0.9026522999009914
0.9357807618618541
0.014251185438972636
0.4418366898722821
0.6921541737455841
0.8984292049465349
0.08022152895427104
0.6002283714318417
0.6878629451135515
0.08306937355368382
0.8982287981422628
0.09484999388323512
0.5558352142420968
0.7004685345139091
0.22061251528678727
0.19566790710998994
0.30304555435641845
0.16646712672087427
0.6711414508458887
0.4062823900978123
0.8971002055536772
0.5801268781020278
0.6311450805371125
0.9243676623933852
0.06865133031156245
0.5176596734307372
0.5149145172999149
0.2979486010302723
0.3184829660984897
0.6805565744225608
0.8443439259493922
0.40187976765323286
0.5397939742696003
0.0843595779660119
0.7753404457800207
0.1506876618693216
0.46771581627366376
0.8021829678498219
0.7950924245510286
0.7068024331187244
0.3541301828096378
0.13787879360008148
0.8198915108688396
0.8416293430907997
0.4405331474456601
0.9799914171570759
0.06524460547166733
0.49554929450720986
0.22274465777530683
0.34119071299156023
0.18002387789843743
0.35603429298402367
0.45387937987740856
0.3736729366243473
0.24550821537207768
0.5033780363858944
0.30876162248642547
0.29802692892477756
0.37832453587496695
0.4883676371224932
0.8858274090166183
0.9659649717453
0.4738896847793098
0.46282004046341507
0.713313090643963
0.552900674169397
0.05426049234707131
0.890851202870129
0.5055186446952773
0.33430908499361334
0.3162643670660834
0.667909028439822
0.17840748187787003
0.225128569564078
0.8313943207850085
0.2823211952867195
0.797651356123473
0.41168325620622215
0.3055934366497134
0.8214005581196999
0.6866759257954308
0.26269512550533813
0.757436385588125
0.5947074844544539
0.9610743323033134
0.5725780622093971
0.3983014312142876
0.28267880540025403
0.7659445878007504
0.9894058917021381
0.4584484274389993
0.5047201818601708
0.14170068269532887
0.5298917367794145
0.04764471209936638
0.13436277829491605
0.7143477341037023
0.7953431002223738
0.36814210853501883
0.13971871008606496
0.626642596988533
0.5014297074768457
0.1674915856505742
0.4154408365660396
0.9861004779835711
0.5254704191907661
0.4105020602224827
0.26305547890238923
0.43529579949676245
0.33812449610661444
0.5500685756912772
0.5951851602263876
0.6608963586955746
0.7316257390333468
0.6717853432862829
0.17278780118182668
0.25066654224476204
0.42650098537812275
0.6589514959498209
0.5260342878587535
0.008965905090444037
0.34019390708889974
0.17911604628832944
0.05330240095597771
0.5844628826488079
0.10153973599821042
0.8108843574103636
0.870985688181164
0.4165056747245861
0.7529365727197183
0.7127884159188294
0.7648450433224471
0.8240729658814877
0.23538909654284967
0.18519090715284137
0.9123896397674915
0.05129397731593266
0.9820753311447972
0.9164119803665092
0.9982558811332481
0.02849437413596856
0.7873796973222038
0.3518651451139535
0.10381054045092941
0.2294952420227736
0.5827000009240375
0.15391639330262818
0.2964054332135907
0.459808074287406
0.7920141415345016
0.20642556622041952
0.35456397371231474
0.04067314877369077
0.186406648507788
0.2306014960605739
0.09966128859768553
0.22692155559204097
0.3712052588791376
0.26421371898791957
0.9969662862280713
0.770300476691573
0.3371995984667582
0.5002502581565024
0.777027279677004
0.5574884879662366
0.8127102481936519
0.32468071361725837
0.589723735123854
0.0834816079582763
0.83939694226143
0.7484874905694189
0.023725987454403685
0.8545483642180823
0.5386686176764645
0.6901445522100195
0.4803392518939428
0.07852221534145487
0.3527515458185837
0.15514375367652922
0.22591632580415177
0.4513360321824479
0.5426474802437585
0.41535879612570703
0.9520009404359995
0.9732131747014306
0.533815914016214
0.5781210685242244
0.4083767064121929
0.7981186150906249
0.41694145010309314
0.8182767354959279
0.4840682786380214
0.698761993972556
0.6118128073784159
0.12041088031263525
0.349761964067816
0.9094621075942416
0.21821600053583579
0.9604557575855098
0.5265788954159737
0.3732394638110026
0.0014550750031252502
0.5021035060191659
0.1657760580533988
0.09127399190564611
0.23377192238049216
0.5945524970695836
0.9150901192933607
0.43020553799063
0.10885032135807582
0.2643991349138124
0.358619942671909
0.89629996085456
0.5224984336754764
0.21147349453617292
0.5657858029568475
0.36198554537449035
0.48417999848600424
0.5484182602537568
0.8706426728126717
0.17927219277854656
0.6965408098828253
0.8408755715550722
0.7645821721861947
0.25510948399546396
0.07854666407195288
0.08638180372690552
0.6312899888255171
0.09124631723742338
0.39393332472388387
0.879910700407546
0.8911143572572292
0.6434805305416519
0.6955240277081286
0.5298500592604766
0.6780300330437842
0.5124065447961154
0.2919035223961006
0.6364283286954082
0.9745669074737501
0.6453447346085219
0.8266302758381322
0.9695867397213457
0.3078772470389426
0.5690477062431327
0.15794481550622708
0.605426648013482
0.016849584831129638
0.0878571045274118
0.24148571631996874
0.062754081039464
0.7288953965018761
0.04504256911248128
0.3364905675635843
