runtime, avg distance, avg std pop
10,127.629,7.4493995
20,127.472,7.3418474
30,127.722,7.6625285
40,128.005,7.54989
50,127.396,7.335455
60,127.604,7.799151
70,127.487,7.362743
80,127.339,7.252068
90,127.621,7.49428
100,127.158,7.437675
110,127.569,7.583645
120,127.418,7.7171693
130,127.286,7.641856
140,127.259,7.8120513
150,126.83,7.4303145
160,127.271,7.838727
170,126.973,7.663369
180,127.067,7.4114842
190,127.517,7.420083
200,127.159,7.1647954
210,126.751,7.477062
220,127.368,7.2929835
230,126.436,7.601007
240,127.092,7.622185
250,126.909,7.8387423
260,126.673,7.2709413
270,126.387,7.3662043
280,126.857,7.308656
290,126.907,7.514997
300,126.462,7.2742095
310,126.497,7.138426
320,127.045,7.8141117
330,126.71,7.2657833
340,126.607,7.0654693
350,126.543,7.4651556
360,126.655,7.2887645
370,126.255,7.482071
380,126.172,7.6109385
390,126.355,7.503453
400,126.897,7.106746
410,126.042,7.541292
420,126.571,7.4404683
430,126.548,7.0831337
440,126.266,7.236143
450,126.36,7.521907
460,126.42,7.196805
470,126.38,7.2176166
480,126.175,7.2959576
490,126.329,7.148481
500,126.076,7.5832777
510,126.129,7.384967
520,125.66,7.401227
530,126.264,7.38224
540,126.064,7.608168
550,125.904,7.526938
560,126.189,7.3191137
570,126.053,7.4699335
580,125.843,7.551887
590,125.858,7.3583026
600,125.637,7.4604278
610,126.398,7.416024
620,125.531,7.592155
630,126.019,7.6027217
640,125.672,7.4708824
650,125.634,7.2851186
660,125.661,7.4083576
670,125.812,7.379473
680,125.587,7.627012
690,125.585,7.3262177
700,125.675,7.1854787
710,125.259,7.3561444
720,125.778,7.5702124
730,125.289,7.2034864
740,125.297,7.1317024
750,125.173,7.3710604
760,125.359,7.3592296
770,125.146,7.296012
780,125.325,7.362303
790,125.561,7.5294795
800,125.426,7.71568
810,125.26,7.5279765
820,124.999,7.3372087
830,124.963,7.419241
840,125.059,7.3699107
850,124.35,7.6387053
860,125.205,7.118801
870,124.628,7.2697706
880,125.142,7.4738674
890,124.31,7.421141
900,124.828,7.4671917
910,125.116,7.6150665
920,124.839,7.4462304
930,124.562,7.3972692
940,124.23,7.3259625
950,124.575,7.4143524
960,124.543,7.3216724
970,124.181,7.5737114
980,124.949,7.230606
990,124.378,7.495619
1000,124.423,7.4014564
1010,124.295,7.629209
1020,124.465,7.4587407
1030,124.654,7.5791698
1040,124.866,7.780934
1050,124.223,7.416365
1060,124.301,7.142077
1070,124.032,7.5782847
1080,124.64,7.1148224
1090,124.542,7.3438945
1100,124.195,7.4094806
1110,123.668,7.8106327
1120,123.663,7.278761
1130,123.982,7.4344115
1140,123.951,7.2727313
1150,124.243,7.726019
1160,123.985,7.3854723
1170,123.669,7.4116955
1180,124.118,7.7522984
1190,123.986,7.3778286
1200,124.352,7.3040094
1210,123.361,7.3655024
1220,123.918,7.3959017
1230,123.596,7.4818206
1240,123.597,7.5450783
1250,123.458,7.5136523
1260,123.938,7.445075
1270,123.328,7.362235
1280,123.582,7.1723485
1290,123.394,7.6109776
1300,123.932,7.347578
1310,123.168,7.3638005
1320,123.756,7.491084
1330,123.112,7.283589
1340,123.084,7.261038
1350,123.526,7.390814
1360,123.294,7.311299
1370,123.101,7.314408
1380,122.834,7.6911774
1390,123.195,7.2898097
1400,123.316,7.2262
1410,122.661,7.6237736
1420,123.282,7.327588
1430,123.242,7.5238776
1440,123.126,7.598279
1450,122.784,7.0615664
1460,122.386,7.157628
1470,122.414,7.175276
1480,122.701,7.1466036
1490,122.756,7.1566253
1500,122.31,7.342557
1510,122.165,6.898679
1520,122.745,7.2271395
1530,122.306,7.2179027
1540,122.333,7.2994566
1550,122.837,7.137863
1560,122.032,7.2661924
1570,122.531,7.279528
1580,122.149,7.3520603
1590,122.224,7.6151624
1600,122.427,7.3866243
1610,122.154,7.0773077
1620,121.741,7.23604
1630,122.144,7.0822954
1640,122.586,7.5015187
1650,122.061,7.262555
1660,122.13,7.2279882
1670,122.268,7.2863398
1680,121.885,7.436065
1690,122.055,7.3811736
1700,122.054,7.2507935
1710,122.02,7.496009
1720,121.761,7.4180884
1730,121.31,7.445389
1740,121.271,7.6649914
1750,121.527,7.419876
1760,121.694,7.088728
1770,121.228,7.340292
1780,121.5,7.405498
1790,121.507,7.1694007
1800,121.192,7.59533
1810,121.483,7.545822
1820,121.624,7.004325
1830,121.249,7.150793
1840,121.366,7.154136
1850,121.539,7.1980505
1860,121.255,7.4321313
1870,121.104,7.3197026
1880,120.835,7.216709
1890,121.158,7.1744018
1900,121.35,7.8884015
1910,120.722,7.500752
1920,121.055,7.181363
1930,120.587,7.4329014
1940,120.682,7.3654356
1950,120.611,7.226053
1960,120.747,7.2565727
1970,121.035,7.0792885
1980,120.75,7.5343337
1990,120.424,7.3529863
2000,120.47,7.447889
2010,120.993,6.723183
2020,120.734,7.235669
2030,120.656,6.9669757
2040,120.48,7.2007213
2050,120.637,7.3926845
2060,119.865,7.1581903
2070,120.256,7.153348
2080,120.591,7.0167475
2090,120.075,7.3314342
2100,119.835,7.418131
2110,120.585,7.8080997
2120,119.986,7.280057
2130,120.651,7.5405345
2140,120.077,7.4856625
2150,120.367,7.379303
2160,120.556,7.0677247
2170,120.365,7.347042
2180,119.589,7.2877917
2190,119.932,7.4961934
2200,120.581,7.0731006
2210,119.662,7.520539
2220,119.755,7.432135
2230,119.722,7.1282244
2240,119.669,7.413069
2250,120.048,7.601579
2260,119.686,7.284262
2270,119.998,7.010842
2280,119.461,7.8403435
2290,119.478,7.485727
2300,119.14,7.593439
2310,119.42,7.2748485
2320,118.959,7.480641
2330,118.883,7.310264
2340,118.941,7.1068697
2350,119.515,7.4145527
2360,119.384,7.2240357
2370,118.666,7.3634214
2380,119.328,7.156
2390,118.905,7.660257
2400,118.669,7.2868505
2410,118.692,7.5037646
2420,118.866,7.2931337
2430,118.542,7.4142566
2440,118.756,7.2817817
2450,118.661,7.133246
2460,119.081,7.472687
2470,118.095,7.5650525
2480,118.383,7.681069
2490,118.251,7.3388867
2500,118.7,7.4935884
2510,118.696,7.3824897
2520,117.934,7.001107
2530,117.659,7.5327883
2540,118.1,7.1433167
2550,118.067,7.41651
2560,118.144,7.365907
2570,117.735,7.2632017
2580,117.835,7.283232
2590,118.264,7.2345996
2600,117.674,7.1177063
2610,117.818,7.563734
2620,117.664,7.313632
2630,117.816,7.475343
2640,117.427,7.5027556
2650,117.693,7.6757417
2660,117.361,7.231111
2670,117.129,7.415538
2680,117.637,6.8876095
2690,116.982,7.3500395
2700,117.313,7.3803844
2710,117.045,7.349276
2720,116.933,7.1498637
2730,117.223,7.513328
2740,116.878,7.1427913
2750,117.334,7.194861
2760,117.33,7.162798
2770,117.251,7.7337847
2780,117.112,7.113516
2790,117.004,7.161791
2800,116.932,7.4433575
2810,116.778,7.2903843
2820,116.43,7.0863843
2830,116.951,7.2142787
2840,116.79,7.1015954
2850,116.811,7.126225
2860,117.043,7.493556
2870,116.426,7.4304986
2880,116.847,7.5711904
2890,115.762,7.3214583
2900,116.231,7.437938
2910,116.549,7.221824
2920,116.331,7.4446745
2930,116.155,7.142009
2940,115.949,7.26676
2950,116.077,7.33185
2960,115.97,7.1754026
2970,115.498,7.147101
2980,115.94,7.5047913
2990,115.49,7.309003
3000,115.452,7.249982
3010,115.51,7.09481
3020,115.504,7.390544
3030,115.82,7.4340434
3040,115.335,7.071076
3050,115.57,7.128189
3060,115.267,7.13656
3070,115.577,7.1963234
3080,115.512,7.335588
3090,114.842,7.273557
3100,115.546,7.2790504
3110,115.012,7.457271
3120,114.859,7.2167745
3130,114.539,7.1207247
3140,114.364,7.2204304
3150,114.591,7.425241
3160,114.47,7.088562
3170,114.815,7.223316
3180,114.576,7.3253517
3190,114.37,7.2073116
3200,114.279,7.0805364
3210,114.418,7.138894
3220,114.574,6.972777
3230,114.297,7.414607
3240,114.631,7.153355
3250,114.108,6.9734025
3260,114.653,7.407768
3270,114.2,7.15075
3280,114.253,7.2322097
3290,114.306,6.9077277
3300,113.866,7.2310643
3310,113.973,7.214693
3320,113.84,7.1496363
3330,113.859,7.134294
3340,113.999,7.1928535
3350,113.613,7.1195107
3360,113.403,7.1867986
3370,113.978,7.29243
3380,113.485,7.523671
3390,113.903,7.143023
3400,112.78,7.3966393
3410,112.957,6.9891276
3420,113.356,7.2581916
3430,113.302,7.3535304
3440,113.1,7.2271667
3450,113.112,7.257163
3460,112.743,7.2127275
3470,113.185,7.1029296
3480,113.539,7.311986
3490,113.074,7.3658156
3500,112.438,7.3572845
3510,112.535,7.2598352
3520,112.341,6.848064
3530,112.87,7.593747
3540,112.354,7.0187964
3550,112.125,7.5966926
3560,111.847,7.218661
3570,112.389,7.16374
3580,112.498,7.2714934
3590,112.098,7.233684
3600,112.387,7.63455
3610,112.109,6.96879
3620,111.878,7.1487093
3630,111.655,7.3109593
3640,112.129,7.1159697
3650,111.436,7.440302
3660,111.998,7.0050225
3670,111.547,7.3936877
3680,111.545,7.211641
3690,111.961,7.1284847
3700,111.222,7.006254
3710,111.394,7.168573
3720,111.66,7.3641143
3730,111.19,7.2105837
3740,111.265,7.3935394
3750,111.319,7.2836637
3760,111.22,7.247982
3770,110.841,7.319894
3780,110.636,6.9188914
3790,111.045,6.834223
3800,110.437,7.086012
3810,110.532,7.2804146
3820,110.835,7.2601013
3830,110.772,7.183675
3840,110.074,7.1619
3850,110.036,7.2475605
3860,110.252,6.7975383
3870,110.098,7.207631
3880,110.695,7.0846586
3890,110.218,7.1405597
3900,110.024,7.0871263
3910,110.079,7.0617657
3920,110.408,7.096192
3930,109.79,7.2497015
3940,109.495,7.2626176
3950,109.564,6.951362
3960,109.261,6.98244
3970,109.546,7.058906
3980,109.878,7.0023394
3990,109.469,7.299934
4000,109.775,7.1422834
4010,109.866,7.302758
4020,109.326,7.1862903
4030,109.389,7.101031
4040,109.19,7.4659853
4050,109.246,7.1931067
4060,108.463,7.193892
4070,109.102,7.2606487
4080,109.078,7.1061916
4090,108.976,7.176834
4100,108.794,6.9467297
4110,108.619,7.3535557
4120,108.638,7.149575
4130,108.451,7.26151
4140,108.528,6.8991303
4150,108.454,7.727263
4160,108.634,6.9860377
4170,108.259,7.436823
4180,108.428,7.343963
4190,108.112,7.1938148
4200,107.767,7.0952425
4210,107.729,7.081938
4220,107.798,7.2327714
4230,107.605,7.0065475
4240,107.062,7.312864
4250,107.451,6.8405156
4260,107.694,6.916837
4270,107.589,7.142064
4280,107.329,7.0918865
4290,107.569,7.03858
4300,106.999,6.9150786
4310,107.554,7.150306
4320,107.031,7.1103187
4330,106.947,7.021763
4340,107.053,7.1312947
4350,106.738,6.9061847
4360,106.795,7.0058885
4370,106.8,6.884061
4380,107.42,7.186281
4390,106.974,7.1273003
4400,106.381,6.8986645
4410,106.49,7.0952454
4420,106.282,7.1117206
4430,106.246,7.1192417
4440,106.572,7.136681
4450,106.111,6.9683375
4460,105.887,7.069563
4470,106.101,7.132335
4480,105.807,7.3260083
4490,105.653,7.0050035
4500,105.744,7.245091
4510,105.77,7.1173677
4520,105.6,7.292953
4530,105.501,7.1587157
4540,105.676,6.802676
4550,105.252,7.0643353
4560,105.003,7.1071906
4570,105.274,7.1994843
4580,105.558,7.5139875
4590,105.212,6.8633685
4600,105.252,7.006408
4610,105.115,6.9926796
4620,104.653,7.413672
4630,104.848,6.910217
4640,105.184,6.8428297
4650,104.809,6.972042
4660,104.267,7.09644
4670,104.208,6.9458113
4680,104.274,6.676755
4690,104.348,7.1328
4700,104.217,7.0737457
4710,104.319,6.874136
4720,104.045,7.0957203
4730,104.376,7.1206226
4740,104.12,7.205801
4750,104.03,6.873736
4760,104.159,6.8851237
4770,104.198,7.069076
4780,103.694,6.990831
4790,103.466,6.919268
4800,103.595,7.1090946
4810,103.621,7.0489564
4820,103.63,6.947447
4830,103.156,7.132174
4840,103.189,7.2658277
4850,103.708,7.366125
4860,102.798,6.884183
4870,103.119,6.8997884
4880,102.793,6.830215
4890,102.871,6.9325385
4900,102.965,6.9678326
4910,103.065,7.223476
4920,102.487,6.864338
4930,102.922,7.2555037
4940,102.807,7.0146294
4950,102.314,7.0412602
4960,101.948,7.1960144
4970,102.401,7.0579624
4980,102.041,6.9852753
4990,101.837,7.0225163
5000,102.136,6.8899803
5010,102.207,7.203339
5020,101.614,6.831269
5030,101.733,6.7116437
5040,101.609,6.975207
5050,101.024,7.0135765
5060,101.861,6.9223933
5070,101.653,6.88877
5080,101.844,6.7849107
5090,101.382,7.001027
5100,101.599,6.917347
5110,101.21,6.8694224
5120,101.169,6.9822154
5130,100.802,6.892359
5140,101.089,6.8027897
5150,100.894,6.644198
5160,100.602,6.976779
5170,100.374,7.1252728
5180,100.751,6.908783
5190,100.729,7.167677
5200,100.669,7.1041155
5210,100.477,6.961229
5220,100.345,6.7886324
5230,100.075,6.856763
5240,99.964,6.8610377
5250,99.709,7.2728357
5260,99.676,7.164877
5270,99.807,7.0081763
5280,99.379,6.876379
5290,99.507,6.9852138
5300,99.627,6.906621
5310,99.476,7.1261363
5320,99.652,6.996595
5330,99.781,6.805415
5340,99.224,7.264197
5350,99.263,6.9129834
5360,99.149,6.9332933
5370,98.738,6.9538784
5380,98.963,7.098171
5390,99.047,6.8473287
5400,98.498,6.9573
5410,98.701,7.225932
5420,98.587,6.849237
5430,99.087,6.934659
5440,98.653,6.799643
5450,98.447,6.6223783
5460,97.954,6.7585645
5470,98.506,6.9040265
5480,97.664,6.817114
5490,98.221,6.673671
5500,97.754,6.9257784
5510,98.084,6.810675
5520,98.245,6.7204876
5530,97.802,6.9730086
5540,97.406,6.9238615
5550,97.724,6.6090264
5560,97.335,6.9639473
5570,98.232,6.724286
5580,97.627,6.815381
5590,97.677,6.5976048
5600,97.189,6.769634
5610,97.404,6.7379255
5620,97.516,6.798553
5630,96.839,6.977332
5640,97.064,6.9094915
5650,96.841,6.9002547
5660,97.053,7.0149083
5670,96.405,7.0781856
5680,96.589,6.8857937
5690,96.548,6.8985996
5700,97.023,6.798787
5710,95.787,6.650936
5720,96.474,6.9662066
5730,96.135,6.725365
5740,95.871,6.7497835
5750,95.933,6.657752
5760,95.853,7.038993
5770,96.049,6.7915606
5780,95.642,6.6249623
5790,95.842,7.098891
5800,95.469,6.926138
5810,96.093,7.0221405
5820,95.265,7.283595
5830,95.515,7.114918
5840,95.491,6.839988
5850,95.211,6.484691
5860,94.733,6.5554547
5870,94.788,6.7596617
5880,95.111,6.8098836
5890,95.249,6.73253
5900,95.063,6.9531193
5910,94.834,6.6758647
5920,94.759,6.913635
5930,94.762,6.8275394
5940,94.611,6.611455
5950,94.275,6.7341065
5960,94.428,6.6936574
5970,94.413,6.9234657
5980,94.645,6.8511524
5990,94.282,7.0054326
6000,94.288,6.9340305
6010,93.996,7.0794806
6020,94.058,6.987594
6030,93.622,6.966725
6040,93.671,6.8619413
6050,93.646,6.8289714
6060,93.704,6.7000947
6070,93.459,6.7726545
6080,93.569,6.4211354
6090,93.22,6.619876
6100,93.315,6.74202
6110,93.516,6.8196406
6120,93.428,6.6643176
6130,92.817,6.795162
6140,92.794,6.7254143
6150,93.368,6.673554
6160,92.31,6.8865504
6170,92.661,6.509214
6180,92.585,6.6052575
6190,92.61,6.771003
6200,92.069,6.7751164
6210,92.748,6.5512233
6220,92.265,6.745625
6230,91.936,6.6154027
6240,91.767,7.0964613
6250,92.239,6.9463153
6260,91.551,6.9067855
6270,91.833,6.754776
6280,91.896,6.9362445
6290,91.617,6.6061635
6300,92.062,6.7200737
6310,91.492,6.450839
6320,91.316,7.065453
6330,91.601,6.492431
6340,91.181,6.7748218
6350,91.369,6.6569057
6360,91.495,6.789108
6370,91.113,6.3164244
6380,91.403,6.806276
6390,91.388,6.7794495
6400,90.597,6.597829
6410,91.297,7.01302
6420,90.811,6.925214
6430,90.699,6.846233
6440,90.703,6.6193323
6450,90.494,6.77024
6460,90.635,6.746937
6470,90.138,6.744564
6480,90.339,6.806691
6490,90.016,6.7342024
6500,90.27,6.670295
6510,89.598,6.6917596
6520,90.021,6.464693
6530,89.997,6.319902
6540,89.866,6.614188
6550,89.464,6.57201
6560,89.692,6.46412
6570,89.23,6.7248793
6580,89.65,6.5025706
6590,89.406,6.729326
6600,89.929,6.5308514
6610,89.526,6.6635213
6620,89.326,6.8626223
6630,88.981,6.711131
6640,88.934,6.398339
6650,88.948,6.355932
6660,88.809,6.496346
6670,88.917,6.8401275
6680,88.548,6.7010236
6690,88.681,6.6871395
6700,88.245,7.075315
6710,88.545,6.7841887
6720,88.722,6.730066
6730,88.594,6.551604
6740,88.169,7.013611
6750,88.292,6.8120837
6760,88.22,6.740378
6770,88.128,6.6314073
6780,87.728,6.689226
6790,88.231,6.6085496
6800,88.061,6.529282
6810,87.522,6.4456725
6820,87.662,6.310401
6830,87.378,6.2657127
6840,87.358,6.634175
6850,87.583,6.3225226
6860,87.746,6.684024
6870,87.254,6.2675457
6880,87.43,6.5775123
6890,87.247,6.7077446
6900,87.176,6.9992676
6910,86.828,6.457317
6920,86.873,6.649844
6930,86.808,6.577268
6940,86.892,6.696392
6950,87.006,6.46587
6960,86.704,6.5294523
6970,86.396,6.4446507
6980,86.32,6.454889
6990,86.554,6.6739354
7000,86.468,6.63768
7010,86.392,6.541655
7020,86.202,6.3993077
7030,86.171,6.3535557
7040,85.554,6.9383717
7050,85.897,6.4247465
7060,86.027,6.645942
7070,85.786,6.654626
7080,85.585,6.403545
7090,85.434,6.625838
7100,85.309,6.4330354
7110,85.357,6.606393
7120,85.643,6.564634
7130,85.209,6.5958014
7140,85.16,6.377245
7150,84.538,6.3760915
7160,85.559,6.244267
7170,84.827,6.357057
7180,84.872,6.624732
7190,85.056,6.2704983
7200,84.891,6.385188
7210,84.413,6.252821
7220,84.589,6.47428
7230,84.443,6.2732487
7240,84.477,6.582334
7250,84.513,6.5677295
7260,83.932,6.3771586
7270,83.899,6.689714
7280,83.876,6.607286
7290,83.805,6.377463
7300,84.057,6.2916956
7310,83.86,6.530175
7320,83.903,6.0436482
7330,83.714,6.4045696
7340,83.832,6.362439
7350,83.727,6.463407
7360,83.409,6.4531884
7370,83.417,6.3433137
7380,83.171,6.1501727
7390,83.286,6.444942
7400,83.617,6.271494
7410,83.603,6.661423
7420,83.542,6.3949394
7430,83.543,6.479713
7440,82.676,6.553539
7450,83.046,6.5986547
7460,82.415,6.429302
7470,82.96,6.363481
7480,82.634,6.405042
7490,82.237,6.2122874
7500,82.301,6.3025627
7510,82.054,6.4080634
7520,82.245,6.2820754
7530,82.773,6.2872963
7540,81.808,6.574683
7550,82.36,6.354054
7560,82.064,6.482663
7570,82.408,6.5547924
7580,82.348,6.302937
7590,81.906,6.2685027
7600,82.143,6.1165447
7610,81.941,6.2362885
7620,81.505,6.390359
7630,81.47,6.3507705
7640,81.381,6.281461
7650,81.738,5.8533373
7660,81.411,6.2082977
7670,81.274,6.4403973
7680,81.409,6.6907625
7690,81.649,6.2685924
7700,81.036,6.376727
7710,81.143,6.4227486
7720,81.016,6.098829
7730,81.143,6.1684628
7740,81.109,6.3658686
7750,80.748,6.4231114
7760,80.568,6.0711493
7770,80.721,6.335791
7780,80.809,6.2994847
7790,80.197,6.4927287
7800,80.661,6.559915
7810,80.047,6.502853
7820,79.732,6.1334734
7830,80.219,6.2479863
7840,80.037,6.368719
7850,80.132,6.296757
7860,80.052,6.602251
7870,80.012,6.1484857
7880,79.882,6.315456
7890,79.761,6.5723248
7900,79.9,6.429743
7910,79.69,6.3476496
7920,79.251,6.656908
7930,79.52,6.382825
7940,79.719,6.481282
7950,79.683,6.4438777
7960,79.601,6.1326165
7970,79.381,6.313938
7980,79.504,6.2533817
7990,79.127,6.209994
8000,79.492,5.9351826
8010,79.204,6.2047353
8020,78.744,6.2801323
8030,79.051,6.302409
8040,78.984,6.1340427
8050,78.731,6.3523006
8060,78.814,6.2967725
8070,78.863,6.2652063
8080,78.392,6.260011
8090,78.308,6.360954
8100,78.34,6.3315606
8110,78.443,6.048921
8120,78.29,6.0929976
8130,78.321,6.323247
8140,77.837,6.531525
8150,78.434,6.289791
8160,77.739,6.3174453
8170,77.749,6.222647
8180,78.313,6.0404854
8190,77.78,6.4422784
8200,77.243,6.424246
8210,77.551,6.58729
8220,77.293,6.0783367
8230,77.201,6.306763
8240,77.556,6.4942937
8250,77.413,6.212343
8260,77.61,6.185629
8270,77.36,6.0425997
8280,77.293,6.112922
8290,76.922,6.01448
8300,76.654,6.067812
8310,77.126,6.1455173
8320,76.261,6.069656
8330,76.831,6.3887596
8340,76.685,6.21621
8350,76.705,6.2062407
8360,76.563,6.056667
8370,76.591,6.0172315
8380,76.242,6.143495
8390,76.513,5.8227177
8400,75.985,6.233644
8410,76.258,6.2006025
8420,76.046,5.9832478
8430,75.662,6.315863
8440,76.513,6.188415
8450,76.135,5.979283
8460,75.942,6.0117793
8470,76.036,6.2391944
8480,75.664,5.992645
8490,76.036,6.108253
8500,75.733,6.0759945
8510,75.491,5.865415
8520,75.661,6.106184
8530,75.523,6.158596
8540,75.29,6.0030622
8550,75.135,6.201359
8560,74.987,6.1845574
8570,75.172,6.0874305
8580,75.209,6.0463567
8590,75.289,5.8862915
8600,74.864,5.916621
8610,74.842,5.7890406
8620,75.249,5.998009
8630,74.765,5.959222
8640,74.561,6.0574074
8650,74.841,5.9173527
8660,74.627,5.973849
8670,74.359,6.0401073
8680,74.716,6.0910926
8690,74.373,6.0929785
8700,74.078,6.011132
8710,74.84,6.23737
8720,74.557,5.949249
8730,74.26,6.1023536
8740,73.876,6.1512604
8750,74.178,5.958756
8760,73.95,5.9162407
8770,73.92,5.8212605
8780,74.14,5.88206
8790,73.898,6.043605
8800,74.083,6.0180364
8810,73.521,6.0799947
8820,73.388,5.807005
8830,73.737,6.144789
8840,73.31,6.138924
8850,73.278,5.9740005
8860,73.324,5.8674717
8870,73.328,6.136984
8880,73.185,6.0185676
8890,73.51,6.073541
8900,73.145,5.92478
8910,73.21,6.139621
8920,72.812,6.0916243
8930,73.32,5.843434
8940,72.642,6.23727
8950,73.176,6.177534
8960,72.623,5.795277
8970,72.927,5.925555
8980,72.941,5.9186416
8990,72.71,6.078051
9000,72.481,5.9609265
9010,72.487,6.338132
9020,72.549,6.0541964
9030,72.645,5.857505
9040,72.448,5.84348
9050,72.084,5.9345284
9060,71.975,5.7430854
9070,72.125,5.694157
9080,72.268,6.0522084
9090,72.299,5.991171
9100,72.107,6.0701528
9110,71.967,5.743379
9120,71.936,5.813699
9130,71.967,5.921581
9140,71.106,5.784118
9150,71.714,6.024713
9160,71.6,5.7629185
9170,71.244,6.0006795
9180,71.154,6.1621275
9190,71.491,6.0893764
9200,71.156,5.8193703
9210,71.57,5.9659333
9220,70.796,5.958841
9230,70.928,6.0945835
9240,71.105,5.9471908
9250,70.726,5.983035
9260,71.061,5.9576607
9270,70.823,5.836199
9280,71.052,5.8228025
9290,70.424,6.2707863
9300,70.892,5.814228
9310,70.447,5.98858
9320,70.545,5.843508
9330,70.735,5.600403
9340,70.513,6.091159
9350,70.678,5.7093816
9360,70.168,5.793775
9370,70.187,5.8878593
9380,70.489,5.938338
9390,70.182,6.1180353
9400,70.237,5.8181005
9410,69.915,5.8975554
9420,70.174,5.757983
9430,70.256,5.881455
9440,69.686,5.852343
9450,70.11,5.8205647
9460,69.633,5.8019385
9470,69.649,5.7220697
9480,69.765,5.7864504
9490,69.606,5.8161187
9500,69.719,5.7330084
9510,69.177,5.9300117
9520,69.497,5.709719
9530,69.224,5.739083
9540,69.369,5.797063
9550,69.198,5.7350287
9560,68.845,6.1149726
9570,69.312,5.8298926
9580,68.665,5.9577928
9590,69.221,5.6962385
9600,69.256,6.0256133
9610,68.83,6.017241
9620,68.96,6.258591
9630,68.791,6.3714104
9640,68.752,6.336795
9650,68.639,5.698498
9660,68.469,5.885907
9670,68.043,5.6039715
9680,68.465,5.78169
9690,68.086,5.9851503
9700,68.463,5.691362
9710,68.296,5.739982
9720,68.228,5.9557066
9730,67.942,6.110074
9740,68.207,5.941412
9750,67.952,5.7930865
9760,67.889,6.041836
9770,67.879,5.7451687
9780,67.942,5.9575324
9790,67.911,5.7692842
9800,67.58,5.833803
9810,67.499,5.788362
9820,67.365,6.044762
9830,67.403,5.564688
9840,67.194,6.1762743
9850,67.797,6.0202556
9860,67.575,5.8728657
9870,67.412,5.6536474
9880,67.178,5.758493
9890,66.905,6.237059
9900,67.227,6.604496
9910,66.997,5.990875
9920,67.52,5.6864457
9930,66.704,6.768452
9940,66.416,5.9704027
9950,66.635,5.815236
9960,66.872,5.5959277
9970,66.22,6.2815557
9980,66.568,5.9790664
9990,66.28,6.237673
10000,66.361,6.2553706
