128 2 3
0
29
57
1
3
18
2
20
23
3
15
31
4
21
105
5
37
81
6
57
90
7
90
105
8
56
107
9
21
73
10
38
90
11
54
119
12
73
127
13
97
120
9
14
53
15
31
109
16
46
127
11
17
51
18
49
83
19
28
106
20
27
116
21
27
70
3
22
108
23
45
120
24
40
84
14
25
39
26
78
101
18
27
61
28
68
91
29
109
111
10
30
48
31
61
81
32
55
56
33
34
45
34
54
81
35
52
99
6
36
90
37
70
84
38
90
121
3
39
123
9
40
82
41
65
92
42
72
107
8
43
78
44
103
108
29
45
112
2
39
46
47
75
94
48
90
97
49
54
99
20
34
50
29
51
91
34
52
104
23
53
73
14
54
124
27
47
55
11
56
82
9
57
101
15
20
58
59
73
114
5
60
69
12
61
84
24
62
127
47
63
99
47
64
107
13
59
65
5
38
66
22
55
67
54
68
71
69
76
111
37
62
70
14
15
71
35
72
113
37
72
73
30
74
115
14
75
105
9
69
76
10
77
108
22
78
121
66
72
79
24
43
80
15
81
95
8
82
95
83
89
98
66
84
120
85
98
127
86
87
108
28
44
87
9
23
88
66
89
116
36
90
127
56
91
101
42
60
92
41
51
93
8
41
94
42
95
112
13
46
96
50
53
97
51
90
98
17
99
121
33
75
100
25
68
101
34
102
127
103
115
118
64
88
104
24
79
105
62
73
106
24
58
107
108
115
122
80
104
109
13
46
110
56
59
111
100
112
115
51
75
113
2
77
114
16
39
115
71
72
116
92
107
117
77
110
118
11
112
119
29
104
120
30
103
121
18
45
122
70
89
123
46
60
124
41
82
125
44
104
126
62
75
127
0.27885044988826035
0.11812135718546324
0.0007511957027307448
0.6248004844391881
0.6062185334181175
0.32523789090220967
0.25475615076012004
0.4379417524857241
0.22052853145424944
0.2743373797117865
0.5479587280054667
0.4240160421685577
0.8063598019615648
0.507789267500898
0.056637824376935764
0.903131277167072
0.44231233502126677
0.2927377139725714
0.7130425801885155
0.6444637490101389
0.3139964527368957
0.6783320403351619
0.5648071857263279
0.3561729123840205
0.9246910076065744
0.8883559259845585
0.9839896623090841
0.6839936513674657
0.037431160261215846
0.29666646824503784
0.11401294775883652
0.46882915987338014
0.6238174846951378
0.22397850203427072
0.8388153586971221
0.2062523883412163
0.5703145589532076
0.1699664060844719
0.05158158410804292
0.4096911209887488
0.37545492749097786
0.25760441303319714
0.8887135716790507
0.522069603009764
0.7199304186903388
0.5693103234423932
0.6659644684565784
0.7078987567034513
0.3256487471023565
0.8808138425004514
0.7901599316990171
0.6442254869970997
0.37206407885683856
0.3277291188220126
0.05408587386758845
0.7536993129963047
0.2140226450348388
0.4025156391219017
0.8289365845951955
0.7633212108312272
0.32207916123539393
0.776900046056885
0.83825170794926
0.19839331694414186
0.9304534764223538
0.20900398220968663
0.8682228737274035
0.33889905368833506
0.28441007278626385
0.6799473525034525
0.13458283337168198
0.9674649308807168
0.086019422725362
0.681821281357123
0.21624153469324991
0.2757239551035737
0.1371194297667353
0.18940405739371102
0.774230394820849
0.009348445910305037
0.5904803077574918
0.47697925168338795
0.6495639300567296
0.8167283758478546
0.8624808671523208
0.24907643398958557
0.6976199180497232
0.7918634461433405
0.10855387217909995
0.6062206405086391
0.7716250274341774
0.6454063229945063
0.791567988873064
0.7693209871791101
0.676156347425343
0.5123614699157268
0.7746605771835825
0.4555134111621971
0.14789943063341526
0.4298055326915776
0.15818951902473255
0.8934863746054956
0.18581939305657058
0.26631677638419293
0.28615377805792575
0.9175688029885922
0.6007972178100802
0.07401701204792344
0.8966151771689373
0.4588119251973516
0.14722033565865533
0.03442155052446472
0.32754028837750193
0.8252325906329444
0.9289203857180891
0.8519288602660373
0.43962138109656645
0.5102303629335361
0.23946868811904198
0.6570737789978922
0.8176459984395786
0.3458448925935186
0.4554436520424928
0.2598575538947868
0.3299909331125823
0.12588569182231923
0.06345595973635332
0.9678944046886749
0.680622234587672
0.047489090972539505
0.8272218537796284
0.2899277165741452
0.9664100487893516
0.15535275288491357
0.39170774186430823
0.033776706234986964
0.03418596799019358
0.4207677157910714
0.8404027040282995
0.36857978534551805
0.6588437333340452
0.8715915060730187
0.3368432855730764
0.7530973517353248
0.7870521476246034
0.1427867351817672
0.7355670120254771
0.4292709571745409
0.7164927880075067
0.4904368156638673
0.9751297250669556
0.39236551264982333
0.8960378327895855
0.9456815942936101
0.08298556073239005
0.032761887186955385
0.2755956075831607
0.5118326278072898
0.7532902170431892
0.7971842185905359
0.419439786307792
0.35161686242773627
0.7549422754086457
0.07130774557361708
0.6808161868607
0.9100895848446376
0.5602202245252029
0.8336055110757115
0.3840098272044783
0.3682684104090238
0.45400296407457297
0.027816852485612942
0.431519097534229
0.3350206743989371
0.7158213060506179
0.8824150950910405
0.03363449122173012
0.8767354930075507
0.7563220226120897
0.3605362387353114
0.16392893380150297
0.8471931570570325
0.31853034465305685
0.023879741989469516
0.734849004225752
0.7001473705306193
0.629438548123591
0.7127148672049083
0.03936915259411844
0.3946197762753003
0.7400301868763507
0.919607931213533
0.5546996693224054
0.8173581000763276
0.04395022531397208
0.6569470544676476
0.46537508365193825
0.8718863041352571
0.813538925351734
0.4622830459118411
0.3273889447879478
0.3026063886933673
0.12271584870070584
0.4586442291974997
0.1174547777484688
0.35567418337240697
0.6920482375427369
0.5403654162989598
0.2128613634468145
0.03187597845251877
0.4680614994973258
0.1864795390385815
0.9229206578025497
0.9189638925342098
0.4624554120150467
0.04563929862605576
0.21290627280431074
0.7188336460146734
0.6493774110210443
0.7217530455517632
0.49610395407435237
0.7755978889950962
0.5028628905275604
0.4515884598117722
0.020225296948103044
0.7208759703547095
0.9529704304494382
0.24757718681271668
0.5922079568137087
0.45036867565607364
0.07743760416466405
0.6544510192143446
0.7519338108845214
0.50988526987065
0.5840503515863693
0.8188711935230006
0.045189052962940734
0.5301155306202269
0.6669161675334561
0.5087299081131593
0.6943646122008877
0.36483500671236313
0.20324373024625808
0.1251501933417446
0.42398596895329876
0.502473774253192
0.8928247266033456
0.2673258484387342
0.10723538940402311
0.5429529117211044
0.7026653842674303
0.8751544827801974
0.20748607375583206
0.9808628680953007
0.004184490213954173
0.768001122102098
0.6572062688441167
0.4421274634036283
0.12618097054446709
0.8190028491488682
0.6014994403296686
0.5575251082274002
0.12216224566966971
0.948984583143844
0.9394445667690019
0.9123381859106419
0.9271316595199948
0.5471196399910572
0.8330192952489588
0.4623093811345116
0.10755760282069671
0.8535907894142961
0.22176121814867888
0.1417762017367331
0.09528617331471789
0.7539888296005275
0.42345029980969384
0.31846705531123
0.5317619567464124
0.8079480574789549
0.37605575367723376
0.8589571926762324
0.7335597785145058
0.18453748937486114
0.3841183714088511
0.8816670596273304
0.18283741646543672
0.9786249686483459
0.13123846136887918
0.18163786226977352
0.7550555344372536
0.08591359439522572
0.33286798740929247
0.38815152513928064
0.2969843364463599
0.9542235587975104
0.6463901721153568
0.8950682124196971
0.1786796836203821
0.10604365058287624
0.043682485307233176
0.22611370049594837
0.7738120848770372
0.3548077398860219
0.22076337623631237
0.8897375815235484
0.1242845679891541
0.3094644672842227
0.9711839668537209
0.4793425801403933
0.4714238187846326
0.6310584105407766
0.636043266513942
0.48124674225571873
0.14827739087338054
0.4850288406103529
0.5929645443576781
0.18855700718850543
0.1729538784139435
0.9052014672423068
0.4072278181718123
0.8386000443221149
0.042027981964819605
0.6914758616137011
0.1551924534476593
0.5876765913897983
0.9866041640583865
0.0012131680142624113
0.2863708240510997
0.7123165995726733
0.37549476577506946
0.8944719618456848
0.3347451832527626
0.14206781646480837
0.895165947361284
0.43265052329658593
0.4611453482329213
0.13190988929227032
0.047815593067763396
0.17123309057799074
0.9520783865182673
0.46611708220652304
0.8832114790013571
0.4468361322387342
0.3394735537210243
0.7406315371778097
0.2801602971604168
0.7654702369844364
0.4378960182421905
0.33769638786529177
0.3560940866785406
0.2728711296825468
0.163090033639951
0.542675790196891
0.10287723632216095
0.4385421005608846
0.3559736859184286
0.3887648261710068
0.3208561172831832
0.631992036721501
0.43308461405175747
0.0899520516400939
0.47087843976152466
0.05371737581973879
0.9945155254569158
0.36792067362605496
0.6936767896988689
0.661580934918199
0.9187949661137055
0.3537944061921079
0.5538755566543022
0.2048402872830436
0.06578502652250129
0.07491093621813949
0.13164963338992686
0.04521634484040604
0.5308234509241826
0.34609985433032864
0.8045487982750594
0.45722050656456226
0.46052595456523604
0.8212760686321148
0.8822125602445839
0.30436176347815913
0.7511034680851251
0.9784908246430185
0.333349890037954
0.3354499801560469
0.26089378754014547
0.05301751623100004
0.12059471362554453
0.9678163197931952
0.38277743691341826
0.6760281436587523
0.981297995896191
0.25815298144111
0.9182961387134129
0.5655788904026139
0.5042733779675787
0.293244817681244
0.3077114865414603
0.05977356891491714
0.21269403273270682
0.6552593252310291
0.006936115940760157
0.22583984090694986
0.056886744683359525
0.7463337454385948
0.6070582027251432
0.56905822238086
0.28315321764362034
0.4711892914887611
0.4855944713438842
0.45400663298145283
0.40887935710600376
0.7094329012384913
0.3313560293827458
0.03397137105495596
0.6556954260228712
0.8806381242114374
0.9662979743855921
0.7703002640742059
0.50144457727288
0.7619814556694793
0.16334449137431695
0.2717709061170349
0.3584842611400283
0.5481037691497247
0.30123849527362967
0.19920274321463827
0.23356023021708727
0.42024163721519825
0.8517111807483885
0.7583235784519538
0.9886742952790061
0.8259702036008423
0.24422037489927095
0.32325653115324127
0.5193812767464814
0.803286076699232
0.12478412723664234
0.5912659448110047
0.26821960922798727
0.5149229396160782
0.9467859675775703
0.21393100209327154
0.10978251858585553
0.4711361148347668
0.8865721893408219
0.684327296102627
0.09345927924948205
0.5310333707520809
0.9581405816047329
0.0347770771487782
0.7003441434826607
0.8868545533070815
0.7847073121618346
0.3083769033887688
0.3242138962668396
0.7497231144257605
0.8989185751864779
0.9814979271526971
0.5921697319050578
0.5928484761361615
0.31371400247348313
0.9915000988804858
0.4708773638401832
0.6177194739475627
0.39281608354054
0.5261614709106044
0.3355207778779985
0.045992425691882
0.7605494021093538
0.38645634810724083
0.6515290415765993
0.2505254395607298
0.8199534630828673
0.944276329767464
0.2886522537041283
0.43017245378719504
0.15714910882118294
0.6465693566077784
0.7894443555313009
0.21339200517287116
0.8230567968594232
0.5145793626487235
0.579486563753311
0.17212092765896336
0.8593598800670933
0.9385122772259131
0.3843434184390202
0.417366000127502
0.5783334274396408
0.8855560669742468
0.3219701558184166
0.16968005289660126
0.8381200257982843
0.7503692746261542
0.6838403913422524
0.696683066697152
0.2464396401055441
0.1742064568297481
0.48413029191543666
0.8049182834774534
0.12544893968210058
0.3817107251212376
0.24014541333346928
0.31606265108123266
0.9668745719122346
0.5304795752668648
0.11895288069257215
0.6184128405687295
0.6025724353258356
0.6669760065341049
0.6518797346911657
0.35767231299229607
0.7621141900140623
0.34272320401991563
0.3544977484721733
0.4946289281813183
0.34283165131948645
0.3568290951201515
0.10705716852291891
0.10586705668346152
0.3506680366901326
0.8811638914167109
0.42313245555818246
0.6149314928827575
0.8321708390485982
0.34545013368255484
0.60447733014326
0.399207503628057
0.7266179912192868
0.5900710088887371
0.9930605491597444
0.4425913163603973
0.9056889595619421
0.2853997213155116
0.7969798503121619
0.854901206078728
0.24648672291597395
0.5942609657445768
0.7927270179234334
0.02597810780876686
0.8802397825726779
0.4939706391112446
0.8084567904107628
0.547521496840169
0.2931666035028372
0.6116179555776825
0.6948257842199845
0.596817099495399
0.003909492257416769
0.12155719441954849
0.5724214923028842
0.2902628198675078
0.12433631855220717
0.6435347411285532
0.005720172147901992
0.562786536196341
0.5782933120614363
0.2731708723534413
0.7776410572256236
0.6454417626710276
0.7363131060790326
0.21446631743284905
0.7892875720255906
0.3438144587539328
0.5323017008053967
0.9867434980005182
0.6179159740725046
0.024559219282471623
0.9555700046067178
0.22191254750169087
0.9979132375352953
0.9762631026889177
0.04621916583879804
0.12987898066105497
0.015536693892542308
0.31492674345236094
0.2312692949817443
0.8453774754446812
0.8044686800733143
0.744364163273837
0.49381973624830744
0.6891655339585117
0.1524571020876132
0.8382522339078229
0.6525375817133433
0.12110568604129912
0.6290987267577663
0.2629731759541002
0.0970380803679316
0.6382815808417839
0.5564635673452438
0.5135013222373073
0.39306406612766875
0.8854201734651986
0.5455691151117747
0.2195403910470105
0.0012633553225651628
0.26073362949364065
0.41986274702463855
0.41094321904017694
0.8357491291382764
0.25059769498955164
0.05306381764062895
0.8317368040216584
0.010866927130906645
0.7246273113146954
0.8047332626942809
0.6121513435445293
0.9219913771924674
0.2666607348207316
0.4508577714340568
0.25584296839265597
0.6748544394801927
0.6591052285374628
0.024345657929624065
0.6674205089327964
0.7088608564384888
0.9262827854379139
0.5683699535770758
0.7782068508810365
0.4262793393268989
0.4741748550727294
0.001782625107044189
0.2058525829316259
0.028548513345717508
0.5808456133757702
0.6336462756276724
0.9505481194955927
0.48263304593127965
0.20654670250829277
0.701189344625001
0.27861354053285625
0.19137272896977076
0.7186677890741884
0.23538804218510945
0.36403110192339816
0.12268605173191949
0.32166483193677553
0.5014916970187898
0.23197171165527053
0.6298448822176423
0.4886207268016164
0.5479533794407337
0.1580753989719318
0.22356074742319143
0.6926783608593168
0.4991934877248072
0.12360250129833639
0.6310915113717921
0.03447181545012268
0.5113055059259956
0.6766323206269422
0.8654025476394065
0.20116361817158113
0.17114233394995793
0.326523811749294
0.4586421276604238
0.5060038016283148
0.2181657408158204
0.5946950525406373
0.22578660839663933
0.686433004361369
0.3865226401994598
0.7683993719151594
0.5157185927674057
0.7209232556771618
0.37902765852274123
0.30125320071887185
0.4002836760357159
0.925007466558528
0.5945339692429336
0.6982057267037596
0.7113149475274226
0.16607982949165645
0.6531535636532392
0.38315986694641846
0.949527136503451
0.43470334147090417
0.10092876644864546
0.9987547350311977
0.5287443654161085
0.6709201549948325
0.9075850244139892
0.7054079782263561
0.7865512907610108
0.8699304992371558
0.09977911672399042
0.8426006596168745
0.2535813752739462
0.6670243905460811
0.0931348187259593
0.09037462720781297
0.6520194027054654
0.9110557324639007
0.8219174422473351
0.3281021769840907
0.4961286747156817
0.753867709167546
0.9282559367294041
0.24026942420512876
0.4646873772090909
0.01491484631730211
0.791619509985383
0.5074470678026646
0.492758869729666
0.07851230697544276
0.5280673696884816
0.17840885153710218
0.18934761415931933
0.21071758828698384
0.3955647915123547
0.4922691356532126
0.17315565858764748
0.6252158179503104
0.4359462517530631
0.1255629120208267
0.3495723561946634
0.5949948808988933
0.9209788738127764
0.6189797039605511
0.2013805507926243
0.5733006607769914
0.22184978363169472
0.7134431570005011
0.12038317707046431
0.36062765159119203
0.7144190629231361
0.34800147581109986
0.6184383536892822
0.7418424633653246
0.4535364230184743
0.06469249377769848
0.2851570150388225
0.07258662759882961
0.27288128702911785
0.27023158461027885
0.5150356322039729
0.26083226424525907
0.3979053590529479
0.26101652921063057
0.049474023287105484
0.7295552666226751
0.6955445186128992
0.8866863001107576
0.9880248151244845
0.17981775830125457
0.2655503822534506
0.7747922287080434
0.010632259774956632
0.5088328996847615
0.6860908364512484
0.11657676375397319
0.05789761498353285
0.6392259183472354
0.8196700630422113
0.26073033048238825
0.6899029026032039
0.5640563414371738
0.3117201859607175
0.43414197964823675
0.872689145242489
0.4511513701089298
0.4942614651641647
0.5388608567977946
0.1060673430229272
0.9585701784198971
0.5487731068248279
0.07751461271177362
0.5392848243439784
0.9208225577154446
0.7475712335963995
0.9584358079314595
0.49959182329369367
0.9435582584748585
0.1015912149239172
0.3216609562685021
0.5946946473137344
0.3036491437559785
0.525727620447442
0.2780100206771361
0.41145610853476744
0.10809460731502851
0.1810081339515497
0.09121064352105124
0.746795883659048
0.163080828325053
0.7588309447803394
0.9160892600127531
0.4905278276720074
0.1785096047851612
0.42347027772374357
0.018333199889378538
0.18376209887650619
0.5967202138758892
0.29400986224278325
0.7923094403272141
0.5046888432466498
0.9552497697376165
0.6893529884679335
0.061853172222942066
0.9789341763931283
0.15303908329276428
0.7795659136295295
0.37856683006352787
0.97553334695342
0.4148780151559034
0.5014059112617687
0.14029962549195518
0.7694426905028485
0.2876911836795867
0.049169927971676186
0.8504952579934469
0.5513061248757986
0.98544837547106
0.3842936989245974
0.7460391363333831
0.7971614179188327
0.8883199323542198
0.6855708630562872
0.3205348514244142
0.6829291118474009
0.5269640002678136
0.8646694601318301
0.0258296114095532
0.5362021631512699
0.13719434176055356
0.1930493113591788
0.7174557855845669
0.12499212104841662
0.5722066753776844
0.4063478895280185
0.6547598097662434
0.4180444336221011
0.27913446287598265
0.4605643899289451
0.4552920098152483
0.28730935375252487
0.8973595650919199
0.4374461048288417
0.12207898338080136
0.8820212489136372
0.8332418336373679
0.9885588293530996
0.6580062464731659
0.6913837103736198
0.3699480766690443
0.9572909782116669
0.5525685188430384
0.7999140230344483
0.8281090392996943
0.2825243215474905
0.3238604229863936
0.13920947649922122
0.01787624213807637
0.7713856519733829
0.07116525585805178
0.23494507508491524
0.537996958408323
0.6073637889176525
0.5347859726150556
0.9497952546752848
0.33480132241303084
0.32807081864560916
0.43512044848722253
0.6858056602673794
0.41786087788647064
0.0482629000868493
0.34888452267188885
0.8813021029258654
0.9930151742087542
0.2034100888326119
0.7047783768682584
0.6945256415647997
0.6775493075049964
0.8520184639610041
0.2529923861295328
0.029612025847516987
0.14850423658126632
0.6231480978258828
0.1504838510840334
0.780173453269107
0.3123897814802562
0.8626752385034137
0.21336018511566734
0.6592567870819369
0.41874267683475097
0.1565992937506513
0.17618153361817923
0.2050148661244705
0.6658344345026641
0.10069883510940814
0.7083208596055292
0.6305641332721892
0.6128216872917782
0.8820830355993321
0.7660987321272381
0.1134472522729888
0.006315123016268354
0.4811541357244635
0.22555248757804658
0.9263832054518516
0.3604066575794226
0.7122518288089802
0.1400460529507661
0.4435096174072295
0.038329732366475855
0.8714679943858553
0.10863604361426049
0.3910774932058828
0.822314256224478
0.9202796338509727
0.6979575550487548
0.04174782264594912
0.1285018320337573
0.3395728378618421
0.9356231899940269
0.34329662610961686
0.26974337665527837
0.9403236215054505
0.35649695356690425
0.5209141785354088
0.6325612426542673
0.5668716879883484
0.8476779170871396
0.3601263897888096
0.5489413905416237
0.05308758799625857
0.8458898637381707
0.9554776379152142
0.9469158222959349
0.07159176838278247
0.2605267913944599
0.771304305211281
0.013838875452270027
0.7530487216268137
0.4418630624996003
0.6710552318736956
0.25806828953122474
0.9072985709208601
0.5222607160566424
0.20068680144636997
0.4162173442827424
0.44416430094773107
0.6600405288913849
0.6054409381552927
0.7189849572791426
0.9705580447996274
0.03692634999816491
0.2450866207476854
0.2423085811281932
0.9125615903631565
0.16862633474800504
0.2402919277062432
0.4453330603923098
0.508422078444187
0.30987609274211947
0.35201851250780125
0.8770189203203481
0.13325150732277613
0.7342946143734198
0.36484740369419966
0.4524513468694641
0.011617301121182422
0.501305018583019
0.8204455771465762
0.9150901024607863
0.7239540056490384
0.2532353205908199
0.1303594116348037
0.33606833437511063
0.5767505359712524
0.8931655388164861
0.4866553919055897
0.014667248469911298
0.12075709527872902
0.8091168085368808
0.9738034342977123
0.24051609266171203
0.5759189720519626
0.004294783570468086
0.7223750895806672
0.9677512252714411
0.5761736668431949
0.8052320602321353
0.9777381672383115
0.3426556544143412
0.7370199385872844
0.5453124124079606
0.6959705423043444
0.7465053378686201
0.8486823664462768
0.03754533240867608
0.8237654238283915
0.014896006584415922
0.06955403364319312
0.9808794087599134
0.7083003049773643
0.8817128665619248
0.18891656384630207
0.2661131001474841
0.6840999126793671
0.6488137093498355
0.4667757727093791
0.7252947792038672
0.6012671313413334
0.5793581376101932
0.553481235468982
0.11585372274122463
0.9228622196804703
0.15768397277133106
0.37067709989211217
0.9781931485146907
0.7754506882759197
0.458910659035455
0.2327011530170392
0.4525129697225797
0.8035046831213327
0.13279300501408753
0.9338178376237477
0.4571346304523537
0.5958771119992649
0.17168002084884093
0.08602243377903329
0.40548879156970263
0.4464220294722153
0.4920280292033088
0.6697872025185703
0.4059778836135942
0.41135222592061294
0.7770375704852333
0.988523289217333
0.5746063121802093
0.7574670383608137
0.44588962602405124
0.6741817368564572
0.6869583196727385
0.7936198371085111
0.565264109180949
0.21960237163042262
0.24280001765436132
0.2883573913755987
0.5463047680820291
0.1665145368453006
0.9416558112900014
0.1651655712594362
0.4721779694020376
0.5461293775802162
0.5147561728697888
0.6111869394825337
0.0852809751566489
0.44118274993051987
0.5191053733063392
0.707561474233544
0.570916226797063
0.5572127129447295
0.1097024037351434
0.4356249369743551
0.7076100525821615
0.7507341628449561
0.32169950948998904
0.38296419239938984
0.5970277495553571
0.06983729885987555
0.6211687127715081
0.07066757819735148
0.20380158163489215
0.16818298541292642
0.09449781926247058
0.36999196303583703
0.171273215364808
0.18661248992660395
0.2650708357210311
0.09336339865924881
0.6262800785366618
0.4106118701889485
0.7641580217481394
0.2580142916446714
0.526213163296511
0.6124854135553357
0.39598006294902344
0.7106066716065225
0.14189979082024284
0.14739341170803444
0.22021150160481973
0.989692459613675
0.3909607638912972
0.14085927150972632
0.6141286397795256
0.6945657336615203
0.3045147372956014
0.9687468148689081
0.34973607294691045
0.013314153104210136
0.33453563257253194
0.9480246537922142
0.5654285420484354
0.1625924640753823
0.8967626714940036
0.7092862279034022
0.6818796848201459
0.2721476950612496
0.09139271321625997
0.4762367509694294
0.3059736920432673
0.8587177794993218
0.3021720551764008
0.7362054881088879
0.3694677314747077
0.7031841569188386
0.7613529138200483
0.7608021122512729
0.16942440321688934
0.1812235526738999
0.8032286620567717
0.7950868954528385
0.9902684653253216
0.004872569153159256
0.9541120502538465
0.8881176482483941
0.06794794716283747
0.25432742522401
0.6139775313356172
0.04772609301947062
0.5798668842994001
0.7813072564256379
0.4645425725873171
0.17442008573065582
0.8880601046227005
0.8287218217258758
0.1887842394995607
0.3225788354634658
0.5309284928082172
0.9297896704043755
0.6742646910573044
0.45530704737516103
0.9564365770883123
0.39413018088256535
0.3448215861604036
0.09681376890856641
0.7503279028900207
0.13596459890276313
0.7011845887205049
0.8053407456047935
0.00298432977815577
0.8248625825715001
0.48841996047045866
0.8361762715754671
0.3084068917551349
0.04146659481546777
0.861067136949025
0.4282945238129712
0.7977156564307625
0.21668499102585437
0.8976036759708226
0.7671114516228049
0.674672780393921
0.9120643884096806
0.41758727651519356
0.21981888692310358
0.9077762042189448
0.37436573377576143
0.41867509186155694
0.09743621302591232
0.9684448334966459
0.6349560539528701
0.33643299182171793
0.012375827036914755
0.12623462394477591
0.765237695104961
0.47505154796878646
0.67869613981567
0.22101327485784017
0.907071727394381
0.4411817088842017
0.7299279413613879
0.9222348342059414
0.24210717139803617
0.22245417760990072
0.9127943045117175
0.3198374484125318
0.003778468714731309
0.8349535605035796
0.2651034954566086
0.400899548904754
0.08999030609037373
0.8626819406728653
0.6470198675862244
0.8995759778910697
0.9709909827968563
0.022756724257311567
0.12361450329365298
0.06953466679917442
0.20942823350869888
0.15997589903167853
0.5792473056595328
0.5376967646247226
0.14619503273425627
0.8073546891073189
0.15293590994910078
0.6815728838804803
0.24734239170717331
0.09777856298156073
0.824639000663178
0.2838372712686139
0.6002439917286347
0.34925948544454266
0.9461862649231308
0.10109959706904925
0.041705223110133915
0.8950052954165567
0.9160994810331639
0.4223648855519433
0.717034826854916
0.8966607249993352
0.5118112243493677
0.8017227144587384
0.03775434474280848
0.2340178409177034
0.026762999837949053
0.1425309570013753
0.019653522970387027
0.65861498279659
0.182448265569928
0.18093803936115738
0.43819627518506354
0.9903450195897727
0.43528152157903166
0.8586934540772558
0.8777294392633341
0.6821068143764047
0.9525188991291879
0.4825193123046291
0.7847983732574115
0.6037007819822401
0.1272928446715541
0.00981870349084557
0.8110957527285176
0.342593551000839
0.849609599022793
0.5869749137271185
0.016993277569579357
0.461956364605293
0.1396456396566178
0.7772327403091037
0.05572377296257458
0.16957542267730907
0.8376417813507703
0.053642081761956506
0.053969753250373564
0.5622787167054162
0.8349267425531788
0.6293334374056706
0.9914899218861245
0.16026712321718184
0.4756614506136817
0.7540139115710386
0.71909888174295
0.889116792002967
0.4000040563052708
0.9487073765627284
0.5206619683173985
0.06874072498898764
0.9978850804042834
0.9879484482958105
0.8722081305842794
0.9602192308653451
0.9927060043194286
0.6171272662159045
0.0994349313395062
0.8385930005850107
0.15182795583204245
0.11502164744764232
0.6608145844666705
0.16167443146878047
0.9405496901696202
0.17732146604024213
0.6588509749376524
0.48516021007420185
0.20951474835033368
0.42115863241174123
0.7278827669954974
0.4957142979877638
0.41798308050096056
0.36294923754404695
0.6967820123243101
0.68730483241989
0.178684294534028
0.24760046719182882
0.07269551835769006
0.6443255332443177
0.13145698360905522
0.1386881252628912
0.9457400152702361
0.41439930083033105
0.7866068631214123
0.7306506781888833
0.6908142356792732
0.19705213172625657
0.24909521349975694
0.2835382011473817
0.907683127192838
0.46853946854773676
0.18823825581903098
0.5033669496777599
0.8826740555861537
0.6395425418991111
0.576314552919445
0.08086783899584049
0.014786646970677997
0.24152812988326944
0.5044587193384994
0.7170117098768346
0.06303572189995632
0.16310757269425813
0.7469711025738262
0.04211923670702866
0.1341413440538558
0.284809938357407
0.8759546234129865
0.3268998217929845
0.3152994797157266
0.7126205795776996
0.885751232311579
0.5220010577386506
0.6652808252030162
0.7743152785969905
0.10173247195812574
0.9721085277955973
0.045977791178690386
0.6391792498782347
0.6151405192915782
0.3907303915821331
0.22972840839074016
0.5213557467746595
0.5180061102171216
0.5268094173540687
0.4462922451366427
0.34969084773176184
0.016256195157818065
0.9083232062321945
0.9606198608443821
0.04584512819976572
0.7548206401170019
0.4691173837037932
0.1539876803973801
0.9706061415988291
0.19956209018522442
0.9220605347200164
0.8848334729628334
0.5974557872574129
0.08959696808181106
0.6110218899150217
0.4822224503889331
0.5038214454437973
0.07851227995975796
0.3458581619499774
0.21623260413744405
0.8358296106324119
0.5263294173981321
0.3090523847901847
0.2555720715679062
0.4805066392134322
0.7013406531973845
0.5496160536728264
0.35711514053604954
0.8028291645715443
0.9699614981207603
0.6831452825460651
0.09028588613759081
0.7560916471914142
0.17146346410693403
0.7572051711664308
0.08996254782776891
0.39946127627763295
0.18536864962825472
0.2216777730753493
0.07548051331148686
0.7606043963420509
0.6807500888742335
0.73847724219163
0.5234317956646327
0.8715804095576924
0.01006544537126608
0.3407067693904231
0.878966605395668
0.676653177992608
0.7124635839491209
0.8821331842476039
0.22198955433704137
0.6287105059441886
0.36112253663553706
0.9618739567228267
0.4971145269814249
0.6023545421056958
0.2325027293904096
0.04917414020144173
0.03545323607745654
0.8967528449592447
0.1632920622592211
0.041492867779266085
0.6231342704242491
0.3258553075216626
0.8414470386218023
0.1132367123702932
0.04821732634698228
0.5522948961891638
0.9652878621942431
0.4949273587201505
0.12768584765370627
0.35021076161521614
0.24409164356722712
0.06607429027725986
0.6736612967871747
0.8642836138553239
0.15786534785212536
0.9721424395586754
0.5877277179968208
0.22523298477364517
0.695237623020171
0.09330935942618546
0.8452443220911368
0.8203671248513434
0.9136846398136901
0.6437593197188795
0.8955362417359356
0.40803910311916536
0.7214099892719296
0.18926342143902652
0.39641325043180886
0.7377593943646116
0.4511835160760109
0.011868047836172235
0.7901611351235474
0.14060545813110759
0.8688115765002804
0.4095614434531222
0.5184667109403247
0.9851229049909302
0.6247983074291782
0.9502044585246654
0.0490952551707593
0.7039134784192302
0.7160127605529351
0.25264630565531543
0.4641400501877674
0.161023464593818
0.5208525447443605
0.36549305683793143
0.041878359629619166
0.15329926750287137
0.0274413884003738
0.7341122209514735
0.8087437595968987
0.4050762130541987
0.47269678584277264
0.32042161865984087
0.11240455740014399
0.0867678357743159
0.23120930948683016
0.5455610531351385
0.8656177380208543
0.8507088670318597
0.8413590565749365
0.4268791453709554
0.582157044337138
0.13519351868495988
0.39836826479142984
0.11672434349519267
0.9658271215095724
0.9070479393143295
0.41369665412936474
0.19748546483255158
0.5671483524113312
0.2158099389460547
0.17532795213725694
0.20949836359126106
0.8440002276183844
0.7010522084165929
0.8397165346257475
0.26168489627815705
0.7099339531422301
0.004819325562572474
0.8891586910765082
0.21437176349520115
0.35894481292667346
0.5220241150437431
0.6556836097055578
0.008454429932811869
0.404281798903389
0.9359950139558503
0.7153901981776893
0.1608522847338556
0.16775599863580815
0.4546297639544936
0.03742598254526053
0.5066572989189189
0.24190325336240992
0.8867123696560724
0.16936506308834653
0.5909602146956673
0.8937223153643599
0.5851788217107947
0.09861754533274569
0.12025917583670698
0.9102207796410039
0.5701364331275739
0.18555826196343117
0.3767808541022427
0.2588752916966548
0.8742204164185481
0.27347957000604617
0.7428422066187511
0.17685508160713237
0.3221227795750994
0.8127242641940498
0.3676189427726483
0.6475177222985506
0.77394829190432
0.02222487189543354
0.7111525397109357
0.6502927659631085
0.1428993823030057
0.21648389793530187
0.20252875643111878
0.6874042359675939
0.33437541830636275
0.6938356300067091
0.887257116718
0.6414323349580475
0.36743726999532955
0.31931184623768083
0.2703030205479735
0.5310784250970297
0.7644375207808303
0.023902170606198148
0.7476884731853533
0.4723443219952683
0.4198443971305119
0.2358387675637118
0.7773418447517051
0.8158486605140811
0.73195454953431
0.38044683990385675
0.039663621541487615
0.4048528651019885
0.5799173290700044
0.25535765310075886
0.7319822971653064
0.9396807221465497
0.21856585649961124
0.5592213873899724
0.8854979355226326
0.28108851162649107
0.9699779612265652
0.08654203634548152
0.2605135896984747
0.08181182786820618
0.2154190443673627
0.26281477912699847
0.4770133175295561
0.38762495138526887
0.8131213654960757
0.04904348513457302
0.8323986169459769
0.5402516088172211
0.4829499323536761
0.01684652464790337
0.5723505969425297
0.27487132545068915
0.924930374715578
0.9091917594433827
0.1610603848453892
0.3633493037909742
0.21106483337429882
0.0833594317484243
0.3968654395037371
0.054416489823884806
0.720298462605723
0.8767808446029413
0.22537946790234198
0.810219745223369
0.8550908026268331
0.6825023383330008
0.39424512359157515
0.9593176497026429
0.7225204078551993
0.9697248865413001
0.6305481778451951
0.7472185584509979
0.5400485227998642
0.5997057000638502
0.900184915155092
0.34299358801475943
0.17342773429612512
0.051254016691506976
0.8051063760875967
0.9650171075040516
0.48085254576053493
0.6066578845121483
0.18127765042880806
0.07256218161395322
0.11144013799294594
0.7448321500429121
0.14685046675999935
0.0768034847555622
0.46175130522957464
0.05476099396183376
0.9958232804222367
0.9269625182162727
0.29521116000811776
0.19983350342375794
0.6248699725070669
0.9930407703871121
0.3946060329183322
0.20128347555392267
0.18686369116770274
0.5520347321953962
0.6954244943815956
0.6136074314078214
0.9506813085566552
0.7670916189386523
0.2549930307532108
0.6702233731500767
0.7393321723431766
0.703415982201505
0.7195659514566458
0.3063666705670216
0.324961113262182
0.013389547517254852
0.19706349747567586
0.5942490022940369
0.18883531273035092
0.21159566505242
0.17362301350027332
0.9409874841391169
0.556252098807259
0.9325458854961104
0.4672300309169588
0.8817442201840013
0.4507395507476539
0.4745449892928082
0.555001233578021
0.8539688202706645
0.6110436773332841
0.6992597746366508
0.7184115526060759
0.3506809358893157
0.976173284798797
0.09415993621385021
0.043746749343229974
0.8521268118597664
0.1256450611236163
0.9897103591769123
0.8398666856639657
0.4705443409386064
0.6348400350601946
0.10624336712238391
0.39029005865033717
0.33101492110887987
0.9453120955978059
0.34405206721248394
0.6035231796088877
0.995784161300266
0.8565572113938477
0.7979543057915741
0.66114482015135
0.9820852788317095
0.800986210824108
0.9935107697986442
0.979879580495692
0.07331861908793247
0.08372447681232942
0.36006179461235077
0.6692089990592013
0.7494640172842175
0.7426337826979564
0.572669716837253
0.561821177339421
0.421762508789287
0.0418468153022602
0.34559400876932567
0.3172351998216133
0.9041408913365203
0.029401767801464418
0.3257520964865056
0.001560010555940794
0.22842980856181905
0.07413929185633805
0.38668879908121945
0.819677251835898
0.32811193269597494
0.968780955398127
0.4367226651261211
0.25595235316978004
0.1131708265016621
0.6813393839550806
0.18587918243190082
0.39607026987395666
0.31276028999934913
0.8970772056582189
0.1537940337718744
0.6332510702182004
0.5660545845317249
0.8221265313123938
0.9044272058001949
0.3214153987837326
0.7426306891174906
0.6701665547554425
0.11475857916038534
0.49564544854035497
0.3184675595927431
0.8060911842479109
2.868059255600741e-05
0.9180460234681346
0.1577606409181187
0.9762912242419642
0.8140117297594291
0.607709119241393
0.6321261718008679
0.43230060989681185
0.16508537148413005
0.7346457296096341
0.6171155124377156
0.161413119093741
0.18818721178386622
0.9127977716558934
0.03620722780853902
0.3893981914668948
0.554896593529295
0.7011787075331631
0.4088473079135809
0.40550602846298534
0.655532669491072
0.12943431155638863
0.004076177759242294
0.9725406676100823
0.6251340386697826
0.8603356138050982
0.483992966489755
0.3226441117479314
0.8786083768390479
0.8418889703353979
0.2592299565468845
0.1020968370009907
0.9890522996840829
0.31409691249472793
0.4368450373127982
0.735106375874958
0.6743898637697782
0.7617499401283043
0.8504007373442372
0.27854417365004336
0.34572980923694563
0.09353603711001379
0.6467291852206704
0.23091166823102616
0.3272820001256095
0.5934462570262677
0.7157057738306243
0.026862349852663003
0.09829037641935257
0.8949069540314546
0.5009439880022295
0.5128703794235918
0.6693956892252819
0.02019344825483016
0.7126266009555945
0.8714239709500469
0.842729955434963
0.9424958479548222
0.06751734872602988
0.3787480987499843
0.8813286698678614
0.35824260129674557
0.9675979738547636
0.24417438539163394
0.8069943170591648
0.7376595000514069
0.27856309499659193
0.10497663396725099
0.39387465288020695
0.10269164306681955
0.34417162949921054
0.40935103625733604
0.15074660449945843
0.20239502271237342
0.18193146397472704
0.23887554427453261
0.3643960984661946
0.7592886835707067
0.8483356239747757
0.9002777956716397
0.20543086918662434
0.537234772170427
0.7305276834667571
0.14590861735905447
0.7631102557121485
0.5788235574477155
0.834367768535159
0.43211424298532064
0.756187809477754
0.1524327373194615
0.3221934714331274
0.8433285182844409
0.6537756216307127
0.9708875418723619
0.039113503918446035
0.3372849193796832
0.949555132860113
0.9405737618249373
0.39402729891507915
0.29839319712469337
0.7541407228997965
0.8498522493118695
0.5220943830824489
0.03031033062112254
0.1903524266529536
0.2616495896346659
0.8421711479348069
0.3390698522370792
0.3981639371828085
0.8171420544345749
0.6580827308477548
0.6181988827134385
0.7176888244222669
0.7270584717905124
0.6523201840810406
0.7383423425715359
0.37496892998630316
0.9088121089462625
0.7266320195441011
0.3949979662651073
0.08875721085822097
0.3033755527564982
0.22311821515659014
0.5917816591514903
0.16597526270270224
0.10734466479357618
0.41628798251385135
0.38976117355383266
0.47559539820907215
0.706897630520247
0.04341827095698869
0.04906822837892311
0.822354442250092
0.6521483739605531
0.8892045294156724
0.3420547233790473
0.5501757361248825
0.42418871183302953
0.9904995203309022
0.49537261439478497
0.3644919194477979
0.11638059905571296
0.93987425609273
0.09201187728575655
0.32861441043838757
0.6399694185256581
0.7686500995932252
0.9388167707714562
0.7834156406260472
0.6190988219225764
0.43928286916828796
0.8585917857986851
0.7483824088043957
0.39736619332705814
0.7466764043970747
0.13639870166480939
0.8971082133577264
0.8574729976854704
0.9940131137924251
0.7667437937488684
0.4074188571517954
0.7740952644293347
0.744235327589345
0.8966044504069509
0.4957288629673944
0.5512027086507187
0.8751470492458936
0.9204217642827522
0.41398008002125763
0.23747275848008842
0.5203756964256473
0.35964938820913783
0.7220135366106317
0.8348240290422595
0.9956907432570268
0.08506290794253979
0.5367114150877441
0.9424867429601095
0.3860432947878534
0.22042848362752476
0.6760968289822936
0.13043817161872062
0.9734598730220575
0.0772764438550918
0.6612634863095035
0.9140363156030004
0.9617009765608872
0.1659716384929817
0.623720964042608
0.6670967744630774
0.9861443597855828
0.7392187650450522
0.6735757219644958
0.6631837610309487
0.42386092020495203
0.04030157569243509
0.8832701546259484
0.5477445430617051
0.45291587912398024
0.9392861535049122
0.43126118514150713
0.9258667118959651
0.6831118425546094
0.5767106849048976
0.9668500373838216
0.2912970273046117
0.2771085527307504
0.816017992451771
0.9704146931479926
0.02656707653806889
0.16229272478593693
0.8433906200023431
0.6130255379559556
0.8202892344938953
0.8647742820496572
0.9898869411110081
0.8528225055903399
0.8536762265482959
0.709017538953894
0.16640159494217377
0.3527650204841629
0.44740393021888447
0.7703222754367712
0.4772976089437747
0.071631699922177
0.8677438193657014
0.04449289334999429
0.9676818932890553
0.4521258418742089
0.47993543192481103
0.35541104881006547
0.24096302349696985
0.6928004462639726
0.08768945949736284
0.5354264446337587
0.01775225931785107
0.09875936852762335
0.45308744664608036
0.5142565449226162
0.7853211406767439
0.9268797095243774
0.15493209956652332
0.5544007134474344
0.03343433504668314
0.6600000137927297
0.49889631217336683
0.9464450962465272
0.34237199823042075
0.8623432809623708
0.6954160403621626
0.7853766731927362
0.6724193390928143
0.9779649888928275
0.6081442973172617
0.5859189272364704
0.30458314755815497
0.5044706666077091
0.5967518052233922
0.12988774857230934
0.8607863586385109
0.027789706182769214
0.18474245313975124
0.537806309835851
0.06631806996184786
0.13102222335716351
0.498977183128435
0.7731050324192899
0.059520719680114076
0.5459335028986749
0.8880659799663455
0.20745885013090593
0.6592772994968179
0.6945220640310888
0.5401730848888647
0.5456385690144122
0.3646274581180864
0.29924900827875744
0.5077105588416151
0.7092045483531713
0.0159317148219027
0.8527120185037437
0.6666791950990474
0.8482968910622748
0.3023787124163867
0.6901865065092477
0.6445347046396979
0.6398432777192657
0.44780758216504923
0.5826200099807278
0.029689475166545742
0.7354255461290892
0.2631801183790783
0.5829623400785412
0.06755319587475572
0.014138894508044508
0.532558848068241
0.4800565363204484
0.9403423648136596
0.8977700595645597
0.5499732299733947
0.532813472725567
0.5688281284827291
0.8066696745340506
0.003828699484709319
0.8611114818717401
0.5158775794450629
0.8715870642627672
0.6558401994482977
0.4224784542886453
0.8962139429204753
0.607864296870926
0.5137367436767251
0.4030927242114899
0.879237496596602
0.5558654689410165
0.3945291857910528
0.11879947809430458
0.08559879589352615
0.8434537450826801
0.400446695988495
0.5771218033066877
0.7251742883201778
0.04633428023159192
0.5337181845380522
0.2484570813710082
0.2230200316305877
0.020815408506845934
0.1971423175002014
0.036694259254570705
0.3072385395193725
0.2038964369244487
0.23830196898474343
0.24935342260382776
0.8424397914023145
0.2996589528074003
0.1207432655582521
0.02895437686602209
0.0836112968300543
0.6289966117981415
0.3294273045871704
0.5987659343729648
0.3849397081490151
0.8678415460509874
0.7558767257724073
0.990993145129587
0.3747433123633841
0.8922470428724141
0.4133806789223028
0.8980757132115889
0.33778334912497365
0.6839708028916645
0.5945358404820247
0.7098391757674483
0.14183460342087273
0.710708282569548
0.527406348832068
0.4050322091502523
0.7362350246484284
0.6730484597868102
0.494154035398103
0.41936566861286995
0.3668315280034036
0.7639025922102575
0.41922174011969526
0.8904518004209603
0.7218702987147086
0.6432338249902237
0.456872734121451
0.4718799819882129
0.44613813799651614
0.3126020533138061
0.49527630278403645
0.21866543691199902
0.22323813624505284
0.9155527140459067
0.01323547769663036
0.20206749568776372
0.7579991771502882
0.768571629374959
0.4653985347837305
0.5135530068905759
0.08199986734924003
0.15874281588596817
0.8083933489860388
0.7490468708810061
0.6056604846740696
0.4913408778055136
0.00378605972023216
0.9340353378439211
0.26365093312876775
0.13065193829325827
0.38368989211736293
0.01689814055226746
0.5014452630037756
0.6080989940299091
0.33735758051148823
0.2490112318601918
0.6411035118146872
0.5912240487502499
0.5933557326219576
0.6290196728956918
0.8108747520957995
0.8120659445338452
0.5366547451009622
0.23507804347067207
0.2832053872054888
0.830388181352195
0.29076651417884836
0.419429482325651
0.638295467227254
0.545988582689786
0.5475453686722704
0.6967063730726676
0.263704031086628
0.9014551789962226
0.2207701628148213
0.7280318623492962
0.2035701778407104
0.22024395531199537
0.6249259168668536
0.9000728690423784
0.10152833345452994
0.7685913278924011
0.2634427582155139
0.4485169639898716
0.6998842503923478
0.544285308372304
0.07947731125374913
0.3938889012136336
0.21631385718411045
0.21916629458741677
0.21509980391760608
0.5960235851921383
0.554561494538729
0.5251555694988203
0.6849461938743304
0.9271776017079446
0.6697824086849998
0.5014568227756626
0.48173250406207657
0.9340662988366559
0.3941316174092505
0.8926255409899174
0.9762406693591226
0.3912682878762538
0.07241667370840454
0.43323172295302814
0.41483342678228907
0.8329686096757024
0.8596784360885905
0.18933684877398937
0.4099931815555835
0.20531117064278814
0.9509640972887135
0.8321885494818414
0.05204474711666651
0.0971097176190171
0.04331708751510244
0.16956721447953726
0.2175986342430336
0.6241665604990063
0.8927452936760275
0.5587898969715881
0.15110534959509758
0.5311649456080049
0.09398482549755327
0.6059335121370875
0.9218443093649256
0.6022386286589569
0.7479874402847526
0.4080945181829152
0.36637017830566543
0.9131096605660807
0.6543192608212702
0.9244549383634124
0.8131142094760497
0.27909440558652054
0.5541304439267566
0.6511488617127201
0.861130767773074
0.6554284411201687
0.4527560488238611
0.5215606060603188
0.6974585952460307
0.13724169443304202
0.9997448087190737
0.0829130061558443
0.3061783746606942
0.6559784215088201
0.7849339151632914
0.6289730562524043
0.5342894629440034
0.7475541752573878
0.1950134178057239
0.4588841659596895
0.22408900162490908
0.2647861218967368
0.356206492196537
0.8386457540909611
0.5239194418704236
0.9079529237306602
0.6898575202952121
0.14474678013888442
0.2034194176937818
0.509196757690127
0.6461514440867149
0.7202669506374288
0.4869519295981094
0.10164472961375448
0.808356214554807
0.3783586778637048
0.5300181865457199
0.2377212208533911
0.41941283459315604
0.6443981843255302
0.4333754550106629
0.3603708482694634
0.5381194583199348
0.18217872959134884
0.5546564376476314
0.587030532028693
0.24561443373609615
0.14879239905150188
0.3770884798762728
0.4100218851725487
0.8890695488375829
0.18181290174482412
0.9663457696038967
0.1892642438231955
0.8558993707170595
0.4332961809070873
0.17127078875059354
0.3685096595390449
0.49423196286748905
0.6370053165034267
0.2630441441413621
0.18922491111527628
0.7031932335272596
0.9190399796549023
0.6351226284534159
0.2971542915117452
0.9201967726956953
0.9443945919515082
0.5502802576105977
0.4343922778312628
0.9894194926421997
0.48683765446612515
0.21024659372348686
0.8441536713348743
0.6677393530471647
0.6242055424372238
0.4596942115050815
0.5491163650128039
0.4715234174892021
0.22707841808323437
0.9451841869707824
0.7239996571698956
0.30245025528819847
0.620282715390928
0.38769188312500424
0.022552198329030104
0.9533674449851175
0.4217696005770062
0.10208189962547387
0.8600307681145001
0.116606826773344
0.161991052152617
0.9544781580744353
0.30636395679473316
0.7585209707008616
0.1525493446085705
0.6306468681398402
0.7781184008636578
0.38009560118154795
0.5715389513289115
0.7063008488233249
0.7761845655780488
0.9705945463383514
0.16544976118342414
0.6383400757266309
0.4850959083279913
0.7861226305652426
0.01489770065726903
0.4767149501367095
0.7566119621809473
0.8629706234339909
0.05725129166392362
0.8632470963067951
0.1891321006832285
0.5261645306614045
0.47906818116049277
0.6134415834651664
0.1530494923283099
0.5375659909400069
0.3749773866064563
0.18451300284914662
0.6385161649583254
0.8303006179055259
0.5434607484330581
0.2595619662570645
0.8717650382833807
0.6491073188026616
0.3191150684535038
0.22410459720360554
0.9655282980978693
0.08651135876438198
0.16339184547064733
0.5945638982024269
0.334512172603475
0.675287821271815
0.9199414567419347
0.12032090066502787
0.46241386758977854
0.495475464265296
0.0705859955626712
0.9158065354925474
0.3037662851028282
0.32784924919290104
0.6233131575499699
0.8100508873645907
0.9726032800871572
0.266246905957117
0.31051847292641077
0.8267707523366649
0.40598679931503223
0.9253282565963656
0.8672044076076635
0.6628919703024445
0.8884610910855562
0.07273007189401881
0.926296185348663
0.12273685480400798
0.3446315292022659
0.48604795751463103
0.7670277893374998
0.3342057105398767
0.4139824192109236
0.6299260602269788
0.7540495503850428
0.8827030703893485
0.46229367918445685
0.8918577287886728
0.9908154769369739
0.4647818010672986
0.18796596182536218
0.4246496167048426
0.019155990920685317
0.5570713175173916
0.8320448484180362
0.8454974039072526
0.13309249471850226
0.5295844873312284
0.301857753465248
0.6087871775843521
0.06129985103380531
0.5064981077835012
0.3541297666609404
0.5932701077261547
0.5074308087747698
0.8210021570560866
0.7238386083042596
0.5225198526028748
0.5948424607723948
0.08224989979997055
0.6976798854890983
0.7975761318960491
0.3457836076977484
0.6991175149385654
0.9897250158222027
0.575654203545289
0.3581592064886632
0.21370302489085236
0.14950664706925165
0.6184910278393865
0.2933450227875467
0.5618329171081509
0.2867601471500899
0.7660406036963835
0.7149992251412717
0.2814475525153749
0.49565522636680726
0.4788264004527656
0.8423021245352985
0.38800251020029586
0.24720320220710357
0.009014044259535337
0.8836393315966187
0.9562677041142584
0.9294878578875381
0.026765987701210303
0.04822448766221876
0.5323365271879796
0.41194286978044803
0.6079440875763799
0.10428255920577023
0.017063317307135173
0.7784571094619155
0.785463788519512
0.3863331661448439
0.9333611293471367
0.9845429320864246
0.29934669840127337
0.46155065071752177
0.29859130651151844
0.6203148063103123
0.27896541862236135
0.024307309834932345
0.3039060677411357
0.15052498752317134
0.7075782050442433
0.3544570331065421
0.57042152312864
0.9663975882911711
0.23929041844225707
0.4353756586352264
0.5267462665669755
0.4534701535584734
0.25875848660238676
0.27152336757379125
0.01189153682309363
0.5786905377249835
0.2505628606633242
0.39899557821924214
0.11287842324604391
0.6850647353783983
0.22113605965639638
0.1543078795728069
0.5361531723011119
0.5141169325931305
0.3119610073726856
0.5447318729062225
0.8733556954993004
0.001266165881893766
0.5168365014843708
0.0773330377397925
0.4826710874442799
0.5760878904899008
0.14317171927546823
0.8021263730697602
0.6020661618058123
0.6143794638114471
0.44955851309604067
0.137362651433936
0.3337007594106576
0.11076523396473648
0.972933988613584
0.6546867613877422
0.07406968020756777
0.9179551770475045
0.49209578042402535
0.9623662308722714
0.4493742713329282
0.20824866264653186
0.13462683885893856
0.6599756107683267
0.9645153268115808
0.7335909664807705
0.08713555154327668
0.7884728779309569
0.2575453404371716
0.5952089238229246
0.07614788690546981
0.6918127432251892
0.09311324763443674
0.5500906616831099
0.33032016757638716
0.7259846831170277
0.07122856670003663
0.2612727353759092
0.00727367087962516
0.8521965116733193
0.07078874748311403
0.2503385534216165
0.7308082595748172
0.14744854331934998
0.2548024728897492
0.4224499873614538
0.6774146572346027
0.08415435186946219
0.6734627334835095
0.7671669698037183
0.2610674594037339
0.08984893107814451
0.44850494818035136
0.44009852077201683
0.41650878961151794
0.10974600033158655
0.4467680774629411
0.9499103617101521
0.44717012433996783
0.5947384115841613
0.9491520653289139
0.47607527363956326
0.48226797270430766
0.8277376525363378
0.48872869843411904
0.904788150516785
0.4151538913622441
0.5841082761124381
0.06672528683273993
0.2857664480603507
0.7893240368961338
0.581677311593119
0.9809861272721796
0.9795607974984795
0.3909785642234407
0.7419820685156298
0.2657019547279874
0.2851193661807906
0.050288967384169436
0.19465281334261164
0.45553122563293136
0.010053824135569545
0.7435568998796782
0.4668930325054296
0.8624729761831113
0.3054290017996092
0.15725147637302506
0.2764427544367519
0.9015569713218282
0.1600349336622804
0.977159416483113
0.8304477570758961
0.20207194903794912
0.1733810586971255
0.8743981056365421
0.20857196955136115
0.2428397927869792
0.238442547377141
0.9436742534869559
0.0072269015824575344
0.22861545633901614
0.05936544422187717
0.10029856721136421
0.9922751003816301
0.05385581067584411
0.6602189935101473
0.1765255495611998
0.8172686671437048
0.6471751274753428
0.42547737305936084
0.6128135703641492
0.6376711564106442
0.7505701095585625
0.25414667076839226
0.6834870577261462
0.5930100095475271
0.06437219643287273
0.16183636580204097
0.44374000857549944
0.3145203351166961
0.959350813024927
0.5857798212351266
0.18991828083282536
0.25324200790797224
0.6888949105157292
0.7405658237380524
0.5134054467099609
0.4934897032574801
0.6556352277766035
0.4249044705892855
0.9148331190702775
0.43131832769549006
0.2614133344486713
0.7982017987005804
0.7711551436425576
0.8779275735384646
0.17958070791671954
0.6934910067815101
0.5970097791518985
0.39745724015341555
0.026737696966575908
0.8145752787427725
0.1529433723020326
0.21417842680104116
0.8191933750279663
0.13445796034076463
0.8712557211450034
0.2900366635980398
0.02982363683537348
0.956544186640775
0.9856601165284559
0.7187906134404971
0.8082090481848268
0.7882721768523546
0.20505939990503297
0.36971086931047403
0.7735155363033733
0.5059698159785511
0.5018935812983705
0.7310281535584797
0.1739303395516264
0.23033370788034824
0.8812334798238239
0.4038887388631335
0.32319941332951374
0.5298151480975023
0.027147979608842965
0.5460276929646696
0.6782239061526512
0.4208803691136854
0.7996492920068607
0.6291822769625401
0.6580645270361793
0.38678225579375136
0.680648264822628
0.0029147345717310813
0.7293424451979325
0.9125176290335181
0.827203899147874
0.3159790285097762
0.9997219785142808
0.363186378189723
0.24243167090205142
0.4524626811232956
0.2737131000742453
0.0642131223972402
0.68666905444036
0.8064119799681796
0.42447766257350816
0.5987901193098131
0.6742476116857734
0.7597934844267439
0.48225114765804156
0.9871592829036554
0.12946183489427243
0.5622532482510584
0.9846239312682624
0.8715947790797742
0.6932686601620209
0.473149477500757
0.8206972667226642
0.7703204721454413
0.2610566050986286
0.08339033872228396
0.8963966784430393
0.36031903884806116
0.8615702712277147
0.5352477820791226
0.7158473762766135
0.3556675328714082
0.5275174718425275
0.9699489879996013
0.5483810789162342
0.7968175531972151
0.6039398817195315
0.4887875003649771
0.840186119154387
0.3808319674646864
0.028897962703564595
0.08054764763251909
0.7253158941171705
0.24017180884963585
0.2110486705427903
0.9172360392243575
0.2681261049731526
0.4487885520484093
0.7471364311047028
0.09887206276280747
0.30869521025855473
0.4225574825347185
0.36228171569389134
0.86427055606607
0.854240467147719
0.7153590097538438
0.6979100894026192
0.35680983999194293
0.5425581017342151
0.7582216788731293
0.31682469263191715
0.27989654079673554
0.43071368964022017
0.15578609274156352
0.8759739278781583
0.9692673423670766
0.32549845253482024
0.007590674313875945
0.10257134156572034
0.24670450161866997
0.2591501819513772
0.5172067552623031
0.6339700912423142
0.707076736093921
0.4101021275112908
0.469787121358891
0.36455743905043325
0.12457174263377835
0.43632098586076407
0.5563039029195401
0.5950160523333675
0.34052955519832595
0.6689858307248402
0.24684528549045348
0.08711854313284173
0.029009373185273524
0.667454644833279
0.8918864352836732
0.14210824502588126
0.6460695243233944
0.7286207302403392
0.7930172577444112
0.727531161130518
0.49209439880618866
0.07671170472548405
0.6405176870003737
0.008763072986947118
0.6079113034201127
0.28581828797211806
0.1972395928237054
0.8413024975443737
0.11190258160723698
0.0990564387140932
0.4490794494713901
0.3964493448729668
0.8561871726308167
0.3622829284492819
0.9194017415240548
0.203540382757607
0.05285453411520713
0.10633296991701391
0.14368333219672424
0.8905997829548247
0.0929298758637892
0.2565903951618631
0.9864810083417237
0.4784101013399503
0.29156216787879674
0.5504298342531567
0.5588266369824545
0.2846385105619508
0.8098234850618283
0.7851795948233814
0.5805191337858336
0.05124144952322218
0.22896196559739934
0.13820971623937772
0.7110183562916631
0.5640007057167346
0.10585477037134905
0.3745676844662581
0.49547802723421375
0.4314942547356364
0.37553823785632146
0.9492655448911379
0.8004249403804782
0.04487061381184809
0.8974295683807955
0.634738097941015
0.06811449025037475
0.7238816997744709
0.2218311143493017
0.7285010456629334
0.8053012909808286
0.06315248730444012
0.6218977615187861
0.9819755699356241
0.2225089190473749
0.20187154706031596
0.8916286345979906
0.28608459896293414
0.047555631155878575
0.3159415653479599
0.03309296497291958
0.16094344099654312
0.2115573147775669
0.150573557988115
0.6623489368095662
0.20890703895233576
0.7970769395256938
0.28748668312344705
0.8571162159262098
0.23107548120002697
0.7764211023044432
0.10420981917654593
0.37861996481157667
0.8295693403641117
0.03932259172936736
0.925745853400864
0.813599021324821
0.11806539501055502
0.008991669371225974
0.45335362692283987
0.7351275212019719
0.3799495769193387
0.5563753702308247
0.6464482076417977
0.8885290317419294
0.3911912695240901
0.3083882136873668
0.6887902677127167
0.08971749373861504
0.15770856122075427
0.5996996107690697
0.07086139498724786
0.9387173196975921
0.38532211058082
0.4693115008748514
0.39630598415689655
0.4046470632017277
0.7894148813056616
0.004222892836105885
0.10685598167302512
0.1279595075779979
0.8187481952282153
0.7231064061754363
0.83823455773388
0.597136929983193
0.7616355188802331
0.6965459852109188
0.6972960101028759
0.18622310991683988
0.5184024628620312
0.33480800496109697
0.8089647425459346
0.42461883084215424
0.17274642745864865
0.30420928541031644
0.5416747425473255
0.34933405417218144
0.3457861507277564
0.8321477893336356
0.9597547217919763
0.6815210444145976
0.9921223833353227
0.4361704911028701
0.5903835100562901
0.6166495686508795
0.43593497323533115
0.12622733376387818
0.33784601880072496
0.19225503781838216
0.7341493914629146
0.2555545504557071
0.39511967165269235
0.023176330757288865
0.5651888663029895
0.010936671942134546
0.5616711766592434
0.22944078628785192
0.024668726068625246
0.9455780951221845
0.03696856028372686
0.45579078314782606
0.9393792469463855
0.28934743745901115
0.12416311135066382
0.5746613846464311
0.7192022601771186
0.5741674986569747
0.971483239750351
0.4714078935870666
0.17058173227116935
0.2433684821838712
0.34321288197542676
0.8283091645858689
0.5159761146949698
0.7711590102327235
0.7657475696485222
0.8608088686744174
0.1408582727484019
0.3451612271231783
0.9605440428622009
0.04732034772970373
0.14984702105609893
0.7450757831140576
0.18782363484821296
0.924098772348837
0.7472050942946502
0.09206348776223539
0.8528989349412477
0.12160521778785827
0.3112897946582447
0.8638561742618229
0.1776958186501224
0.3596470384489968
0.056531577274167244
0.2034800283260314
0.9875598816810052
0.07713452647163987
0.6224815106245155
0.23818614046911646
0.1944540166854738
0.8341323053930975
0.932680454991721
0.7965999743760602
0.8496212957827741
0.19243266195168152
0.8210865699709617
0.800911775836374
0.03379849620323361
0.81477660985016
0.15414628534243546
0.3381085845442975
0.40696893459155614
0.03768615525552754
0.49181907976618344
0.07888283211980274
0.5539396712959683
0.5592800611260457
0.16961353883580443
0.49490061578964395
0.8798289283909371
0.7264355665513458
0.6032510440967945
0.5567224398666057
0.9861308436906087
0.6239811261895434
0.6532942871980966
0.0025322490846489965
0.9329848785061173
0.8909881911520438
0.8829803759522018
0.9575708201483245
0.048545465501790064
0.9555386705301058
0.01687580199771177
0.6938676263284576
0.04440802663243548
0.4690317087208251
0.6985116175433569
0.028466880666146777
0.21660992947267743
0.4216699533988564
0.4326236950885274
0.022393245029483366
0.37022497224991446
0.7509032814411267
0.2765806876086164
0.3200899491231437
0.30152250389490387
0.8875763689514611
0.5489705932837132
0.6672916973516468
0.9889063435753045
0.2363646651488085
0.13801713558964535
0.21007398850640602
0.8205823643125726
0.5564680423750455
0.050857305978455836
0.3144259058691258
0.7200012722081041
0.9122828932831917
0.07381461375249077
0.04179156305970744
0.816296223141903
0.5660089354156146
0.21584318331510965
0.23781913658850684
0.6986352283064527
0.5641056251859511
0.33921019279030584
0.8777058557767815
0.5301029814386434
0.8293168579693632
0.40414323465214463
0.048099512686634815
0.08981146047026922
0.19410349079756017
0.7659898357971947
0.25937018083000796
0.838699642862287
0.26990277838277055
0.7610975558024303
0.04844958978617453
0.7504144874215004
0.2900573927907568
0.7728358193747435
0.5044628375294636
0.772233221461167
0.8915573161004968
0.8316638644045098
0.9293134785574078
0.537435739108006
0.47841541392045384
0.349017853844345
0.9953705790540454
0.8105056546317354
0.11197487276649964
0.11750186005901986
0.321419274066593
0.9228243142983863
0.3859386476036185
0.9880357238316568
0.9184497709063074
0.40604575972227885
0.7372219400026379
0.011145290612670888
0.7646438883929862
0.2764042817532574
0.14165662070062335
0.3463788332129747
0.9981318739407434
0.641954955655594
0.7636529832648135
0.017802529801201117
0.06187818890542052
0.5595938004755807
0.5794028100642654
0.7449800048896116
0.00392804341208719
0.6057133584851427
0.22152630385145777
0.26356376225170763
0.31453004013199093
0.6086749407027636
0.29713188069647534
0.38579018699946543
0.7675256608510452
0.8856619012416371
0.9985970622399091
0.7619026681920965
0.26206418162286804
0.8643577443838386
0.9398852282957136
0.8676932379685411
0.08236224249989688
0.4864346889093938
0.4535189292957218
0.2470394335060433
0.7285871129820694
0.6576481640496632
0.08963503766275316
0.041638800499515405
0.684384910967812
0.3395497414892974
0.6254159713254084
0.5232830480762088
0.3928052911096118
0.2115217347493904
0.2863771732489324
0.2990960685836118
0.8172614255478243
0.20557580848332635
0.6001701365577399
0.9607965378217275
0.5130600020331169
0.22670139833386338
0.7511854343760227
0.5120710490718241
0.46505782898011516
0.5187972518416132
0.15283187499507145
0.06634451265457808
0.06574730750758451
0.3663097766656911
0.03472335862462561
0.6769133282990883
0.31172668239812495
0.16224492377727096
0.18124048604706944
0.4999161445386827
0.5287721463174735
0.32334856331747386
0.3275490644290533
0.778956368430369
0.11146275880587664
0.6496389057958704
0.6361357625405177
0.0455245299880952
0.5896548046450465
0.9121973832655619
0.8184743369348952
0.8086695403551822
0.6041424797903745
0.928042962310428
0.5740925110165096
0.2771023322049945
0.736898160759485
0.9959824030865871
0.9109273147961453
0.49709632436763707
0.5069907996685413
0.4498557161473463
0.3423822787956087
0.8445564586604488
0.11029299470229703
0.4959349609987389
0.3752225854755076
0.7599387734966557
0.5921065848094594
0.5282018529562297
0.7327950386195724
0.3720252307404487
0.21720523993215424
0.7095989093262599
0.9408966984761591
0.04308760810976764
0.1740889449158166
0.3845281501670602
0.43605729850486086
0.5825746228987245
0.15443246904671615
0.24848227777812848
0.08055494400239216
0.6160926652920832
0.5553714150926627
0.5759198671428764
0.6191113999343516
0.5319132481606491
0.03266156563997591
0.11629772012842832
0.9570470763374783
0.43154969212042815
0.6637396048164966
0.5597406368847344
0.7981921101742563
0.8993327951152513
0.958000094948288
0.9349711592341152
0.5698928595832654
0.5348506254442222
0.12338571726808023
0.397618025976628
0.8706761818209913
0.40149085582021204
0.5508175827025062
0.6999390561725544
0.3423613492331501
0.7035978162558545
0.29809325709019774
0.65593815087679
0.5288709422533237
0.5348051741584997
0.955177738016196
0.12982693162964498
0.053197992318729126
0.28630250275527813
0.9904508748690841
0.8083558935084884
0.5291141315997908
0.6436639823914122
0.6039755340745168
0.3195370868220563
0.9227222739597466
0.2039602298459754
0.7949419942283852
0.08838077579436854
0.42295397823415126
0.4328566315360467
0.8101202958528465
0.6098515954825552
0.0563624414918974
0.049420410169345064
0.8943189952958145
0.1269451542381379
0.5707044563596649
0.41771525146557653
0.7008093598050499
0.09950264283100407
0.6195071394539613
0.8444462916386917
0.5520747137777442
0.7094882154574288
0.8087050880168375
0.7414906686104226
0.605790671727423
0.3343696365325567
0.31371731895602095
0.6634088529487818
0.6765215620431669
0.8215826216218336
0.0615815298797836
0.008960009658306789
0.8571342918038191
0.12571862281620194
0.46450528997626783
0.8761091234492778
0.5662229076917187
0.528309482030115
0.06857871563554019
0.5053561561166966
0.14805553247027414
0.10343127924643392
0.15572199967483058
0.6097571158053456
0.08911808880557937
0.3629758280091314
0.9698747365530898
0.16840065950859784
0.3860447669214875
0.6654440460243064
0.23594125865875182
0.7271003163008624
0.41897973439411673
0.4555837144577245
0.7181402561935214
0.7324873618857117
0.9310886565265183
0.6033303936021994
0.4483489375477654
0.9937088889877007
0.19579759057052382
0.6667616304393691
0.4971750142245751
0.32721709919668585
0.6471180400664821
0.968095502966216
0.2768349265273644
0.6158451773676878
0.1318694817602748
0.2780629915907368
0.8949796964225997
0.4031393923022777
0.350510930540584
0.5848960170530532
0.4588013776965375
0.8903103754245331
0.2205433282152116
0.5316110039890735
0.9276027385651924
0.0325574284638952
0.28817653899742623
0.10369236536340298
0.22062458053906786
0.3348230185386577
0.1430696567010563
0.7325797922235762
0.6983650353993996
0.45387668191817543
0.9588734621080564
0.4929313815211198
0.9247880333785219
0.5136449594201433
0.991124825542664
0.11021224291976972
0.7646430983511839
0.0921563087012216
0.5899983776304693
0.6929478358177097
0.310443054082455
0.6681196002451248
0.9498751169663223
0.01441456714130085
0.9549472475002218
0.1682588451375041
0.8096697764858868
0.14550358104336725
0.9081006378198184
0.7782621231861642
0.7901338183342068
0.5134701258546887
0.19388043453094395
0.123119316906109
0.7368815218783744
0.7773214713867956
0.5288875115203843
0.8709559420353822
0.2984341296164499
0.87468438954801
0.4426495963731303
0.31899169697198393
0.15918194033127664
0.933429068479538
0.9221315499101044
0.6252157868470897
0.6517422387043823
0.5554281577730409
0.9942491670761003
0.22778018182514626
0.10767879793588431
0.5580611903727453
0.5525660236678918
0.8945591232332141
0.11924159800837053
0.2270248823337826
0.2903602689522503
0.7656718880449862
0.5486421141960766
0.6162569842728097
0.16872955874845952
0.8323833539143799
0.7758393382877901
0.3694703281878625
0.2221119836000618
0.7343249454518407
0.570689699818782
0.16722209885215156
0.9286909313539091
0.19792611587177578
0.9548588340046267
0.2119812749074067
0.7125197795565009
0.1808851764482301
0.9229690570529764
0.20736841889904079
0.7041068572479402
0.7801368037133548
0.4998571026339701
0.42998924331523114
0.5684116418135269
0.903413010896208
0.9414789130588831
0.8728508263034958
0.4715068546797955
0.874418840143219
0.5302449458866065
0.5192302422932973
0.8741438158048157
0.587307483985791
0.538163580812586
0.6108310324467692
0.4944606295401375
0.38167177977383726
0.13908491071578044
0.7119188452120322
0.5532596371515474
0.43016971512125246
0.14149810005773933
0.8540043055111866
0.15394995633316166
0.14309050741302642
0.4726948020304984
0.43452922924336324
0.6863668717870249
0.8111248843306598
0.7129463209977532
0.9484777962763711
0.6319142996070883
0.7421651397132805
0.3883529089102483
0.6366450659870605
0.9990991660383747
0.3729441734187151
0.7609059470474824
0.9213095694056279
0.09273181066661429
0.6344801977324921
0.2150506198325446
0.6462528855101982
0.6075122458373556
0.7578550733513101
0.5402240393783867
0.23779313579570893
0.39298086467961824
0.17432170100772326
0.8227441619613471
0.950239727609437
0.34283811928687424
0.8469739601267764
0.22892559856774897
0.918368225516592
0.08915606203382631
0.06117006328810304
0.6592755644659951
0.6806259707168426
0.2941751094980283
0.6280326746314475
0.41561302452675064
0.15723444927246777
0.8677100449875718
0.042962834408722395
0.1262917465920086
0.9723273946819758
0.872621414838614
0.48810443245558166
0.020858513798386435
0.29792203358749814
0.6162900181805228
0.6403763679412945
0.397605519165814
0.6342583101546336
0.21655899332173656
0.13517906708856242
0.6541661337435899
0.0431295550930445
0.5855054633016911
0.2136010270160552
0.4359907507308278
0.5418577284955999
0.9180955771400802
0.6547238165980167
0.06643998166777743
0.38690059784235065
0.12295292413157954
0.06201189037512489
0.9909945273426068
0.9881114544781687
0.32121126744333817
0.18513187382524088
0.5944718236945457
0.6671965530364489
0.7042375914211745
0.11938640761075625
0.5010326951086832
0.029153554893449174
0.0970391379552572
0.18811974745531912
0.09791307033880847
0.9839697623309339
0.766731780620171
0.12932789191195426
0.6217284107512194
0.2361415853127138
0.5709686379430028
0.5760016573317229
0.4927955374912111
0.7491983138811967
0.28382031765949856
0.7211054908153064
0.39679452706956897
0.04066193947607755
0.31588560667975096
0.8905402437934677
0.4062918888194609
0.6049684931763609
0.6867417191555631
0.30408821563883404
0.26752022536447306
0.1593677563031879
0.8861885662176789
0.9884267602685789
0.033206011212273956
0.48945752863681724
0.6515462041634335
0.32419554764231917
0.4588561597383112
0.41594012927141055
0.7040244614929899
0.337446574335025
0.2983661729501853
0.8713917729465759
0.8956625660714964
0.3100940508095933
0.8313484203762107
0.9702222567093023
0.3062265578901995
0.1921709705984036
0.11487298386675737
0.33344180375932353
0.1461052506321644
0.7872908270483925
0.8236770300087658
0.1296692949568532
0.6300535091936896
0.3736545134006477
0.47555024338744123
0.36025909004942525
0.6636775427556341
0.7894034497821766
