128 2 3
0
6
127
1
14
112
2
26
105
3
14
16
4
19
77
5
14
116
6
7
11
7
47
68
8
22
49
9
20
74
10
23
113
11
15
24
12
57
87
13
30
36
14
99
100
15
25
121
5
16
51
17
87
120
18
106
116
19
76
107
20
23
26
8
21
37
20
22
80
23
63
70
24
36
95
25
103
127
26
39
67
2
27
40
7
28
85
12
29
42
6
30
73
31
67
75
18
32
36
7
33
125
34
44
55
1
35
54
36
81
86
8
37
93
29
38
118
39
61
120
40
46
100
41
73
103
42
52
84
25
30
43
44
102
104
34
45
89
21
46
48
5
16
47
5
24
48
3
49
80
6
41
50
11
51
54
5
52
98
53
59
97
54
59
74
26
40
55
49
56
117
1
29
57
58
102
119
22
59
67
60
72
121
55
61
113
20
30
62
11
63
100
64
116
121
13
53
65
62
66
100
37
67
92
68
96
98
54
69
88
70
103
107
61
71
115
72
94
122
73
85
87
3
66
74
4
19
75
73
76
90
64
77
93
78
93
119
43
70
79
74
80
114
13
81
95
51
82
94
73
83
103
84
97
123
73
85
89
8
62
86
43
87
123
29
49
88
3
63
89
59
85
90
31
84
91
80
92
94
32
93
114
52
81
94
60
84
95
62
89
96
84
97
106
37
57
98
44
99
112
17
63
100
24
49
101
76
102
108
4
33
103
11
104
113
51
73
105
102
106
127
16
34
107
16
51
108
30
109
124
59
71
110
13
85
111
19
37
112
63
85
113
8
110
114
10
112
115
75
105
116
68
69
117
10
50
118
49
56
119
9
59
120
13
44
121
64
90
122
52
97
123
1
107
124
6
66
125
86
109
126
9
109
127
0.46874744285601777
0.6466680830552848
0.4170669045773051
0.08822244740088336
0.20506413133323265
0.5143840651096799
0.467601327636918
0.14121979107222915
0.6375375410897064
0.23251862022993963
0.05990867307724901
0.6813928903425229
0.4830015735923563
0.8442823511402759
0.9428284783794334
0.31404549211641275
0.9045576328824535
0.3075595248322176
0.10317734239085596
0.5932527951725339
0.9596790392908153
0.6473827729856826
0.1393414168482644
0.6156509274953688
0.6398298646852073
0.08835947681799283
0.9490104205922542
0.011606889439845891
0.7318769925868142
0.43341834014339
0.38065388830167035
0.35407848181519597
0.39288191913520276
0.0936461043332909
0.14101145342807497
0.41830184433328144
0.9910950997594627
0.04278851708820708
0.249485745521418
0.890913499064157
0.652431951265367
0.10879232184406551
0.9604697325342572
0.7376946895932662
0.09749184417919743
0.6252297952983457
0.07960574522946107
0.025603233300914963
0.05442873484107469
0.7504452521701805
0.20597808037510978
0.9855232897480283
0.8366120665862781
0.8160852574166637
0.663744938907294
0.17127365201430056
0.43367194038855783
0.5009395588771498
0.14891245426316324
0.8372974838582308
0.7589908325123798
0.27471159211769003
0.6371331330088696
0.09421504198646058
0.7433971066545192
0.1754752846196389
0.37269436546231693
0.9876335378704472
0.8010551101183926
0.7042793307779418
0.409699859315936
0.6210586640323111
0.026537919192083037
0.38573206993186937
0.180412015082834
0.849741982149153
0.7303887085849291
0.6639340071915315
0.2930601686240871
0.17819868754899526
0.7931385467946479
0.062174297967629966
0.7813279678731431
0.020192631381065196
0.9888790809769715
0.6864268615925475
0.24917675746115842
0.6086573016850895
0.1470960412243466
0.18904658071111302
0.8927180715666022
0.9428611996241874
0.8240126409004056
0.698510437265281
0.5604033254016327
0.26595757312577206
0.30282507341592246
0.9808876510554164
0.48319802475011675
0.7679132547919711
0.8574905377815163
0.3157980398795185
0.13711890871367327
0.7719767945463656
0.29169202584079046
0.6559003910083997
0.7912203766613911
0.7455608238138215
0.675251466192187
0.13733277713508907
0.3730759866173641
0.8402354092317322
0.5527556128881255
0.015093456699586727
0.37714272780037705
0.8702212540518418
0.0412342673436602
0.4665548759207555
0.5737573857272192
0.8049536567222242
0.8536406382562769
0.4601456303097966
0.23857157125333306
0.07739039237486123
0.7004582498675324
0.23583521284771614
0.7124497515973135
0.3678461794329294
0.7034894972887782
0.21699557924749147
0.06587924372033704
0.8272165584764303
0.189585076966169
0.7611838331912716
0.6381090710418401
0.9288905870707407
0.2768466789585071
0.9090940480110361
0.46081748258524213
0.6222960175196117
0.3744830184109762
0.9478522051594099
0.605509336839258
0.5594273755516185
0.11756316641187381
0.37735838370216357
0.5924874465555757
0.43155015839127675
0.37338170554715744
0.06723673865272817
0.5292562706945414
0.2774405499578636
0.9765127599819382
0.40545948991928105
0.5179767826521215
0.884653533887414
0.7552739778951018
0.2754535249152381
0.6628690600495276
0.19635463945884035
0.2501949319668142
0.22719374350806865
0.30552860436941176
0.6762886045491721
0.23350758172578723
0.31421774104346056
0.16625858709605845
0.9807308836982963
0.24986254556588883
0.9797010595973678
0.02674144864961303
0.6448020755976703
0.4052568594091708
0.0307597974159477
0.09381817406915294
0.9772601982736606
0.17505133287992247
0.1703267643936982
0.7439169483817142
0.2687975071341737
0.9273728382600692
0.980259404584483
0.9577394816190309
0.3558581646991731
0.7049704020627383
0.7769362118963316
0.49833348853523596
0.8185833697930087
0.6184188755278105
0.5163457755851691
0.6309489019608795
0.6803825947966452
0.2041242880041042
0.9803910281589313
0.924351021978986
0.41969410948042885
0.30860223028680056
0.9620096225398834
0.5542420177095502
0.20702872960033847
0.021618747471773725
0.34959374566431334
0.36309402424619064
0.019638410711460996
0.0022562223128952397
0.007741554668264206
0.12287180873680636
0.8771319073091105
0.9109309433772758
0.6446260236214053
0.24077729846324258
0.5281003886629586
0.47135854460898885
0.04360264563501126
0.9965897176714845
0.7173903222773528
0.8111587790664623
0.7027901153007311
0.6176791248020158
0.8564437554551718
0.47043819335131054
0.05044641011356521
0.7996699182910415
0.6896928076103421
0.7146220555967243
0.45773666868034335
0.9312371160119074
0.9958976937301918
0.16056863469811633
0.6991052716799475
0.8362339268034439
0.37226022870797737
0.5126052268815449
0.5351645307808992
0.9754396415468325
0.11055326718296554
0.25518034534837164
0.8175058835416978
0.07870794203085296
0.6966549644949968
0.17312676839855545
0.18709363278760993
0.8241247716492217
0.49262612548057716
0.4984480438757647
0.643774324698234
0.6721612879325891
0.4786498909961856
0.8814235785275019
0.2785413297434598
0.6591354765179446
0.21142613256651288
0.9870981682568613
0.49832925915985926
0.25441025533015216
0.9991328100270938
0.041094092899443324
0.0494961262534227
0.9875750979848235
0.8128606411609324
0.2781962984485822
0.44845153756869216
0.06431680415929819
0.21502220115702686
0.6171560513003264
0.6227744765642707
0.43850665943008815
0.1938062257716444
0.0945251936785183
0.09538237018707107
0.1898910259949087
0.34675816190889874
0.7721783029124738
0.09552173341333947
0.8505043276668441
0.09856342960448905
0.5195534018079642
0.4996720455383923
0.27165707935255956
0.23875584631494406
0.7860334105970365
0.012333197899587756
0.3075008610280936
0.7476755799526101
0.4859234024018376
0.1804280116408593
0.40611652365001816
0.3385699132578255
0.9139570242564496
0.9164536519861377
0.034220272934285756
0.6214492789105075
0.3634307327287706
0.7206615327257351
0.049229292356669285
0.1326419945551509
0.5394106033859207
0.9848782567410781
0.6520160687337764
0.003641004565511863
0.22335456224463401
0.2555411633226863
0.06790257699475677
0.5218453564832812
0.5903445138508289
0.6487104420565857
0.9153066828912652
0.6458455959057712
0.30314196356278234
0.057290478929573396
0.1538755291734487
0.6836398795547387
0.08761442277823739
0.15848398502569538
0.6601949330283567
0.20866503223753652
0.8017567539287
0.8099100826382313
0.6079668084378368
0.5465995355884022
0.9860810566838845
0.9052757052680496
0.48162254259484694
0.2411968005240357
0.574097860591087
0.30607556112303835
0.9345366875553589
0.2543535929257307
0.9382658478912808
0.35149474360825117
0.3610431014886938
0.9372436440783557
0.5840205441752768
0.7433960558659937
0.21594735499602136
0.7414666102396797
0.6473464915819007
0.6800900341832521
0.9898411950367387
0.8102964085140838
0.7005283242586371
0.42123139405827215
0.1294340387140941
0.6650144217277872
0.4567474903352249
0.2514792654921182
0.1927901278738725
0.8303131343608776
0.030134465597805193
0.8774083899758065
0.3736170825669908
0.16187328489200647
0.13665208992867262
0.5669894848580002
0.010910932876291857
0.5352866535418446
0.02400093021347538
0.6479840995062418
0.3484176244895788
0.7011249745532415
0.3067226950579117
0.22028972354396026
0.2065866464969055
0.4251618255848424
0.42636574602453003
0.8961568791551573
0.9325246284025006
0.06635373207611162
0.1267215194510758
0.789848755965639
0.7625939196996613
0.19496165576081204
0.06855118014437334
0.10314509877625055
0.5135392910002637
0.14775075128601933
0.20642606702440958
0.643948954814957
0.5792633320768045
0.23037141798978622
0.33147178527713184
0.9100260462487568
0.331424981593045
0.0709947415310328
0.8197465107723002
0.6444268406575491
0.3906430790950851
0.5129516049837225
0.40997669627002886
0.3643631285890122
0.15676708848325172
0.24193792345410436
0.17108247821880296
0.7524321455380124
0.43417377294308934
0.6069119220193534
0.30674143786771335
0.904251836929543
0.6707741019648595
0.6430014031278949
0.7325732440778511
0.9998645967215984
0.8697279047224097
0.9320750046931278
0.09396761609831206
0.9579795609153908
0.16951688103793128
0.2639319874046966
0.0432577853686571
0.6222804285633543
0.5071346991569612
0.9422861234006031
0.471738466157932
0.29739338821684125
0.7906150980412342
0.29572440532326516
0.4536595412219807
0.20121059571731947
0.1421197281835901
0.609321481154897
0.5237085122735281
0.7558953184457241
0.6184395975780347
0.6006856993974782
0.15294462908231488
0.8323358680773753
0.10802404613695082
0.05103010001474939
0.4608677483752939
0.727119175179998
0.43070958216082567
0.3883936417160938
0.922890102548473
0.8305912349464113
0.382111678866202
0.9559771650563565
0.5458247055475199
0.8373693690558998
0.35976841912248136
0.0937004410180623
0.24775705453312324
0.07802048898770142
0.36115011811338715
0.7571737269198213
0.6525913565509832
0.38998857749100924
0.2867560054024111
0.02522995583411236
0.08568419310033626
0.6622905941473707
0.7378233256239793
0.10114204134556581
0.7664741746935299
0.2065239076800851
0.17231950151575004
0.9267004484972282
0.5949710669084676
0.8776564444966257
0.48022199970398316
0.6500847353699933
0.2713030580724871
0.1995233085618503
0.5982407971090398
0.3566540764124927
0.14225455135491194
0.6882080375336576
0.5159771946071855
0.30817845841780367
0.9483647600104367
0.1236906695854314
0.7840973146251646
0.7250138896423468
0.8147413682576556
0.70125386023278
0.6524841254690699
0.5120650945165902
0.6091003439706103
0.5675284026371471
0.23540449126504348
0.7985833903294306
0.5790257144317396
0.6978665268320584
0.158418103616776
0.7930603155596001
0.8076583267489561
0.19159252404496918
0.08802460508881937
0.9943505170471969
0.48783130505000116
0.016767736442767744
0.2465969224860477
0.21906326662071018
0.010382911556105268
0.31003776696376684
0.3397845775011318
0.452276594281561
0.636666957295631
0.09471281105412765
0.5402322286394414
0.24280056411035822
0.9982889713269769
0.4489722059174369
0.6835112488097863
0.20892482060617068
0.6534852951979615
0.9396338150374433
0.34655392825655174
0.6119993625101325
0.8222523514526974
0.9282543126936577
0.885552500482851
0.18328552979537094
0.7025752205694814
0.872634081724965
0.7826586833762755
0.5545372098467464
0.9673147758137491
0.943139711983776
0.9190056019573711
0.09705994642883065
0.01496556296091045
0.21482142783667202
0.2552587296367629
0.03697622083651142
0.18472961330025062
0.11732573566396176
0.626980840191677
0.595261230575326
0.19017811352066505
0.18545669286799393
0.8204242318616854
0.5914099116962496
0.4475436860179822
0.39270376354411884
0.9298806746105235
0.4430841124069391
0.2728780905606636
0.6520953097842783
0.7603464911150241
0.9271367070665331
0.4600432692504999
0.46443843173988175
0.6462708671791653
0.28995706251735553
0.3021843204640752
0.013349646638997958
0.6639655773762977
0.5820841735583393
0.8980207108553473
0.7350706539769734
0.8898609593276844
0.606151364147112
0.32941378487011685
0.13157582693863823
0.9737426445435586
0.360279867544677
0.876150503220476
0.2695122202852066
0.26078241063461804
0.8164240180882142
0.7170123515113557
0.9564135137063781
0.34362309986075135
0.22747466949690565
0.840896126867304
0.7841380942918533
0.5027967118336553
0.28794784217335234
0.6021200101607019
0.7965546147461781
0.7682308978303561
0.17577173443743221
0.8420041937942537
0.853328801076935
0.16467248029491688
0.5064641878361626
0.1361054144328162
0.5597181977487523
0.6508540436128017
0.6194061279822048
0.954520213082929
0.1702598955570881
0.7519885274379784
0.49371366734216415
0.8064242068667834
0.25810222948605155
0.0733440865011512
0.5616449870708603
0.3671656967333088
0.7445966583274926
0.48694013737633346
0.8183607749779102
0.46962361251627704
0.6817952839776026
0.5528363456282166
0.855735636818494
0.18202538579415006
0.5845770212278394
0.07645720589059868
0.39786671809696095
0.6054769100584353
0.09405108475547108
0.23866141262833496
0.32717755178503105
0.6900424163854195
0.02924395609606334
0.25973926346316323
0.2222931329382123
0.7916001064087742
0.7127021290295569
0.14975082078882318
0.15361427746720802
0.6931547436080172
0.7230428590470919
0.16028576245303217
0.022176376538933784
0.8610531461281764
0.026950099482881518
0.36709131791390825
0.37198270102223685
0.01332583000477705
0.7272915241044996
0.27692463938242784
0.9531959710445967
0.9431943533573083
0.8505607184930873
0.6539890719538224
0.048994221519442216
0.6926631312000339
0.06562831678521364
0.4620690069640724
0.18857952553615986
0.33190775775116566
0.4844366438696456
0.858888969476395
0.9371924885621514
0.02511941881703339
0.38601232176541656
0.6386705650962669
0.6036610118151944
0.49200094853861354
0.2665302365893406
0.8713823093630271
0.7359309686702525
0.9343067098718578
0.7526625297856647
0.4821793024625348
0.312946452615801
0.651311039116511
0.22329480887178865
0.47276106670568396
0.14818805938602542
0.5703966431570707
0.15184008675676852
0.205807782583057
0.6094362202599605
0.4307111446570585
0.2828412736314677
0.906215497650945
0.986879857875275
0.4582232172174555
0.6472583032985121
0.493639557543604
0.8641295085936674
0.18376330528438134
0.8451833816875202
0.7548885635576253
0.2689299516575744
0.6092175574016133
0.6328255241316209
0.2905289621463114
0.7342655310246313
0.07366531635085172
0.4585872196126778
0.6106281461884023
0.7044680755261485
0.1268803506047793
0.7264507816630887
0.34438567906012385
0.7266472324523275
0.07727142792525621
0.8551926020942158
0.7867354867850886
0.4093740062050438
0.5195935638511147
0.28575292453011625
0.184598062572917
0.29398835901601805
0.7559169586408441
0.027360564803171727
0.46380290990739403
0.3344620716444773
0.03136014082691663
0.38059514666889727
0.012054159491506455
0.736517259239396
0.7958852887501954
0.14237324131800322
0.5320664728596083
0.06980732672932588
0.6669161480417268
0.014769835040144175
0.15322943891724616
0.0028556623171124285
0.13529693181624425
0.1854583933746593
0.6204453606427297
0.6141304312675456
0.0007539392982290893
0.4587467157539049
0.25825232833216116
0.445039254454196
0.5463396140027187
0.33740145584304915
0.2760933373400982
0.008539367650466922
0.3270187341430657
0.8341005253547826
0.6866222722319719
0.7905338420579461
0.6532760337568391
0.9708266952336934
0.4935311033355716
0.785084113662708
0.23546304238021964
0.7509964739996604
0.13942570809229315
0.3194792945125706
0.21427151982536297
0.24324967840905187
0.22046177757141117
0.2791359743298607
0.4426428744925601
0.18158925947328408
0.45460486339782513
0.13097118965929655
0.7355657524977605
0.5775150945751061
0.6577563281946189
0.8004063646971005
0.5272096342099686
0.5452319068387234
0.058085728631993794
0.49903122094770325
0.2867412239383622
0.7904177622357211
0.4588486128673678
0.3831834829821935
0.8285006617643697
0.574825874729955
0.277140057632435
0.3823141983263949
0.19071905333625538
0.7501299119660292
0.2623584165021826
0.32873787695220547
0.04099097893310877
0.8915791121599608
0.10544293106577107
0.3088071925654079
0.04577892276537854
0.9353726518088196
0.9067493456946115
0.804510938936925
0.619136951491577
0.747698592807952
0.40407820735377387
0.8726217748688736
0.7927948942000365
0.2341008788438178
0.11281524933889187
0.5364670916376841
0.3510607641620549
0.6729880988004054
0.9833648969537057
0.551896511061072
0.1336962220671386
0.5666449505500984
0.8525978178806749
0.012393513710121096
0.5489846555078463
0.09393837276052297
0.2640617560147933
0.9770013583204017
0.44704522014880566
0.2192467882855108
0.780671570343373
0.520417978606406
0.11022349264474163
0.09246177907879505
0.09866690879663786
0.4332384937049172
0.49738821706330805
0.6493535810042815
0.14358042337230736
0.27275523740957064
0.9570228675114729
0.691846371926143
0.9977188102394344
0.1006671372196678
0.8394484016187286
0.4807077724336706
0.9793245061846133
0.495502020500444
0.9634559114777697
0.9265433431540127
0.3575265531103248
0.1551365824435964
0.007310050892114228
0.7865482983369578
0.049475282350208594
0.034018081655168064
0.6752519568125984
0.9268335159582803
0.1608485402531301
0.20812341539587031
0.9207194481136133
0.13396851419851918
0.9816828326079042
0.12576861946891515
0.3226142407948047
0.8976836634932008
0.27108791058127113
0.8806845063367976
0.9071686301936153
0.8762475402760175
0.7875610708713848
0.38720288048446705
0.8834227568186483
0.3766758280603071
0.566628759071615
0.9704196591188149
0.036280670358490696
0.6441077490834499
0.26321549032572966
0.18095682246344202
0.4552464088332514
0.8043266609856848
0.9898527495403284
0.6903712860025191
0.43132454281898736
0.3347166619538091
0.9030434668128249
0.13356019378835293
0.36582477504986
0.7502528221390937
0.10027502933819032
0.5609658472418081
0.9694127655213789
0.6792488875827657
0.5084746765338309
0.6765854849709235
0.7744309300667435
0.7524056872127947
0.7505241784623885
0.532240203638977
0.225315479966822
0.6397755604258883
0.5562617359705279
0.634850189501885
0.8042153068288186
0.5437594428322504
0.6941878671444283
0.5481516671642561
0.521755815902424
0.12484849899422512
0.06830482189742704
0.24860573324776336
0.9740347740352598
0.3877514147954735
0.7318880093444127
0.44161569501448783
0.5627903665209624
0.9554918763789672
0.47663523406835406
0.23260467048438616
0.6340623429055722
0.353754377830822
0.8852586369588639
0.05503066830946268
0.4988117935375188
0.599997595994572
0.5630947912336467
0.017571749991743046
0.5155049629025169
0.8255448244107885
0.4879357364476503
0.062283837762633465
0.6603968790428192
0.9334155020801794
0.211377334632037
0.5794785361316592
0.43544867295858214
0.3765743499309919
0.2865812077927786
0.3263415964122164
0.9649150330099341
0.12466387354448694
0.6357496756548151
0.43023513326554685
0.5426659282282404
0.7964920107582029
0.6047926035423083
0.34859518706603476
0.4086759866439157
0.9298035896876049
0.8995344831505637
0.20263655584373874
0.8371527706138226
0.8082734800722186
0.08187422268475586
0.3532357933989042
0.13395811734029406
0.5946798029072661
0.7336040156072292
0.9303944654943626
0.9115884557915493
0.6697926793179251
0.9740521978255513
0.3620149936624616
0.6555672058929332
0.2878075706030877
0.8947323683795254
0.6361648053192239
0.6809565019924441
0.5185674054186767
0.18110419697156366
0.2104413945320971
0.590921521282573
0.150882525636853
0.9451633407122336
0.2651488672585586
0.8625628229929239
0.8762334103359042
0.25169660626783474
0.7675641473014401
0.899747673865365
0.4807257853048714
0.7906468345180131
0.47029794251652246
0.2623841729661296
0.11550299982718759
0.7169064718000854
0.9967392052908054
0.4125263584293959
0.2313417416854049
0.8184056752172176
0.3244525460591965
0.08266862323013324
0.9024003057220649
0.5369618400240875
0.08847015780444811
0.9416997836692709
0.9424369891430557
0.44704685257026366
0.9609822348107466
0.6540233938174096
0.35159282854910856
0.7406850362177338
0.8416582492992871
0.4395147650152025
0.36371214327324797
0.2413119525847014
0.6462667999421455
0.28381181048204485
0.507860571138519
0.15155652918585427
0.5377899175842601
0.11395078155266036
0.18784343047379093
0.41796840929427015
0.08392616549000853
0.2792304167910127
0.3448963718586333
0.31739920213185757
0.5525360175251892
0.10438850045718373
0.9229746582537645
0.4173348642856075
0.7018122689320473
0.0047347080455099055
0.5895775937648429
0.5146999071771123
0.47204308296195674
0.8922410519223619
0.632375731816789
0.07656915036126954
0.42904424967617205
0.3479206027841161
0.0006913924350634426
0.7034884740879519
0.28770279705741775
0.2578518812382282
0.8335221882802961
0.9141911744438107
0.2880740275775975
0.7406013069927346
0.864897313184982
0.05438417586087341
0.9904768184260828
0.31731276995139845
0.9192529521579883
0.1830301338165624
0.7045619754277043
0.9246205446362683
0.9611226374998152
0.8726455073456212
0.4768916900772767
0.5468799177485649
0.16032667476082363
0.24940247696719708
0.8553934745662728
0.27686053449592263
0.0402633339904771
0.30116088821700315
0.5782686945539264
0.6526726709750363
0.5409463180401667
0.9260288779152203
0.18486680951875378
0.5339849654081893
0.6645535557539562
0.5949792007340966
0.6793121238614223
0.43414020914601104
0.9345402814626829
0.6046050383750776
0.23333051567855578
0.3307321414886416
0.36304620340784943
0.44340249792383724
0.27058718482513755
0.12368210088871479
0.8060753674097113
0.5069501462049686
0.3694727353317001
0.9442217803110338
0.16539563326463969
0.5316375025240526
0.20596580056969138
0.1140894973417722
0.6473938700872557
0.34846590472828043
0.022320159211308033
0.8480781989482614
0.10829314641504151
0.25972101248663326
0.7741095678362022
0.9692221791623884
0.4143798746844033
0.03991704733219548
0.5487945846453156
0.903052554623365
0.8345343675051684
0.049149973975444294
0.7012952498822912
0.8648873586309856
0.24662641821229536
0.14484891728894844
0.9867120763854901
0.5361215846384927
0.06188395289354598
0.038647855264257513
0.9808440167663247
0.768672877400153
0.8780675154355724
0.41326616380105996
0.2495217311225758
0.49651294769268606
0.5408345675013598
0.7369854790909196
0.8799879625248164
0.4860207756323879
0.9721280594091314
0.27303009960807223
0.3791834960616596
0.8025147880946422
0.06779381074742807
0.19912427665086718
0.3795770028180998
0.4136477482849005
0.8323168650332033
0.8108812602223925
0.715915487526034
0.9662146644050392
0.14611378704738964
0.8160250534755573
0.19991107995084334
0.46256472185465447
0.7319550192792611
0.9606649417026589
0.20421448805521825
0.4980222814148334
0.9362340565263347
0.016035206607550534
0.8935977799486222
0.7980120319938102
0.3319734452686358
0.5360762474944784
0.6737414720279766
0.5219616797124955
0.47316286160886345
0.7412287090200702
0.008653994499892681
0.3101942388300516
0.5772910179819774
0.36972823871013705
0.12564577440430247
0.5099181701732162
0.5107814931527653
0.9130958231910264
0.6152982240348172
0.3393582926211336
0.6804891097207211
0.9158941918417759
0.9121030127389839
0.40678955969122754
0.7828503491213226
0.9886570254876051
0.052963023054154124
0.6659284849277852
0.6339315237713038
0.20373382701177756
0.5440454657965178
0.2702864882959509
0.7185295234290875
0.7003739026006173
0.5905144349100246
0.6098569665286554
0.1015253415667845
0.021861944936799715
0.0906392419589217
0.49163543452060576
0.5442097637360821
0.9953450276778734
0.4084287701626913
0.002036278705849992
0.8392360336308406
0.7083878492729228
0.10902232133287515
0.46278684823697225
0.6747330029820915
0.7480119854053962
0.22657206585230316
0.9840077505158665
0.7786956619437914
0.9177177153150067
0.48159416551382117
0.5514291029305382
0.04384386759192249
0.30725683550746063
0.946557238474101
0.5449461372200837
0.8349060462247012
0.08131098273483262
0.2514102206007447
0.4354636618731319
0.9488262039277463
0.5778540860418963
0.9695825514817304
0.9205977975154414
0.8074033331559
0.4315079757082112
0.9523932459318167
0.27396093444449376
0.9562252211071308
0.4418730471427116
0.8415302913991238
0.670712716441995
0.8205996360969827
0.6138957631519175
0.5810931983028711
0.7632220292159162
0.1781629885238808
0.028175332313555956
0.7187035693678963
0.6362230342831948
0.9582208383806684
0.1793117454286054
0.6938843895874076
0.6474495216749416
0.5430782831249411
0.8023904400465295
0.5172181451507001
0.7463103409748734
0.7820386467766993
0.040006207574809216
0.5231301833906555
0.30185431791102457
0.42349216020807445
0.43682380365898177
0.2982367219142844
0.10476568517580198
0.09873214918213558
0.3578923064887274
0.667766660859428
0.027577640502068235
0.2993527567766855
0.3687323480624727
0.0931995784991213
0.400755980078098
0.14684090048821608
0.3204548846837971
0.871038465968051
0.5524557683886171
0.9531122968558248
0.033950900824468166
0.4954151761231863
0.83926614275901
0.6728192846436861
0.695437881512124
0.15692930549525286
0.7556893550963643
0.24768695382537642
0.2961519079739753
0.7680504092696563
0.08515072655338596
0.9630490789778339
0.2692687208102157
0.4705955723477505
0.5468211235501479
0.31376254771696765
0.6687763684820358
0.44905646103089414
0.026253755461926098
0.03297230143027097
0.6609590023276477
0.14781171731388498
0.8691709258114947
0.15540211532116122
0.20004644674975625
0.43443072669453076
0.011003046362381141
0.11515225505797666
0.07935985132501489
0.524804410491176
0.7538775715172308
0.9567422078597135
0.2616376080669256
0.2459148788962704
0.19637278953387216
0.21339061616936705
0.5294128448482238
0.48499844426055705
0.23684603688177874
0.8381928160063564
0.8165295085922247
0.026339963702863622
0.5524139872935188
0.8447907968875903
0.9579008792538118
0.8495376349626687
0.8683190081088072
0.3354280714414761
0.1578547957832267
0.7321700493284974
0.8784911313370591
0.833652042422969
0.9395689710517152
0.2609632961350852
0.4851802960711509
0.637092887927508
0.7021914255505207
0.11648645338699892
0.8744984143790858
0.5985559734073779
0.4189958424484218
0.6442780876481953
0.10595331852009748
0.7289821580855446
0.030451844280791396
0.9146939200735005
0.44281993040345435
0.2805106433665917
0.5539934599456872
0.05577131314869643
0.882518160667332
0.987306151733821
0.3816190808236667
0.15008293924542426
0.23049765227145502
0.652505425859139
0.5676483771047983
0.17804861113352
0.07294503426108712
0.7735369708257409
0.6532080088300684
0.031048627967707576
0.1943709698461653
0.9167253303977071
0.3841965019973781
0.9095971359225452
0.4002875550116526
0.48050825417593135
0.7108513750915212
0.7486705606091196
0.6928753442142922
0.067680563672045
0.8396582961404925
0.9345434153754072
0.35991849388922137
0.9854583724443899
0.7185750918137189
0.6523887845591315
0.36726356786378156
0.824444299070173
0.013304099237874123
0.8967850291655057
0.5114348196481937
0.1665492536486851
0.6698532096329798
0.8451479755184704
0.8420898330064186
0.1939164370140224
0.5529258950397418
0.4513393763653386
0.6035065208864423
0.5932951738048426
0.5583234283689967
0.7916035714813832
0.25594133149741116
0.49137909880216246
0.6157285468700375
0.8027435803968035
0.7923943622704599
0.5557738352754044
0.9079907071084223
0.8958738560533138
0.6225744844107237
0.6865660218751045
0.2609779545439922
0.13733298384411607
0.04052248083804
0.8592062394976925
0.8669041175591781
0.4981762886049361
0.112718927503208
0.3597406453131231
0.9329186443587535
0.7471590542542849
0.401414743373113
0.26588868339700666
0.35700657852130757
0.3636574970517428
0.11546069602302711
0.1562593095234378
0.6747702887915056
0.5871534488244171
0.7810582863952795
0.05597732282718915
0.4235411384414288
0.04014661954327026
0.3824779253602699
0.3713977689043424
0.9826419428826649
0.0034285818822094027
0.5520461525958423
0.17535667650420939
0.43351505920901034
0.8922111104190089
0.5365580195606272
0.26017090112876173
0.8326221246875735
0.7295643381624648
0.6183804698598792
0.11973495840603698
0.46917266720748985
0.670884742121337
0.6544128905404017
0.7762037025670865
0.5554595185556481
0.30537888193212737
0.3598871042301953
0.13825942659084245
0.4231677960655783
0.6059887078457614
0.21293326281799552
0.47181887796592636
0.9732893873988308
0.8505481037486815
0.15934643886123168
0.1295330211839928
0.3160320219554943
0.330169458089842
0.12259093086327133
0.27599189161260795
0.8886842038989504
0.5913494914955383
0.17513777955163023
0.7896876153157435
0.059477129288648345
0.5471039448525531
0.3120744807799797
0.49109366837976065
0.3426494359029789
0.8423290884810448
0.16340293995777588
0.4372877939479063
0.8376629661028429
0.6563678560383892
0.1960267248487233
0.06335788059279412
0.34878015130814066
0.189631145597407
0.7223424887643447
0.3505670537895158
0.6322036340587756
0.8812852554551186
0.8155136923909844
0.7661306570224647
0.5795517501860293
0.7461754923205995
0.2316112510288546
0.21387829026753447
0.8899947913318951
0.16764018813600767
0.7004091768123518
0.6359060342012459
0.8818300218180489
0.3122871090224366
0.6622114846885496
0.0857849841747903
0.4910280981030424
0.69702299438726
0.03213397541882368
0.5540352007105065
0.39526199725672473
0.16111306440327022
0.23270580235584637
0.017355173867857232
0.32392520948646475
0.8862626388835018
0.35836550044039484
0.9936420249552589
0.33390351568120336
0.9100478873726014
0.2012087925468926
0.3865428560818087
0.5061552051661131
0.12362964390661679
0.6001060617859721
0.8001085294361907
0.5025344828602363
0.3794936401701805
0.029237611230513605
0.655605012273924
0.7881090051398099
0.15945663605431692
0.9276763710641128
0.08194481587515134
0.0603861857190513
0.16763414249417152
0.47427281542086064
0.42757947498046733
0.22975487706339526
0.8894474130813493
0.4776696487585397
0.6530046177741121
0.5785618474575809
0.760221464690958
0.7121297862187443
0.7529352798566781
0.6810584280939475
0.46310146079976444
0.523709349803093
0.16627760050127305
0.5617098203255841
0.8142211127824239
0.2993157624474865
0.5692555102564322
0.20183175257637698
0.7924538616218919
0.5946618682785203
0.7686149306894859
0.4806746875225403
0.03122548177623985
0.9328440534766916
0.371367688254868
0.8122202586523194
0.3827844730539911
0.40704652906783845
0.9290414372262732
0.09433900009448404
0.8006701522515688
0.971163058166132
0.9352274162992161
0.2780232266394268
0.4699616205047048
0.48199584193856715
0.3977946534013209
0.34326264788606475
0.770684045693431
0.906107323310724
0.557899377286018
0.8839004820525158
0.49617683207251073
0.9419513244937318
0.20130868816176162
0.25516365344977376
0.25111029395747975
0.9650596817256695
0.7661992981736878
0.6100434616097472
0.2760249683570981
0.8263936194070343
0.5115065495080925
0.756355981167246
0.40299531369401254
0.7237682975291195
0.9761413996042182
0.14391504364947316
0.14730721385430035
0.6666604938081301
0.11497798930836545
0.6788734419984239
0.5100271320364596
0.9633651842637712
0.3730912250216437
0.8174601519349212
0.95675693036185
0.854113014162503
0.9747664232455281
0.9184330707116619
0.9021926116694159
0.13559912748216318
0.847554165507021
0.4461156718776892
0.42460915804703947
0.8622220042198924
0.27028891534608124
0.2029813477044936
0.5228952889590921
0.8684066500489074
0.28909467989385185
0.8690858585652484
0.8904377409938229
0.8946193059451268
0.08690063492673505
0.8471252610567062
0.1416064655216891
0.5687156619022112
0.07879673721086333
0.4837672091015298
0.40327621230968946
0.7655970355652659
0.3473801382214968
0.8207774606134411
0.8499042158192575
0.33283573774007447
0.0721035815840273
0.7382461747957992
0.4323253195742687
0.1631582639677328
0.361211017066012
0.5130870906255554
0.6566977884782024
0.6357204534467926
0.9205153022088833
0.2695781623682416
0.2766754774849338
0.08020565676069291
0.908089325835674
0.5193645015662105
0.9311422467771477
0.7891642195772582
0.19788630733195556
0.38889108916228954
0.8749240620237487
0.9084208637016823
0.44277223298686585
0.43275502899216745
0.8381818563156779
0.605913481307924
0.7231214810162152
0.7861338202581689
0.23209789241298762
0.10481143123336312
0.9215455772121341
0.7920664142553022
0.3485386964726641
0.09922088075766922
0.5775125500301772
0.00928125364112764
0.8852529169699888
0.9317705321899046
0.5436748327188978
0.9219393971072125
0.8813757799588654
0.1636465669193109
0.03459042545996549
0.8241416548150547
0.18702116564257532
0.8729247160151947
0.25408464560090693
0.20106774857484777
0.5743106809870083
0.011523606678478515
0.1458123361506748
0.947492457448021
0.7197250951339718
0.19849599955605135
0.7886282467963743
0.8624734630719278
0.7650871635217118
0.6013389612853
0.30451489866615344
0.6045339885963421
0.5970084923690756
0.47822315204636234
0.7662461267156935
0.43618236265172894
0.32519743747883556
0.7972524828593175
0.06399329918119201
0.30407070943644443
0.21138220940559138
0.7576256670425225
0.046212578520740344
0.029183561146466697
0.7336878758106612
0.11987296882855769
0.4476096790471671
0.09385467114083546
0.6184694951344785
0.3617553331813398
0.8672211328778402
0.8189999450076186
0.603087335091935
0.6881803816275628
0.15596713364205694
0.8038461171154314
0.830135873700757
0.3021684456118704
0.23407909156808082
0.9453035993555211
0.3931526156711469
0.8111116267633298
0.6943965594807495
0.4674781726317272
0.22124548313675585
0.2772604746318236
0.12338801668886745
0.07419561095355565
0.32367135461006113
0.6891869823811669
0.19844444433338748
0.930946490665358
0.15137864336755824
0.16544280660099642
0.5383603514263802
0.3639972528530907
0.9840694749116506
0.8224037118171863
0.2765478880251351
0.7198839733736826
0.7785880311196626
0.28354553852060194
0.3575057330861855
0.31225331347525853
0.34086113745056124
0.856568471429877
0.11334636439882795
0.3280181999153905
0.9962179327303563
0.7563970859060817
0.41906339332247666
0.7896112327248337
0.14555130230911284
0.6465907598701169
0.3576785947742791
0.5995785746530196
0.6410422144571767
0.4949650513853605
0.7362844132341324
0.38780877208245557
0.8239430243387151
0.5155875342704007
0.8397998913482804
0.9172733410611598
0.7945235909266108
0.2522072595269451
0.2483395030501504
0.46586406018067505
0.4837112975239204
0.07687233953488148
0.5056059951051723
0.7763083528283266
0.6737830384992223
0.767568420804459
0.16476483681133303
0.7054602033909986
0.46969268161141753
0.9678732088730332
0.502890743662325
0.6877207242549664
0.10736830939393627
0.1692022210386942
0.09085974498467919
0.5811080862620923
0.26817922868283073
0.032301950794066614
0.3873511543580732
0.65159783627908
0.9183830053161192
0.7213113066463164
0.48229093468587025
0.6256497116658399
0.8649745630383242
0.3660008730080865
0.1998586648513524
0.10688561044201539
0.17660837841957966
0.2811470199034364
0.33530432599598203
0.10350296022915673
0.277910902724274
0.5228285916027275
0.4881877766046978
0.3543305585300712
0.2640847375729254
0.6309562885197175
0.8169170715583599
0.4030746056552309
0.3952339474805405
0.30350115250591025
0.6584616736564557
0.3158386654310307
0.12346545437821155
0.5247890782334836
0.6330429114763945
0.9030679605274596
0.7936032855037913
0.18919406253921223
0.6179734714444455
0.2343603580414081
0.8743544512777285
0.22071863221614774
0.943478397353288
0.2878954750263777
0.048029468722473156
0.37835615461911976
0.9704073055839807
0.9228538131456817
0.90820772157307
0.8457149069592561
0.4635013823333275
0.9763266127703528
0.09946513489851483
0.6329534702276582
0.2730133575789546
0.17320000848085482
0.9950212786569308
0.535212063131401
0.7735632475197448
0.22879249629949372
0.4914071217382192
0.34047096851467873
0.15297935795174267
0.8325789958745899
0.9215192883285049
0.9886783634879253
0.0374626442861824
0.48257057298950556
0.3287984717300906
0.24422160863069164
0.7912152979467895
0.6619242956480608
0.3666920837074613
0.28719365807349995
0.8821549097059898
0.249329467772323
0.45853514028565034
0.6334226501221754
0.6231437486545942
0.23092059177890978
0.9571657675322927
0.06778176921675994
0.9457339486496757
0.18774265110218635
0.2545737161226894
0.30807280275999804
0.9478411546218077
0.5389117153872621
0.21351202906347133
0.6578447736709211
0.5606096814263934
0.23275472114282492
0.6319839934952136
0.16796099819094823
0.5005372605796516
0.16185041500875108
0.25794586002325604
0.14992783030533252
0.9636421558543617
0.177819848174132
0.6460918051279306
0.7769910973246295
0.6961226077201436
0.7368404702048167
0.4250702594699465
0.4495144613752714
0.26573881811863753
0.7570609012222047
0.3247801608800631
0.1217732777602466
0.4224703069398742
0.9979434506133533
0.33575520503822665
0.051345232862640366
0.7763196266906185
0.3477151667258591
0.6523809993955632
0.6438474741796723
0.7862819486160824
0.9686587156611549
0.5275842863146664
0.42416719261887914
0.7186043319882965
0.5064578027882669
0.3837995402664185
0.38689630345869563
0.25720248127994205
0.43977873048392446
0.48814799993653246
0.014179893107493902
0.7609177478815167
0.9269306002612002
0.1314377087260239
0.4322529944116026
0.9968068168008221
0.08600418362186268
0.2774548042236379
0.8240155960063247
0.5745946625222017
0.16654420172313777
0.6932808856676955
0.9573189614431693
0.5816238826786325
0.9279065382648014
0.43704576834675424
0.3236990981525887
0.22527000255632035
0.11032894306430163
0.24542333900756252
0.63924606940984
0.9777151423069784
0.40700923920386356
0.9655241073517643
0.8520093828039731
0.5248070534683749
0.337950612106353
0.05823713600499836
0.9288712972127298
0.9826127330830708
0.8502285452269928
0.07302149051797624
0.9277425636366035
0.9413715380387363
0.05280950366497206
0.8846865715150147
0.2749548270294617
0.3359997760597886
0.4247078404207365
0.7509490121058433
0.7275146710086203
0.12824572272951362
0.630272430706474
0.9269338164477685
0.9528981618629746
0.05936608840064561
0.7001258383318634
0.9458767582738646
0.46441784034622113
0.7731972270300227
0.2001615404600905
0.9077895567312565
0.3792017738347728
0.5137560957479779
0.6578680037887348
0.8388545598918951
0.650727424937725
0.4439206445404231
0.6206146530476652
0.1522591292283424
0.883567394227825
0.16478600275171562
0.33865564350995214
0.25854675922743064
0.807467384287742
0.5144975089034214
0.29258701679625687
0.038271161040546176
0.4077132488785311
0.7634083282320049
0.5524962330617328
0.6973408217573474
0.28395056789199613
0.2934668565454771
0.7492818307565426
0.5646092516666278
0.6964262011228636
0.5276591852226693
0.2782418371934111
0.9928222310811707
0.7729046165486132
0.1556797960408175
0.7979948221940355
0.7656358273463618
0.8270488253156509
0.14394067365688834
0.26613205543739615
0.051782793013140815
0.9087017390746468
0.9154652715561469
0.35457914110664024
0.4675288563413913
0.7815057547986347
0.6311463117465403
0.2742119051541445
0.23755175140028173
0.08632509420349865
0.10334648107702538
0.28209804220546464
0.2740664535421632
0.19686359231069805
0.40782159240371596
0.7376899354600573
0.959462294084362
0.988902629865586
0.0052932766634348205
0.37948488951513215
0.7070104494312489
0.6704154402999146
0.4286400188400137
0.1430375096499581
0.8520579485200037
0.5340069224078674
0.7507763778994384
0.8946542014871888
0.38970038979569666
0.2875737686466111
0.8297958199975423
0.5156767229610105
0.4789209800852111
0.04591058642672641
0.9536385276927483
0.1751890055465073
0.7741917783337193
0.24988338333730842
0.8186191549800945
0.7565219282018322
0.9791045276924834
0.5298003606579786
0.2699290701582604
0.35932753670994577
0.7206626441055739
0.4479934425554156
0.6405738047193308
0.8768839041011406
0.27010785612461397
0.7521771909398264
0.09328253703994338
0.6175942741241746
0.20417216400367266
0.6559910225230385
0.41700155724096977
0.37450460602317115
0.08148530874282245
0.5903306937673065
0.40570519493901147
0.03282747123514285
0.8097678751494893
0.3145768292752408
0.5617039333430528
0.8645720414136335
0.13218506771605598
0.2664122977760972
0.8163839791390147
0.5809832034320075
0.2639740403467089
0.8876693627322964
0.36182721242407545
0.566938706712494
0.08932258435577045
0.5174912323948276
0.3167409246003029
0.9413499227249813
0.1452300750711002
0.6985307030448376
0.9887242399200471
0.8605919013199917
0.2935904453740765
0.5731061862752992
0.4005753086612781
0.8007832715926066
0.5605401268155974
0.9659161989037816
0.5698548844309573
0.12122752738083109
0.25734260911078033
0.8462753813236898
0.15093724435779976
0.7391802480585287
0.45666476261308164
0.1460986009745977
0.25267873769833127
0.125509031268925
0.06855375670412756
0.8328119030677767
0.7544192745452437
0.8165285440921043
0.9267223378763908
0.9583086666341525
0.7810223893689964
0.5844487742460494
0.12339836533796145
0.43765954273517327
0.3750974790050313
0.8031424179730231
0.5063162942360169
0.19797976601638367
0.8209854806152304
0.8056535445972011
0.010175334729702556
0.004268527355126617
0.30385356690818577
0.3826998918247716
0.5746718898178848
0.5492566019936113
0.06952162854104427
0.2843461850210701
0.7098765123571454
0.1341299501126516
0.26234032783697847
0.4396972070757944
0.23656402483390726
0.788453081376519
0.8446925879947063
0.5936197056976247
0.09381489200438498
0.6000890982778736
0.17936962120615418
0.8510201696412087
0.5600890058563666
0.10478393808175512
0.8039973222391611
0.7009570834057368
0.6871746519831082
0.49207013699465696
0.09197821408510809
0.6485890782970751
0.49550260886056385
0.5732649859100838
0.36734543483290716
0.5546495647407933
0.7111784280620906
0.8487886148380618
0.6910003240330158
0.16769178505990023
0.24425506286468213
0.4465565202076589
0.8353469044681625
0.9871977025665686
0.7587589590527873
0.8360002415403512
0.8962976658689806
0.03497395039818385
0.015522720994244454
0.03215798791157087
0.8904081571406794
0.3235890124043562
0.9509604031107316
0.2635088346278107
0.1618526060866049
0.9604919357894652
0.670399264933508
0.7082220898688325
0.7761177023277674
0.08922716603187464
0.9984699204155224
0.23852200768879173
0.4465374472781961
0.2201328009343475
0.48072124388523196
0.7040309396256721
0.25131282009677025
0.3284422257118971
0.8050031937521319
0.23351730511406088
0.8938733356925227
0.912074149446865
0.8563235837145899
0.3821106689452437
0.244017184141602
0.5163907447507179
0.5283928553089782
0.9202323682654449
0.09596421431333035
0.39048474139945755
0.5150503207558605
0.9114481040759499
0.5594586312396203
0.7106688177592949
0.03574497077655214
0.985340275065261
0.12071936035105957
0.35916017656572685
0.7444719798121106
0.406267066380226
0.28478786197461126
0.02556387497636059
0.09942531938427124
0.7283589843305021
0.10398795397762961
0.6770560056177181
0.3340538673695077
0.47490789299721814
0.21572005115987036
0.9221824285271542
0.15121826293539176
0.378105664915233
0.08908597283148045
0.7017369484281267
0.5949981398222999
0.2725394580672914
0.1272830655915489
0.655743205286137
0.2471962690024725
0.3244230418705484
0.5225264675591232
0.34682749318580575
0.14674016179699567
0.7265118160626363
0.1256808011010987
0.06859571286652999
0.14371955515801482
0.5162477918609168
0.3909275084400834
0.6532187496619768
0.7605965824872932
0.796904340086824
0.7851313452933208
0.2995084670498943
0.02286871125737755
0.9917935579520046
0.4459227052491602
0.3771751564945107
0.24937058106512855
0.4066721889790309
0.7310636426076048
0.9829253317534208
0.6559688531413908
0.9801115403606813
0.14064285959523437
0.418078910998152
0.7730681408817172
0.7326604896226917
0.6384501586066722
0.21012932625484748
0.7557120715551066
0.47784764107937405
0.8426456555271729
0.045587289039713874
0.3640746702376666
0.45778765590036863
0.22178843154068018
0.8314121500092677
0.9747459766625209
0.5619625903510662
0.7586137170029179
0.9509132596089214
0.40285347983727315
0.9900857371062952
0.3779794476388447
0.5838346723018355
0.055112992923910475
0.7410097519015885
0.5161823862427084
0.5730687523764464
0.6753904255480484
0.6129705700363073
0.5582397987992562
0.6939644414268424
0.06579908213714036
0.6359861724982687
0.182298939840005
0.5931359323841698
0.9551355555813679
0.546966562189823
0.9051790018263856
0.49913974502808367
0.7705913237025227
0.9731185303055333
0.5581422943042516
0.9303662974449445
0.9923092093710396
0.979502999434495
0.6955627797373964
0.3448267042504145
0.43078379222941854
0.49964519101616367
0.6716084093425189
0.814318238918213
0.08464535364618464
0.8817738894085808
0.962655482162969
0.8159212637561152
0.34500843690086636
0.46579189920831876
0.8190378271885106
0.928644622041433
0.12291881150409445
0.8905000671065526
0.5074100136516202
0.7898088786335323
0.199027222405195
0.805258589776639
0.9937588886670423
0.2898356715928976
0.6130599931088796
0.3567876979869672
0.28421147012125036
0.5238977599713885
0.09967395549235347
0.29301811792388566
0.46342202801295995
0.617623444861773
0.9636737436594605
0.28453724898164456
0.18514592131260765
0.4280822796233542
0.9157827860640858
0.3074341264138821
0.9933237372300827
0.34887833167203697
0.2111722390990054
0.7082397465402052
0.729282136944778
0.7194806185074133
0.3130174686161017
0.2398681076781588
0.8638804074100943
0.8240870637538938
0.7942080737820314
0.19876577514820304
0.042311718706520174
0.9090180439982167
0.1609929293612019
0.9732221975190299
0.6879312947567093
0.8393349835438694
0.303078977914387
0.6223041791691334
0.9905226777530903
0.5365273546511375
0.5639518851109933
0.4048145783459828
0.6984502788554161
0.9750416301106657
0.7449576493145441
0.648964514706692
0.8622696201297808
0.022516729021186177
0.038291483487770894
0.025336955146725404
0.008008655732257064
0.446118574715881
0.5655327121468681
0.7587437935520746
0.5351112597793193
0.2512354056361428
0.44224692314690683
0.8877375551625031
0.7370489873243409
0.9508395416480981
0.5210957136978349
0.8402870261066643
0.08463885420296469
0.45296642409722665
0.8870708216349952
0.8835175085967074
0.7958661283782904
0.2990783386482331
0.7626453218163481
0.10769868688891071
0.8666976297244172
0.8808673499080557
0.3895577448992069
0.3154864805948052
0.6221988027527792
0.6495043690709792
0.6053166234880849
0.327070888800027
0.34564261597253576
0.22551040800689637
0.46884170275390735
0.8520819681467662
0.8973981931838413
0.8654297441289525
0.48582125076684857
0.1537999423896289
0.5444922400650085
0.0055478372346301486
0.15785016347863745
0.04791560452310806
0.5576723060046487
0.23165173276677364
0.1391696946857517
0.7258640021073726
0.09904425720339316
0.837617932356258
0.819832344513924
0.41848589208372533
0.6499494782761394
0.48972028905765386
0.03776000306882543
0.16037522981004837
0.16997483540271174
0.5197050345507374
0.5582848623528177
0.7354263590212352
0.7182140796590372
0.542270126255487
0.8979382391660635
0.291325607408607
0.7385987226722162
0.43464223969308224
0.9488394282151288
0.5246667708714224
0.8911882318921983
0.6958448657781927
0.4782172758846246
0.8584936608304236
0.9421466245654935
0.8940964214815337
0.7608337081093043
0.20136708000099068
0.17506514132265338
0.29085714274055485
0.5059652833062216
0.2884668982758487
0.5884518714816193
0.8512375830709493
0.2044388170715189
0.49893894555843044
0.07937679540847165
0.04884050604499135
0.507599581262283
0.11080428731478331
0.7883889898090108
0.9870916135333088
0.1695751572802835
0.4446014850696337
0.05698265237200206
0.6240543775314022
0.21439327932963714
0.9005886366565804
0.6337050897090561
0.7035521147554838
0.062247870850690945
0.6033891612636143
0.6386138453670118
0.4280891077370097
0.37931292317164134
0.5191076230428553
0.715335688341172
0.8378653735249162
0.29348110156582097
0.09712895588151615
0.8587043610614324
0.0487691455493382
0.4872818973856331
0.8785804182135182
0.3337744088854976
0.09789798826950391
0.16777507381045442
0.41870168033348387
0.1934484627697035
0.7367355617569344
0.04289666057157915
0.2608399540963615
0.5625570071115288
0.3611456247747079
0.24312127320311983
0.9347156594174426
0.4842535640051835
0.7589934394960859
0.023237154846008745
0.8409428141582193
0.4521219011825799
0.1587045350878593
0.4170971197943406
0.3054070533634822
0.4984750448876445
0.5094341582077286
0.33751775380326365
0.6247264476446467
0.8811683967794997
0.8905986587186315
0.3063838441813659
0.5305963547754077
0.02394459508563307
0.469023257796391
0.4215226593681588
0.595838283664808
0.49350476562410883
0.9617196367393408
0.029511223444204093
0.15765729472973633
0.15605491599000243
0.6471790897255081
0.3995648454796076
0.4310505152709817
0.6932410888114638
0.8328345336855408
0.5208957390638783
0.5232791342684031
0.8277287275205406
0.5663806265386744
0.32594635518104376
0.14522137157207138
0.4472727182628121
0.23435016203627534
0.38515297139251103
0.23071857342721414
0.20978507107624433
0.06608485759316995
0.6243294712453069
0.5279780554017174
0.5528177091971891
0.7365186090605123
0.23555731806824698
0.9868650077321975
0.5361103230285089
0.29093407236690294
0.970149884884441
0.7538885608560594
0.33770722754112936
0.3153452531996025
0.9559735785208113
0.9319137769147017
0.09606836446006628
0.7734230172111127
0.42557244484398027
0.14977706222762677
0.8985061366494177
0.8442798414156036
0.7500662835545963
0.43253643976610034
0.6193218758051072
0.15296840885745377
0.09918325352027024
0.38698895698556945
0.8495959233885819
0.669643136918749
0.91146093795247
0.624645458624215
0.8639380358862331
0.4755443058988472
0.44039500571694223
0.726149907997129
0.7158086363181115
0.32492959234625796
0.820708178448775
0.4186148407232404
0.7241160028290704
0.455550543475188
0.1310980920932432
0.5157416230346823
0.8997575296628625
0.8192804084555833
0.9770285174285113
0.2721610011269735
0.7281272600262664
0.614441796362392
0.11595484239820975
0.01667057418491036
0.8825310127350932
0.9314428304014061
0.2510459119798626
0.8480924220984195
0.8486262670790649
0.39220283217998275
0.8563849987014435
0.32472453907401844
0.010321731730872696
0.11244244829954142
0.08863874426633067
0.850106461340166
0.2259607851697305
0.8760992390375059
0.2682694064246408
0.23808331012666428
0.2446170481378135
0.4335895656801342
0.6188292912998862
0.18867073606424967
0.7068269824593032
0.04024737089054309
0.2247385251244266
0.8087901437528466
0.6662102474012782
0.5725989007424755
0.5040414331672439
0.26738463647731237
0.8276005266905176
0.22590643489973727
0.8799644885654055
0.0018666213542620769
0.5423802921375912
0.6119444160588309
0.05144347710649022
0.06175261901248941
0.9358907905585614
0.966659940973446
0.815424114302666
0.19256970586346345
0.283902244814749
0.3325640954185797
0.2646677230584549
0.8564850378919453
0.8130928721057148
0.928098839178312
0.1715268404897008
0.567423862590514
0.40264509790900116
0.09804235168983255
0.4964182594344094
0.6391156786053844
0.11364722109218117
0.3015543572926418
0.25233352873643
0.540232952636678
0.3552155234062847
0.2173370575463044
0.006829499311338472
0.8306155276266272
0.808891435129824
0.19724909777376365
0.9235854522447079
0.6109760043525517
0.3462543438312302
0.0297717559285543
0.04026609520714375
0.2008727725410676
0.5337683090522336
0.19851276738200596
0.2943997215915388
0.5512442362942305
0.3339532870830997
0.27676350741876554
0.030433741767066258
0.4359283458608092
0.9177802274250757
0.973334450036198
0.7759962627888485
0.13471338121830356
0.7248875871553679
0.4857418076572332
0.03991906775130116
0.7582199484220971
0.10622921976471011
0.19160247036192357
0.6064185220927045
0.9255815140225924
0.7839229235585081
0.9458527710872252
0.25118208816799814
0.8074318959749516
0.5731332474133236
0.0689179090836336
0.9668928686722589
0.5842549804327327
0.9748729307570065
0.9672677247702647
0.6716320220292457
0.4368791024980472
0.9595421577415048
0.478938831817738
0.5813020238691338
0.06785535869336445
0.36482444607393705
0.7840544661491711
0.974794036712378
0.19710903491366216
0.30175774763131946
0.5129209483244619
0.3688330425687264
0.8449047108909851
0.2898167545327409
0.8960359704987221
0.6690413810492221
0.39402247550619773
0.02947429908657251
0.20698478943657306
0.8770493951622172
0.33117821418231086
0.06757531712383169
0.6336647321941379
0.29103821112370565
0.51697612793239
0.6351608575686545
0.8795486700429218
0.8337554057164651
0.6107208495971429
0.15285008643685039
0.21334591635587652
0.24449378035039715
0.46761762177664756
0.3610847092382523
0.6888552963068268
0.5489346368046407
0.16820995618522483
0.036793534609877776
0.31291713558104783
0.36536502722365294
0.27646800267752536
0.38834800180183127
0.4406398592408499
0.6522096289838106
0.06673883600722397
0.5066351205720261
0.6208100203175624
0.30261564260064444
0.9143540331377945
0.24231541857981176
0.3940352601716336
0.7089575942275936
0.10939674496833329
0.17658786003291604
0.1002125376821229
0.5384946572080686
0.9706142630021403
0.5375263105139749
0.37719096847141176
0.6662849910594352
0.6557341433719259
0.3503477935507051
0.23012963420972266
0.7182074935927314
0.9764455726250374
0.22625842999533408
0.9981753342555877
0.5521575001088349
0.45800058279521494
0.7717086146697036
0.17102085962515368
0.5539749085035038
0.6796145960952814
0.21674006447428773
0.9190670012323597
0.9957233832158694
0.14344177872868358
0.2267366669627282
0.44711827043707353
0.36231650458791453
0.4417876609429394
0.5269361011595487
0.3517189959178141
0.0398490166135812
0.6956225492271814
0.41423065563425465
0.9211010975149936
0.9932667568513478
0.5833105656142545
0.6585943791833969
0.5440868058737415
0.46988176507742996
0.6202832332527844
0.05775932805860107
0.49357433089070524
0.389314504121858
0.7236044963786161
0.858147466780267
0.3181337418495327
0.1822530920040183
0.7389582579154554
0.8171044414818659
0.3675978103383989
0.030388140867444347
0.4000387158228572
0.2597169939840501
0.3645098953319277
0.9475363168443255
0.8774840762226714
0.8051072239239004
0.32322677220408313
0.908857137624064
0.2668423567023078
0.7920525431722294
0.6035942699345499
0.38289710084044903
0.916115583750343
0.9390323339153593
0.7418908465021181
0.4389895157168532
0.9942231570681469
0.11934919633816532
0.06775142236582765
0.8287044306032958
0.780571575744417
0.654391298361137
0.09006142401097084
0.5671364802334808
0.8354651987940055
0.15973297479908943
0.09043808575461054
0.7225536838646297
0.7300325692476989
0.3357495210832412
0.944046018495132
0.5840186009253842
0.507566177324744
0.5723452504953419
0.03523120231553456
0.20459644164304025
0.33064917975583175
0.3701959547597561
0.3635216433123364
0.2236598906971219
0.1061862508112561
0.10836221394346912
0.12651552362839114
0.07727295163078085
0.6681475234999534
0.6498678719724637
0.3155723324879054
0.9704130022786706
0.9011425439593126
0.6053938740478007
0.23259137484725056
0.5545600001812859
0.5471430961158518
0.7942360282447483
0.6138328080316198
0.43034506655469495
0.7767847438280734
0.08386633915072539
0.23866198001761196
0.9673136501057047
0.8932290830495199
0.8893887266187825
0.16400272871857335
0.2690789429338899
0.43135881813846844
0.8191299252484535
0.07510383821035904
0.7977881108946747
0.16893543695438762
0.5908044545179372
0.776275276253337
0.8567073702273839
0.040812741192492674
0.8597994665814807
0.05028358088799678
0.37977555604911084
0.270796190637142
0.8497054057068709
0.8657253847438955
0.22442981068817813
0.9317792591833294
0.7272693215616423
0.17538195516238764
0.902245903629257
0.15302628393735096
0.6395073211956905
0.05995926950730612
0.2892073475412972
0.6354720443131907
0.8135249992823925
0.7282424941293392
0.6342973182674501
0.494358395315049
0.7188333946270781
0.6458114685283386
0.6905916574073883
0.27955411120831086
0.6546003541775641
0.7612228863927516
0.8041092077003192
0.2909659084412046
0.5154295715370705
0.6262332752344119
0.5148434247985574
0.5776100039751279
0.9549279958480866
0.0060726838991559395
0.44161707668007455
0.21354656447137443
0.1750537687132746
0.9974610247021601
0.06776837773456745
0.722749759365094
0.5119567245978925
0.05857496481223878
0.8260121895528282
0.5285690665970975
0.6902955664673573
0.0591235917201296
0.13963483167790247
0.21240611208444027
0.7924392701174205
0.017643404888796788
0.9155802151672223
0.1340161246196323
0.23428750117099018
0.30722025710727185
0.8746384255700868
0.35755381675897346
0.6822984873779678
0.06942386705376258
0.6626132211460927
0.2504079878337424
0.7049710633888134
0.4723997331628097
0.6356503529527484
0.7763683596003929
0.04622914829209379
0.30846937490833315
0.3145607949768652
0.8921169153870916
0.03888870187157789
0.234746519887701
0.6848649187187497
0.03614791693674335
0.3332252158032194
0.9451417129607428
0.20088568053525357
0.7003169857853724
0.13454864148685708
0.3978686021528801
0.40365926600856905
0.6011053434549035
0.46038694148888615
0.924792401031961
0.2944545043035002
0.08186964962130283
0.5835534554742372
0.8319316173384078
0.04382016426744739
0.5005357271822016
0.45597974540353525
0.31677817472193237
0.7126536611606855
0.3614036033176955
0.17410575768812575
0.893552753817562
0.10975873410779202
0.6832338762380217
0.24124068801278875
0.13612463878706538
0.07896387599086141
0.33340340859162265
0.12732875054414872
0.7480728893522303
0.8451780030456111
0.1822190594385804
0.6732618135953049
0.09078228928699172
0.3083699441012262
0.2972423590663441
0.365810411503529
0.6365816505707598
0.03979493207647533
0.4103558347486437
0.6713424878584026
0.5623320029525307
0.5709488274820644
0.35817793886461524
0.23422957599948357
0.6230743759089994
0.9369919171276437
0.48215628424096824
0.4115808132532568
0.5470886307639643
0.29694216665373696
0.9016728247624453
0.2721884982006837
0.3459460669837984
0.6198383148854799
0.3176017501667251
0.21764910992997022
0.9677878889599048
0.7237808241857748
0.893027711394865
0.04910755105790765
0.10513513052952106
0.22111824149034132
0.5766816520802595
0.16311273633750678
0.5774993363870633
0.5099952103198335
0.0533681513657116
0.5447769715464292
0.18267297268266014
0.26232475594757365
0.9808882183393299
0.7912310564072611
0.13809230264379047
0.10165083094969551
0.5914443065351765
0.5070866341506629
0.8003834280065217
0.8306169061086117
0.602023144012513
0.8750073261774151
0.056770140130675495
0.14576861185072054
0.47816317763640204
0.6829558748926968
0.07905528502430426
0.5028524105455995
0.28939620721368675
0.6367026300574214
0.7716451416256679
0.3816674909933223
0.008328975167811503
0.5467470988729799
0.5281886629420316
0.22387176831448397
0.8508311338536778
0.37411524746866087
0.4872935411084882
0.048820730741506946
0.0888643019382126
0.41889639328509654
0.8400793637295225
0.6512410946427196
0.6873923531131955
0.6490550692834582
0.5788492381833286
0.6712079921929476
0.12530827124422284
0.7399663230464095
0.8565487851433287
0.4511101183716646
0.861367348593991
0.954050158946109
0.4501867923402767
0.5855302229695064
0.0449459226567559
0.18822378033336196
0.37344243706717306
0.9395710941762889
0.1415000613572256
0.13480623871998376
0.16529107195517578
0.7789707030652894
0.345513542991544
0.24226196395745103
0.2783769750562546
0.828771429394444
0.3136616476311519
0.853272147658826
0.4456223401701056
0.8139081830145757
0.6182097320073701
0.7098634724127533
0.07240853404472647
0.9050397855736644
0.3791660187199327
0.3345285225746706
0.5575955477279885
0.0010284574249476153
0.6724505154054614
0.7306275506327998
0.35384237580045863
0.3323251545745103
0.3905503342507448
0.29699304615777067
0.7180268219786361
0.3009223986630747
0.629332723929455
0.23949908666833797
0.7605845977913425
0.4206832182583966
0.3234649027927696
0.3382725365897178
0.4665911485283837
0.6920566309767423
0.6886253970983617
0.40085619595664934
0.47957863462088857
0.2995167749731139
0.8272297177833113
0.09407550628749206
0.6266605829025046
0.6802939970059801
0.8218585049633028
0.4979680182062668
0.2975880141681855
0.5443811441544232
0.5521369989379389
0.8637020804526355
0.8863532158745107
0.5664013727809893
0.17158981539985607
0.8413817479435084
0.2475254629386403
0.04585146831597642
0.9093682890728649
0.5860485828379197
0.268292669092156
0.26091529260055146
0.11165372181055544
0.7274210326777362
0.9157805633147157
0.02145633793937196
0.4950063876183072
0.9860128986025878
0.5615182375826799
0.3348038615662131
0.7332140230521698
0.20638432969963938
0.06971754365279526
0.7035630113600317
0.14146479358249064
0.21193971722686689
0.5743423232176201
0.48810782339326153
0.04150341465103835
0.7341768465251759
0.580453482504233
0.24027494636833657
0.5865540024945695
0.6492959861245313
0.27387872961978177
0.8742146358213749
0.5115067353160033
0.36194675880005134
0.47570730161975416
0.3609483857911522
0.013831788127318223
0.5851202718860798
0.4341729043349173
0.5553202931362705
0.608181064059692
0.8358163611063667
0.7234606168438028
0.5595786329495895
0.2212481655603591
0.5758661341400838
0.27617922656431126
0.46265847743349997
0.6648310515492385
0.250494680590156
0.2397077010889087
0.057401223418219405
0.026821837090082346
0.7091017791126534
0.024591852221072963
0.9354591563253537
0.36934945959111587
0.08847349761354883
0.596397635200981
0.6285062783897456
0.03632796186454956
0.702012718788226
0.37470733210515295
0.622706047085712
0.7260219924372854
0.18322366405954116
0.0866597892881753
0.2738333062796473
0.7625014233965799
0.7625572469930464
0.8162148095452794
0.32929443302071537
0.5376276863734695
0.4730081612269711
0.8067586871619213
0.5273326934120486
0.710580256681483
0.6819871653221998
0.47827215963052616
0.13002534959410872
0.21576479605470766
0.14038372057363835
0.1835743097166327
0.39421337022321346
0.8037046438086743
0.6056875493084017
0.9671946945884675
0.18708307476535946
0.8732882872418167
0.5809060695127831
0.4689195190817125
0.1417286732805466
0.46590116720841135
0.052512774319917854
0.6937241155975264
0.40386193644249446
0.26037490755291526
0.21931606693533956
0.4134287888145983
0.6999721004506341
0.35729328375182434
0.41407027706502797
0.8693684288983439
0.9539096176478301
0.7316376020273525
0.17605449171216403
0.8817291315681861
0.14893283735165297
0.4522892666319457
0.4365048814108291
0.004581284211039427
0.5637854090830456
0.7255936560953686
0.23311010199738902
0.6694789367898508
0.17740696047842686
0.7182836276425697
0.5915399509650884
0.5348985241927355
0.6796250777565643
0.8496424306793846
0.5048702729756919
0.2733580434602215
0.041897218238891365
0.5958003643862412
0.20337228990660483
0.19616175961178905
0.6907907778658612
0.5093948081610671
0.20865426179583824
0.670198520682552
0.19218515287277116
0.512454090368744
0.6966743580541012
0.9472781492041471
0.401330074959377
0.5256094956325459
0.5400532226732017
0.03277876600727758
0.8614830121950958
0.760911773913334
0.6963353813565754
0.21579719458164692
0.5840428834600853
0.0361073334917108
0.9658069110043298
0.7378198740085083
0.7239380556366335
0.7713783649219862
0.9254359919463166
0.2626313993811886
0.3451056961808976
0.07135824985355399
0.7627290336805835
0.8148593194558065
0.8763841146921678
0.20111015074301797
0.5886044041327342
0.6543620450849124
0.9341241334061104
0.5076989831486638
0.1122316032551961
0.09169784809879045
0.7448706051499628
0.45460626819174144
0.07132734386900774
0.20241596546484186
0.7823645376651815
0.15155911601520422
0.3311739595843549
0.6841712862779752
0.4302471146724881
0.8597010063808169
0.2404708420738575
0.013214875129814119
0.6919656877178426
0.5836202472880224
0.596205955283605
0.8060717506698485
0.30049463684988265
0.2826958140636342
0.5474686852418857
0.05753016977856784
0.35645587348147967
0.15762597800120604
0.5595616033211981
0.6673844137703308
0.9886742785262892
0.4401676847507223
0.11362191616151618
0.10127192932412332
0.6510619425630024
0.40341504702765885
0.25303336945852584
0.7631962221965878
0.38295996382346853
0.7231633780285215
0.9847968031916347
0.32783624608625306
0.5657873119689064
0.6487284635781589
0.31819901680605944
0.5398144182944878
0.11506308608218607
0.5427666845663285
0.6592869742634676
0.6575582357832578
0.07335181811153513
0.30147604548732476
0.8774064390592073
0.6086623169971075
0.9806973574926051
0.20438679357637002
0.7139308024720025
0.5324889128586469
0.3309342765048737
0.7007610898424795
0.7793248278569102
0.4675159379613394
0.32848252655642785
0.9527981103861181
0.40384651405623695
0.3059744345009848
0.8364120720665339
0.8947799152199156
0.16188369381746093
0.9731618016796172
0.5477168676052359
0.953004350681718
0.5564592249186048
0.5403771115956497
0.5276325353345469
0.35370392706221476
0.45284814708508236
0.2341110123179776
0.18649499515458035
0.7918489876201449
0.9095171888806272
0.7315070967929351
0.3861318629820023
0.3465910936075389
0.5099260532038871
0.000972218007408987
0.6318413720363686
0.7113263188135021
0.8797345654747823
0.15121316447402522
0.40470559596099764
0.40055440609065796
0.20348305021765822
0.9807263700109551
0.8798612601669779
0.17288189568147094
0.33425260698533743
0.5537822611031267
0.30634542250040664
0.8054969685427007
0.292253106229006
0.34484810783888864
0.7658338003618326
0.8548349572518289
0.43026727772346796
0.9602889783288118
0.24880819724190595
0.668082191598696
0.15118955845823046
0.46624703865935935
0.754962581804604
0.024097800659855673
0.9481692773424069
0.47050083831837886
0.4100332588349479
0.7701582206743951
0.6788296533377933
0.3989480397897527
0.45836055522495434
0.7074630945822014
0.5523658098751187
0.8348859234952413
0.21844467300897563
0.007872164049756658
0.8478058274718855
0.5866208994841979
0.1339449940345273
0.22490060725195915
0.33224100730270956
0.9361665015345296
0.11098367867110537
0.2475039022775648
0.8813013677966905
0.9713819834424371
0.5497384399984546
0.9750519418947884
0.8380361523286698
0.16847479699010492
0.3438599957333265
0.63501362852704
0.8586160325542631
0.7723376101930624
0.8283556202121719
0.09555190011151471
0.5783319533385302
0.9831699998548773
0.6249531147265549
0.012986291905277336
0.8412036384905452
0.6812365002049909
0.5020798572880864
0.8054725842448082
0.17987354616221718
0.2791457230107254
0.03654101936178333
0.916866912595131
0.5888149020718585
0.947591609930092
0.546186661117106
0.7180218811758039
0.7105890953213769
0.9684243384475132
0.8835672358872131
0.9491610947223162
0.0832152939757177
0.1626140959149065
0.13397608144456985
0.6312475952065228
0.3073662075860446
0.941588882510689
0.08382448739741322
0.9347760965052324
0.7367988249381844
0.7040213266229529
0.8793271798337224
0.8258367055571255
0.37088474925932347
0.2596080913875525
0.9218857232920211
0.008208054568719203
0.45765313114602
0.3326542232192521
0.8705001774787475
0.9183278960716112
0.46787391633359154
0.6429657914455679
0.884915156325352
0.5647289269867702
0.3026117917979806
0.8047094342475388
0.06780212463603108
0.7350096871925571
0.7917077863395618
0.6597222921603266
0.028172200356821442
0.4355372998450182
0.021088990964677312
0.0550015935193896
0.9150102158567931
0.24683267206542525
0.6229719575417181
0.9024971053914906
0.821052466069691
0.39075177796057925
0.8270694237155687
0.5511079563889489
0.5828261999528802
0.5574461619311324
0.7138434108746463
0.5825198336873709
0.09199603731204431
0.6488570504815934
0.009793304476192088
0.7582713270575383
0.4330723526889696
0.3765241267567846
0.8189636292807683
0.4202251869787391
0.15283535224831268
0.8953194828703273
0.9337183418495746
0.8079018872734015
0.2511972488952061
0.8041596064463308
0.2796440636684536
0.8006189952398908
0.3693326532822686
0.9972145713878168
0.8866936018620586
0.8011436293825541
0.46194603088528574
0.3014095854235853
0.9759013431581501
0.9245734965283605
0.49847117666562024
0.6086559815952023
0.8692669968791344
0.8566907678237502
0.9610459087910831
0.20342933234252614
0.5146548886312114
0.8427848887211744
0.7731783012032044
0.9019342807258071
0.436253771257895
0.8854123236252619
0.15743795162339147
0.57057474033672
0.9407088537943062
0.4964940347824901
0.7145888625041757
0.3932190115215868
0.16544874256655562
0.7153295575400156
0.4623433156970935
0.6799388971654653
0.5332780078610195
0.13862589059243635
0.11414572910088161
0.9278687243979952
0.7540037496545652
0.7258736559352342
0.053154002265630385
0.0415078057229229
0.8606834706248107
0.3499095082768714
0.22962529769293716
0.7378263481189926
0.2544142992392371
0.5414010913676454
0.062033706039443914
0.6886209396781047
0.7817861490872501
0.016686536272059738
0.18754729128121483
0.6063159254509938
0.6469494780470721
0.9353665921197309
0.916866599644434
0.8355289071071486
0.6222836658019947
0.8763487035726413
0.2346036271021701
0.39026790025066505
0.8935348834351184
0.8800376026714462
0.6909922094240932
0.9408148197916815
0.450902097550242
0.588714440597375
0.7548058033510363
0.25547827658125877
0.2919547004587816
0.6976561550249649
0.5975320799151758
0.7118994762201483
0.5054032622730027
0.48740715598733353
0.7756003979619456
0.32586351503681976
0.8868640172499151
0.168323588562302
0.9375368331260928
