128 2 3
0
47
126
1
8
96
2
114
117
3
7
68
4
48
78
5
56
103
6
32
86
7
31
96
8
106
114
6
9
107
10
43
60
11
28
38
12
104
113
4
13
113
14
102
114
15
35
63
16
26
29
17
71
104
18
22
64
19
41
65
11
20
121
5
21
109
22
85
105
7
23
34
5
24
104
25
49
110
18
26
92
27
66
92
12
28
109
6
29
69
30
105
115
31
96
111
28
32
67
33
65
94
34
61
116
9
11
35
16
36
73
37
58
101
38
63
127
11
13
39
14
40
44
41
42
83
42
79
86
43
106
116
29
44
52
43
45
47
11
46
120
33
37
47
46
48
115
6
11
49
50
121
127
11
51
68
25
52
57
4
53
76
9
54
77
48
55
91
56
64
105
2
57
98
58
73
111
31
59
101
21
60
104
11
22
61
62
91
113
17
63
79
36
37
64
65
104
109
10
66
115
67
79
88
4
30
68
26
69
109
36
65
70
53
71
121
36
72
90
2
56
73
48
74
88
31
75
89
49
76
121
54
68
77
67
78
81
79
117
119
20
21
80
21
36
81
59
65
82
17
83
114
1
81
84
48
85
108
86
107
127
87
91
102
42
67
88
40
89
94
62
90
119
15
40
91
92
111
118
2
79
93
57
77
94
81
95
100
96
99
110
67
97
120
81
98
102
30
84
99
32
70
100
101
115
126
9
72
102
39
49
103
80
81
104
6
80
105
41
79
106
68
74
107
45
97
108
59
61
109
4
15
110
49
50
111
59
85
112
33
87
113
61
114
115
12
78
115
39
85
116
28
104
117
97
118
123
68
115
119
18
73
120
39
105
121
51
78
122
36
54
123
6
12
124
9
73
125
17
65
126
82
113
127
0.5823274289914383
0.5712706681344097
0.6114181249497642
0.47977668210655855
0.1400673222805221
0.5167472088185867
0.82011775275449
0.8667808467954596
0.23593649848770237
0.8010631339552984
0.055935734271598925
0.8704094203255821
0.8141911602437868
0.42660834901042777
0.5439764416841696
0.6442318565894851
0.16696263410849244
0.2927221034518367
0.12991822683970633
0.43006367202540086
0.7676151944068422
0.14198004626922778
0.7980985878876069
0.8593563674224577
0.7449996828786142
0.41177887843527794
0.7848135258934874
0.4377436080074828
0.565732763493798
0.5131753918721289
0.02696688210252518
0.5487977359398014
0.5002035888975466
0.1567372869825745
0.6151078124867696
0.3386005369501479
0.22143712090266898
0.7310685936191249
0.8092471742809187
0.9904442419498587
0.7564864121709864
0.580137308124595
0.04065493185414548
0.12771780675028144
0.9827655284385698
0.5008257591702268
0.2847888929982366
0.799817999906029
0.492300872918658
0.9546197566364595
0.9810951225260368
0.15852102317245675
0.5519074193353766
0.4609869424361345
0.5696380226222584
0.4850257354899157
0.23648467461402012
0.37749850902596993
0.9872939588185838
0.03458806438700546
0.9858616493553612
0.34427485477102027
0.8303540575090637
0.8201505855579789
0.7715262543113179
0.6995616062529179
0.12996650131084497
0.07661249083779142
0.8182486831029341
0.3593405104120947
0.7834701468167414
0.1977721443442032
0.8575529926077916
0.6507484607086313
0.5156087548726198
0.9865984850121309
0.3354439172031489
0.7003717789062344
0.27471504652625667
0.8176469926881181
0.5063062403308799
0.6482449582237552
0.12110152042820843
0.7778390257662408
0.50032174688685
0.25474611982194195
0.9117039502609919
0.6030356660129851
0.19859473072873168
0.3504226900003241
0.5946264543332851
0.29012890770155386
0.7672696664057074
0.5337266075464928
0.559775122358401
0.2907794619374827
0.7933825123435525
0.801454469105562
0.9762332914564248
0.49224206932426207
0.6864782430692569
0.4682861462787733
0.9169321395789978
0.0042405756366589165
0.6311481630899818
0.4023350088689862
0.06640296201710771
0.12220041614481425
0.8214115614435488
0.38216681840008015
0.9156301910214253
0.029096524549659275
0.9504072183475454
0.08305297139550372
0.5825330325522595
0.19881582760421068
0.7617485724862284
0.17932095849476148
0.5609418301171959
0.4057202693536788
0.2052497631115222
0.32605472250911904
0.39838768737919983
0.9157360302620092
0.8473910550089355
0.7282437005494843
0.4218195374911584
0.2256870439891565
0.7068012439547858
0.7921888330287807
0.0011021007277652872
0.060987300942401124
0.3065718743182805
0.07623099836560687
0.48054966990764003
0.32507947498354606
0.9788110258880818
0.6236389346494805
0.23285808472625968
0.11183745855234517
0.449384493243985
0.2763857506057925
0.3123774553926867
0.5231541518440358
0.26794972351142887
0.7641546641003786
0.8120349074539794
0.6651613959327141
0.8783490817578411
0.41462087401357794
0.9258241402721092
0.6324611491843168
0.4421385108113478
0.17917037514604117
0.04418260870516855
0.12497570824174642
0.4402921965908433
0.4106765384407415
0.7867366614245508
0.837865768679075
0.6479535744107829
0.8431313837402866
0.5990833267725497
0.1607678258479066
0.7042400835073948
0.638675988550638
0.4532542072553747
0.06642819644113929
0.7206362233086333
0.5961665998488989
0.4367734983532684
0.5478422215374084
0.3484149055575507
0.2357350586494631
0.5038261665924463
0.12951621860530194
0.3500413513129984
0.12290168565605064
0.13440552112929582
0.9855371210541439
0.5691276385425886
0.1936176074120899
0.08344718295982534
0.7148757816813262
0.3015352331417597
0.2353180511069869
0.14527415230204843
0.5225941574601128
0.7936876007089765
0.775110205021403
0.6762420664398407
0.19731746262157435
0.991827001238167
0.07050537201941232
0.913646411113697
0.8426467251195893
0.044069970754728405
0.8183685879852127
0.17138310173510285
0.47803844619391933
0.6784934132584396
0.6116929968961144
0.41368564543525344
0.3454010370662677
0.6545145264189509
0.07813948239597845
0.22323822208584598
0.964596267030918
0.00344136540194373
0.2416026699404994
0.45392356058684713
0.8990586422409873
0.7680737555000714
0.936980309450794
0.4681127938927987
0.2993262856219032
0.6514546919093639
0.7566249632986459
0.896962392048132
0.46852111264952623
0.34067300613565354
0.212377007246345
0.33095853283292465
0.3509437048917078
0.7557445681915869
0.3460981792001041
0.3847402014983593
0.9039760106817757
0.020042974594299157
0.2827455394943146
0.8442593548588649
0.65167817794017
0.5147344672479263
0.5984215772893714
0.7981642073246918
0.320791471303836
0.784553671666395
0.5294913464035769
0.15920336336996843
0.9530364519987895
0.6972846324041939
0.22373550485246474
0.7460598017618865
0.4142398578759052
0.2139551019484247
0.4459155949858593
0.703523472168627
0.8252983362482134
0.9576659682094798
0.4165219793855368
0.3605441658302727
0.6306711565677163
0.39225502086459574
0.8968417897304317
0.2552788016171793
0.34610081767896994
0.5006226212534725
0.64378732242397
0.2929964253456697
0.4707294042972837
0.7671372004123573
0.7189707511364263
0.7050769736968671
0.0515259523544882
0.18464483261940745
0.0614419319884314
0.9769648772784805
0.8948073745243447
0.285132152669481
0.11718351419721917
0.9932600101457201
0.1907776620304631
0.6744865370804144
0.2757578450819913
0.8249147955694466
0.8497550320298135
0.6851621585330289
0.2730196765956219
0.020480232412953936
0.6541605170523094
0.5093212365919094
0.7340448251932291
0.9683105216345941
0.6591231274706193
0.22980069202321451
0.42867593954760985
0.7749855312889308
0.7944953609907545
0.08063509451033912
0.6783029248936154
0.543687426344067
0.4483931750887661
0.2554197992657957
0.8197348815595843
0.7930992171208454
0.2507619521455464
0.6900200432904349
0.11037325871065617
0.9825513415501064
0.7560546035786725
0.6540414411814174
0.11972659428828503
0.13952201335870218
0.5629425920161374
0.8378101040349297
0.6339462640709665
0.00029468227043083495
0.3125721044955332
0.9242424496279548
0.2665794248825708
0.33879712623987257
0.10073863541649675
0.21025271872293771
0.003994361092256038
0.5730008736060503
0.552507018870524
0.21954957994922042
0.5784977260654589
0.9463639251420385
0.9832925981007533
0.11129665132251154
0.327584971221477
0.9151897102851188
0.4442610336398074
0.5515401246739775
0.6567880706279726
0.7824998849113899
0.26324210004487003
0.7123936309027035
0.005313300228545481
0.1721048724794093
0.1407951937260823
0.2189358632921774
0.3655157283636268
0.6209209843991207
0.22669469952406207
0.6612368113190936
0.39531982627925255
0.13781172275741316
0.6439125256741397
0.550297399107677
0.1907073324981231
0.917942010319921
0.5871231873506271
0.9605775843652513
0.0764917425817313
0.48118322905555233
0.3580504807067686
0.7126399519483244
0.42240087786994185
0.2876275596397664
0.9352736709960953
0.2592585698544084
0.01241501090923447
0.8401491098202732
0.45057431026297845
0.06668476235607801
0.5441664168609239
0.6701433164653183
0.7811645775927156
0.9122658032048456
0.3318421780948715
0.3026494048486421
0.11907656852753323
0.37056811250527943
0.5927846995984027
0.30664256133020695
0.5631446703107628
0.7023631467269845
0.7454766658402981
0.5429206150955367
0.4141454159798895
0.6582318802622149
0.7189437597569744
0.7947469539378914
0.8882787305571328
0.6752810843617494
0.8068413718755398
0.958392865095515
0.019423015398128296
0.3802251825153502
0.4310096099390708
0.7343056878375682
0.6067923506229282
0.23913460378611895
0.18370486174139777
0.1944554972239072
0.7066845031019144
0.07462005119454596
0.3538869027988826
0.8650679893620437
0.2874244251388405
0.21578762948770525
0.14164404035653033
0.15747775224193805
0.416881253628835
0.07033653907228943
0.09939902459094418
0.5161070556367058
0.27709103119335976
0.7823355566267566
0.011230259116656094
0.6044499775220833
0.3872288042568589
0.2193457259607885
0.468836727440725
0.15552334735248363
0.5293970900184494
0.7743386254918151
0.07372902187335795
0.8393129635639656
0.8448577710463951
0.47464810521947387
0.8611331821951274
0.571914110967111
0.19071157468412403
0.4199461488734131
0.9274721684643883
0.42797012543031987
0.05359897365066324
0.769930301438724
0.5897157285071838
0.6539238150659018
0.6398385012151037
0.42296328206380995
0.20421596380596774
0.07500884653355644
0.6941939297709382
0.8963690137931035
0.4725807222331997
0.2530787602113259
0.8053020437742777
0.9611809052237903
0.6559039201265336
0.91658991822408
0.015611654874899572
0.8270844587770584
0.7083563804047592
0.25916143175020967
0.9548848887611083
0.11210864802343479
0.8087618579508696
0.6075722162720829
0.7920792724795365
0.4514899426105472
0.04526310907754916
0.7288694483545304
0.46453639739926855
0.45835895523213055
0.3865199909877852
0.1746036153173678
0.1688736247004835
0.4856342536400947
0.481034419379077
0.3048488497560474
0.9598412499717722
0.854937072577592
0.16168373679100512
0.018638933752513798
0.33113322931006517
0.998286613227197
0.5784253596352011
0.8056192076281184
0.7227786465383962
0.5652734072260905
0.5367012712472358
0.6081735042283062
0.95602270238031
0.473589071612289
0.7091120777619941
0.25221399013432066
0.7293956450601546
0.1538983415686298
0.8084300193423982
0.6185984613437135
0.2531294302922956
0.9084676833487852
0.32019938000677817
0.15995354997278954
0.25152317063040086
0.30492667128173034
0.6967413163485228
0.38395408132933606
0.7193326333313167
0.1878428046700541
0.840861597420348
0.14344777390284758
0.3094300039315758
0.31155524383178845
0.003263920271394105
0.27791031455766313
0.2808964543264566
0.9877366679732184
0.4769321879249121
0.5226711155839178
0.5950385922743404
0.9008011364206011
0.1537429711836904
0.946963424287578
0.682509403858212
0.20792809642362464
0.34666344778315916
0.03028636310206434
0.09198986388397568
0.450316297317358
0.1420920103281792
0.43315601980673113
0.29484126792487175
0.9652474720778802
0.4332875866409144
0.33576476163000457
0.5638877350647258
0.6032265019139672
0.7979124076858829
0.04663410558208747
0.09838405468805678
0.9481392494042709
0.7376971829557565
0.8244812608535715
0.7082484239561656
0.03587421131672319
0.5889601676817877
0.6107693965846561
0.6354567370073304
0.018863083423485305
0.9441381389513814
0.7888592750545553
0.931321775432575
0.4645194771219999
0.4130270350392765
0.5524940786420505
0.4680177526211533
0.3022062502654086
0.2294407705894671
0.37222373211731397
0.30494659473042707
0.5793879878570355
0.333637712803007
0.22048648817540428
0.07883084387236017
0.14236305874936184
0.9017561978646583
0.7860824504063955
0.6385172761475552
0.7649024898530651
0.728641681911087
0.3685920502032578
0.19626135635109399
0.9338388152175198
0.6458462527933653
0.16548801407147562
0.14581273916942383
0.4717772137758519
0.509696204192037
0.6175602108343705
0.19291602406891883
0.262876313708466
0.5539676072951448
0.49659040171099056
0.5114904557046948
0.6480158246111261
0.5707309406889878
0.05820238391578314
0.9182322915986035
0.812351958455519
0.9547528098159408
0.036728807912522976
0.6312172033757781
0.40487844461701894
0.4891849646586883
0.2861105137316474
0.31219683527305275
0.8335327012832897
0.37845610060986834
0.24929026006038602
0.5975950689193238
0.9800911465405776
0.022581234015292106
0.5165197332102837
0.21616564606656286
0.49503173379770726
0.0945825888445011
0.28813620049925914
0.40821451761566796
0.8821589919084668
0.4577880863184651
0.8373823578584279
0.8580863920119768
0.34348682921538654
0.1900624649798166
0.3411500575830758
0.8391941664927045
0.9749211085341949
0.7800685086440975
0.9286916050710101
0.9583644161121614
0.5724374371364532
0.7686686064589321
0.034687393404761346
0.8474642944466607
0.0009866047031114045
0.62245973204286
0.09383597353994122
0.9441949144298669
0.5986603640565644
0.3601303760219964
0.6234240570558619
0.9236644396999997
0.12651412338746482
0.09892570775588605
0.27520831102609933
0.2465053556633281
0.8036919593829528
0.2917943845999398
0.5751972919123531
0.35353575199957965
0.020122030429591375
0.7761388630015609
0.2088601944191707
0.8226358844708744
0.4914269359795187
0.9841242505303003
0.39480677772076467
0.21148325279221014
0.5443592616015486
0.5381543530540318
0.7194313128699492
0.25738103102018317
0.167234144377983
0.46172717477681047
0.37940616427147045
0.7244237482717287
0.47038480202630306
0.6930338395780322
0.4890665913662662
0.25058254070535124
0.252699775368855
0.7729627202156197
0.05712068332206188
0.17554500240873872
0.14892680971151873
0.04884757873098722
0.06360089412053471
0.005677179284355405
0.5306360779825092
0.2262802914788491
0.5247244242041263
0.8956043260541183
0.16201423296622564
0.7778866386983914
0.533714730014452
0.8416309039675733
0.9878920854896569
0.570475672511474
0.053941199000313356
0.5853527483324086
0.7882616778825461
0.07304978239175319
0.9887806499723367
0.0792783150616625
0.8474835716657714
0.9120436177516198
0.07259141348603226
0.9417143439166252
0.1376885746039046
0.8879223288643476
0.49938734268599794
0.306106891597942
0.3852815709557301
0.4159059972474928
0.6652684033618318
0.08542205121330615
0.50486955098524
0.8239466178131521
0.7301264423025878
0.22398878045207626
0.878539932637101
0.7306464996318679
0.8510282060855486
0.5707260747262293
0.6930630879991132
0.3000042368993391
0.06235598528705555
0.8438063803750903
0.3619037000277572
0.5698839770596258
0.7388476360805742
0.9268272550095946
0.0027675279069966363
0.07736971017747252
0.48957852101785393
0.8449776029049381
0.12151171650137849
0.8183827549920264
0.8319872875523242
0.47560274792596224
0.13760695161064063
0.082174254660908
0.8494977576453823
0.19977194916169227
0.7940089890341241
0.5997409196294909
0.7605777851595765
0.8067878035138627
0.8532937037966487
0.16168371118503877
0.4313470691993033
0.6237284235428965
0.011104614447717043
0.6572881861818132
0.6395520244064662
0.7927683987071278
0.9527707673724085
0.19796287537481427
0.09535700564729843
0.8272048397218115
0.3522593513608998
0.7004230703470958
0.07941436917947542
0.4430624900518666
0.023336144864802066
0.9393845430163883
0.11030812268779
0.8816881792053951
0.951997316379933
0.26021073995320243
0.09709736819850356
0.8896295291195755
0.46664578593665285
0.30799454555667083
0.3723124555026185
0.4581978292523643
0.9274025207162204
0.7506805808674847
0.22021437341853123
0.18303327691976157
0.0964530660986338
0.6869106159660044
0.8535630212552481
0.8643736888431044
0.8100167252704168
0.6930954499409421
0.5450599213868025
0.06669470315222437
0.9259079929505398
0.9998421325403108
0.7551817775266371
0.7034116780420785
0.3604041702468679
0.2933922020087576
0.38309232993215725
0.6436986975629387
0.028180007725705503
0.7125897028344976
0.17933979242622833
0.3431418235750181
0.4065506882700284
0.16434365948585739
0.22739175009922652
0.8768554507330273
0.1788255918199938
0.34012975696079983
0.12214445899329718
0.5225480666875636
0.5695448691374084
0.03579613508410895
0.0652108793709657
0.005599428512395921
0.28755513435006974
0.5472046293925156
0.20436459603371215
0.11025720423616692
0.2369121661867427
0.20247614378250733
0.2544540959589162
0.11084316824291973
0.2732588993831644
0.5187793584811771
0.7232568283967288
0.42134300321005613
0.31702162117961474
0.3224986962852777
0.9860694775703877
0.5155319877922362
0.9816428760352761
0.2568230637481439
0.011778916569444298
0.021117697106997957
0.023664259823707567
0.030941723715425806
0.4586909448608252
0.7923314853143614
0.06501092772525441
0.05698069622985502
0.12841884005338977
0.8345261315627114
0.7206872994943374
0.6999064337175328
0.829444180267839
0.07109617111726974
0.19194512122449292
0.4692872869784207
0.47634661772918485
0.23810727238351437
0.7703526815952352
0.5265956864194218
0.6586029935663366
0.5911761500076504
0.5571987437329243
0.6769542848395258
0.8114234257220361
0.931788781317517
0.6008252736343883
0.09367014387452655
0.5008729272026451
0.4945028458620321
0.16445948438132962
0.6427751208163163
0.17826806734186929
0.436317819681442
0.9095165995150205
0.5823955561526366
0.41483527332377457
0.5654519917713127
0.8327901837850807
0.5815496012456647
0.9095827126017065
0.7652704518226299
0.3685767977709362
0.13484262488760201
0.2733979601288954
0.42944335128343025
0.46408757227329067
0.8423472482762951
0.14161384741387684
0.08588168307100164
0.208491042207401
0.558228219820124
0.052220589811428186
0.3985148056988992
0.18979122947215188
0.5932518592176383
0.6876136449140313
0.7964285979145302
0.2628695665744848
0.5295606486834549
0.5860251381503411
0.18486011980953965
0.7708535074245008
0.9607341275038449
0.030297703927567476
0.4240200776977714
0.5256725220382238
0.2368918638036107
0.9456156437113273
0.889653240531095
0.07607088198495371
0.9562915668951799
0.03701543214112302
0.2668831062792757
0.1385301757124512
0.9047102977448775
0.6292136502076633
0.0022200497293337618
0.1204094863111167
0.05297854486451836
0.8541700342751638
0.677725345687412
0.568901390878422
0.9361196781520433
0.49611619859642897
0.5869038909458887
0.2974710082765386
0.47262366347829765
0.9943674306398097
0.11838266896712668
0.05718717728165501
0.3807058809027831
0.45655252871786245
0.2881371786928668
0.6727210879330966
0.579136474234582
0.0689710315121066
0.7028087982239717
0.32887341993530317
0.7045969421023713
0.8322740817493586
0.16773700530615188
0.9887930026465283
0.8572896347034997
0.11523980136095402
0.6697797232670136
0.5185419200877257
0.44846909540393665
0.16991521993765368
0.7138518150114096
0.8675556338429192
0.7238171075274965
0.46828061910636076
0.15063661932264227
0.26156436566757824
0.7597264279216994
0.9502343247100908
0.3335922818700825
0.692190442528533
0.9565749781936111
0.9189224426597632
0.6648140260965986
0.7846578737523838
0.36642602731983465
0.4050047253205362
0.0323063542425398
0.001188587079450465
0.6498463588159739
0.36408960544262425
0.8139834585009944
0.9842977488013462
0.8100577308621291
0.12661314162728843
0.4748794773390361
0.980741506238036
0.47058195231695066
0.9958667557878621
0.8589973974738928
0.4303421787759121
0.33442305093878544
0.4780318739588666
0.0818270313248094
0.09735388524479227
0.8958417180068314
0.3847230244059471
0.8887784119602993
0.002263174921897093
0.3116057296376685
0.6464059869852437
0.8868867167990203
0.43715302304067694
0.3335380217276457
0.8652664451602418
0.06739681305849676
0.6741531379093442
0.5114183264898978
0.4089525269434815
0.7758468945738396
0.5929612655436459
0.0037178705196142525
0.8402986732758216
0.8331689074966566
0.9296866409527109
0.1601171218212294
0.22534454949048732
0.1223699436007023
0.5492274260112102
0.9378020925350385
0.8965700617806973
0.9786028197164915
0.10204529451912348
0.9859056199274057
0.2922700003090629
0.978907695171254
0.9435797947052926
0.7852830435005645
0.9130561588887565
0.18707862200045067
0.09629528993938574
0.6803014567321181
0.007478696470536783
0.002467298074989799
0.46991266845583324
0.509715883305852
0.3781660926713749
0.3906265922337794
0.7182947921005632
0.9075671327148429
0.9654679946044457
0.6173286762976401
0.6906382517554556
0.7270865584096672
0.29698842343184273
0.4971652630429022
0.47938106316781215
0.18387131563673542
0.647782028921075
0.6038946741400314
0.40249767282963034
0.3932153525550308
0.4664936983713637
0.2650167717857046
0.7487549664426131
0.8322529742161408
0.14734584629017478
0.3940067821215344
0.5005359778517905
0.3923466516568357
0.5099547450729265
0.9996810239055762
0.7489073307851047
0.7295253507465593
0.17239832630143637
0.4005042418523349
0.3694749812313912
0.5890448582641039
0.7826196003909939
0.5117154851634079
0.6204425182772405
0.6665908924535475
0.200005523662366
0.3762349927396954
0.005416318146342136
0.6544074169798114
0.7858617257911636
0.8097070482745646
0.8391798071955473
0.946993449275376
0.49329078139123683
0.30183877894640554
0.7915508518092245
0.5392943514403533
0.597982271956302
0.5411935694475156
0.6470547851423999
0.6246818823821637
0.2156933786662819
0.49435945602723297
0.8996986370045255
0.5835740833111611
0.004826996326709354
0.03838621156538391
0.6989515059559351
0.27696344532009276
0.6851152811390746
0.5522318627704268
0.6666979248133048
0.013016431435552533
0.7555623619820749
0.43879499994238913
0.996016649780189
0.657890340612713
0.6357568002417631
0.7226639811664176
0.8952445884783338
0.008367181435624094
0.3973204962479615
0.6636377838659575
0.5879148325287475
0.8819219107163
0.2964355035034223
0.05274736054455598
0.6794390249745582
0.4689221590462488
0.2920662083485559
0.865545469742085
0.016041103823606684
0.17337520162847087
0.6328542863244543
0.055485628882605886
0.3562500868567138
0.4028553030124262
0.3975539824426306
0.1958160591303646
0.7184289010285034
0.8602971788867191
0.5043213755544489
0.35799785538042717
0.4061023973236768
0.24539673438199183
0.9300170339435605
0.2777024557554083
0.2628816410245015
0.5975111609307415
0.837999652049891
0.2987579098741414
0.1794586132579966
0.8556613607544444
0.12171027138934964
0.2742223910004946
0.5741302190094556
0.8351417980319221
0.7487904140999335
0.04919792443233917
0.8824741030574895
0.14642298457345582
0.3960160835511729
0.3396070950661584
0.5723663675133384
0.210744316046942
0.14140326588116348
0.3491612824158602
0.08771067941220478
0.7583423135117213
0.5917356049648433
0.7970270121222163
0.6393827873946324
0.8776862193982018
0.46290000802061837
0.6819165686010201
0.24721337568733437
0.6017669421794936
0.08177061106059857
0.1342689203120957
0.3734059390393266
0.15437604637146973
0.7011731554611172
0.7507095405455855
0.7605922597627218
0.49156696367985664
0.6448064514478802
0.18986998552365708
0.5990018607989733
0.3818654345645145
0.014589691979841946
0.7401147211025902
0.8791309792520317
0.9688883258549991
0.6151085082870675
0.40467034882560127
0.8862509187615514
0.04147999170320915
0.11488666711349271
0.3764524475161637
0.5748197896162471
0.962282086279878
0.09342599925145656
0.03996441160637365
0.14049435687453005
0.7063094427023487
0.5969487474129727
0.935001251851326
0.7820752445330192
0.8414167390695625
0.38841630505072355
0.3872785459018381
0.00011129412482291379
0.508685175221676
0.6703196718695406
0.4326508711745485
0.47258638702733957
0.9470075503818991
0.4469870004288098
0.584550505997577
0.7559898575991496
0.7844299369543531
0.8022120195944096
0.19178731207125455
0.09769731167685891
0.23121821772290618
0.7809621871528816
0.18279384237628982
0.7911150179727502
0.7021305984605556
0.6004496187799911
0.8024948111368198
0.13062102840833634
0.41360519864579826
0.7571892532266247
0.09510060809671195
0.9521474013684014
0.21191697604464765
0.6452664394216487
0.9758113798437977
0.5561724856347672
0.8543246728643001
0.4889339863737663
0.03604408303882656
0.2937770635211643
0.20508052355221285
0.07732305145908691
0.13895454970016707
0.9935601844457802
0.9526553002632471
0.16078609319710757
0.8613396114725155
0.23678157149548307
0.28942525631873073
0.7521862110006372
0.24452294919311768
0.6166936030754704
0.8436445424612995
0.04884063591156995
0.8300839681054334
0.892126800679518
0.6098154072315449
0.26580262012864075
0.2343734365594301
0.23778115440439873
0.3706194042719321
0.8202303824350438
0.1967912846000014
0.7724817210990426
0.008787479037416501
0.5970616593546798
0.44034016075029014
0.8847569301561906
0.6883323376716298
0.594505732813054
0.16558984622706974
0.16526250845562285
0.5677843007966298
0.32367311824938316
0.9712680035726879
0.3458749952112845
0.013477494391039624
0.840769483986022
0.6739408997096052
0.3572592566261116
0.33138563687941036
0.08581488055969289
0.0025105637892597343
0.6814649285110568
0.16634994628408495
0.6881455107285948
0.16523316942056954
0.904789689385481
0.1359464165873573
0.6895342091790676
0.54162543081504
0.7795582081845974
0.24892926695375805
0.3232598755828068
0.4938974140472552
0.23626701013832374
0.41875152320105
0.9592583961695862
0.46904327201702833
0.38307941228796105
0.9434971068571847
0.18991071033191376
0.2124471254233975
0.5400901205392351
0.9236924994825119
0.3271796991770114
0.8455729346095557
0.4969307734677113
0.797138705710583
0.20163818456031313
0.7983096180527071
0.5701118295941683
0.4614726925290257
0.1591311363182163
0.22122965219790214
0.49155498104418793
0.41300717178826163
0.07037210523849025
0.27588920063531197
0.831421559063351
0.22234016093655207
0.48961172940737707
0.21399201782632182
0.18467013837774582
0.09325115040728127
0.8401028771681913
0.5116679630060784
0.45369631393826604
0.5354824050422707
0.6428361449319744
0.7994743499443339
0.5059493001868798
0.7267871611466103
0.48842791476541414
0.9182120204354227
0.8800387866859105
0.13019239228461355
0.8021182769703022
0.07320360500236112
0.9505121386882701
0.6269373980613463
0.5944556187910099
0.8645745518658409
0.028213255493524714
0.5534876883256751
0.7621706145189054
0.6227294223615812
0.12997999274672967
0.12828041853080308
0.5083005846545343
0.584256781634346
0.050230683716951496
0.5605765317087686
0.06614656368660576
0.7529645719246466
0.34756004832796794
0.557300021229152
0.6525266339249458
0.3875438322619408
0.7870124960397212
0.7576438237988399
0.5649544034439912
0.4037191696479002
0.9666165055858196
0.5809108410090613
0.23418388111227084
0.691628261515934
0.30158740421561403
0.6119806826402048
0.12051441480304337
0.19794162241647517
0.10936623050874728
0.9977721401479488
0.5980828888060312
0.4711453007300248
0.05411080480405983
0.0064430904562355895
0.819048198583157
0.3408890460775855
0.6113984939009568
0.8714486908199187
0.012320782607900371
0.9789017584394523
0.08840991139953447
0.25917574119754083
0.9428078257395538
0.8464634181244679
0.7251180803560137
0.5754652212422531
0.5178875932663931
0.6301020584124644
0.3349545419981482
0.7545174793628112
0.2624938337628274
0.9084482844477432
0.3652833245672401
0.4326693060153183
0.2361209660897411
0.3449180692598406
0.1197818953034201
0.17734928468819822
0.8047906515120609
0.4779470796105796
0.5807231623641637
0.6560932862181048
0.8473484102905502
0.03411186284323353
0.07765474550825058
0.9568787121900999
0.3623413783016427
0.8889767470722629
0.03842440231442845
0.64138365939592
0.09503121204983889
0.5259948087297213
0.41130042525578736
0.2613343489319502
0.09240813302073425
0.6825591937668822
0.09552783245360141
0.4069221778307397
0.7814403990066221
0.867210217767978
0.27759602857287413
0.9720616644145751
0.592360076148658
0.4073428542494215
0.5714994918871928
0.8801827512437976
0.864796010185321
0.7071063742487083
0.7388090494057814
0.0944474123518908
0.3247679458498274
0.44443217127569923
0.5838264479157992
0.22287477939849154
0.4359996526469193
0.3951573478583089
0.11896474930907397
0.2156556682135643
0.11923696864344835
0.28805017929746246
0.5363248308822623
0.7057423965139789
0.35186273042616567
0.6933389578684097
0.05618749856203731
0.25721355052156814
0.46991240697479597
0.5806383508708018
0.5551406194029069
0.4702376795430686
0.6541810472826528
0.3508600211251839
0.9715675015931823
0.08661645519324102
0.5666650446936878
0.16123564138483115
0.881559036253467
0.9381696898390395
0.7056462404417039
0.17355791213688077
0.1472060193773418
0.7508142919023048
0.4587770949047909
0.7857145940144323
0.6410334030992653
0.5927068019121756
0.04843495481191906
0.08784276827689552
0.994900313409271
0.39230104154092316
0.13253639460691224
0.33733294116915513
0.7822185134963872
0.7053528733476891
0.46071153264541964
0.3663425885489132
0.6369480391092575
0.6510132643764129
0.931127215457124
0.5993211704930159
0.736224736927411
0.3776057001022445
0.49130354653768327
0.043091099421243784
0.25189271453867634
0.3926434659629683
0.08847067195456271
0.6909739592231534
0.4159887508654092
0.9422932529624761
0.8528660316978204
0.5630213613287536
0.9857777321070351
0.6144291748342494
0.3387763868401854
0.3638590443622589
0.15534255532541663
0.0023771509795142975
0.6271256932137765
0.02366607463785375
0.8353752482508947
0.9596212860547066
0.970713961031399
0.8534712076897543
0.4897665376681636
0.9370714265876304
0.3514703934630321
0.28706019511501846
0.07551640745222199
0.5121768995070061
0.21684148323089458
0.4450204856078459
0.7091008243477549
0.9706789208122275
0.24975064401167657
0.012379288420001688
0.4153498757500509
0.03717612054556463
0.9644402502155179
0.6373622250913156
0.642538445283391
0.8242376154710884
0.8281487071456097
0.5270859642182316
0.8253119357048605
0.9656229960375964
0.16109563611341737
0.8473732905596705
0.15014475549097694
0.8871907821572041
0.047163883871078616
0.10143136793545837
0.8487854053284526
0.07438238755359405
0.5648179031158783
0.26577767138768615
0.8770304843301782
0.5946257632794728
0.07429773975011222
0.9373764468876823
0.6840322349237639
0.7907336810067036
0.08540347822959404
0.03303886411853618
0.31708305378343316
0.5333499763424203
0.7638805341263802
0.5852409783585353
0.24379993793366694
0.33546449383202825
0.8362436784569391
0.4507923580613865
0.8212609084431711
0.7660543036432257
0.5511543866014225
0.41351923028153625
0.13902365666509453
0.3522841970751419
0.5196586794346721
0.8250009994552553
0.3875030250188193
0.768418964954014
0.19618755586755887
0.4616964372727248
0.5820555625779877
0.0723251866203235
0.2799735623715256
0.9093457516753238
0.7786492041992731
0.347512031874306
0.5732520377150753
0.2074516192216439
0.13424688588028688
0.6563466414863385
0.11254900006073576
0.6146672779153954
0.8756557212164005
0.38072265132307404
0.9180114369372913
0.9464738247208985
0.3697240804565174
0.946061945381012
0.03796091533583934
0.027142615947870374
0.1761703965260576
0.8381455865588414
0.5607590073559036
0.2473284934244132
0.6614369314770425
0.5313048402646061
0.439921074450187
0.7932080218796669
0.5335108843827298
0.01612534370557006
0.2701230626377227
0.024473916675297525
0.4265612940657777
0.5007588377726102
0.5662140999296685
0.532518267325984
0.7016510293908566
0.030656795136544512
0.5660105950402321
0.08460929501547354
0.84958761210517
0.04536469244869201
0.2383853274366765
0.8529036843185707
0.36767456368033613
0.33160054067994993
0.40609194139583393
0.9033421679845662
0.10773537629524987
0.9263333179426617
0.10469611104533427
0.2811122324471135
0.9596736194927248
0.3239004140297982
0.9208398765676742
0.5518401218954719
0.7146371989854127
0.14705429927994396
0.7068611801002946
0.3941689403955848
0.177916289793138
0.8412414182689425
0.2502370584074963
0.9179239499274467
0.6691527877660138
0.24236420795368196
0.2337162119918721
0.09913621342656054
0.4240626205327669
0.022409174807119236
0.953358561881565
0.5445622329436636
0.5450740708654686
0.38568700175371917
0.6984563308490177
0.44569873887132283
0.9260152410091871
0.04641753917080793
0.01522976151664135
0.1758337296873922
0.49598440800960886
0.9223780275371822
0.4308012610843025
0.8705628476111186
0.9525063997121452
0.40840970459545345
0.8378036386929917
0.84747341161637
0.9551639881067213
0.19708360841689776
0.9484418443206505
0.29661520560834664
0.035463705992703765
0.6309787940577147
0.8195202648390882
0.7337907791718566
0.7607538899599643
0.1118073343823498
0.2661224388221579
0.5317843199992053
0.44100955200839065
0.42893826244602307
0.43240439101183814
0.5729343296344396
0.5936810574585374
0.9738126736848818
0.9804382492557997
0.09328780529652958
0.27353078158053623
0.9074012466416597
0.17334642926925814
0.018448613217212473
0.2677967092327165
0.21144095490263426
0.9188927712892337
0.9768348021251881
0.9406219073227436
0.11704301733445921
0.06692699976775074
0.9476369080322895
0.7961680931085015
0.7772795636544301
0.9036932429007183
0.19286686604093795
0.005498291007941192
0.4890837513366564
0.4576659646439929
0.5609813008415824
0.6381728804360057
0.011485538950548935
0.08916334660558378
0.7512292911015337
0.2700581697979457
0.7950493178301455
0.10408857204283528
0.8654389553684517
0.4176493280942353
0.972853666744177
0.6854927359265666
0.5838645623004258
0.7514070239522189
0.578831725166861
0.12924692894003376
0.006026639119575905
0.01244550641392117
0.28688757145198207
0.627183751926998
0.8056815870457708
0.2793631387453315
0.05948408963028973
0.060405980836346074
0.6357711572117258
0.24867184265974085
0.6229807778521115
0.4718484077965345
0.9875605425266919
0.344621333528738
0.7824845284669282
0.21036570008149336
0.26887192313704933
0.34115867724948457
0.23068557829186598
0.8161256239987317
0.8147078832721123
0.9537984996435384
0.6432840506971372
0.48215098099524156
0.014455376975430312
0.216059744017563
0.4162518700378288
0.23873354186029294
0.3340475263113346
0.6544321616007929
0.6829595084456068
0.9206486518401668
0.5295712618224004
0.6999271613840709
0.4257787898131562
0.9960690656287727
0.3460284825595965
0.6360397123348792
0.07250576812135867
0.24625810556815986
0.841843594316284
0.8341415660937118
0.3353269005061461
0.7583590936977473
0.4181419150913488
0.9587337456979076
0.9441650091178228
0.3351398835561794
0.9332267530810119
0.739533423984498
0.35217251960044393
0.3920348058996159
0.6415491611503081
0.15147495122876364
0.3439094289941329
0.8755227642671087
0.8220215399549166
0.5167360567755823
0.49213297679287504
0.27572709340217294
0.8682782866947892
0.7028015992192355
0.8285774831112317
0.11122224083231125
0.46296985363595367
0.6202211087600232
0.6148283432603575
0.82528716470744
0.21939605203730794
0.49341370883257984
0.7834237841090601
0.04893941327423279
0.22482567484277416
0.36832520440920813
0.6838014250248158
0.001820137757058582
0.6095530857457326
0.4737597819584416
0.11731627699211755
0.2613835803255805
0.5139311372842006
0.057536529530736846
0.5998562728280717
0.6057835276705089
0.2501200412810336
0.4637127678629971
0.08468083087108325
0.3310702118114449
0.6334927810655586
0.45471260628572696
0.6659008970047003
0.7860032162692638
0.20573369396611185
0.22760807879196476
0.9592248597674518
0.32416075961756585
0.5806424924769293
0.4758151912425842
0.8193008707687713
0.32184302960434275
0.3950712482459716
0.7987144174104787
0.996891346860118
0.3377498464975669
0.5132613813566019
0.412600268323551
0.8364679146223406
0.9533475361986984
0.8477798908583882
0.242568822871702
0.7288827222177108
0.9799738823546108
0.8086332097731421
0.968039035973331
0.6298931599160521
0.20250705566321014
0.3049778684679214
0.8119909258396341
0.916879341209061
0.20280873477480965
0.26612853744955334
0.5299608529214649
0.9398907661968621
0.642411253779871
0.7448503911742107
0.0858835984027605
0.5485931778736288
0.0034891036275968013
0.5480861901986874
0.8248349155022316
0.7998759899150625
0.677046311753575
0.12918086315056165
0.44176833165048746
0.6391264928313732
0.5685119033794479
0.9857539261055671
0.41405957930406634
0.8560353590466296
0.3820101938753313
0.3630913946138481
0.9566662000806666
0.39427576468990755
0.5646078916752763
0.9179509645778705
0.46578963129835105
0.2953604668007115
0.8992581393482322
0.23147765586965463
0.5789032930676403
0.6061732127609929
0.8251584804249564
0.434035366949284
0.2761694978418082
0.6461554805707156
0.7154082062238153
0.32702328066264874
0.564616126728375
0.33392142885672527
0.9423721877006961
0.35699084186062957
0.771782774491818
0.7148653101394277
0.23222968740827832
0.17390349957206386
0.5856724478881401
0.2317385436657674
0.5687401347302448
0.11209828208877703
0.6657417948346019
0.5709984297677079
0.059992565209058046
0.8944967224454449
0.6714146131058026
0.358182842344544
0.07679865588073476
0.19449358845654474
0.9018250349402204
0.2030840891061485
0.7747482852567642
0.1474024298079093
0.08886014191715641
0.14108112898262026
0.12465215263656737
0.6377614751615145
0.3175948861474287
0.8644667587259072
0.4323732929099666
0.9769853919794923
0.5086921977813197
0.5994950626909229
0.8590867773312443
0.8793847780147339
0.3497255368859141
0.403165217142205
0.051205030876621094
0.5624677242052237
0.4104519962185986
0.4823708850409423
0.8980218310377716
0.42281325529270486
0.0643525657290509
0.4130584624521908
0.5527295032596732
0.7179419080832911
0.4143670355712873
0.4454964537182039
0.22098723708500634
0.04146485502938879
0.8447555948513924
0.2343553769020963
0.011178595511792455
0.6532963416561514
0.8465765182058328
0.29669345580979156
0.7860532003889261
0.4862706763101593
0.47269971622365314
0.6127477351614712
0.601386764875535
0.06958929979486794
0.9962426928763577
0.7877144417938186
0.7982216030052408
0.31014572345004754
0.8196727495598166
0.006939296080667567
0.24737659803302514
0.5503782110137612
0.4461367851141429
0.16941635313126135
0.5519866902982168
0.3239867022517321
0.4895272713165585
0.30081895710793916
0.317106198368335
0.808516947482559
0.5786807873069427
0.4819380662775473
0.2893860512103966
0.8787408502138282
0.8894573245874213
0.40754754608190613
0.7539142838339808
0.7405824254517509
0.4717204617641432
0.7326367025506582
0.8652113329908525
0.8296345389507718
0.9620258375467792
0.3966798039979065
0.951919245491742
0.516787766306121
0.40074544250915656
0.8232301590296598
0.622550778744629
0.180892309569314
0.9719651772097538
0.13259436216195508
0.011989418413210995
0.3798026255328877
0.1660316481313997
0.025910355088492487
0.6435370819173792
0.783497255404994
0.5328272436403383
0.32858641682448264
0.7381651727910266
0.8795681366347053
0.7651921028044495
0.42688108134686986
0.21438588920282486
0.7011272368609287
0.23257734038342626
0.4178345617225686
0.32651725119647645
0.4298089772583451
0.4524968673211842
0.9092154987321545
0.42307226678249876
0.8241031128560861
0.013381359293771822
0.6770683752313904
0.6747298249849913
0.11681629448307618
0.7917763561813773
0.48021107902149274
0.24076852657653902
0.6446851505201235
0.45312474725723295
0.8432807914209877
0.9599180012105427
0.894867195856587
0.44160665967107615
0.7907939366832567
0.7865154731190191
0.011973614274559563
0.2175696697284074
0.3145318445811319
0.7331565168751386
0.8918362502803435
0.16262682018034458
0.0279339149124056
0.9042560233196306
0.33051207234447777
0.32687111206679753
0.10773525873429035
0.1589152356615421
0.18732209519471876
0.8296467905849528
0.6319834477085272
0.2534485534471662
0.39304367457210243
0.6517184732088099
0.39268782184085904
0.6651632705495365
0.8647823673184681
0.8724055839395781
0.7474103797953132
0.9509401033866504
0.5093129416883139
0.14373728975017008
0.30055496130739545
0.4875167889393035
0.0904154050737136
0.7282696453034266
0.03461191350857862
0.20727453088914904
0.8343088955941451
0.7813004629216119
0.3060342779902445
0.7145051782854722
0.9505066385750573
0.6308702662618849
0.14829677592457857
0.07152324467189586
0.7453036347882038
0.7072895748583581
0.5750582964785865
0.7496373421142871
0.13374680971509068
0.677829180532271
0.7155103409435429
0.11596676327863376
0.22243578898362037
0.29192808071820453
0.834271329864449
0.9220521644587242
0.9668070398323011
0.4313643531869541
0.022146494166134234
0.630130296720938
0.46078959239113804
0.7948329036526715
0.062114564315307486
0.14008145591232735
0.8248526841251648
0.8177732481230806
0.3340056281748457
0.7563075189564802
0.5123330550112013
0.32633273150536035
0.15956013794984825
0.8391842799419386
0.6399920753140073
0.2590345040621469
0.006655046012383203
0.45711768138706044
0.33688245917679527
0.8213805333105639
0.258986357785398
0.44087900365939314
0.17181755761426798
0.36446182619312906
0.567377344276232
0.19678592673348005
0.34776994222589586
0.44726357320805965
0.7126072911932152
0.07904385253002855
0.9696173221003089
0.6623949852863356
0.44470600111940284
0.1269572526933207
0.37148123848608783
0.05648660845651832
0.9664523743689984
0.5619941578649765
0.6961314489740057
0.3925208101828066
0.042800577812644014
0.742024689679833
0.2507102927754652
0.9549190778389065
0.803285667706044
0.5360620374538669
0.27591047043437644
0.6534308783594989
0.6738590161605967
0.6501310380392239
0.7263759685453057
0.06015078421554432
0.92650847147063
0.5763385647255159
0.9459634460952085
0.4455053576251874
0.12245117093691327
0.08075450057461175
0.5375405001625831
0.8229021020597526
0.7661888645902385
0.25944736712446703
0.19543568482077756
0.2001299297041954
0.0838718489444833
0.8979940324507676
0.8010083241246658
0.3470341893739385
0.7377220627034105
0.8888420650890139
0.8778799476979027
0.3015481703834699
0.8204234976861879
0.8476595434193954
0.2426808876125257
0.38775167065102467
0.5025259170293183
0.6955686812352142
0.27642436589819486
0.9415178646234537
0.07978164528017717
0.3846502648143608
0.5880264050154137
0.3220413205362277
0.6411914717275541
0.19765430151157726
0.8572324997461572
0.002633625700878106
0.6574001949664335
0.08579042309239016
0.6927277089175775
0.7395497200668263
0.6015523304546919
0.19647138654232743
0.8931462059403048
0.9030947438148045
0.6522124555444044
0.007205613371455533
0.9667222598874173
0.8653722106835955
0.257046340667497
0.9300017355438411
0.6278860537932744
0.7688298132056677
0.5069186070869695
0.1197397782202192
0.12893728737596644
0.42396614537965804
0.9288224176952253
0.5888177707010729
0.9127868675467757
0.46375982636095403
0.11131130645743437
0.23062452993103788
0.8059966555143703
0.8713244645743122
0.812501121914749
0.8159044862319096
0.3515614918593921
0.8846243823434543
0.24039266945471327
0.5688134411941955
0.40829714386056426
0.17920538169715527
0.836389416803312
0.42557804666146615
0.6269761985286868
0.5825534332810657
0.97106614936118
0.9020957742351233
0.7030558479441781
0.55864204706016
0.7436695913974473
0.995358202309881
0.6835276334639512
0.46693133857745583
0.054036730378805076
0.8308950080185326
0.31790635345688345
0.5697490563506257
0.5583856098963353
0.16623760466452087
0.2539486901196776
0.32591236666791323
0.18040604108552272
0.6845458557921785
0.5793725915624988
0.7260998257153732
0.8410272116491458
0.6451979989181266
0.11285991811346041
0.022102455079789807
0.7548888821479122
0.413282218827594
0.5977378946692863
0.23528796588345136
0.9373258541811254
0.7128191548901068
0.6172197832972373
0.6515560100742057
0.5594598874266935
0.8425385852759483
0.6301965620825065
0.8210080847788235
0.7795790209024661
0.9644293439688087
0.2325342008777389
0.20292645083550298
0.115627664377418
0.309257247540652
0.38666307092588814
0.3878475560699167
0.6496666829214441
0.4083548081984353
0.799698729831598
0.3052673144829786
0.6731328645821025
0.040553637631001616
0.3242530329296147
0.7252170891420826
0.8770916418204768
0.417174255939018
0.9778478039995279
0.40323747722154213
0.2619180270533512
0.1859035045803129
0.7531931784838056
0.20450714725022934
0.8894417630613713
0.19781098157563282
0.44663681199069905
0.5126170496019106
0.01760916883683228
0.02833231796401703
0.6172420023614316
0.8371665542153074
0.6738992171342768
0.21397646736533182
0.8263883414822372
0.8910872883680393
0.5759925212161028
0.49765750871826486
0.025706177928301654
0.7980319097876047
0.06732728245490294
0.9957636255069582
0.9923308378710509
0.0067147493086906485
0.5909522442617042
0.22549213407677904
0.6796456409450987
0.38527438699688155
0.06035402256334754
0.8433022115066788
0.6044473187008781
0.9843428784846577
0.9302870646610782
0.5407766882610282
0.16578785984385502
0.595203089799584
0.5941772245900429
0.17893817560666048
0.8867326074274386
0.6656299965476831
0.030902852756420685
0.5663468984807848
0.8513292204275751
0.873740481607153
0.0005291856963048902
0.4625606643052198
0.5248492668218283
0.639557791066796
0.29177688694003945
0.12073890055218983
0.19096791770056376
0.3257513063751817
0.05724011782916616
0.9863620873136796
0.9474660277171014
0.6520937516493276
0.6118725618794039
0.8200197805995771
0.30229213263153953
0.2755828281168099
0.3160329949746761
0.671989570690436
0.3393922395787303
0.7294691479222373
0.018162952340623373
0.7732798854594525
0.1646773543014617
0.181460930119983
0.6095019012382082
0.2544752541922486
0.7616645694401056
0.32115513581015154
0.12207192167109904
0.2824980381619683
0.9550936245172323
0.8177876459835718
0.10100854587923713
0.31507429544688725
0.773746371905809
0.9070280278457492
0.19096158020553
0.09203864703861797
0.2821939248719959
0.9329680239453612
0.8323992062185541
0.23977356146610795
0.18064625844149462
0.9622962056997576
0.06698375533156364
0.8836478671913496
0.16996202298818786
0.7579545814092393
0.24724946102615053
0.1202470405408681
0.19040725495572686
0.11943032820709376
0.21825020221701297
0.48747887551984725
0.46356045776108945
0.1328009472976739
0.026178364421787226
0.9024648888741753
0.7350143647558759
0.8415162183068334
0.4850337500801738
0.38757038391031573
0.7560514111827505
0.6012280570629508
0.21874597532990436
0.2848596343175783
0.03300216348558005
0.21882047353257028
0.16021198697898797
0.6749554517283972
0.7294739480127995
0.152428156375347
0.5063848164441971
0.2846524150044365
0.22317586404611944
0.07061673997449291
0.653237290707547
0.15821365417570232
0.33862505648875274
0.7307886551127684
0.09411308035526056
0.008846360240108986
0.5050551607632222
0.1553054864163369
0.1958008296686402
0.9851310705662699
0.7359536510349175
0.8427811673813922
0.37229826654365006
0.7006092968221959
0.4424739527608519
0.8632536807609373
0.45091381469129643
0.1547729898910022
0.5388576774588674
0.0018729153066000537
0.6280885458097061
0.9894499941882225
0.6834778886265388
0.9951459929411223
0.9277249675313942
0.5896704971609166
0.4835606745979293
0.4086309926703834
0.15297113953821295
0.38153596069929063
0.3065787446398879
0.1691225357135676
0.32567744771695106
0.3041242209335926
0.863455729224515
0.2307013781465883
0.47336609980342637
0.355350521513937
0.7706053165819506
0.06487708474192633
0.1893805531329752
0.6704323887677914
0.27580199926730153
0.6948187134086602
0.5758500817482065
0.8459470680534197
0.5204877126387888
0.05126422256853391
0.02558513328353429
0.6568875591515604
0.7849946719532134
0.18154932036023608
0.48998086771131777
0.8633133694181938
0.02914717417358681
0.2812685395151241
0.08174672448092368
0.9815456610683648
0.05413785759028478
0.6898565119380345
0.27431185367950817
0.015100295632004213
0.0013089704169477745
0.5833903739311632
0.5676999950511504
0.7480321517756012
0.6288288578246264
0.32077508179724157
0.9406219645709955
0.3210148925011035
0.3667911043799795
0.7849928523464822
0.1744437288753211
0.6971474091277993
0.3574099996223512
0.6574919310593639
0.15556629400318345
0.055052294104978916
0.17806764673949127
0.6988551689345769
0.5955854062183911
0.22602256538906096
0.41718914748604874
0.28329123649535803
0.587359114677328
0.2786283382530631
0.5170739822903562
0.03747694957602343
0.11612056751259392
0.36953923655053
0.7189381008735765
0.2528572152019717
0.8020704675090417
0.21871337315857908
0.2619595287516534
0.25718757155142036
0.8631351190203442
0.14297490045012673
0.13088661230263532
0.4376473727609159
0.5500627459441328
0.9690626397425186
0.15084154187256815
0.1106943258981068
0.5965816253841211
0.23368116023752405
0.42645116204270117
0.5405652362005224
0.11747492147356575
0.24347904732345615
0.3844449029407475
0.7357786852692505
0.34265767852417495
0.14724288393573204
0.8983297543955228
0.330312335755786
0.8432330972514969
0.024251963684519207
0.5536819868141478
0.5102168647463217
0.7152181080794411
0.4344059747667589
0.8541180463304533
0.5432633958836964
0.16432161400942513
0.5043873070369562
0.3118686667136026
0.22210878961326963
0.30529948936028306
0.6724987400999087
0.7999576640529318
0.5378690138949576
0.6101850398638682
0.8877018398323426
0.3802994264368579
0.07465493372273824
0.033246264762133326
0.021626960381085025
0.7062850459759907
0.4626228502347889
0.35464559112430427
0.2251550153433104
0.30449192155564864
0.8563329321441421
0.47150175267512695
0.9278562525844909
0.8042232719641436
0.7526024686379988
0.316986309860415
0.3704227879209262
0.3597454325489867
0.913488452472095
0.9844751877651043
0.28754628262067716
0.7393531909527582
0.6110886262322685
0.9980948344820637
0.5249959300899871
0.5496532341314504
0.12161632821832535
0.44131400745626814
0.32599427447034424
0.15145830857887865
0.35916531546793795
0.6200458868633631
0.027768462528438342
0.7767397136534516
0.7771872010215488
0.5798419467421752
0.5604913340731534
0.0011473783561157802
0.3784120455768838
0.13927557096218124
0.3370058757170913
0.8238613396733641
0.6723875978190147
0.06829844842604049
0.36630428928342995
0.6310552661479731
0.3466191733514977
0.5050668642650109
0.708772961296213
0.29641065271676603
0.24295038401496705
0.5080357164393188
0.2592111917860317
0.43549491595284506
0.9241918098247034
0.013895621944262304
0.16161104242754376
0.259420110095706
0.5145549654053112
0.43641517569000643
0.04739120547311715
0.46577173935777305
0.5423203727259824
0.8761276049291807
0.9961918385359764
0.3043170382180106
0.7409373146961941
0.533333886387394
0.9694109181505753
0.3192119110082692
0.43706567820938125
0.08320958323475203
0.8090209871285997
0.5697746169467068
0.3107637360628611
0.9339438798583837
0.7587364350176998
0.12446319667075323
0.8472880731706474
0.3656886469330135
0.22937883086403887
0.5624117902008963
0.6712154732285439
0.6858028293171312
0.6720120111739379
0.4597317402643316
0.28212724845492887
0.07693661597042256
0.017170630404806486
0.426803911386352
0.7228825495353108
0.28264608403773617
0.21756639098124164
0.9417407304088984
0.7694760501202529
0.5841896941809039
0.9876930174286122
0.1346980429133362
0.6138013701928995
0.8618010002429892
0.31091430624981764
0.3553199625331951
0.7040932271749278
0.5716754513886844
0.1642978762790629
0.9137246604789501
0.7677985690121268
0.44160214781327634
0.6466459118118936
0.28547038296094884
0.43630184679508044
0.48226793939834545
0.026619143355652963
0.534623849133322
0.2484229056696584
0.7161100159665192
0.35313799333203355
0.49937092370839187
0.6047650305700297
0.2540054827267504
0.751355728013471
0.0472164395225102
0.11205247356790815
0.4187821976794378
0.12920205927248563
0.3542303501777905
0.868544969060338
0.6450336164056255
0.20049770626949104
0.49310129971453587
0.24920769015518263
0.7300293637245567
0.5280733933224543
0.6606641457375545
0.03915137803209667
0.193318477089222
0.027579665078301563
0.13465707234415303
0.5659981095870935
0.6436536084783973
0.12333924062156143
0.8237345263497848
0.34281745444016176
0.04269376346207732
0.8146906724205409
0.8096468514424505
0.4220349935464718
0.9211860684677999
0.7776662531695381
0.011708128589546618
0.6698945827418603
0.5004826893317311
0.4575685008807654
0.524863150113992
0.05936202159172588
0.5304460572214421
0.36837348730353636
0.2887798134085888
0.9349286975257249
0.32626477416630884
0.1089589291198022
0.3666757557665886
0.9591927464024061
0.5301966659055265
0.1642890383605845
0.7510561662303845
0.488916442242449
0.4051768408664628
0.1162290798610024
0.10406667878610498
0.1832044193521576
0.6701799588928256
0.879653661140257
0.8339479296862589
0.2722696050660879
0.2129920783592093
0.13989370634729337
0.9014586344501218
0.31438511882762155
0.631387021190772
0.6483258123588617
0.9185645019230914
0.4774876683336672
0.8402785671090451
0.86118498992836
0.8974062884938685
0.43406024840223556
0.06256489962050737
0.47099309127204547
0.38191478734343354
0.7133250229860971
0.5014566159542249
0.3992466742038322
0.6243865900249779
0.7710026432405718
0.9810023572271841
0.8777110166466519
0.9176585442640576
0.5462862623540252
0.355728593782907
0.03731461208421305
0.7841074201542682
0.8608749523610925
0.9445695935318846
0.026069178170021634
0.6083508481960286
0.24558577318879804
0.9467846201665534
0.327860925832821
0.748784564437039
0.8273498717401102
0.9667835490564678
0.4177380418341049
0.1833767541856588
0.19645855760888198
0.18788423557113076
0.9424940050984276
0.4875602585717792
0.39720611167283437
0.4899772482685548
0.05626418089401919
0.10013100455812396
0.14396780752830074
0.030596751817612344
0.4842903339891166
0.1209127462404147
0.9741358292178719
0.21027626832317936
0.12750598811421254
0.20193915291791864
0.0016438851324485082
0.6786834783110665
0.975048355772503
0.5342688585796391
0.1695762176964759
0.7962900087135117
0.6605436080760971
0.4120568968853574
0.9965954574285161
0.8775949186353892
0.8663674450512205
0.47455822012513804
0.06903703497880098
0.5363701217377544
0.25258419661215725
0.38699513881542613
0.21297924975056837
0.599878841589185
0.5819445379291673
0.000790964911645875
0.5158753038665674
0.6270571826145898
0.05187408141636618
0.8634274469662866
0.6410382397058132
0.24957459428254503
0.6051901444837757
0.2389102461234447
0.70981469762567
0.678293501993847
0.4728829115742931
0.5545294441118735
0.1753045425447921
0.1738098937864161
0.1481789924665754
0.2872135586855177
0.2979135579117562
0.17627327646526725
0.031157061596085445
0.24224075570762071
0.6618426852763241
0.6278885150868228
0.22595512796195816
0.016059172968779678
0.6984250237304214
0.7463899009095231
0.9018700128630681
0.2096436892586817
0.22419694960686776
0.15603828398733566
0.8625637403281013
0.44979221050301377
0.45770157720870863
0.36585134873643943
0.8801101913497716
0.5275384084568544
0.8914625697360921
0.695709992157537
0.6457733773938917
0.40519505485920637
0.6900160498994473
0.9190104864887972
0.7770800983425268
0.9926180343488461
0.5969924963022889
0.754585268655164
0.1622594442175298
0.844831341797824
0.45612052777674816
0.9290659813366421
0.7210612315791951
0.8424258941873962
0.8728375975610502
0.394628422680551
0.9710839420674912
0.3396341930335024
0.810511365433396
0.5781116392200748
0.38917980115236284
0.1439513306040977
0.17474502307729822
0.540778726172599
0.4895568540235028
0.25262076660340305
0.8345438459470714
0.002706332675520784
0.8904701564255904
0.1389300533056076
0.6127776427511827
0.9149446693807388
0.5720489176895666
0.24136979236245382
0.01576522613540665
0.18674997058943377
0.7668383114905325
0.3068921436814136
0.6942774081596139
0.4050199585134996
0.8702807975517307
0.08257174262653577
0.8567330091823043
0.5556053840859826
0.40171311885035366
0.25730715113793945
0.26077022085047774
0.42266752453421175
0.21586508238424573
0.42871948683459116
0.3236311344604842
0.32410763018572364
0.33729143930666416
0.4695281342553279
0.2823171216480137
0.5495424223305577
0.9158161922740564
0.44761067251585607
0.7657149549367315
0.22123585066702545
0.8923154943720908
0.08073357945867243
0.8160472050247798
0.9111304567809091
0.4877367604568974
0.11332181918712003
0.21538700485153428
0.9997632347791865
0.9009763067300744
0.5448026558208803
0.8186737849184349
0.9002786011706173
0.5752247188605557
0.31613409579660745
0.08801844871212217
0.8667841107829676
0.5979719602276057
0.36243104853539576
0.6928673248442945
0.5743996236790186
0.9801754628852251
0.8018393928055124
0.3281441194750193
0.4805674487439249
0.8081766245756618
0.8870983079700459
0.6282279747682766
0.824604053832487
0.006827525022770065
0.04918948785097854
0.6345442310997917
0.026865249865076324
0.44018458379010594
0.6939591884472681
0.2368372452572477
0.34697512832734234
0.013313401748827669
0.5176775009068998
0.9228190654331242
0.87288288262041
0.41164882988576834
0.9360517138031931
0.1605755384869486
0.7319824837315888
0.25153055288364656
0.49512349906472575
0.878614580169419
0.1402459479549376
0.09193968386233176
0.27317742298190706
0.07370243250759656
0.6867522872226504
0.38964254144692545
0.005071069504279047
0.5826111126262139
0.6050777758818731
0.460812357615208
0.5499040808304305
0.7323063574161832
0.24576768325964882
0.9592899591491105
0.8742440317540372
0.5084508820671674
0.5167215204895333
0.6054868193740292
0.815081312930697
0.6678602081493605
0.9713124799405393
0.5139338204044578
0.1703064916806476
0.20636960120812975
0.5620721956580892
0.04996168994725214
0.0664827446927887
0.15967980813650828
0.46510148210606284
0.7970809848045137
0.6531707698471385
0.7938811279130767
0.14580145944157796
0.4093745166333571
0.2132633522780616
0.916169937598884
0.11236501217330386
0.7167689751484426
0.25926520522991736
0.17118200627266356
0.4942264176888339
0.6353176683346303
0.15066629723087366
0.9524912183497776
0.20005201507581272
0.852802327100008
0.973842561728703
0.9672007522239622
0.7384290386052408
0.2594067935538955
0.7239059231854146
0.576754373953609
0.10987068470436057
0.8228949565469753
0.06838937888524299
0.5452299299123227
0.1547159092928836
0.8297377068958235
0.7622668443356289
0.7443195579172633
0.7963595296608992
0.2945642451005409
0.15831895648213434
0.9004517527925742
0.6931656384401806
0.1559412551695043
0.08424541581630529
0.5492111658019769
0.958778061715445
0.3021841990530634
0.6025433186646724
0.10594629090504326
0.4621894493637476
0.6359281717388144
0.26046237997049215
0.6173898299557329
0.952530223388468
0.9895694032612964
0.6065832989945907
0.14615730267318794
0.16119700628467937
0.1452958339577124
0.6685758504657473
0.31084043928228877
0.6180664047840619
0.43997553694214053
0.8620964733746561
0.2558535259474267
0.6929623473755225
0.42555338111210894
0.6930462185104483
0.29057416488328136
0.7513302713902288
0.8599342628185789
0.3213201525724976
0.5229875731939413
0.46933073709995343
0.6402368222011372
0.11999268534096341
0.3894010356983697
0.9892182617168074
0.9946154317589487
0.4725507664211006
0.040084742824484376
0.3544938953414123
0.07812423639478383
0.28028823098498235
0.34001327987977026
0.548805843288587
0.9677200283219821
0.7053063009053875
0.4605542709005551
0.0965752842067904
0.8923368499578979
0.5821406498172341
0.6264739560638491
0.6684702086302656
0.6311582707203908
0.04581692523928138
0.6654631147670186
0.2023428316096555
0.7229843166489053
0.23896042121158934
0.28595816381612915
0.4785807349605704
0.8359522234653767
0.37205514795182926
0.13511087985989767
0.9075298935782026
0.14678374254408866
0.24426752220858383
0.36369799452945273
0.7944480738668009
0.25744006982958767
0.79504681368425
0.6925878092488581
0.022416812339817294
0.6601233300856851
0.3994758417639894
0.8830219352267348
0.08809281879895658
0.0405940857368321
0.3814607016432644
0.9871440939133882
0.5835448314559571
0.2604700449871309
0.756785955214382
0.8773427005237988
0.586705673215083
0.14390431848588692
0.6874821850642957
0.667491354942782
0.7992749236150603
0.4298215604758575
0.8948166541978214
0.767181580631865
0.5298411135646964
0.4611323717820087
0.35524123065754953
0.4948677430981997
0.5632807779920774
0.7548045643616607
0.7553916164848795
0.6533806192191874
0.8213110533261433
0.47219800107296617
0.18783293690703262
0.9879455392299489
0.380202913975917
0.9962679251606757
0.5499336156885682
0.5288884919624701
0.21561742938568595
0.41253516911598254
0.6909091564887048
0.574346648958019
0.5114367614839052
0.10994396711359966
0.5704543301824133
0.8778412578303463
0.5241894272758139
0.6995772347591349
0.9288259762797866
0.6751420800126645
0.709628803116323
0.5118368416364294
0.8698650850523009
0.765182340414438
0.7453028516082894
0.14378737140471132
0.7136752283102521
0.4089538213769308
0.3830973117484767
0.9441907024480394
0.9414178019507279
0.2855108484050678
0.3964184559149251
0.015746893902589543
0.6506700887344993
0.8028883450310195
0.34425058634234773
0.6249434658705358
0.4483995303524805
0.9766555098244344
0.2605599725142026
0.34099307143594826
0.398883172146271
0.9059466200137822
0.1763665423654237
0.2534635927971741
0.6327600278473421
0.4216114226443506
0.910562208569348
0.6463410112388127
0.8756157564366094
0.7598440125236967
0.2976586620874091
0.5770719928347544
0.9472411220574332
0.6044316039515654
0.5376965345691388
0.391313908693125
0.6386460552766378
0.22386920192329463
0.18051389949114494
0.6510410873961906
0.19871996500795397
0.1637608118298115
0.4483904686964376
0.5679558772590316
0.8529362727067461
0.2750222671136934
0.4540453791324852
0.27473628550164797
0.25284439899672606
0.2979031798790691
0.7615524241805007
0.5061072836902222
0.983800576158107
0.39451817337114614
0.22579301380171135
0.17359396951313333
0.6467643688154733
0.5015303919862371
0.21031973981248409
0.9137868975719078
0.37722050308313193
0.7050105291003964
0.979394663471662
0.1076026409598253
0.8388907491476744
0.5733138852264783
0.030974876953425823
0.5171702958745352
0.36170808851735936
0.6757260630440148
0.9969292988293744
0.13398912588153067
0.22317657716038675
0.9321689455185086
0.7304010189930341
0.7387181751723163
0.3356470748508049
0.9221784924090785
0.17754142162446251
0.336179995222183
0.7216402036760667
0.4821951048920611
0.8416311937731875
0.5814900238598473
0.11470536226039274
0.24297158525600815
0.01741712396078421
0.3217802338557231
0.06406296626243813
0.582196342342272
0.6656469716809815
0.1684278632005789
0.16710897887073373
0.9749247565052878
0.18130443849009015
0.9219820452743536
0.06351192595399291
0.46125863595035155
0.2977036202962883
0.014024467246713357
0.6173839318526726
0.2312395668072722
0.4037976600712263
0.17411183837255595
0.10001302041357041
0.8895321060725402
0.3779090507447167
0.5305737647962873
0.25464202463671415
0.07365560173998731
0.6904692851223863
0.9619840559845443
0.013835534107862202
0.21086366782542532
0.48233094781704866
0.7891559392713033
0.827829218738262
0.22698329624145042
0.26175300684675884
0.22034321177291816
0.39783172085077545
0.6955053617401414
0.35161652226312634
0.98029796259981
0.8144368535022535
0.42950851798107803
0.7601996798719071
0.3918864388492804
0.8700384170105846
0.2468670469873283
0.5941016047663368
0.4715926977114122
0.36706535467741497
0.8398351185728489
0.44524213647389743
0.6909619542005437
0.2730321358558926
0.3161358394052416
0.9747843614127607
0.8520774652547408
0.8494491640147926
0.8488064147656273
0.056637337246748354
0.36477004540623914
0.2474467980796773
0.835961466363462
0.23890635832837415
0.6499342132860588
0.39804617170091994
0.26292236913165923
0.42002054001577793
0.2390454122016239
0.26469392732769215
0.11014866797791212
0.8148055466065736
0.343750168907601
0.3707532860761352
0.12398096682616344
0.382969150663796
0.10872443519155062
0.7746055160116682
0.1692386623089398
0.2608256161640482
0.38249577862383166
0.46906036578289545
0.1351731583966389
0.8691105855097835
0.18903241214867117
0.5863066515610004
0.08983359039702143
0.17255673678944772
0.17551352225417305
0.4995775893848434
0.6487469811700688
0.8513792897523195
0.7112739880188792
0.8923442685605082
0.12104250860117327
0.7835992820021402
0.3573237333517575
0.7058046169500793
0.7864507468246588
0.19972665976667303
0.50387215144595
0.8658633403958031
0.9758452426886107
0.18703210442949214
0.5401718566913262
0.5547503895021006
0.8920715983926125
0.7563655113513167
0.8485619436425895
0.136822694140471
0.6499617358807068
0.5725107771453254
0.9802470592090538
0.08104209952727826
0.32425342102255117
0.18914076537269453
0.3662340574257489
0.14580889173592648
0.12311012054563653
0.2955110457174759
0.6471970039061729
0.7743412580112276
0.6374340361861092
0.569726857007692
0.4150534586862473
0.4705182210243102
0.341379717732067
0.86800216566834
0.5700256419103297
0.20568361505684807
0.04407233265727695
0.6285017649517981
0.6761550938047678
0.17120642871826097
0.7434379316887778
0.7746555214810836
0.8006007929896122
0.7044190518350805
0.10299246176634291
0.0505712180521769
0.29731469265789434
0.788634233162964
0.7498700209125204
0.6951941753012221
0.6360576428380849
0.7669116353640107
0.12216757019934388
0.9313308088481106
0.5689347384702634
0.7698742209261782
0.1741068517434049
0.5378145079887738
0.9181330941800713
0.8192700851599417
0.049705376063411744
0.9247477025727063
0.5909760557194752
0.303936087401419
0.24008819602803855
0.686967623572073
0.22149403032523152
0.8916803121937481
0.8091524280215691
0.9954594410017339
0.06342047830714359
0.14807595351521363
0.47405762921690875
0.8081048718288406
0.10947842664687779
0.7976595291351838
0.10530653331061512
0.7160680770914338
0.8233208338220536
0.3899496888631492
0.6328356240252575
0.6568976045773824
0.24592220551808786
0.5235701435602885
0.7945931889557062
0.20657470038135473
0.12512582115792426
0.6864711185487048
0.5263637752831604
0.9336331140269095
0.37352147777694833
0.6458346600912755
0.829022417391806
0.8016067875709941
0.9352079731368454
0.2292025291896973
0.02245421147554938
0.10721424623747289
0.8725617293511465
0.8441483770498083
0.7761911985474158
0.3797963999225762
0.8444425614172009
0.2782350245754177
0.058604946754187814
0.8463217893962709
0.21347108902857392
0.02744687392226719
0.2929525497079394
0.5720441004124713
0.7974289722559699
0.2580944333184425
0.2674432660955097
0.9868670141349075
0.35815370677763747
0.30717568013898455
0.5464100795464537
0.4105729942370685
0.5954783318084428
0.04170437729400078
0.21473546911996877
0.23922933324622175
0.3467236875225934
0.6011197865618974
0.8883322017346222
0.9593748787498041
0.48147038912592743
0.23462965003977354
0.11724093529629931
0.07813914718044968
0.33251404357213865
0.6426470616389403
0.09689182514701367
0.31432298606234144
0.035194604078865654
0.030395526864767763
0.5912575394202415
0.6003115476038088
0.3756884495346059
0.21146226404383062
0.6124465344423594
0.16224950152312356
0.8022473991440284
0.8130113401687712
0.9537482181249678
0.49780326486096793
0.5849769828015021
0.3157493904917582
0.4549804467784384
0.4759452158809314
0.0004698228211201805
0.8070737765000654
0.020980087801149683
0.7991900331678427
0.6959121035576187
0.02703246556260408
0.10743164052666476
0.31391003081899127
0.12948989228168317
0.8418270642948467
0.803631910782353
0.6800112839103395
0.7346060895148887
0.24819261905521917
0.6141659914472622
0.15706902928577038
0.4162107020684874
0.03608149629332569
0.4262035293054801
0.5832809912395693
0.7135813740138864
0.25477932804169634
0.5861817267499124
0.8328599077172645
0.23856520304162776
0.20700394429088254
0.2918466619493888
0.11238497579439144
0.6361256295453966
0.2523317348353772
0.47045428473675055
0.2846887339819334
0.043940737135686025
0.11102213046821774
0.2686316710226213
0.7536400977743137
0.33715788122283197
0.94334403074238
0.9875672495405381
0.20898369753886403
0.5151465639872733
0.5588078348366592
0.6538347270006104
0.10963948347451957
0.5126415395733712
0.12387940166123923
0.7110848390721141
0.9454173822549695
0.7848656469205605
0.7763794685094613
0.5864228148614709
0.29578718406595983
0.14615204145295768
0.8458168452882332
0.05405829587934996
0.9848746022710179
0.38380012719156253
0.37199055915041945
0.6543095696423001
0.017285224386541898
0.7043513864453781
0.16433280318726862
0.6298593361697575
0.03022056607282686
0.048287831049242724
0.7899683612856248
0.784337077552654
0.4874789267540185
0.8840877670210688
0.32781998348209695
0.022912481315196742
0.4072733895866779
0.4683008515660735
0.09512110478007052
0.4409350183231945
0.26035219579550695
0.894197043170105
0.566400456535292
0.2635968513213248
0.5282744435161254
0.011093181965042831
0.0008784019612606553
0.3116809935567798
0.5658423634051607
0.8664237341880656
0.5750938538443461
0.773433255804515
0.7386576872735916
0.38361552738358407
0.09674241847381948
0.9842250825859628
0.008435650659857519
0.7494709491692266
0.3702574897012805
0.1838190207075363
0.8506166408256395
0.17318146538359824
0.43660767580993853
0.6939599094246358
0.2945410794130049
0.11325970484039383
0.4051480245624739
0.24779332592349435
0.002634284096499351
0.8893071976030524
0.908895620546974
0.8227726959972669
0.49715451657283916
0.020032461559164272
0.1180764498570509
0.35660573953796604
0.956100014821
0.49988747395074895
0.0975599419681078
0.03448123198889608
0.7801351362537827
0.77076570618816
0.2250727897225231
0.970816866261079
0.11230201765601577
0.571934818563879
0.7439712499734762
0.3336053725799133
0.6533053873398832
0.9626977531395942
0.616541296418757
