128 2 3
0
40
75
0
1
104
2
15
26
3
22
81
4
56
102
2
5
115
6
54
75
7
63
103
0
8
125
9
13
33
10
81
108
10
11
12
12
72
125
13
93
123
14
90
114
15
38
58
5
16
110
15
17
91
18
41
112
19
40
69
20
54
105
21
45
120
22
24
102
23
93
99
15
24
45
25
50
56
26
48
92
8
27
38
28
64
95
29
55
115
30
83
107
31
81
127
32
84
96
33
78
89
34
41
68
35
53
99
18
36
103
37
83
109
13
22
38
29
39
45
14
40
64
40
41
70
15
38
42
43
60
77
44
68
100
5
45
59
46
50
123
47
109
115
48
75
111
20
27
49
4
50
82
17
40
51
52
54
76
24
53
66
2
54
63
14
55
105
1
56
105
57
82
98
58
89
124
36
59
66
9
22
60
20
61
116
53
62
80
25
63
117
0
64
103
3
65
85
66
82
107
22
67
91
68
82
84
50
69
88
18
70
103
6
66
71
5
54
72
21
63
73
74
112
121
46
75
111
1
76
109
10
77
81
75
78
121
79
89
118
17
80
112
68
81
100
30
82
113
13
83
114
5
44
84
25
48
85
9
86
88
39
87
126
88
99
103
5
35
89
85
90
124
36
91
107
21
49
92
93
119
123
93
94
104
94
95
127
67
96
101
36
69
97
97
98
100
66
99
101
54
81
100
101
111
123
31
96
102
58
103
109
21
78
104
18
105
123
40
41
106
102
107
119
23
93
108
7
60
109
80
93
110
101
109
111
41
49
112
87
92
113
13
78
114
9
34
115
86
116
123
4
54
117
49
60
118
79
119
127
68
79
120
19
99
121
65
80
122
28
34
123
1
58
124
46
47
125
63
121
126
1
110
127
0.09229261444692471
0.21867888379299416
0.9592845873455461
0.19430470421047774
0.2736531310097088
0.2658589893012603
0.6349949381702533
0.08461519302518794
0.8716353623146397
0.5240770762045334
0.3738766445039814
0.07937322452299944
0.09173031942519028
0.8561008414866094
0.6777313346686229
0.26066855201464834
0.61478762375943
0.12960701589254975
0.30301848957431987
0.22730803496380148
0.28606817977631294
0.316100634022747
0.4699117766404066
0.3080571704005133
0.8739346330270021
0.8206759544939695
0.08808928608323818
0.9123544981341364
0.3785426340991448
0.7943913830781217
0.5837861440569879
0.273107858945109
0.7015422377586233
0.3849516691206484
0.8966837070377284
0.32914374654972767
0.03868831048283672
0.06797057772645665
0.5438748797860389
0.9425120155962186
0.6562276237596562
0.4773329413441122
0.681118991230298
0.3690039467484342
0.5876224072498774
0.6187981425714707
0.8722948443438814
0.8550770409773664
0.3671579690092368
0.5377104517861119
0.0990478098994948
0.4399907979191111
0.6853102583271421
0.5573095481311552
0.10771652804926168
0.9078757793164927
0.5436414834493029
0.5763671129433803
0.6591678488414799
0.1562112165792724
0.9352391411402197
0.048832123004614925
0.2447642412126979
0.6059659393924272
0.24797217653805204
0.6044138487610216
0.3412792641927296
0.5674314160358209
0.6232583521219482
0.1511722410876034
0.2681887901587723
0.12493360046051694
0.19078406441975626
0.6332990574419844
0.08682041201937973
0.905386870217274
0.542122739480935
0.040083331330141414
0.2401353184077767
0.17698942751091684
0.3023658141049247
0.5248880769062054
0.9280165162107753
0.07384064502000054
0.2435164362645581
0.6806880962011135
0.26107554696986435
0.01686992703948742
0.2209092419983575
0.8456348928820894
0.6765281422945909
0.45805466750267976
0.02395649386597376
0.3776363791887558
0.034450284032547906
0.475324804020145
0.016479604807297932
0.7455098177494934
0.021216618622766137
0.8440938361443941
0.36374677533717126
0.31627195970533073
0.827596004501856
0.4832811465384016
0.636865794205767
0.42138378715522595
0.6950344290666366
0.5765329463970001
0.25617558558331166
0.9956215450565897
0.51113974745177
0.4597681988346134
0.5330212617217123
0.7157122921401275
0.7702858286346908
0.9057769361255089
0.2792779272897107
0.30058265172740806
0.6045387107553826
0.9214774004095813
0.0665384735178377
0.3709874792092367
0.17734521796183245
0.6960519781912985
0.7485723456922303
0.8966316709264401
0.5914162410306424
0.7165392474684057
0.4065456163247152
0.2674922350223212
0.8844152508335471
0.3456419690294863
0.8028623594292534
0.7348215264687982
0.4998094545506758
0.045075946227434494
0.5042015580989616
0.704918722767286
0.7147677980774793
0.7304816034245318
0.5846329708696815
0.41581163816711364
0.3676543859169572
0.6632150184070089
0.6776327180481397
0.4221695763946084
0.1632250211139119
0.11918804864025834
0.6171495277170121
0.09685835100865092
0.36821943510685073
0.6517407005896557
0.04610667136667823
0.979375051060126
0.588279757105423
0.36717782594411263
0.2861313943528987
0.0422010765947185
0.4070273688532503
0.7061048160353073
0.45261599630553095
0.8987610699423083
0.26835513020299717
0.5091404760370014
0.18397025923048504
0.5354886062871492
0.9469185867714418
0.3245670485882245
0.4196100999725535
0.8511827983001634
0.5896859726725061
0.11612954551200594
0.8890848572665729
0.6585555750330799
0.9144644528927791
0.4166153975607595
0.09093819827554217
0.878817355766626
0.41002988763069914
0.6202856858253754
0.13670013163857486
0.3738813724888942
0.008628856545043195
0.22216295042055756
0.8776732887220681
0.18998705358122414
0.3814200606894167
0.2905871443019743
0.04539422191679132
0.2782555895683768
0.6896195906400123
0.6592168711094223
0.5115974973072368
0.2694541421023502
0.8748618167423098
0.9202012730450683
0.9784835385129252
0.15476651368941075
0.07154234827158545
0.8483194339520127
0.9047307509200913
0.02745584327386097
0.9392950300469319
0.8967267165590725
0.5735891289266143
0.45851216228330804
0.9260232887964651
0.9930990171028692
0.7296433997863979
0.7841084065989701
0.8847692349834162
0.6242457643609725
0.10818575802933694
0.9377030311701692
0.5596682755446858
0.09080788518559091
0.8736718894499729
0.49839083989116995
0.11425852012780435
0.6263582564659762
0.1439282111572252
0.46570499388169706
0.9426799503887879
0.2161106822719594
0.9498778274305896
0.9384869295100796
0.2712286273020932
0.463965150933919
0.7092315720636967
0.17536395148593065
0.029748110270987782
0.6423744384038362
0.43867309352632244
0.7784667653100312
0.7762778640744462
0.14257159328024138
0.8768747900226959
0.655153240908163
0.6215483466124454
0.5707950669872769
0.5200316006439429
0.8548341653503674
0.48138395062530115
0.4636141761526258
0.27630585405276253
0.7191018086315908
0.72533038997144
0.43947404234531684
0.29862106197346416
0.41699634370436767
0.2496220735335094
0.9997938341920826
0.46608593126936715
0.5432045318222212
0.5791023191187833
0.696241672821247
0.5697778241293548
0.8731758826133369
0.6692217877687798
0.5805098341300553
0.0036074816649921404
0.05259259974849817
0.16245654909613172
0.6265909489449106
0.8929274239440038
0.2348270021823804
0.8495318303237115
0.7407592219523064
0.5538063215778367
0.22508250809931263
0.4958056598759343
0.8547780874846421
0.24945711587892183
0.46461585406320616
0.2909172647340831
0.6719430437500048
0.02165480824791932
0.02796720307167111
0.14235455101091976
0.42071500249170135
0.4789742505346932
0.4720011804757225
0.7976877797729944
0.939327917308722
0.22064706456972494
0.9388826109466829
0.20359941440611595
0.9276098911126799
0.6464714637808504
0.15819614367271062
0.2734340060440267
0.1508040898784495
0.46967146651852554
0.24119114376834683
0.32740776042573394
0.9951665797757893
0.14787278148272553
0.8311359015005009
0.05869356594644659
0.14756998482382533
0.3215994738892235
0.35828077390485125
0.8975235285938606
0.37853734869565847
0.7599543402923368
0.9754694812260655
0.8960081662409441
0.3196919169720267
0.20998808121731616
0.49933243422198514
0.9072297688001217
0.27613114207313916
0.23354561236773086
0.9533855928980752
0.4680617887657671
0.12041819268237042
0.00037309132310392457
0.9505521027907151
0.26178743035693053
0.4554237408323991
0.968753835326147
0.7882259958890606
0.8955068695876313
0.27022651556990374
0.6120474997636789
0.7523213639690455
0.4983122178053597
0.6524107573872662
0.4448893638001652
0.8298861875186697
0.6289482057098071
0.6520294195930517
0.8269405127568688
0.3669809336664064
0.2422777024920012
0.6238349411292723
0.2888708349663167
0.029118715556260555
0.4748658530192107
0.4823492118306699
0.7854447755677424
0.5925329602324787
0.3316207870932054
0.1073098726489925
0.5039122243635664
0.6603244027755671
0.8117966314125676
0.7495842008761843
0.5751007627997995
0.1349258951642599
0.42481077658709854
0.8190018215668835
0.05984700607821036
0.3162501449324302
0.36884988636800464
0.8341978851990082
0.1295551774517134
0.578215178986897
0.1543318748970991
0.8669245461810803
0.15091213728164932
0.3223893671855126
0.33435218504002306
0.1692329241547521
0.8243993750343198
0.2597769967687257
0.3025091243440492
0.7043007080022725
0.5843306778371646
0.5292601099170597
0.3805672788852009
0.44960229855201184
0.5255733636983733
0.46976674741978364
0.812957370928989
0.5960559072220899
0.13108616406832008
0.1983412596276436
0.15813879600204173
0.3959614365665346
0.752529655035834
0.39482321647463325
0.6525496276985253
0.06093450483613616
0.5528321546600818
0.6031913916764438
0.3253255314934743
0.8347043369649759
0.03370884176111155
0.06131390122543068
0.6009158058455962
0.5568903828322556
0.4297325526309449
0.47559278675818617
0.04376063279376685
0.5701313755082925
0.4200167670319007
0.8014495581897502
0.5933621989484611
0.6592502411888367
0.02423891762349173
0.016921445051060857
0.5599247370578166
0.7378889575094941
0.06451388429372129
0.5064591015404996
0.26741466709241124
0.6498305478679804
0.7856993520863568
0.5760042972204816
0.4896954677015478
0.07018758800913771
0.40239411514272794
0.40711903274174466
0.7752106550560892
0.9543238822382938
0.8155697762819512
0.45675089609253416
0.8374817394738643
0.6326257684789904
0.2760616584783798
0.09866552063243683
0.18131347855503765
0.1363403545810018
0.15224799324975768
0.32795735221798517
0.6019693344379778
0.7882970518950103
0.3917152048486562
0.11105921146297237
0.2790507012585822
0.4464282279146924
0.3445928226088929
0.5638197264942544
0.868556150140398
0.5237810962845734
0.3454260360954263
0.7474513368687017
0.7358181552721988
0.02511814972230153
0.4710424519586577
0.7017186360848151
0.8272084646954319
0.3977862204445046
0.7317240259662914
0.11058297183235288
0.6923392820423061
0.550860270109971
0.18124584563257295
0.8940538327507683
0.8535919416615331
0.6089795286307919
0.5690939091065144
0.5099268573748938
0.9986965266591173
0.2375735661153774
0.3269373555972127
0.15903149441419695
0.9451480201004822
0.8896544504934364
0.6419442448658184
0.1789212650149412
0.045177156107178096
0.40997976034259953
0.7607564827559795
0.581071036255706
0.4901677509789819
0.41235368291214625
0.447370967606171
0.9838383333667328
0.2718934071013239
0.5219743774803431
0.6161283952070058
0.6794569924802842
0.0827604816432127
0.24781122445969606
0.9319412188292499
0.3000518920548598
0.9107086586059144
0.8686891842760662
0.43935183055223614
0.45282614724804837
0.13333412745957296
0.5632465352457855
0.6959487223744798
0.29665296935025554
0.2990838896670821
0.9403560683661092
0.19500380523526373
0.8272010776076247
0.2856332366049851
0.47922678134233265
0.8001995752630024
0.18326119875090607
0.5367652527978155
0.23515453652747986
0.23316295328786796
0.14981959542281198
0.027800368015551746
0.23432913006631795
0.7381234703438353
0.4815045515117774
0.5379569332481409
0.13893404441265234
0.7639002867494963
0.12882235568726608
0.203983069100527
0.8532843423704407
0.2198551347025447
0.5691945747552946
0.7900183225737394
0.020159088335577113
0.5255259235825771
0.6386218473299228
0.7940335429681079
0.6292681472808678
0.958723194886987
0.05983955655264306
0.2458588852895368
0.616214440019505
0.947635268732296
0.17832563613313945
0.5513244385556587
0.09889439962102597
0.8003242487910632
0.2405087585953425
0.9463824780146748
0.12105630356479014
0.6268677150767792
0.7376037885324002
0.8241067545129324
0.8419039977025606
0.6665390740145352
0.7929125255017612
0.6447381401557398
0.3064295621751276
0.6904536853998732
0.23494070712002868
0.43752727911332023
0.8915790097534708
0.37393025339072805
0.844523618816875
0.028348007396271857
0.35191125716648164
0.16485579364942937
0.4480235213590159
0.007918558136152498
0.6754723429899628
0.028419039189636397
0.3357257701442341
0.5031233732934195
0.23202611346939883
0.26002569204135384
0.5139971455603969
0.23331455737260753
0.5385965136937453
0.4751290250792657
0.33864425715326485
0.3878493335249067
0.19386006902889297
0.40065135871205204
0.455346931156836
0.24322395916383455
0.0718045932127892
0.1427343940942407
0.7601224744657874
0.29492171727129946
0.6775057289202131
0.20211769020101678
0.558383585044057
0.25558653317064284
0.19086218659576892
0.8093005641634854
0.8000620839412013
0.6751753807016195
0.9590008912453597
0.837893306458563
0.39638696548632
0.7454459374309259
0.3379279192453244
0.37363079523689813
0.7534584607100632
0.07043558483097401
0.4726202382489776
0.5781462012509219
0.9289127562366367
0.9246251759503132
0.47154095462854695
0.7136396649919355
0.7572394975244919
0.03630392426890794
0.6988306527128799
0.31978510204416777
0.3100986251820582
0.36533076203987336
0.7853009354499817
0.4974113604301207
0.6964276664192915
0.11432011460696201
0.4747414867622447
0.4565239955605923
0.5202147972675134
0.40538266139924284
0.18050278215682458
0.617470636103076
0.30141279953530087
0.8501837168188799
0.43750218101853344
0.10456986726614115
0.35885891776369905
0.07862216245791831
0.6849733719560659
0.4301252778345458
0.8393512511228012
0.6367763994232051
0.7506974813581024
0.05905714809655305
0.995747620014496
0.3984138078414996
0.90475618135868
0.24917710725802422
0.12528011661876515
0.7365708107938664
0.038066504274458346
0.022978182364115307
0.1975590666610022
0.40679486653674735
0.2604826139881107
0.5241977852405357
0.8004830541306895
0.704082649689223
0.6218177471456647
0.25876165045894284
0.32941963011225395
0.8661482017564353
0.6012403238278498
0.83929719800992
0.47776111805372157
0.5730498193600818
0.09966458334358397
0.17008591070175783
0.12340317266200906
0.9151292321292543
0.7020714119397207
0.7485626556339534
0.45583667371759085
0.6988978822967533
0.9092113017619269
0.20903619155206177
0.9819844978937592
0.7713236424617342
0.2183480391712047
0.9694720191800597
0.7456642270559026
0.9494949995867424
0.8965601293541107
0.8695303926763596
0.33200064302363674
0.83499094442354
0.13857669611541512
0.992679089039317
0.40747788712807
0.27803957253751577
0.3109581215180004
0.18914262519036495
0.6152411878403219
0.6449012413928933
0.1743048227775843
0.5663051468615277
0.04731583737057454
0.3311114779002655
0.8794711674120906
0.19579051387809365
0.7781750205477538
0.9309432770598037
0.6812753380506713
0.9009807109045442
0.6544659156011885
0.5636847286141977
0.8681554912052198
0.7756285237499119
0.7738935762372049
0.17435122890657007
0.5497640977966514
0.7000366395099902
0.09838453727614127
0.5756945278602639
0.3379573779108217
0.9599650653053609
0.07627989558329684
0.9134418414984011
0.7069617302970954
0.3672636634032804
0.021400871485488415
0.3144688499682845
0.07232398209163082
0.23721522105066617
0.08483977314569269
0.0781182343672171
0.20984253328057756
0.527972026563405
0.2061931850796238
0.4205683323680225
0.48478564054224726
0.5539463482247005
0.6961065881969434
0.29065778169358947
0.14210621570166182
0.9970239347499057
0.18224024130435512
0.5517527271225716
0.4864065244502517
0.05625599790119118
0.1632641720473147
0.23107363409363257
0.6543333022581488
0.9209484735625648
0.41598433111161215
0.4881109582970925
0.05612747928379014
0.7267211523853432
0.5425557152541445
0.9108339068310598
0.8699696509384041
0.9905626010556184
0.08762077671648605
0.35031377774912986
0.7992456763522623
0.5047227769132479
0.6466752821624028
0.030787862656639797
0.664455612921456
0.4128293795739979
0.2959574463175354
0.13680596388724076
0.4694006406471507
0.6712065394448888
0.4014092803602384
0.329296525357216
0.8632278635636143
0.762095160732189
0.12923521250040815
0.8243580089892233
0.3933666358672837
0.27973941680573877
0.9248563728934986
0.8547308063281942
0.7469253558447891
0.7573645028836038
0.09802828975515898
0.7446003953466039
0.4617623317912085
0.11173230277215984
0.8388503098524973
0.3424975607384353
0.048831642434871925
0.5845306537279583
0.07515910343737642
0.07684192122774536
0.8768454617237381
0.2524630538517465
0.4954836798422848
0.509433481932909
0.3235653470117218
0.5180446384422835
0.7963876890314796
0.1190769975218069
0.8321294515995064
0.7689134126511136
0.19527808689703996
0.38469521617428204
0.672707937911398
0.8763372279532979
0.48949708562426797
0.8579165489735723
0.4981553916097943
0.22004749446592098
0.2237784314942226
0.5155789097840019
0.5766063582886332
0.2828589456977906
0.9507831104476853
0.5865728242763891
0.6439676822363795
0.36515604098357657
0.5501812314621055
0.8613121902416782
0.6800696836812554
0.06935799718509306
0.6629614495416419
0.9325198863148124
0.7702949669514759
0.8820006258730309
0.8343457198152378
0.11709347996207331
0.8688532028685391
0.39638001622771335
0.9562878521587093
0.8714848789559322
0.56226958635253
0.6805995787031754
0.7105603241746516
0.30835848114628217
0.37115269264253037
0.6334814081754985
0.28821778434134837
0.29884371973839896
0.9809339360973419
0.8459140415617967
0.3892551136469472
0.8020087813327382
0.15461498720224087
0.09988866493183834
0.19717526423979914
0.9752017340088391
0.11816263628597701
0.022308360286157902
0.315416991499724
0.6163800137908384
0.16016326316813423
0.8633529816037375
0.18166505393008958
0.726452790071244
0.8704715767705603
0.778702036350422
0.09071136953271375
0.6420464657863938
0.4225521140753984
0.5547842646990104
0.3868540956613372
0.5730516050617852
0.4745686543781249
0.5708841523768089
0.17826972500895977
0.4832484690068082
0.636740647920331
0.3267795944839126
0.09846471465666329
0.4572425403938932
0.09128678227399523
0.358539883307894
0.7002364416520547
0.7119040134118341
0.13705867909384029
0.2218861226312452
0.3657319724615271
0.20744112437925333
0.8229460883875336
0.9351704321379377
0.39887291027541694
0.35415867153551217
0.5241440905491868
0.9017606775028647
0.04905618407575374
0.8852226806948982
0.7586731387872501
0.5636797711480053
0.7755522544236341
0.33139991399990576
0.9110737271711452
0.3032712045118351
0.7590099825866162
0.24926603284674687
0.5964069043763419
0.4074409336431327
0.36196647932209935
0.04180492122099677
0.8138532120507134
0.8737048520155071
0.41774613572366315
0.6050273711687969
0.7278341191145465
0.8140060787354529
0.20933512209625726
0.8426226080809698
0.44324868547489704
0.4013297496392758
0.8960456233450986
0.1699649212795773
0.6059045426178665
0.6551232027373325
0.8077802981766511
0.5438857898703383
0.6041959920499914
0.2717494700831661
0.5376204263736166
0.371251481111851
0.1975730134654674
0.5555664203497067
0.25497703528661975
0.6904570052841779
0.8492330181583961
0.8115754493902179
0.21848276779007425
0.6644201524439776
0.3844777407773652
0.4233844638764446
0.24219476493317493
0.812891056916602
0.952274374500018
0.7212468949342411
0.7846861087156455
0.727265456208328
0.4548827208552082
0.716301957884586
0.7567519954443064
0.8558821231999119
0.9065664605095016
0.31137266050817947
0.3517960890395112
0.6233622776345076
0.1883224062147879
0.3278694516137475
0.39906500316380067
0.1396857210758793
0.869047906150357
0.7964499502014237
0.9409090184089082
0.5163846197549373
0.7298909122827215
0.8981485835824828
0.24932698673119902
0.44141532954883544
0.6047101800382066
0.49211632810352346
0.997312782131546
0.9325915081958995
0.5984712887925111
0.3108903491242858
0.2758337122866573
0.45414531761156474
0.9437983826591205
0.4648866478327984
0.5649127406432101
0.2202792923402498
0.7717545954204864
0.17625078640415015
0.10320077168393393
0.04084391123151321
0.3071634428358929
0.7705487066885669
0.4438515182929841
0.6082301581373545
0.6902761462734789
0.6789859752098344
0.11038496287184307
0.3703390802108151
0.19987622674978722
0.8506227377445805
0.8499291036467006
0.7294719828703596
0.4152139756282789
0.7226608507046813
0.7495788946292588
0.24166166904815545
0.6580328059438407
0.7014273723169167
0.421070563061839
0.4742673603482839
0.10912737181426824
0.7740523611094928
0.88372921044274
0.833958896815459
0.41003154163503264
0.26281652901651986
0.6310201775769321
0.08815115347724156
0.7531470124513301
0.9998348193803115
0.8513830894706996
0.45878874529789904
0.5864772649378046
0.9610176445779769
0.7779125231138035
0.4622975830707985
0.12724027009451333
0.3201791392163278
0.2317439292774528
0.7617637544721293
0.016384946849786752
0.18153029622183492
0.44752842403522863
0.7349629012177548
0.5777823854992952
0.6786141446651766
0.6927442607617612
0.35927753299903087
0.5551812865833922
0.1638576244605945
0.9530310335895337
0.9667317268939725
0.7914444308028373
0.6307411082847333
0.589426505806844
0.2856239023104772
0.868257430734237
0.3557675715769203
0.9018521816218857
0.27471750431694353
0.9948943134132777
0.5810164301849003
0.9319775593454261
0.04797273490938603
0.26245368828788085
0.48504033058896356
0.03373171651734952
0.7432462048675321
0.20779818589296306
0.9710971959237626
0.7706230840145025
0.712726186029244
0.9945396484116494
0.9981810260328347
0.6713301851326458
0.7098583658771405
0.55336093609364
0.6580759464307145
0.6326016249303199
0.4583315393881576
0.43143382773342287
0.8270656617216022
0.2895258753591715
0.563410525446674
0.013250710643793795
0.5602765127610004
0.7298590390582936
0.05364667574883086
0.7661046018936893
0.37632928729932513
0.6589482477096964
0.8301450168187139
0.01605746373934247
0.016858645446503395
0.23597146094180932
0.6740323981148857
0.3437431490395366
0.2565131538717167
0.4995918510660178
0.3897712844965203
0.4569972641209816
0.07402997411347811
0.21011168273917347
0.7542821844978792
0.9237665545477035
0.7381715971965525
0.38127900366397194
0.7339069074513012
0.9090661618155715
0.4082855941234105
0.8407504575085385
0.7064536975934546
0.08308250337423495
0.38742007501967346
0.21018713693002222
0.05414807134173427
0.3500037018304999
0.47913004065363074
0.15892470065013087
0.4614901497059619
0.49783208923302413
0.3653967261814478
0.889184124878281
0.35446986565111915
0.19512112368634238
0.9206374594222108
0.19677337424762298
0.7027664921625476
0.42520117063459884
0.8687723752690173
0.8226343981600371
0.06058168355381344
0.2809299876771041
0.9013120985131616
0.04466953672611884
0.8364892353914011
0.0001363664268212439
0.7802981847574465
0.9526079261889359
0.14621108215205836
0.5019508572467389
0.2387534837956019
0.3141964535221837
0.15411491091668428
0.4421721982817385
0.7952776517916239
0.048896983673747396
0.8172662155856799
0.3822780481484075
0.6099495856031097
0.586904158878611
0.6666657190519848
0.949155984730761
0.2027523937808169
0.25887312231194926
0.07994839774118656
0.4620107326379548
0.6536369322907563
0.8421855175676607
0.7048657184393747
0.5167357583048192
0.7598768339574926
0.34203119137150717
0.04197766895693911
0.22161802241209805
0.8153096736968019
0.38426115661525595
0.032513896343219884
0.2876309576780528
0.5187435131956135
0.4528544478020964
0.07779138627393223
0.7072009963036716
0.6338615681859131
0.39217407976284424
0.023046014749217636
0.9754582450401272
0.1878166135598397
0.835543646520788
0.8796115894285899
0.30888833795895765
0.08455983625213626
0.6477017763260844
0.19369598901857898
0.5272677531142906
0.7343375997009866
0.7470054493919057
0.7398851133607419
0.6407836160373251
0.5790673929136523
0.617719970470031
0.7683009363514188
0.8629851523789821
0.4997159362043341
0.22671453250357143
0.2742859373840719
0.1950655190300642
0.161309113967247
0.187064281171907
0.6471277500331805
0.3303940967279405
0.5743374562140432
0.3087839068852323
0.8411623734980995
0.5468443634031256
0.7781609168484309
0.00041872214090576954
0.9280548265855769
0.6337328881173019
0.41063091383208283
0.7147551119988065
0.04580322559314143
0.23325231923103618
0.7806176973614782
0.4865630887101764
0.093170380442814
0.41482937674638887
0.9264144115998508
0.24125521238863268
0.5463822664738229
0.8450662468760572
0.084468503107757
0.44365378113603104
0.48965903100812425
0.07016671567686705
0.9605596887241418
0.9378893385266449
0.6450778327628711
0.9904502365961532
0.3750422002148075
0.9480829467520391
0.6855340200226523
0.9387062496430194
0.26872116983748595
0.8172687899350637
0.6120393501478476
0.39896961144096954
0.25658348391338637
0.5414882082580744
0.39572777529828895
0.915243075456888
0.308468961126368
0.9340276905243625
0.4776071951963673
0.027706047568252012
0.9379458296456421
0.5828723852216824
0.9732273938352961
0.19169061163502144
0.43171847461503243
0.515165116220093
0.2328447560695941
0.027225957716507265
0.830988665675491
0.8757871082042069
0.6861857048079295
0.13937257085817845
0.993728207041318
0.7783554170891114
0.6505034512550969
0.6509604609008608
0.26316911155430867
0.025510370741730015
0.345383393610344
0.6055757826729715
0.4211312170426441
0.014092218134118428
0.4490509285469976
0.5075359112275842
0.7308961609696042
0.7655015147460061
0.4986519703253057
0.8500615577144378
0.9967257987435911
0.6407224348430772
0.3329306610296293
0.29026851769629736
0.3162941948534709
0.4053112533323795
0.1284171820465937
0.15366292829769457
0.1629216146493544
0.05120049416820083
0.09474185408667035
0.9674802360449811
0.6133541407117362
0.5689998753234655
0.7050313381670338
0.4615387386807861
0.4447815618780855
0.384729128302323
0.16335657755452704
0.6739705624602956
0.656292983424367
0.5021288172603092
0.6623350431588392
0.9662525937892449
0.4496041482790274
0.7979308644727595
0.2949412577317795
0.9581001982073282
0.7868742893835938
0.5182677773147778
0.16561581201240871
0.36125651021854344
0.8130998029331747
0.42513333296567735
0.21555347062731134
0.11434348828530905
0.18099778872861327
0.8153142666325143
0.7066902082602586
0.550269505846587
0.06652965413036538
0.6524900602318862
0.20336321696153503
0.8011404607183685
0.21979881410011848
0.1679728705992498
0.41309919710211573
0.8470539515643207
0.41174235970338935
0.8058045010104615
0.49455649879782926
0.818508229106303
0.5757358324153216
0.7788261734873838
0.10642858545377354
0.3156571878343766
0.6082846367871985
0.6131039926311531
0.3688564469573621
0.9896191279911263
0.9360024561606582
0.05548232322943514
0.6618478313279617
0.5088492676361825
0.5197169643077579
0.5982711566219692
0.25329290765296186
0.8829716377688213
0.2853612026358866
0.3389751880671753
0.13776146304545622
0.7333883162015988
0.40177783969286307
0.9459413187929205
0.36292560812059393
0.4614144882057619
0.07576064061527532
0.4262806383433724
0.9301333925361062
0.6809970291424604
0.236395393683278
0.11695987513723016
0.20418473610796695
0.5366162935150335
0.639373552608268
0.9368082183802577
0.9810757797260586
0.8248196688344402
0.07778235705711722
0.8274983399991437
0.9961993679867437
0.0172987337549092
0.09564686175752968
0.5506355900343683
0.3141645000354233
0.33874610872205346
0.6542274268722522
0.4631312119258305
0.4170043802698239
0.2905928661574334
0.9547893428575888
0.5881148801538486
0.5755647609096474
0.2061292265773067
0.4200318219534791
0.6941922849054359
0.028648360989016353
0.7210730012844048
0.27338409006007813
0.25489029332162894
0.7525059657006974
0.11853663497044942
0.8381139086267665
0.8967475541041053
0.2687521757874084
0.6292698968632494
0.9494502560516408
0.8574660378309819
0.6759368964388824
0.3309843117568162
0.006407047897686868
0.44791960107213113
0.4097625378377069
0.22575984972214436
0.012188581367588824
0.8983980114527268
0.5690678950804864
0.4507263564231171
0.23918070200775876
0.10509442819099202
0.9177402696103579
0.8152161385366773
0.9827598777113373
0.20649516589246397
0.8304694216164794
0.36795101909283534
0.9972093501023407
0.516563797953419
0.3846193244116176
0.08538694089835297
0.10084188674477057
0.4235156547523562
0.5856416291437287
0.8173531052608524
0.12019800708933659
0.2093784484977409
0.5386737099165523
0.4380616410907776
0.43865536166938623
0.16338089385862475
0.3447652949621349
0.1700286073695343
0.0012416576373885935
0.7092819045193856
0.9143992649730536
0.7974524873887612
0.5630047653386625
0.3579175909085367
0.8674689013085125
0.9014254046346322
0.9395130966171287
0.5289621795683366
0.7780218075542247
0.046070429409156954
0.2502979582161362
0.34142915163160226
0.12513502012646915
0.7075874914018735
0.9920958619079788
0.2677296592479671
0.4482510918787138
0.09322650687271172
0.41171625416850066
0.5731674126327229
0.6424730969659544
0.3060994969864317
0.18629494934343116
0.36523344577051364
0.35277799388086306
0.1377877507060793
0.9332719826996705
0.34486199097223535
0.8157245446281437
0.9969269357178472
0.8442403448395079
0.498130031488242
0.9561844478303063
0.13132995768927014
0.43526463335291765
0.166192693780704
0.6846517987791078
0.1890887420290619
0.8802798786562035
0.25990467126661276
0.9417700175542196
0.43860967080313695
0.42881270924627557
0.22265456376795123
0.6691255222266179
0.24073900163958195
0.2479666170868675
0.3754280091370189
0.9040171387849302
0.6564313314374701
0.3965574520090931
0.7350985992680976
0.7159866052047026
0.7866106746880575
0.34666513335261306
0.6081539482796219
0.9307302071695572
0.1701025677679029
0.6412167170396459
0.8657507146729547
0.6962064317698219
0.9980443350830349
0.15565239169437395
0.8375549278107449
0.8930621258150023
0.5881365927147285
0.18194177783829435
0.11648773634085041
0.6209339564644766
0.30032381977580747
0.5732215727963457
0.11431250269444704
0.840147407893538
0.6865056348045333
0.8214279062138838
0.458384365208406
0.18621902298303994
0.20119293287796747
0.5685509941678458
0.5904629586459412
0.3816048462194793
0.42268581772572
0.12285574744390426
0.4537614329430968
0.6962039650130731
0.7165395008283462
0.1374880439877837
0.5694078210394681
0.430458210895579
0.1323778560607708
0.8718428921074937
0.4377582620032451
0.2755727268284267
0.7291379769155663
0.8708367141267815
0.24230039431231432
0.2095131306628849
0.7407821376055471
0.8187957791491794
0.36458539009194335
0.6937720470968027
0.11762558939579582
0.18503477582651418
0.6474247577176871
0.874065215240601
0.6177205122241014
0.6605877109214926
0.3109956130054845
0.26837435148366107
0.04140968339041662
0.4165550287693708
0.023334174181743994
0.6280089550235347
0.20064291949045843
0.0888636806753802
0.6536700098994754
0.6802520449250288
0.10318258385817936
0.02772682117956282
0.6976747935340828
0.2705086043695123
0.4076430264551113
0.6629882166878363
0.03760262592514152
0.482366024641799
0.39485514336903993
0.14839852647337037
0.4419770197586722
0.0814854425121525
0.5160219532761338
0.2943856174741696
0.1788646372720044
0.08349685475847657
0.5575004425092005
0.7836463458008914
0.4097947647060406
0.18199424559454347
0.592165528156404
0.9582396587288465
0.3083354592409996
0.8491964925411388
0.14434305496184174
0.3809871957998827
0.5105367386378882
0.09615338178501365
0.33632279356485295
0.22178140432246018
0.3659701056236465
0.44942201787109315
0.9775005181844731
0.5929165236772312
0.5299178352436055
0.39589273707461836
0.5841324088439852
0.9731365182196146
0.0781772935855869
0.662799121373931
0.18978816413357036
0.49377999273258755
0.9554878498023428
0.08332912401032344
0.5026889689941091
0.3748326756247954
0.7028105485390753
0.9791059141331852
0.8814509085392377
0.17150011423620803
0.7282632480830419
0.7641145012562242
0.37694622432657343
0.6835376761524473
0.8976665678350287
0.07600260213534804
0.03835744591181178
0.04260565559279694
0.3335841886012142
0.2523081490033823
0.18520449496171676
0.8366798225888742
0.12091428529579817
0.8735195128348133
0.2166718655270734
0.9846619147085599
0.12003764372277692
0.4638673410935473
0.6315751835246577
0.3567983456038979
0.9173527311485841
0.08461576857437858
0.08444659134873478
0.5610161895132543
0.7049481829042855
0.9117718845965762
0.6693159652728603
0.8667191372089691
0.4203894290387109
0.3523121643497018
0.512270615108871
0.066243752727699
0.8090083195882538
0.8860747521841962
0.46056138150708836
0.3463385661574251
0.46546866491974004
0.24636164936882865
0.07396129624940817
0.8337261761260297
0.14823827393364952
0.23427450040900144
0.48674461840480654
0.41322445890403503
0.1915945953398338
0.7231279015954839
0.16622695549477573
0.03750115206232085
0.47129845234193446
0.7747195840369724
0.40285883168959646
0.8339309956935724
0.6122350835046472
0.31993713132785584
0.668434688854783
0.11675924449350228
0.36912527763404057
0.36762055697523877
0.04737469638199154
0.6761118413642605
0.11509937835407735
0.792989515478509
0.420325690652374
0.4266944813709752
0.8471248585196605
0.7201450438500844
0.8965291937731081
0.5112818340607812
0.719527125990874
0.44325895160627227
0.8680836208448064
0.012645850068625064
0.19204988271673717
0.6428369121642942
0.8772620561763884
0.6866963650818619
0.9151092167116219
0.901208252383071
0.76891550518825
0.6162003215505314
0.4664350639076569
0.6716841670174565
0.2691545928550929
0.3208414755120088
0.9055554232982502
0.8300617334766824
0.37355262614330276
0.5511874550585044
0.09076356103623429
0.36372150047478335
0.5427782560644963
0.008134444168488186
0.6452225294117508
0.46924648719754525
0.8061869721524199
0.4775637299278357
0.14701300321078636
0.4355320891997825
0.7847816078246076
0.09336561897269047
0.40276287239447883
0.7190514258123317
0.047617627909424254
0.9970013968302699
0.47769949721703175
0.34953354389064684
0.38020204856140916
0.04657098956789174
0.4893575413420702
0.9058547067542031
0.7121209083296308
0.24344858743485143
0.838358065728719
0.053459571103487646
0.6738956578989758
0.6161410551423017
0.5351945090504421
0.9511254678420267
0.7165006061932296
0.908250800603384
0.23224259923441148
0.9893378220709073
0.17100591870255633
0.8158676273336212
0.12345953207803328
0.2118376549629425
0.020800508852410027
0.9287712644751448
0.9758350721734593
0.11372828339402097
0.015033253633712218
0.24608344935053994
0.13440417414207928
0.720602486345352
0.8011264668230876
0.47039481202811995
0.7612538620821206
0.9214260072674626
0.8393800853421381
0.2235565801100038
0.39734766014851497
0.6430114460830166
0.9269323305586221
0.2165521776023378
0.5029632151926571
0.5914980358252734
0.5299914198771468
0.7926704165720445
0.9494147450136607
0.7669629775732137
0.9636645237026285
0.8480709736646791
0.1778024631663876
0.7668136817745411
0.6800693893714791
0.910568848167925
0.758628562091023
0.3644608240480598
0.9008521196550854
0.1885728713936925
0.2194129413920034
0.47651205837755484
0.40491202279009453
0.9206969145965984
0.6313451246125852
0.1661944529395476
0.960863395774279
0.3060080475617952
0.24092643361300226
0.021275218717223265
0.20163086246378126
0.9478349284678197
0.42548218752112643
0.1443036856024127
0.623840296461929
0.8939570264450006
0.402307551635427
0.21802240556674668
0.3003959165027318
0.4720023093019343
0.2259421654612901
0.7458124705015852
0.3977227267479362
0.01871068685624866
0.9618757775737078
0.19792187182106746
0.5192361597670151
0.2506544942018242
0.004905095121599534
0.7941867821914008
0.7521521999892488
0.3128916254322017
0.8749572215550683
0.5586696631068732
0.2970597793245543
0.28067052611838716
0.8052113888829936
0.33651751629411275
0.45528611788439133
0.6851270485617711
0.2146899815650275
0.6456193724512136
0.5906823280991468
0.8017678290004502
0.9348191288310462
0.16399431455786884
0.48090673568157927
0.8483781211459281
0.6165270132397437
0.7005111867921483
0.5193280283919485
0.5787077538757043
0.6658538057287675
0.35979335669356516
0.10436456137044481
0.43405578971485437
0.9230825975927831
0.8458685752843627
0.7409504988927389
0.6870479671641319
0.7335829547767858
0.10304641267298209
0.5122132686353185
0.20584763327476974
0.3002398799313821
0.7180001240534292
0.9482970008613211
0.9211734556742408
0.12856655558344243
0.2872865299881662
0.21384903389440935
0.7308607292508932
0.28967048200384893
0.7462359596981452
0.23406147985943226
0.7181831266800506
0.25623878547519174
0.07096581765858734
0.6502865522447546
0.6399939950619014
0.05229551584445358
0.8628943832489435
0.29213408696156007
0.9351510468176922
0.11188495163557466
0.09536240661356066
0.5151733086596781
0.7768614779247853
0.8657762787202314
0.25731805860772805
0.45445570654882617
0.0221737070909368
0.24626318036020223
0.8997570824159521
0.43160510406798824
0.02133159547173291
0.028941141301050632
0.40044521130939903
0.4559592663859128
0.7189617183734646
0.002692210045843524
0.5708968579559515
0.44911265983049853
0.589098563612295
0.6832416494217598
0.4909748279539614
0.5843620667160352
0.9233409282102393
0.06325892559736868
0.7223578886774638
0.7935409824214141
0.7113813815222867
0.34461682503813473
0.29717175974942356
0.20429538251095813
0.83681564502784
0.5173348296694056
0.950133746044417
0.40826943812830585
0.44755741066601473
0.12060157573718133
0.13974328766774202
0.8020948828975945
0.8158174274551742
0.9682385907556775
0.7674610256209566
0.27045143866204713
0.9707458064559128
0.018602829651949593
0.30139988824133
0.5523628627388264
0.49782620811708245
0.37271142421812764
0.35570372359288704
0.048930858527121535
0.3639351035715772
0.007467031878860109
0.16580079729550723
0.811682231160997
0.6336306383938172
0.16818700328344727
0.8593146417192614
0.9932148492882042
0.44530878162455656
0.6416886115072964
0.15907871561339548
0.3011701974059069
0.5970321648228112
0.32712850278200223
0.17043898284442582
0.27849257759211865
0.421921862490941
0.17874344671623532
0.27851903304376724
0.6890160720020847
0.9322453810863183
0.39380834199800885
0.5696979871998847
0.9140617280605298
0.9842201125410582
0.790471718638421
0.16482509236541776
0.2887998560361126
0.8863914978910489
0.6404403788753179
0.892252235448884
0.021477168715757222
0.358410250324119
0.7498508486081742
0.03962066326608349
0.9303164808582166
0.08894424817116264
0.2356745700629279
0.1486487924088481
0.24705111358131815
0.38578720613279105
0.9224599586096506
0.4682803650839178
0.7069411649358899
0.5410425689913146
0.27101388990949027
0.3882218527892094
0.3875862252288773
0.830078551078236
0.32783301068319515
0.0178798761970157
0.27466234736305384
0.87489511781929
0.5431232672249793
0.7760962179701095
0.0576552049108342
0.10083004292995945
0.9375774576972322
0.5480058112203764
0.6072773972467891
0.15959259516426483
0.28163638333929164
0.9506917368723062
0.8968971972853705
0.964599024792158
0.1404853218080817
0.06590679372949393
0.6065263852955929
0.11438538483800686
0.06889307545440515
0.6911015042299136
0.6909766032688547
0.16928608834420655
0.35377922458556954
0.4332311867843006
0.21494751032877857
0.9680909162881534
0.9336906422614901
0.17238691556923202
0.21987591537305617
0.6823897323569242
0.5120057392009284
0.06265270088091834
0.5550531804296422
0.20617493131549047
0.6020828167531608
0.22017085644133483
0.5882511845894084
0.029925924006735327
0.6319724487490967
0.37953075383845314
0.26256152489280116
0.2260914565446399
0.06791039966981371
0.6960380175882224
0.4468232284134531
0.33124964891344366
0.26397792268932885
0.33184931242793014
0.27900224932086304
0.395808061992871
0.3513201471050873
0.6305478095363768
0.5419460025411472
0.7791658554746557
0.6804049700759066
0.19559053156804374
0.9899392401016797
0.17944621744476363
0.9714011063852707
0.1139279343402062
0.6885902808229105
0.05817788507030808
0.15925413508383635
0.7216852520296354
0.47436672600481133
0.4855800299084809
0.8482346250692118
0.8878429850243341
0.2834828013804285
0.9076601268460159
0.30323079238513506
0.03685054776673313
0.35896046822061567
0.8657517276023874
0.5198926377865924
0.4196370190617378
0.08855493473089693
0.9078311884915096
0.23149078291459635
0.3269850420819902
0.5893766536732513
0.309458124275623
0.8826132418310879
0.35202811139155077
0.2550615577178219
0.006816272171339399
0.19315045701857458
0.14990675007628318
0.7931370515023813
0.9552484617826739
0.6005758897935175
0.9468686569945411
0.7389429154174514
0.21258980894683976
0.1716604325387574
0.5594779678376443
0.3091652202729568
0.02547332885835607
0.5960860532038609
0.9026035617041165
0.09848544341944732
0.09621043482414726
0.3587946116340138
0.4802326928857974
0.2766333953896939
0.9136469911343037
0.7689113588277876
0.487137747285447
0.3322381096168775
0.6939398366666807
0.8999011948589096
0.13673581421552816
0.7007177268761587
0.37010354670023293
0.9914014471063343
0.6601670271950488
0.3608579031899609
0.649678223413939
0.012286997499537877
0.7608525485698714
0.4056212765576799
0.12007390270290763
0.5328640625310915
0.778077693065035
0.6237515352174272
0.7936742948532451
0.8784722177836299
0.8817051986052097
0.636804453904685
0.7833252670822545
0.940416801844452
0.3433114348868729
0.03783959874779208
0.7127914382779745
0.6288990672125105
0.14763325640680758
0.08899514285414423
0.6066771042562789
0.3743260567250565
0.4954911350545499
0.9733689026680521
0.05821215821452541
0.38299506711178477
0.7251759341005211
0.10270956261281983
0.4335376286690108
0.8016188744054575
0.8339457166013672
0.9457893071797785
0.8803601367332882
0.9425785303904425
0.7040853671315394
0.8034142596188313
0.44526656493712446
0.4502796517053762
0.09148469036657603
0.05558657237022124
0.651402875573018
0.7291591176156003
0.04575480892111483
0.4909623821873438
0.9041243488384597
0.9955077866584805
0.6141825091136625
0.1225046914939284
0.8261224245789092
0.48787666307989686
0.49531007728323195
0.3641155982852272
0.2265258109767203
0.22588911379515686
0.8009319796762127
0.02294492955155092
0.7200092126816068
0.30592002717820754
0.892086543485285
0.4493129839602489
0.14170751222162037
0.2813214077392985
0.9151554537631194
0.9500075319483317
0.9817497034223469
0.34727613357578446
0.44761487030963165
0.5439756292115484
0.3825237092481911
0.6897422015246429
0.9073149427640645
0.32033527531858264
0.6330331624488857
0.3343417324083455
0.7207646171548632
0.8675480541188814
0.32685500809084467
0.8038125909342215
0.03037734022123828
0.2210669402576253
0.16428302032538622
0.44287073882565486
0.595439267742356
0.9972172515690378
0.9055848412058181
0.2974444418387394
0.8770515188479188
0.11619018592442298
0.0499054922678458
0.31158302417846406
0.14616432154128622
0.2897134922075152
0.5216960308639343
0.551501697765065
0.7832578303534777
0.17504010426277927
0.47151255433904526
0.9777974145861726
0.9544468289674262
0.5766693518558378
0.07769772855522628
0.016541422871810707
0.010037972243766902
0.8898532083329133
0.9290758296583955
0.6229639245955398
0.1260698317246205
0.07742282793140742
0.002618759038711782
0.5041677155593973
0.2203391354403894
0.4946684387309004
0.5911753317636407
0.050424172662236644
0.0490040545392999
0.9331542557226463
0.5356979074471798
0.6434022313573248
0.7098508090822403
0.1868245994946388
0.3874464909240396
0.352553531890035
0.7674193448192111
0.5729515229714078
0.18219747795465402
0.5451679058712121
0.9086910901261792
0.39982694922187045
0.47676962220549046
0.6618722601716289
0.9854588309684198
0.8686625623307149
0.42565540800881063
0.5163376560516749
0.27746750450832336
0.881095828622725
0.9026300752253986
0.38061624296065666
0.5845136334880372
0.7021900309715952
0.8886287262182024
0.20221136253294225
0.514081269598937
0.7356068847996715
0.33512156573836516
0.3347833072723284
0.5639444867793763
0.4234597144560339
0.11025932264631833
0.08364640814506497
0.6478378291665005
0.9399797511811944
0.2967295940471646
0.09588399209357157
0.5417513462926715
0.25218444378715477
0.950593585701578
0.07688228434117228
0.07936707904952811
0.7640556993221871
0.1411798345786719
0.8656466375044101
0.6875395203486534
0.5291911631356676
0.8025406819792678
0.31176595997689194
0.6435486376089948
0.9364993377694374
0.19437127717142977
0.6113573262233958
0.843433337961244
0.2304758993118612
0.013289859474241883
0.026109858116316498
0.14177012450957527
0.5662711471386276
0.7743007626433027
0.33321020444384575
0.6450537122824448
0.7989208594660218
0.5806847219966433
0.7355407702406875
0.0838362112231874
0.6360074380780284
0.49391591366358467
0.6633187737912423
0.9003731265354988
0.6381124766113463
0.6667270776192475
0.9170844761243099
0.21385758846552305
0.07461580950359836
0.996960653484658
0.9973930671259081
0.3255015777246345
0.4255728030272844
0.13540272937634468
0.3763658622251075
0.7262607349885511
0.5926342345720519
0.9319171209277851
0.02213941489812743
0.33296766662352195
0.3923887402144951
0.22351413752242666
0.67951263905828
0.21363692735132134
0.7221569619932595
0.46248798437419314
0.9962718069145741
0.41921070585809017
0.01104891454668444
0.18354908679258097
0.42231370674412105
0.5737170556014018
0.4129979042947265
0.513640445687819
0.029178920226699767
0.1998526160687334
0.8826515661868055
0.461911544172402
0.7849087514920989
0.990535685288901
0.4289078890299086
0.7227203743041012
0.6541187504047039
0.8786560351385694
0.11968705513118605
0.9075344210669977
0.3277104770642234
0.9885283149484291
0.9828662137865434
0.9368382388151473
0.9273629547026594
0.5014486005070259
0.13521386674710922
0.6957758446269547
0.5823580268183502
0.008317391247710249
0.2615235031441904
0.37568530767612796
0.9484543955774234
0.4568481807457966
0.8442390988423824
0.1683246778234324
0.9229767168142337
0.6786067828826222
0.45239064057038536
0.6552667683034792
0.3643680551089761
0.7994498481262108
0.8868763278408882
0.19960372397867487
0.28031338561988484
0.6653582010514787
0.4189452255786119
0.18732501014488778
0.17965732098516773
0.7722995724472661
0.5923331402467688
0.7504734969237566
0.27250641091613315
0.010897251143670683
0.07478204336392091
0.1499106805849748
0.18999855134708132
0.02940836422338644
0.48492332937488525
0.3861392057193407
0.5968950928707022
0.7034649967418608
0.04151467295343336
0.19907770862560503
0.25425831274978006
0.9944147253571697
0.6933803549115187
0.3437893069247685
0.9322210439621067
0.9667955823238157
0.7188720020505532
0.49266636088588245
0.28977790908527545
0.33040213204886326
0.9442530672266506
0.23624907547018192
0.4791038247790911
0.5016187676249481
0.5705927675450834
0.15512211549473998
0.159469917155034
0.6732202432468286
0.4118230375577987
0.2841197710703105
0.2975992213109483
0.17920010349484372
0.6481860202415181
0.901969874505279
0.41808623293723246
0.49959546820393774
0.0009256697444924855
0.4791325254691938
0.5010008409607674
0.42040864639319286
0.12333595972173295
0.16782437503924563
0.6412725095302758
0.5647243542796018
0.2915560251363791
0.8216641880040816
0.16255939279861908
0.9981603991216419
0.4328077496699665
0.5631232388032468
0.5468915259825556
0.32247104113549996
0.0786568199928559
0.231517319443016
0.9341053641386636
0.5824994519495851
0.043181174393258304
0.3853080129930089
0.7260546224696048
0.6353131124943593
0.944839194786856
0.1322407003680076
0.7451303619896024
0.06857952120608568
0.4795511720309429
0.4177470316267311
0.7812798432752909
0.6214904412638955
0.6702438789637464
0.24321544815179041
0.05234921357502609
0.7993383659533125
0.7114724170468725
0.33557542341141333
0.8476917985077842
0.20186789939266814
0.706643430012305
0.39926825154574597
0.8484700033063072
0.3112630313434781
0.876833208142327
0.36118671994580676
0.993219274802657
0.8770208305604981
0.6786395738755518
0.9592185445657067
0.2028462471843171
0.048418315943610124
0.6033277345360998
0.9712643252658378
0.9221961226289997
0.693684690609285
0.8572859248741772
0.7515897295002025
0.391581641902524
0.8648012828555219
0.9024020733832729
0.010071021746413944
0.29646527171290915
0.10049915820806332
0.6213452202489982
0.37510606207049757
0.7974772550109168
0.7674447359571335
0.307239088423341
0.49727611305598474
0.6545218955322574
0.2292733091885879
0.7903947690464618
0.5159235864347385
0.9720955686803114
0.3669889294688873
0.9107793694034948
0.3098570255321975
0.4131776065051943
0.1869667149503862
0.8853251153153708
0.7159299068484356
0.7480221354902155
0.6403402430297029
0.08958058466933294
0.18149150863142705
0.04366213684121756
0.9840813434735
0.5636945839276316
0.5923006546631524
0.7953667340823211
0.11002068178934143
0.3560882463200187
0.569446364052419
0.37272612783968173
0.5149597566112117
0.12162624753289664
0.009415422793377037
0.9664906006309242
0.9252984575638994
0.017295287680961335
0.25355510972328954
0.08927980671151103
0.4267659835322347
0.5096746194215518
0.02450225388629057
0.4767943660784364
0.4647548825315022
0.00324695643448214
0.8388188535157205
0.9056587627423015
0.32628849747579225
0.3710946406314809
0.11139054830746653
0.4629592665691049
0.23456186852295002
0.28036421683502777
0.6096765617043678
0.024501472343389175
0.8101729585821932
0.18997841802911775
0.5622310787209602
0.34516303681670346
0.016740142129909374
0.3234832662723687
0.1846665466308367
0.051469191919643165
0.15025795305759815
0.952376654150686
0.7641313202879677
0.9498275812744543
0.995231653633042
0.15724461737753914
0.6092646966624587
0.7564492399015365
0.4041541448588801
0.9393401709953939
0.765155211272875
0.2805557969507887
0.5831211161997334
0.35088020787043406
0.1295589395349862
0.2867535574962715
0.6312727617189987
0.45842042611509615
0.15991346899207637
0.6663998327115378
0.867256526821508
0.09160980910003103
0.5769175873250184
0.4287540658906176
0.13733648670544063
0.18086559623532883
0.8047894412228529
0.192902753258691
0.36684016867753877
0.07461322276044968
0.6235283106868494
0.7030976131489813
0.3884301196818486
0.0051359572697258216
0.038516567396282286
0.7227161979594972
0.7800763901037232
0.6748113991060989
0.6047957792999764
0.768150501291238
0.19606871063854536
0.8174043665164142
0.48723157088492264
0.03663173622731797
0.27980052736549743
0.212348395955266
0.2577964456800793
0.00655267645825397
0.28880088684600813
0.8943125632433698
0.09047837322768437
0.8043299601130608
0.16599572529474993
0.3587741662445376
0.12808547809036397
0.36181043409413305
0.15446532562819837
0.6860497597592693
0.40835459217663694
0.2538028063649561
0.3274671559007213
0.17543034521809897
0.6465606175719787
0.9640616874825716
0.5225947603060735
0.30586673758723104
0.3418266213326714
0.09590185292255893
0.9283837184458765
0.7459304294759621
0.27062918006385983
0.7446264110789741
0.7835159337966251
0.7020687150002443
0.2638781381417592
0.060367524471485856
0.3311121480245037
0.9150925358097173
0.2428186083462026
0.595993403552069
0.2408957209575332
0.8383835945535897
0.6291975107106236
0.4785798100783162
0.696228575186402
0.7144001205873556
0.988878431961062
0.4419517649402942
0.606335619344068
0.8064097459796467
0.8249627590276285
0.1121554205461549
0.4589422522723816
0.08745535610691857
0.1126544015516675
0.1292013712875567
0.8989676690725781
0.915419187570505
0.976810507541759
0.185320243254544
0.07279631763273131
0.8507364571086614
0.5299000301338025
0.7944001858797349
0.7043990439104955
0.4371585900815208
0.7035569887214776
0.06722258793858205
0.6470011939158848
0.6643256692234877
0.8753248104411366
0.9277432864199141
0.18217152026000372
0.14135094228455747
0.12228038130362229
0.44033598203483904
0.8193339646730865
0.028289450432019247
0.7054237745470314
0.6707382490142818
0.02189040747289772
0.7073678461054778
0.12476216368623727
0.30011375895251136
0.28104837833095064
0.3525285678713921
0.6042439925917732
0.5188738346690861
0.40564870822166876
0.9875909083746752
0.8348153835094354
0.24655413476201404
0.8642208208571318
0.5371740540821894
0.023340851984694266
0.6356390372901053
0.28261735493728146
0.6316658523379334
0.062279728559516356
0.46219873204392736
0.1589266980344688
0.7908402688309265
0.34262311479308194
0.04978836392021013
0.6338859612303572
0.7126377214225428
0.18863386444421681
0.6257108847988802
0.09359384952277805
0.13422009841961502
0.24670237866922895
0.5326133451725201
0.25845671843999196
0.43512627397746906
0.36418525195802964
0.23486624455346006
0.013487438859999812
0.19179685676737068
0.10162696056804477
0.9304802965101543
0.2678734315859904
0.655656319889818
0.5491297243589981
0.6845580704531364
0.11483859911370775
0.09741681320227713
0.8079893189688608
0.40282408558984906
0.10535667148791628
0.8038518508175101
0.2288318057186195
0.7831560843813967
0.5085990971913875
0.8474235135036728
0.6292363828692936
0.6012104192054997
0.45164122899198744
0.8980815238266112
0.9522175051084767
0.510241784494767
0.8638187522961135
0.12064215522422239
0.8153337327321342
0.7451612580509925
0.09609753715967284
0.4169152184842637
0.08764780203572542
0.5832497631121225
0.06374231722567947
0.4101222762498743
0.2661626978026672
0.4468761305685859
0.21226917249035526
0.9974167391363647
0.2869440298690953
0.807139322829126
0.053617489713123745
0.648464599787307
0.3359128221022326
0.7528423503057056
0.02811054405242097
0.36861650582445604
0.5018856236899221
0.8579737769824967
0.3561544303791291
0.8043300129283875
0.881286604908863
0.2341277425053767
0.6472152188753268
0.17055598208048972
0.9691177057039086
0.17378156839753778
0.26488825564496954
0.8449845130110869
0.559752323980416
0.5117206600362085
0.4388086498567887
0.9912373679812008
0.6173862815299015
0.3302485656800517
0.4250421918028764
0.47692604767386804
0.9570295670357414
0.8186911199653638
0.1038955700138916
0.6199642919598427
0.7821260149496915
0.0632031557847863
0.3185053924464376
0.09154345698980004
0.06826965713108546
0.5784454440850789
0.7235036747571424
0.4287301427721433
0.7294282109703365
0.7569346384020188
0.16470032513409472
0.39170823093056784
0.7286078808376569
0.14293288198628495
0.23733424613259524
0.7373650758810735
0.740845140133543
0.9753951719564872
0.8068064558776641
0.36472315992235216
0.8207285611029381
0.9677219122769019
0.9172307828656233
0.56917310102743
0.7824972277641872
0.7466272444035827
0.6388897178664948
0.8249563103750044
0.8119894461920225
0.716317084433415
0.22584803824147848
0.3699865948210461
0.9886470249671854
0.32326142442858985
0.6144059831325559
0.49872251157853387
0.25048719690079646
0.08464109193374103
0.7046616892171871
0.8364689793157903
0.6558680383061146
0.6370304380097467
0.25909162760850213
0.143112193245314
0.41956081679603185
0.1590743431929813
0.43586204448668386
0.8107550309119931
0.3147463380753798
0.7605247841882823
0.7085341009380735
0.806641904167879
0.35220674849442724
0.5095606019126807
0.7543567238888607
0.6296674118718156
0.5339822235890063
0.4276685379753151
0.06695204021644396
0.3142356373852453
0.5631648635077731
0.5250866806215462
0.868220843611462
0.17021094608694376
0.42900658146758286
0.2668029377299296
0.8956769226510343
0.9061513621599752
0.9677900809105837
0.9076095223894592
0.7801455209918482
0.45097110329691903
0.6730235670718894
0.21462497141638126
0.8850851893249116
0.0421686016924413
0.09008067889406468
0.9156332267721012
0.9004052309230696
0.4130001108070942
0.20917276399670315
0.7779587872111015
0.11704491853559862
0.17597624536521683
0.27246343940877993
0.5291628974246727
0.31560185220344283
0.4903279825283352
0.6391130041242827
0.39984827831509184
0.29815120833112974
0.8950738916494152
0.22935581269338978
0.5015541894023436
0.46204440877383757
0.31603494491283535
0.14577669338280708
0.41990045676503074
0.36729358572006976
0.262066063236128
0.7560348683583318
0.4224965190136182
0.12583000499015784
0.23137159513081107
0.3252427519686829
0.1227369150658435
0.38836858617120606
0.7390680890252856
0.5839054440517212
0.31748722147966535
0.4416984320318571
0.6216416034466226
0.2536324696671727
0.8043844806396392
0.6859989554534406
0.016272713088625435
0.03979699819612592
0.991336686338772
0.450622865885862
0.036837538091525235
0.988579310892568
0.4038257300785314
0.6487681851201428
0.5958111017097109
0.9524301906496219
0.34951701476895536
0.48246940808985017
0.6283518975120802
0.7956204316986177
0.6041928111376904
0.06826566863245065
0.7001594113342875
0.22310507093661247
0.9780139613586875
0.6133853162511365
0.8320573682142834
0.19955044060343008
0.0026028322954665395
0.1066564061039158
0.5035728863707658
0.7529991611989182
0.010244663251867347
0.5267446821838249
0.3621236475581534
0.921257028961694
0.14141906092566625
0.9829226686714507
0.9381300179436239
0.6733616567847013
0.5512502193890133
0.4317770543615127
0.15606102736019734
0.688331338767878
0.8341639265434201
0.6068092320678165
0.8199137122335676
0.7914232439676459
0.13072649146546256
0.9739324625932901
0.025232527422658135
0.5328478974800807
0.29509325567786604
0.7796277009572553
0.5161565864818751
0.7898837826718111
0.88510972127326
0.8263597950183817
0.3617303421594249
0.3356943984906958
0.292780790148388
0.19959007823763097
0.373238443183044
0.677440040565015
0.3638296089099191
0.09510786349403999
0.44226019496216296
0.2676601129384325
0.0045794426254585074
0.17543036350918384
0.9985222987221012
0.6168012859434271
0.7319627436038545
0.13428900232825625
0.37827671050571177
0.9848526402197192
0.11450778593465438
0.6478817439374787
0.16639145389067822
0.9513322013977673
0.47583715540542804
0.014024066248164657
0.20097615352385
0.17849389589438813
0.3708949952403221
0.875692212897743
0.22555480056880872
0.2001116719774756
0.8239782209685975
0.7631813876626369
0.9179487946938346
0.3119544010947217
0.5873000312511273
0.6797676116417786
0.37353772919728223
0.11549554918611737
0.6308673548209293
0.13622023648402792
0.31326179057666403
0.0921948112424874
0.1611922020040335
0.4259671227831173
0.625516091580585
0.10057111063282131
0.25898725268773326
0.26954818552837245
0.984313167649533
0.22476974128595173
0.7147420181760368
0.829688024183253
0.3460306077150024
0.30509012376019407
0.417663775795009
0.8148087586924888
0.9717833502552703
0.6328719609033955
0.8393284901777476
0.9374167133822805
0.9367418753014215
0.8530831435221442
0.12337075246979157
0.751736079555289
0.0371443287457518
0.914270281251633
0.20282653326452615
0.28586713073692305
0.6041874451136239
0.02333539281644259
0.6193688463640198
0.13834985277130163
0.05309140878876906
0.7276287839926251
0.26609013953368965
0.9018968591720213
0.2901487924804488
0.6986402709403519
0.52738785646523
0.015027484151392767
0.32936326797443605
0.009762501347372554
0.7595698244591315
0.8433844923390905
0.05938211302222507
0.8361285196624237
0.6921172425046032
0.2887589582997785
0.862044366111178
0.8680080209466546
0.3551976889627273
0.2700671977135167
0.5933926731494211
0.4965438356508094
0.6412273140483252
0.9327587341532719
0.7339442556537419
0.6075945187640488
0.2942168565783362
0.04305294688820638
0.07858896944683658
0.7913616028937949
0.7714933203307988
0.84315265089618
0.7041055963329884
0.05997845355998088
0.09997396256415025
0.5793058446078609
0.5126214496350238
0.46009926595298667
0.6661275724236957
0.2778013585844794
0.6336357421833682
0.9261174532584765
0.418988318915931
0.364965155699733
0.19417160874816708
0.5510418447021713
0.04047399090117654
0.9686291669773235
0.14580141788326373
0.12745571225391494
0.6956981140456728
0.04076591020731457
0.07714227084541991
0.4759601330605031
0.834124209578361
0.13139611245932703
0.7508447298980417
0.5705338554256152
0.6095875585935391
0.5568808771981416
0.2583715802184341
0.2831833280194548
0.9752738007922156
0.5734009551163154
0.15014413858017528
0.10472035005518143
0.022267503949967793
0.7767407613628019
0.7436607303602379
0.86539270433505
0.765469173862226
0.14341854132058185
0.6883539697497283
0.4613285624389579
0.4487925251970942
0.004221333284907258
0.9813880065861869
0.42798676137953073
0.14065238470547692
0.06330322417313083
0.7383777054894676
0.9517183627498034
0.05987490731116851
0.7894412873428321
0.050367776631699
0.8256570361086797
0.054174297171484365
0.33694665015704794
0.8615706926467989
0.5618286887209489
0.3690426984534354
0.08766583011221363
0.4420201043749262
0.8915720463412874
0.38051396659525194
0.5587803749575362
0.91296316081391
0.6696835763487787
0.3997427775587885
0.13302671892387397
0.23610075474447534
0.04179548675589273
0.09063063431404572
0.3323251116011836
0.5239101723788271
0.7875286572862694
0.8154332029786193
0.6992261351951087
0.804551288481797
0.05022727755091827
0.27316880365860474
0.7916600884595267
0.024977020956630125
0.6970673955983467
0.4482180592386261
0.8515417356573216
0.09310276259886974
0.35529995436668294
0.894105285249389
0.5807493428166943
0.26596031001116993
0.3630357470437259
0.8901532209834763
0.5763689451895643
0.18133138941413152
0.8964889300982094
0.5189809392852623
0.10781813033055143
0.2602961877882062
0.6446482154166224
0.6157747914585613
0.9790209901145824
0.5543125540734803
0.6231702869886723
0.8891891409564323
0.32620832757979634
0.06697550180936729
0.5524928383132548
0.9245105666378168
0.29969093254843304
0.9725826132213266
0.9824241453091719
0.5531872311545555
0.6474416504341339
0.030775045347961383
0.8613170112191881
0.1633011134820429
0.7755885464091135
0.8548620125273094
0.30882813202454784
0.5680151509283495
0.454143537550147
0.7633834747588278
0.6513034166887282
0.007837729361496404
0.8689205411742227
0.9495258067773847
0.9722090664096237
0.7241320446766537
0.4971481653127089
0.6421418844971222
0.7722300955575098
0.4209850860374206
0.4426969280406491
0.7707200506277615
0.7528175614468365
0.9943093241251512
0.4814240184916606
0.3773920764433182
0.19469943127368883
0.2882510858927302
0.7240471056253471
0.037833759446937565
0.009152307619630817
0.17629650046730838
0.12395763554587691
0.8474438279288183
0.16119680427202476
0.28683469774724335
0.6998316821755672
0.8881489108370341
0.7232783478762154
0.810031917219784
0.8012981064955313
0.37463912799625
0.87510378722663
0.2859817032224805
0.6194863645026752
0.3993907573091203
0.08019374655252398
0.5578451355306309
0.815253103980023
0.6841125039516781
0.6196342804556566
0.5418237611640712
0.10748040908505496
0.9684799368090291
0.2448305497898562
0.007387952527066366
0.05957496814625207
0.6687287387612928
0.5279575023472637
0.2808379097608358
0.6576501978503901
0.03383802387874879
0.009596161859971697
0.8244062439227852
0.8156826716013226
0.021077115878479602
0.6421979251477213
0.8898276181550504
0.8318666005195653
0.9279243823988979
0.6471435416140358
0.8505591789230087
0.3722144062874644
0.879531393702589
0.9527752787407979
0.04911897913213625
0.8062373457895307
0.5380102978115661
0.7643924636442885
0.05196619010510073
0.2478794958510031
0.4441063932178
0.287229459535689
0.0039749204250619785
0.38038820915419647
0.1766620510519381
0.8830001041704743
0.6163860342956397
0.5971915510334093
0.3137852484667364
0.31523573686703765
0.9663073070142646
0.9566129570914463
0.8977015777532773
0.3388784926805657
0.4877018724289801
0.5549506214747996
0.4740644167959258
0.06701361908906556
0.9485381946236142
0.08438738120303169
0.619814960600792
0.9853598097340573
0.4139574547909579
0.13910026820166888
0.3785927173239977
0.9394307814724735
0.2800388183363738
0.3939625689095466
0.9826931867078049
0.6785055320512712
0.0876360171184013
0.9199061941688483
0.7437804981983999
0.46764410866623785
0.8986620106997435
0.07557830612135263
0.16465595700162228
0.07686472757862572
0.5940926540547733
0.7933083794683176
0.8784017309115244
0.7186174364503399
0.20222536918477563
0.7268682001979326
0.26169221703848733
0.4800335130561231
0.4824344666567082
0.7086157301879575
0.5956762388423171
0.8375790394171471
0.1713121229621759
0.7532666368933452
0.494904231972904
0.9092926642455271
0.02737617883968746
0.011197254153877179
0.6921158915798757
0.5996819393889813
0.2441990922225974
0.5124920776923585
0.15930471318236017
0.9348141626613065
0.6858728421807869
0.16904535801035192
0.7948504713949905
0.4953881626813703
0.5114729107125253
0.4889726526137813
0.7587569188499582
0.21426983988869597
0.22462640820337
0.17006359255378967
0.6135423563160713
0.2079694781375243
0.14211758747366476
0.9061259640560385
0.42481258015076806
0.015533658101079428
0.6576699296837863
0.5359263552485535
0.23597069463900067
0.632825198455679
0.8656182969098257
0.7976944751003333
0.09401491728300782
0.6044604127063088
0.5677102356621448
0.13348993292554867
0.8751744276164057
0.052660890071393296
0.15317543323112426
0.7681482293792952
0.2848024574319169
0.2460299038119168
0.995523454805881
0.23627031143006672
0.9092269914325757
0.5361644038635004
0.47864652779508
0.3884509026709875
0.524098610548861
0.7812065279848255
0.9633425634380408
0.8098737072887705
0.004452825302159624
0.2210435238211943
0.5175807027092534
0.3103989312836166
0.9247403064170103
0.7568916761458346
0.36988136479848155
0.19263519026948694
0.13207088443793258
0.187336158986096
0.6638830888861768
0.5755006590108099
0.8229306464720764
0.35553145981599643
0.8523777129161001
0.4033306056268051
0.9707327814486075
0.28378332504455595
0.8159982652469425
0.5665193441521361
0.7573666635162284
0.5326955754697467
0.36743287643222267
0.7249154559662608
0.024394678302818495
0.43338039772717507
0.12578247865649184
0.4368961504681639
0.7321520738594849
0.8802192939803734
0.46055395923302367
0.07377579249804744
0.34407909603844367
0.08150943444121284
0.6660169721126954
0.7640997087305336
0.4149890775170273
0.37980791636506595
0.777471067794139
0.6861641447433982
0.9375196990673875
0.7640951281819719
0.11530560485862984
0.9616442691653072
0.14482520492795847
0.9531037992380949
0.878428652632071
0.11381551952237334
0.687289999744605
0.4361276603623363
0.7491859827402878
0.17072756498945807
0.19489764717649638
0.6503483424438659
0.5858009447682399
0.5874692826453172
0.010113124839523424
0.12665713811370294
0.11697766220761352
0.26346685191608654
0.24177443484716066
0.7784705309039676
0.7235078358764443
0.6785336879864058
0.5368790707208956
0.4924289115329563
0.5787451889599646
0.35592315601219704
0.20403355531661937
0.711762147393119
0.09128065858692136
0.5797212168287714
0.015051970538159432
0.3536309883396056
0.11401807207310355
0.5861225599213706
0.1304798680493393
0.8435946143527897
0.6322775447472572
0.04404726444750806
0.29451275062826
0.06545389229259846
0.5679536624404082
0.47288401817097436
0.9390826396173059
0.22061489592161287
0.35877469523871564
0.937110672290253
0.6084370733164093
0.42826374947723
0.8214972792449117
0.5140760845374801
0.495173803006978
0.4411915411975966
0.2071473730233785
0.6717113041010256
0.054708150269617506
0.1372122399435879
0.21512809474487837
0.04199479706267062
0.7337735962030947
0.8490296336769109
0.6056291613170496
0.9308570197638385
0.19396537473716524
0.687880403201235
0.43032709623923826
0.525383852873734
0.3041311116551926
0.7732625436116765
0.0652330288377101
0.8981738386312499
0.035154199566224675
0.054491391018289814
0.23441233886634527
0.8777721023151668
0.17212153924415752
0.10236907225842584
0.6954555656472338
0.8931137678663774
0.7917973154991585
0.5731528517439213
0.7438521390410102
0.32037647269318725
0.45780643287298783
0.1440198276587379
0.70996313730422
0.15480991427959967
0.6349844317018845
0.36843667136653235
0.9212291132726316
0.8740209329723589
0.44622623132858585
0.35097633972509423
0.7092676640592769
0.18823328298064845
0.9590261197642359
0.5740402117591624
0.6368924749016627
0.7025444223295636
0.07699935967230442
0.0511256179739058
0.6586722273108041
0.8374025098259905
0.6612092038367227
0.05673900847927238
0.19214366501328173
0.10132308624239628
0.7453784366844783
0.08945393280503566
0.9385211973719368
0.5970588537768619
0.35272346663335863
0.20929272384857045
0.5984972578951927
0.214162566293698
0.4659060544463094
0.24788665465744142
0.04957918058435107
0.8158724550664765
0.4989717967447088
0.28447529494964563
0.7224928585986319
0.1869274485047756
0.9552170465991704
0.8966110663150876
0.7162241456744731
0.3582364760157719
0.4308657100044784
0.6334999778978248
0.5668565474920608
0.16562782373326124
0.7129782994199575
0.6919261563184678
0.09670141236973717
0.3812906913772274
0.09375690417328264
0.1463494484555925
0.2383267198935618
0.26217081908965756
0.24061288562948902
0.2747772205316187
0.8089492469854428
0.1449841249029904
0.4921793446328211
0.7523388424939766
0.24016813322356645
0.25255551110012153
0.7105340831700354
0.5088604779787258
0.12219399822197063
0.5378263736640956
0.23322982172520312
0.7489179750958764
0.9743108703648233
0.5873529615571185
0.7088932086958477
0.5121523220922305
0.062133825953908484
0.01276806846735512
0.06815192486427635
0.46581595181799684
0.29318091468107577
0.3516569211868389
0.6165820668852335
0.9172911984912026
0.28663987709479366
0.20828876156782894
0.032083818588240054
0.9025964733353353
0.45372207622270544
0.7315428322155355
0.13137863779200998
0.5215328750355104
0.734376683291823
0.20079636378143617
0.12860640028608328
0.9576898388004217
0.46558448860609736
0.15145789796090037
0.21536791508735442
0.6847217716924976
0.872671336332239
0.6045495008869218
0.16793225073957319
0.376117552345408
0.6330302631632158
0.4327902982892641
0.6247236296346597
0.22935858737369386
0.5625271424423038
0.7357381972911643
0.9083988113733639
0.4924450685848283
0.569280529179036
0.7283898180162667
0.3784761398588816
0.7975477295228008
0.9383331005992129
0.08937565529674285
0.7018762105786223
