128 2 3
0
12
107
1
42
84
2
56
104
3
59
65
4
24
87
5
6
47
6
64
73
7
69
125
8
79
127
9
19
123
3
10
49
11
31
36
0
2
12
13
41
95
14
46
59
12
15
71
16
104
122
17
39
77
18
20
40
19
83
108
20
88
111
21
53
54
22
50
90
23
90
104
24
76
92
25
46
48
26
60
104
5
27
60
28
91
125
29
85
87
30
99
126
11
31
107
32
90
93
33
99
110
34
59
83
4
35
51
36
93
107
37
55
107
38
67
124
10
35
39
40
75
94
41
46
50
42
49
89
12
43
104
30
44
106
3
45
124
46
74
79
47
92
97
48
88
116
27
41
49
10
23
50
4
50
51
36
50
52
18
45
53
47
54
99
14
25
55
51
56
63
4
10
57
8
58
104
59
65
70
47
50
60
11
61
66
62
74
94
50
63
99
64
70
100
48
65
97
64
66
78
63
67
125
47
68
86
69
71
91
39
70
75
67
71
74
45
65
72
1
48
73
19
34
74
75
84
114
32
76
127
41
68
77
18
75
78
1
22
79
22
80
125
0
29
81
36
82
88
8
74
83
41
84
121
54
72
85
19
86
104
44
79
87
58
66
88
22
61
89
47
90
107
84
91
116
25
92
109
93
98
105
11
94
118
86
95
104
26
87
96
97
125
127
16
60
98
20
59
99
13
46
100
13
63
101
9
102
123
103
110
122
44
47
104
13
64
105
49
73
106
42
54
107
65
91
108
19
24
109
13
54
110
48
96
111
51
59
112
10
35
113
89
92
114
0
69
115
90
95
116
17
58
117
61
98
118
74
119
125
3
26
120
45
82
121
28
51
122
3
92
123
70
121
124
18
76
125
51
63
126
110
124
127
0.9346183674679015
0.3776886089059944
0.4262855927033308
0.37670619860165555
0.6436163917366895
0.8655482654465231
0.05741656126124006
0.5974737342027215
0.9026402754813764
0.001903491557925907
0.49153968372372503
0.929966057041098
0.9543967391737229
0.8529788498140758
0.786704734838018
0.870441253851044
0.5136686964667501
0.028849446609731322
0.8399335321639533
0.8182026168201557
0.9286720885885346
0.7373807556787146
0.25282547068851935
0.41075799883741193
0.6503724999064366
0.08953948046389881
0.9431396367900289
0.19839512322965913
0.8403510559575016
0.7923876612544988
0.524601115269025
0.760203290883941
0.6071213400020506
0.9762272138588857
0.7652200440842933
0.06468322730805409
0.861746829669306
0.9486395766147133
0.9084297168907844
0.7708043269724483
0.9412143485026474
0.9602792746313461
0.5881846715075751
0.7930282810930048
0.73618328195516
0.3765700946931759
0.9031278775853241
0.5644798014148629
0.13720498681553572
0.8368542408552574
0.8572560290744535
0.6448848691914204
0.847269083743004
0.5088979693080903
0.257044185221873
0.2798713573160202
0.9437838684037163
0.172059386274523
0.37188138931515935
0.4291707899178294
0.9896130090730405
0.22510882641314867
0.9513276991166696
0.898182435909245
0.28244585674103795
0.7616385884160185
0.10920292941933796
0.46028793335603124
0.5163738733483761
0.9682063661801735
0.9210229780526069
0.2521940949498468
0.033434771729996204
0.9866338838740129
0.10590406466584645
0.9802546386966522
0.7892276486007956
0.4443873858969598
0.76921806321784
0.1757347122366132
0.007836863987693121
0.35909958425154886
0.7979340915182107
0.23752549301177794
0.03612772170719403
0.10477718943378989
0.2007289470706246
0.024540364878857357
0.3627165940070666
0.7494206661663567
0.8735581470947431
0.4849028719588605
0.347241469012338
0.8764801885489599
0.7259237356324354
0.2668120401236955
0.061066144332980854
0.16341594209397603
0.8892472233577018
0.37783112501430294
0.05709505999718811
0.021087943466566728
0.910760741445975
0.6274063275814554
0.5954512576069161
0.588400352313355
0.2837958200597953
0.9248158791931919
0.6481653459518731
0.5024599265417264
0.6132477107050452
0.1293322752676055
0.722367504468567
0.4101127930472871
0.3025639581552759
0.16664492460705504
0.21150667165177572
0.5553804215139657
0.20423783167483556
0.8627756328671691
0.2426771248063576
0.7666723200161375
0.8523329963936173
0.2108995472066224
0.48657401084926777
0.4265326120985309
0.8693504167034983
0.9913390361795287
0.40917862997187937
0.21544000005038
0.917113813687389
0.7096921636359032
0.768853846109594
0.8055378211980775
0.18535037619656403
0.7677327387683383
0.4306765506070904
0.9032139874788502
0.09379735707226655
0.584437284913286
0.46069083071849104
0.6444706173179194
0.9236453151468066
0.31666155291665865
0.46541306824104134
0.6290168786401362
0.3051954322156124
0.6235260187516642
0.5570887900766538
0.8595846659820646
0.2481702755347046
0.11875910986417759
0.888671954687353
0.950008290158795
0.3446589864286026
0.7248741877567737
0.12556765920553703
0.6235012733786768
0.9617301506829908
0.1799592107369774
0.2795265819143544
0.018400798570225252
0.3694719809403224
0.3566744247378305
0.6690643376359797
0.9702201278235059
0.42023980829452956
0.2479812044442371
0.06920310120562978
0.15692640629004107
0.5064732193876212
0.17650647264749442
0.998369309055702
0.06312144570151701
0.16754443647962058
0.9573672629317297
0.7964274773575521
0.9229899907954187
0.4551025726978386
0.08731457161088196
0.28080737191129246
0.5144350053553263
0.3010344821092479
0.32388523081845844
0.7437758200530293
0.6227384797725941
0.8057414314985785
0.3659556604233293
0.4951360720461341
0.14324687815571469
0.27676555990105234
0.12965578059129967
0.665724804636615
0.761871753546551
0.12011917985290999
0.30405198287336666
0.6031313658531423
0.18496996928046416
0.3336534486441798
0.873561867277237
0.11868416074694554
0.8692641596157087
0.3051974767386836
0.045623140506408144
0.5025961247166364
0.6264278840480884
0.12376571330055963
0.2486162131955112
0.7169735984158302
0.984007014034333
0.03779513843492277
0.13288661878933383
0.6910078204039458
0.9997911761083587
0.7953645116047564
0.31160055508297313
0.20952416292428433
0.004031935839285183
0.9212345926215317
0.38789871915088303
0.4427807586133504
0.30572822463022664
0.7531717122358771
0.7292142963825642
0.6107820329394513
0.014340231331856024
0.9940976299647496
0.5022065683600652
0.28536697149874846
0.9795858673511609
0.9433091114868498
0.5095403255988096
0.7134695904719475
0.0007669839775806819
0.32804223141684297
0.8195539588171245
0.5425626704170738
0.26494408767032773
0.6981803203733882
0.12312819527716556
0.930431768839265
0.8722887471926167
0.26107384008520007
0.7584839537951961
0.9205466860270708
0.18428868606087978
0.20024923740879896
0.6558425975455766
0.48207809482609887
0.7236564384821369
0.002404828638635892
0.25279975160385504
0.4069872942160634
0.3124829242551157
0.06732368989541104
0.8633009879162907
0.0771520923245087
0.8881871589772766
0.046984959104947266
0.2029076398330827
0.21703408223776033
0.5399663143135837
0.8491443828768661
0.7729800078162575
0.4460286222300244
0.02114389846144893
0.37389196568802985
0.24598369216733562
0.7568801675964175
0.28200603013959935
0.8078835332843414
0.5866497721727375
0.848686849412826
0.7289131524768281
0.8592822232616144
0.17351779900756636
0.5795537782891343
0.6565503824807929
0.23712085757512336
0.11759432555971194
0.7752378917523084
0.39916092891968724
0.03406919366913941
0.12464133498461927
0.8147315366474179
0.9241123482924692
0.3539268588457054
0.6000114876016376
0.8505975800799297
0.8319041591102637
0.4838045082561089
0.721859757822099
0.3661271515181719
0.06489009376339105
0.7105365878294201
0.24734348645323956
0.037041508284786584
0.2211938303756632
0.8383599404134526
0.060376228336776916
0.5219715474662452
0.5490741077232064
0.8305234862715752
0.15072079516709858
0.06036599463612191
0.5880613131196087
0.392649139227245
0.0732727463152103
0.8473923443911677
0.14138589482192288
0.5316758925901208
0.9077108711566474
0.6973496306896676
0.9480200716073877
0.49031569144461584
0.2232984103716823
0.22439966888315388
0.0906446353397008
0.34163598107512594
0.013112667428953007
0.10830063942219381
0.647979601161937
0.4462998940012589
0.1822934688582003
0.6193110826749391
0.6059335727858914
0.9670384872004176
0.9347922513597876
0.7001156617808674
0.8573397605981595
0.4247366037583957
0.6290490345795202
0.28496814044197616
0.8382929529914384
0.20483652476934588
0.1945898148155608
0.6120204179015831
0.34180171111381885
0.3315373355215191
0.3256234499893762
0.4558535994513262
0.988824227422461
0.4938515607942844
0.5574617180206677
0.34201164586637467
0.605601224236632
0.5884206412930586
0.8472981891001038
0.6168962706838256
0.6064204980439852
0.0030087976593062837
0.09970315324979517
0.4904145706499329
0.7680836212754717
0.9109972377752278
0.9240213660431733
0.5250689209558842
0.7134204744439787
0.9402165011642232
0.47580095089588026
0.17307486500234737
0.19947336423586082
0.9056894958836528
0.6802584197205364
0.34021556513476137
0.5980107142542468
0.5556746110746916
0.165474420939846
0.7874498186706202
0.9393300400373976
0.37978199683793146
0.5668958878423621
0.6181064000713355
0.9081410934186933
0.3755650596270971
0.45203353202734364
0.8906639022871038
0.24272273489080232
0.15677871826281875
0.43325537600113606
0.03830998840458544
0.3646953203655795
0.5247168523454487
0.22234236070305113
0.17501887508272185
0.09860974761438879
0.5624533157074773
0.6727142563700117
0.034493793407013085
0.6460032201532193
0.2793858646483578
0.9757324274107405
0.10392634687845126
0.1252313185946674
0.10163677124879322
0.22192835473842865
0.9830579171822725
0.7267819615659958
0.3718763158335331
0.27952976631871784
0.023679249524987678
0.6596306015482313
0.3636408726885072
0.4105518837103642
0.5733736694301489
0.04620156967899258
0.07077803623527856
0.815356391861278
0.489568182662122
0.6294255153345705
0.5648589754402201
0.11718433846892728
0.0012743828188934714
0.8628057704937975
0.1074326878073848
0.33641554210191205
0.7257581672104998
0.10188678775504811
0.014656238728831927
0.9521022395425414
0.7844779061380454
0.061910865644766444
0.6302541110036042
0.041806679040136796
0.9461485627040657
0.17994585922854722
0.11036392406826678
0.7248546344072999
0.18492184575215953
0.3760399381127062
0.7855269333869466
0.49388163778295824
0.4573005802117186
0.6265217597843339
0.4093589742183812
0.18468093531959262
0.25849119731775294
0.08463528006982346
0.36211107998041603
0.09797011471056849
0.9024948626640342
0.008760083191406864
0.266749611207574
0.624089051906855
0.2650648819223135
0.25485056968088515
0.4882716376210011
0.2165075716871604
0.6305155955489651
0.8481327427265036
0.9061660164656238
0.7013140716933625
0.3975404150162142
0.1720325806543508
0.20732939492347402
0.23208016812617882
0.01254496469849542
0.8865067754743841
0.7508607604759213
0.6298860693331191
0.14478439744586225
0.9332812104382001
0.19617026718847408
0.02279984595785145
0.9033515414395508
0.1760175031416621
0.21640859734704143
0.10907763575678675
0.6369538605232857
0.43593371891848987
0.6736377638189843
0.2110010872642495
0.8582612105699486
0.5649002030322369
0.757691588910083
0.755165729584678
0.6079716367009239
0.8957957015822239
0.1851054658554523
0.3479966279504402
0.5905175361884801
0.14761711045877046
0.22041094140519724
0.8745539168307787
0.2286386439276521
0.1084728848101576
0.6421289305829166
0.3742633482438773
0.4054304954126684
0.5549763336267903
0.9487676662964685
0.6270036382251015
0.15458618026176463
0.22702350873386257
0.16039721091574322
0.22013519599927533
0.9194249323324436
0.6852055905734665
0.8776485172274141
0.56420514287705
0.37130427793398246
0.7928255071806348
0.3994877269378325
0.4484289296448025
0.6168449703193282
0.5114474349948146
0.6205460368659481
0.7564648645007491
0.8428333555622156
0.3994144884551233
0.7454219488183574
0.8989591078775444
0.9660103295568716
0.9070899303870367
0.9644316091281925
0.3688384094617808
0.13727352756150035
0.13138027169828648
0.7038175306670451
0.8635279336886087
0.6352573423196362
0.47610002535660545
0.8165645343248913
0.07160993328860032
0.9528321742056262
0.9260875948030454
0.6326183847486307
0.6000996694661574
0.9485955131685121
0.0814647463830026
0.7617825263873282
0.8557582377883048
0.6727553163006554
0.9566939347540369
0.18215843289321376
0.19729690559103596
0.6137826656057619
0.16871725130667847
0.5722024966131999
0.7979514979810518
0.7873476202767499
0.1951243066781716
0.6251673363219925
0.6188465875056567
0.1382179022755704
0.4397706606082562
0.6644089129099254
0.16690777878656815
0.5364699954267111
0.9407581084412353
0.2152338107738886
0.03865814312013871
0.046737785726650216
0.14063759322635117
0.26909787495501725
0.08128567422147637
0.43464326557357746
0.3639042265794372
0.4082956180278555
0.9619619722038271
0.7574316232758874
0.25625674391890874
0.4241731761815092
0.18540736350514686
0.10670816101454161
0.48541677998891364
0.5885139408310708
0.18088714356687408
0.9794527426987883
0.5217321348010566
0.18825463877300108
0.1831414195577239
0.6557613868129728
0.09626087775924352
0.2280749309626554
0.595775993302879
0.8352270987475905
0.5125682891557172
0.12892762680755876
0.4735355532266776
0.4679742725055377
0.017655421994656306
0.21681342239213575
0.7118007161859063
0.2974649859243258
0.507841772899341
0.4831557341833258
0.6059446205858491
0.5733341202450283
0.7249616036196603
0.34744487083701214
0.5273258182516211
0.28754213550684926
0.5243341493485233
0.04505297361435501
0.813278202949821
0.17767463046999377
0.4600340315869066
0.014275226002392727
0.5736400329307257
0.9118097700618286
0.8600135559322705
0.8702472588131289
0.5735015277971632
0.43454258246574107
0.3563514518371117
0.2849750076804256
0.12286871850812087
0.40740919186012026
0.5677804232294136
0.9825514999084475
0.4399343099112609
0.42910061631039575
0.15311228113673947
0.5918493915343307
0.9515464939340549
0.5734389734448128
0.9381545808462656
0.842288138140818
0.33345979283604676
0.7913056270726213
0.021272290598026267
0.6609173700655552
0.5830565451385229
0.5402643599423318
0.4426919014430757
0.4650244636830152
0.1962176401933884
0.553088280013973
0.7760482091399059
0.37019928179440864
0.8002351620330611
0.6085748985179376
0.07463518525659196
0.13020840247704335
0.5980646123347793
0.011453142861264864
0.6311333383239651
0.9610455743597114
0.3190642037099739
0.5284689828881202
0.1527473019838096
0.3493402563680539
0.4120273306640697
0.4383557886657482
0.08570108094199624
0.4713668882190303
0.5469648648683211
0.8783350167320398
0.7785438020809791
0.8896224547551269
0.10552672749319303
0.4219630347433285
0.7346416072315854
0.5375027796457419
0.7370719996137325
0.00695171992787369
0.7542289818076916
0.5796647027308856
0.31274873091040045
0.2741721444783769
0.6838063775448827
0.9209978588191908
0.9942934165355073
0.2029265379936569
0.807884755412765
0.13118739973295845
0.7488003371936732
0.3478836211486336
0.043614146729774705
0.20842854515688802
0.40745440185529525
0.25031988802785
0.36894664358596696
0.1914683577359153
0.49776613917335377
0.24383049218394293
0.8800918519436977
0.6084302121386631
0.14624495043529107
0.6522820117506858
0.1824148466507176
0.6309917490425919
0.9725907916151076
0.4385844059455254
0.14831295524064292
0.7693754335138961
0.27567181173535604
0.20098918479215344
0.8282150012000722
0.41500998820835255
0.7819041618430462
0.5685356262200302
0.3002117383576989
0.15718136757742218
0.6231179894278912
0.6585946073809723
0.3738408259388748
0.7372837366743669
0.8971559419064824
0.3136873453573783
0.6367569508597702
0.540425165555108
0.9007429490412823
0.4697037472381981
0.457571536792748
0.2547147166942839
0.9201320571467042
0.7047909076244518
0.82815484175909
0.6204251865094519
0.5232637257164762
0.9037779826718628
0.40450671287293594
0.9549749133984845
0.5815967494894785
0.21264324079195007
0.7348991686440595
0.7650849388943473
0.44190650274522536
0.2973780782089078
0.34846753276930464
0.46531438821023896
0.2781449990657826
0.4678317085561575
0.06437634994581354
0.00724139882227659
0.31445863475910085
0.7357192810632442
0.29984608368425225
0.2514118450137216
0.3782258862965874
0.6763817573967047
0.6185613250704126
0.9600791440046483
0.9335684729939485
0.6035707432455197
0.7260900730084444
0.9853946446172597
0.3593805161014032
0.8810944952760948
0.8710436379291457
0.10979089578483603
0.6582692210863806
0.1848214861732107
0.9382448344333771
0.8107038279267601
0.2551339496935703
0.4698057038642991
0.7276549384991073
0.09184451067982613
0.15033724760269962
0.20644417761507494
0.1715731330109469
0.5537371194478686
0.9569619901767769
0.23963451668433877
0.1532908938884906
0.5528894443231429
0.22567850163404235
0.35473675278061734
0.16271363628946645
0.0962875069398984
0.293707643695611
0.15304004397602455
0.289119088612094
0.060855251113586584
0.19067138937269656
0.9931534478904533
0.39871324414014475
0.8141011121059781
0.8618857060741921
0.42313131779238344
0.23986637040855108
0.21671797315472718
0.7877613272103514
0.2427808054069447
0.5351863295632051
0.09141447357403532
0.19517696041368304
0.8760607606816156
0.5741252033797273
0.21650574164717518
0.5636945356752725
0.792511027917329
0.4713674879454496
0.9471686102951723
0.7710883600030864
0.07858324773935765
0.16596482998787376
0.363991976541878
0.8630384745569454
0.6496975963015069
0.7716770610340837
0.6869454146982843
0.6192875224523394
0.3222862318279438
0.13819410538408738
0.7000690642753215
0.4887579941125101
0.10938072410548305
0.6665218417764203
0.6510761606673342
0.4657525311982865
0.8896907773217473
0.5534772761532272
0.3390977724803578
0.055529913168155476
0.6015416301550089
0.45456746802308745
0.0022931980227818283
0.9870748109516032
0.015108286820432193
0.15379401692741135
0.4145687956775108
0.0181345217972817
0.7279753570002533
0.873386246693117
0.6453582698179691
0.5674438176743672
0.47900055221792726
0.2122008612041696
0.9269650762143281
0.10512763080638565
0.9954485979312111
0.8496800187846056
0.7165386353376026
0.4991554106383572
0.8733053900903389
0.4839860133347046
0.023579561197519028
0.4188461328906685
0.09966418713006686
0.17253738660248763
0.036794182415567644
0.4092963547727916
0.9470078094883202
0.6327774389761713
0.7400271153590603
0.7869787922763815
0.924890255559801
0.2727983922048437
0.1899451098659013
0.3540271998251959
0.7483496428513466
0.7392808727271072
0.9252223108500092
0.5838660686641249
0.12255460475029878
0.9488971511932406
0.7682608986052493
0.6495237813969758
0.3007071093860706
0.35796722776270007
0.4505988524373661
0.420734213105868
0.31343831400916233
0.21055237193366627
0.8712740323511415
0.8231470902612951
0.38867190534485263
0.42687931428454484
0.8453485788548388
0.2624817798457224
0.34658108644247687
0.5139276506921859
0.5291793471401698
0.4262896625043854
0.20179765982294362
0.21455382635582176
0.6876215249578518
0.21346575274166812
0.1151084870629886
0.4841127125881389
0.7838436711106909
0.135714007312431
0.23133185868132944
0.7018241045723305
0.8211308961099183
0.15104050980654438
0.08897041554447171
0.6561168545491058
0.7069228153449392
0.2385891061647304
0.16565628669426957
0.17981342359098784
0.5347976878427714
0.07222930201556277
0.09419120397276026
0.8769049238779862
0.5976836339487894
0.7574824841526132
0.5586748072709119
0.16740134208889657
0.2407836124409155
0.0028557934601534107
0.6822203386475125
0.6158914582922453
0.6111654419022537
0.10374786294230398
0.5348786883149095
0.33328349452512074
0.2956894047361349
0.03872140921640732
0.8519186907379874
0.708938783885442
0.14800070646469876
0.23669439099028478
0.8257200960129518
0.590463677735544
0.2108440109456312
0.21304531197399157
0.4581833463410637
0.6046413533787915
0.6057617601202061
0.14674800283407363
0.8333774539216421
0.10507504625676345
0.8459914525222278
0.39273695229648664
0.27366449774989765
0.9121026935654997
0.12478417507582229
0.7108034977997723
0.8729962649839654
0.24205434352680222
0.40062179306001666
0.8461852028889486
0.24989336568863152
0.35977812874189874
0.5120783879132677
0.09824131746971909
0.5726112592016604
0.7024973696768707
0.9823371786301056
0.9688416285901471
0.730534388176846
0.454417568562685
0.09731910573418046
0.5665557764641583
0.29306507999153997
0.1595056807582117
0.25537389873934346
0.15712439720271587
0.6460896740728758
0.5315027399104222
0.8748944123835846
0.7568429552742593
0.9890040513161973
0.34930378064335277
0.7659913260951364
0.148529518024216
0.32968530425757137
0.6036562492192505
0.3950275975329345
0.9702791272115029
0.4226667837433067
0.36361562517808765
0.7795702256684057
0.2858561289079826
0.6080183033508219
0.7009929112587802
0.10156331918431893
0.6002088507734686
0.6342745360638816
0.12215557518923548
0.7307231196991089
0.9731352610067535
0.2109302458908492
0.20137708778766583
0.7833017091827875
0.43261212478546096
0.35363568249386124
0.7041093049907692
0.2732378825498374
0.7683406703527677
0.35765960857338275
0.8846891800185175
0.13000126130991685
0.90163623148489
0.823364416256233
0.8783456066283861
0.7500329099279478
0.8777037641737525
0.9917491098609473
0.6606283548877586
0.7713816016240753
0.6104168088102266
0.03290479540484015
0.20258041187384757
0.37802725116266644
0.34928065452000456
0.21027715076007025
0.9670206777890322
0.13066638531528252
0.7298534925869492
0.5793814041227839
0.43321778375582154
0.3950595330275075
0.41100095228027533
0.022369276564376928
0.6545066108796174
0.7331480237051992
0.1538776615312002
0.6740305424845396
0.9568502524744855
0.20571181269903116
0.9219294235592153
0.5529445222834622
0.31349686012254185
0.18510090508886712
0.545591209462497
0.5925694655676577
0.006063544109745855
0.18125044252068834
0.5348092427417763
0.21186823382117237
0.8239815384014624
0.7127138600158753
0.43811757550021746
0.2271775876813089
0.7908564018485339
0.4238084274518851
0.018211576637903515
0.8771221337666891
0.5222787905437035
0.4556703218970086
0.9083322742212424
0.3152893834291651
0.9882817184802701
0.433001655366668
0.2521038351093601
0.27985119260123426
0.32103081293487756
0.9251895998651334
0.4733677629832407
0.13735794537884538
0.010920307172118449
0.36893914187841925
0.5637024645451422
0.5831662885482337
0.06540629878654702
0.9794877109593191
0.2977019657985651
0.47787053282695435
0.2435906627659935
0.6617959246559986
0.7910593904965413
0.5864663359100634
0.2812247414831486
0.4785846277684743
0.12369552380053672
0.6859649512761204
0.17172946612263673
0.9167610995492873
0.35151399887140233
0.7140453376962704
0.9196100768634139
0.6155911991856496
0.29167423343788457
0.0014126744885577525
0.7498514366203649
0.797209973926437
0.6495181321215633
0.21683947296043016
0.22175691088691707
0.37008188981873313
0.3323207888240972
0.8247305322376003
0.5826684523468354
0.8522657347264352
0.25085897794969636
0.22298657560069612
0.8198555204888549
0.981858710355616
0.13050581879015077
0.30713636813286527
0.5875719018410464
0.5365614739505935
0.4349853320216216
0.87072327201307
0.4878458183852181
0.5962793331927427
0.9682081210421578
0.20576290384619034
0.3240307899736945
0.6169318628009298
0.4715292720555986
0.6794107413867935
0.08017100219695805
0.4080913953925802
0.8863178466498928
0.685078218675815
0.7523617581162274
0.46589465293062826
0.33743529041361786
0.02889487842222349
0.2238912824451822
0.6530285644357331
0.027646704533124233
0.1837527354535925
0.6719158695684623
0.8346488250982955
0.544745781749293
0.18041502617161498
0.07262913329442755
0.0505579158777818
0.14706592488598846
0.09965303587856977
0.9559916238289339
0.7897326111510535
0.444971390562368
0.9414576077456572
0.47868871909551336
0.38609450266412126
0.8111911861827389
0.24946893226337363
0.16857543023091281
0.7651151815961414
0.1831572299400207
0.08294582341284651
0.6812355614779684
0.9457941975505137
0.7922227944260044
0.8083888293426985
0.33619051901304653
0.9528472305483479
0.6118329239923588
0.4944988348579722
0.33703752977264634
0.4422922006409532
0.03278902867406375
0.7917393593445416
0.9389633603236609
0.10639827978693273
0.6404991711749789
0.7116589160690328
0.4439003551001637
0.5072664678565775
0.0945317916673244
0.8694890271936028
0.004951785497875338
0.15695946509157666
0.7434233373977429
0.3903607430645173
0.05797596196092103
0.6733669425704341
0.019074414800143713
0.6733124618881794
0.35900783220942944
0.21375954520269358
0.33583825421805735
0.07657382155289294
0.008096434822346565
0.7878133382243714
0.5679510928992568
0.011309331664293931
0.2971112681915469
0.3735627529683401
0.8940821660839471
0.8005843953552094
0.7108726587850325
0.21012090828925767
0.06568205707318475
0.21502169038415642
0.5721151168893465
0.5800659033848453
0.8196842341108715
0.367821206226019
0.8332535033090769
0.7276248112805572
0.5185627575924652
0.2791096578596567
0.19227365172854993
0.7053192989069019
0.5387625932500256
0.7348825339270489
0.6785874819996704
0.3985058146531164
0.9738412105261649
0.18095406114799006
0.6729220022949426
0.1496373115702151
0.27124305037212904
0.5566194711104742
0.9894402969415216
0.905926003742518
0.4336748071286356
0.8440288325703823
0.1154185306790495
0.03252757660508876
0.07229106218418713
0.5214094905893445
0.9943083216740236
0.5224705115547952
0.894320332201624
0.7544900007830756
0.03636149274182454
0.12613627788941328
0.42881527870431835
0.7917625923154084
0.5121172884035291
0.7751420440694115
0.1601707765589817
0.8823802169250453
0.6308200284544994
0.45353968558965996
0.47074061570595793
0.5388547885979921
0.6449754072391573
0.18107971640169163
0.38895051762731303
0.8950066477067481
0.9584803359611077
0.3569350409699745
0.17950461043984445
0.7313795799808782
0.014948772632369267
0.7555434529902046
0.08339242523533896
0.5594956091016096
0.8248563093568154
0.7944055714111038
0.8931911308166531
0.6175009356169718
0.4853840489992953
0.48688682883076073
0.8556428427125851
0.9146548688225876
0.7894456348632075
0.9244712869639469
0.45401580337867153
0.11308579955103071
0.655005556533816
0.9324243489983127
0.42037708074086855
0.5502104118937755
0.40178920282316866
0.8821423749265198
0.33023792624248227
0.4263017414910114
0.5424068976698998
0.3091554266910729
0.643857999839632
0.20848569279857465
0.2139162719909118
0.17455794183205442
0.3512046685697007
0.10395013163567712
0.39005485213545943
0.8028096550074705
0.7118304291270141
0.8101042525646801
0.9701890004959018
0.5893981328510103
0.6488088523169513
0.745525022777132
0.6357525965578477
0.4212843653790995
0.022571766935359783
0.4225272401113461
0.7506154574773517
0.6915329013344275
0.6759416137964901
0.6326856855992091
0.30828886784127285
0.7126625556967574
0.6295009832018742
0.1250696483371051
0.20878643549363984
0.8735758486751055
0.8326353040235904
0.4064417369824823
0.704091320496187
0.12466521133426145
0.0002934127182314672
0.5704714393394837
0.6123734101820085
0.5698571953165491
0.4618345577208355
0.3321879642611727
0.9378211645623644
0.88083453256736
0.7979193955176086
0.5179450639882198
0.7670959879619672
0.536771518978751
0.9146238584904028
0.3611650534378491
0.6909587449325367
0.04782194701835585
0.5022882319070604
0.313481076998572
0.7726054313334786
0.3661090530808898
0.8370524447744611
0.013348213970548528
0.5370020586224318
0.7721579847230395
0.156759325713146
0.39322031127016177
0.95106512487698
0.42609855340171343
0.27547063197556865
0.6177371728449694
0.5209169554723817
0.685224981293481
0.7173310262752576
0.3156077516409619
0.19708453644630597
0.29914757284505455
0.10499222713031342
0.4956872330942834
0.9351608428255623
0.1121635882802261
0.453199191091771
0.22166917324077906
0.07247004440498839
0.22342926059502455
0.7155070844909098
0.8291477166677269
0.007954203128648363
0.13210113228282683
0.8889053936382001
0.6782372980641153
0.01455622553098801
0.9023543856412697
0.03134075997966168
0.6625258504904601
0.11187618842096103
0.6014584645927806
0.10663704894965431
0.48592699398046313
0.4164393487686323
0.3109852342046603
0.22464239148935317
0.17993444327619623
0.6773032223231168
0.62307947890657
0.012010763330578267
0.999634112886265
0.30023807713867534
0.48222101314052834
0.4560579654741812
0.5616299308673055
0.005294561829550126
0.933810326495499
0.6743946939552488
0.610733461746932
0.5885787451117048
0.8708899067571934
0.4665853719000679
0.8992536265650245
0.3037703477985817
0.8607434669637911
0.1905188697793918
0.8322444959301544
0.15454913958129368
0.4478688959451915
0.32892907500685353
0.5734557917914634
0.7881861480967027
0.217160582037754
0.6175156902222246
0.7533034301126419
0.3041888022322141
0.738798884005888
0.8527894713486205
0.34846605757923566
0.15204609690805482
0.5363760849279908
0.6257085971071934
0.8634435617313302
0.40589648521150445
0.2966274897120519
0.6731123638124944
0.8402119620700284
0.653760566098205
0.42867267056365876
0.10448239533760184
0.34449850133233495
0.5561339167459406
0.46734794814146674
0.22842690967584645
0.20732934671367176
0.6477536854490622
0.06271506862929577
0.8026363522684117
0.7613207620321146
0.33332819796249047
0.7979977391372095
0.5980275541857939
0.9271309020134971
0.43651175432952194
0.31979787526414727
0.7270465923490703
0.9197045759925735
0.09520043298842462
0.47257820215866786
0.5404571089691859
0.681246796468216
0.4632835420973894
0.8491722556014653
0.4530178868590383
0.4271637684844244
0.028653944721862334
0.16588628733681243
0.5035278697407639
0.28028248875913175
0.7313268253101974
0.829317627049846
0.399785485208319
0.09099635670200779
0.4321966601407322
0.09878327668416154
0.018626590825061462
0.1732976355884973
0.7259052019394105
0.2058107551354218
0.13785988944468242
0.4087382248635635
0.18070513312185255
0.02127231486884751
0.281861104116757
0.13286264900356637
0.21567907757274085
0.8440187815178476
0.5095804658048024
0.7307704781272981
0.9446695500539005
0.8061324898734819
0.02720341586339947
0.8211044760806088
0.2885055548581773
0.5559177527319706
0.016435025778390733
0.8174635697226282
0.6231953928216339
0.37287808773040376
0.06474723875516841
0.3675283714240958
0.8840029881393286
0.04494276928278773
0.24279610688427733
0.2208777073296857
0.6680799178978164
0.9907165860766497
0.8232371792452541
0.8597913775443345
0.3265668012662163
0.6364698026717518
0.5496396372721956
0.30699522999312057
0.28121879233762537
0.6485355882114713
0.3447456586696229
0.7379716606694695
0.4472267245277748
0.18133490266310803
0.3047234183943621
0.3144790714313165
0.6921172603259486
0.15039049421386974
0.9553952367192781
0.5897838525340019
0.3259346912930279
0.15038954676742722
0.7091679898447625
0.8042306441102894
0.15372434753808872
0.6656221004235303
0.901308674215436
0.0374640849651503
0.8320726636610128
0.19344616887229926
0.5462789661417223
0.5803484627580926
0.38293960751165856
0.6593770564710589
0.5362606237057543
0.9297270686307454
0.2166236932973018
0.42300702954801717
0.9651995463435318
0.1229741112762901
0.5005931550739049
0.5475680209016284
0.9213963920305015
0.6298734366079055
0.8482896006347951
0.1731599073258413
0.47239645712781075
0.08960883618836557
0.1824537941260571
0.5808781646219572
0.5223979142305996
0.13123013369875847
0.8646291927008996
0.4562474087840007
0.10117663349247585
0.9060320942470418
0.870187500370218
0.8762280145463451
0.23873907045657938
0.34338088256469423
0.4202930947744443
0.5845311165319192
0.2964101068678051
0.8725295077513545
0.8133650303508625
0.582194619820969
0.3830582203922006
0.10185243116018716
0.7391399737182447
0.07305921212575672
0.37810510002589515
0.6265275526468667
0.5201941570066528
0.6247383960336216
0.9538959329984857
0.2932037580179323
0.427727997140273
0.26563791742843035
0.1456078255705986
0.2666139521363783
0.422781894207498
0.4701422233571102
0.528927113784487
0.3537790934393088
0.6971619718647912
0.16184205381646133
0.026160126375736836
0.09005702544359628
0.6092041835929523
0.7948325279123575
0.6720969918346111
0.02530145470252898
0.17975274554352516
0.5943509800343815
0.7548879703701118
0.9251623691674594
0.6684929585288955
0.36468514390729334
0.6953480161750362
0.8670979483509121
0.9917039826741104
0.5825515781565136
0.24814327855662
0.44398265397696435
0.2243369291516888
0.9631695619245372
0.3007092252575466
0.9727768036727967
0.5129195184600788
0.9390369057380905
0.5413139287079756
0.05376162038549204
0.661758448249182
0.8039277316840525
0.41040171988749996
0.48421433522086876
0.1994755365737041
0.7462998506036677
0.6498300842640988
0.09825971162672986
0.1221592794557197
0.016472441379208225
0.31677988609776353
0.33530653841017166
0.07073887139898749
0.26738089602584025
0.8755051513899929
0.16617533623996006
0.19230235719759314
0.08746056891028986
0.530312572643219
0.36664401634034205
0.09745440850289455
0.23331590978457928
0.24619909777591653
0.7351791778715216
0.31454633143275323
0.2450934146878888
0.7659994691340598
0.6741087313244413
0.19317116554084912
0.46043012051295196
0.22829137000980715
0.6792517058143677
0.7374849188625839
0.2965070245537872
0.6830839631703799
0.14663952323200613
0.6619262991608303
0.34642347844097265
0.05446818158469402
0.01373548029622862
0.44364485339690607
0.6495682319934236
0.08164976317284833
0.20874125372568053
0.05165252852008417
0.7820428872179988
0.0830124453979263
0.1844475336221536
0.8161579211088339
0.7567000044356195
0.9359551766970736
0.0370427109547985
0.23561850686646635
0.3874706622896905
0.5440188587798518
0.3280421017258168
0.26893191769934555
0.7026024599358435
0.15536967304421645
0.07866260108723744
0.8572092146299509
0.11782227443939297
0.7879826890342992
0.9735140474400118
0.7262484794912448
0.6264826700772217
0.057916187399797536
0.7048556498065385
0.24405230626481578
0.7780861188561945
0.7877334339570935
0.36784824606293776
0.29749068142317814
0.13839095226109677
0.9146679448518049
0.6125286943359427
0.7436259737675335
0.28697182676815125
0.04087917499082694
0.9481122813716788
0.4095079559705195
0.7838737840151397
0.659766926108116
0.43579830120084506
0.12271376955728186
0.8378689118133532
0.7322111960293621
0.3924370493366752
0.24436717844303701
0.1712077212238391
0.39424850460631666
0.012469647485495394
0.1599011216287981
0.7778156806593891
0.0840857217128066
0.743151958468268
0.791751485878548
0.8402876636963891
0.5843326376430082
0.16001811444939784
0.19152708475469649
0.7385592239590717
0.5988729847811589
0.4292394443927643
0.07876255035171498
0.681439216913964
0.11633109624188731
0.34417586796474886
0.6909400671782815
0.7630338661928714
0.6904069831376447
0.4369807101205544
0.6089709301357834
0.6369339086550061
0.46906468560302994
0.07709439250382999
0.1197828563660297
0.15460409416546528
0.5651291645477267
0.7245139407906884
0.8892486912929821
0.24075344859230785
0.9620782661603533
0.7601679960277172
0.3504573028957001
0.8656410171653295
0.6508653560100177
0.30967556355742554
0.618200714028205
0.008043574472480053
0.5029659069756259
0.06064702558589641
0.9495745956710208
0.6916379220672403
0.2308126972408816
0.3882709671653628
0.8879633643828981
0.6574362437238109
0.204553420859943
0.642008293781948
0.6725244305745625
0.4633153283851412
0.8777479831066157
0.29070249242048185
0.6713919840731556
0.3565866680499541
0.10447318685804807
0.9528699239143573
0.7648231644674545
0.4272977668200528
0.1540273612545483
0.3586292018546363
0.21751384051024225
0.549811791660397
0.02536793240305335
0.022045696857625252
0.2812980368374416
0.203398513415186
0.46271662652599543
0.9061982127225995
0.92736081284815
0.22717741090209453
0.7864347549269453
0.2018870266849805
0.8046941010287821
0.047220701346084026
0.8812843330939842
0.9910933552861796
0.5870061201094782
0.7951886574055952
0.6989410149916593
0.7254682094649182
0.9546333186150275
0.8816413296434785
0.8335792626748525
0.32326036295153737
0.5572918635679234
0.24611777216016673
0.8129105850437066
0.1999677782703424
0.15407964630081405
0.9870144746656079
0.2174690467718139
0.48619132477761373
0.36255904803720396
0.21980295909028202
0.3323459542864895
0.8080023182959898
0.6942417620539336
0.896755130438854
0.9278893218579366
0.1649079433841112
0.07941360991231006
0.038165274661693616
0.005489464244928355
0.7543713755610781
0.677507474623577
0.6096725004057398
0.48729096887926826
0.7369401325186082
0.5520492055479885
0.5594166383222811
0.3276644969999136
0.04432859829718172
0.36413728093392406
0.36234259113935274
0.6347023262834516
0.8519202049915248
0.782399072193828
0.6006010522482979
0.4120283340633134
0.23735494287528447
0.8381437012177294
0.8904889501358736
0.4660512368522115
0.5816863223734691
0.052850543922705495
0.845543703680774
0.05780052859718954
0.9984642482114745
0.2510025359794912
0.4081795879563138
0.4092153815594216
0.7665810486832882
0.30530946574784057
0.3435350931603177
0.8201701166038929
0.5711778260207203
0.3256244084740402
0.8912051838994773
0.5739333716969732
0.39925488366476736
0.30703524079181044
0.9476934165923974
0.5710144384749629
0.3698318035944229
0.9071866475575767
0.09984960100038809
0.48118038077412195
0.64968665276812
0.7646806945729151
0.4943973415191216
0.5887620010025579
0.20396141332477147
0.7274611699512455
0.9948368210233909
0.6745783370232029
0.7263868895218616
0.23773498793436232
0.3266440199892283
0.4318030257120601
0.865517224012733
0.21170851929128987
0.20016854402673379
0.06105733632391064
0.5277019299491315
0.13147663032085322
0.07028324755201742
0.12963526829242855
0.2872738409737098
0.07998593065755355
0.3378934124207168
0.9639178386798942
0.22733862892482815
0.4662071434962618
0.34760992001449986
0.17610284426035994
0.09468124541098588
0.4700806936425469
0.2020372373755286
0.39388101125121044
0.5362903414740378
0.3638923694249533
0.942782260068748
0.8648434468696052
0.16607150902575463
0.6676217621408491
0.9955152048879485
0.5808253105703658
0.19485114794522185
0.19549778167160015
0.5227710554177994
0.4339947022275934
0.6054765257813067
0.4195760201973152
0.7013783132683148
0.030325402990494132
0.5058184243420815
0.06795459772431678
0.6351372364377412
0.7496631944536871
0.5490666911131966
0.13968869905424874
0.5453191517197228
0.9217577193812887
0.11697722332516414
0.19597668295711046
0.8129311822487171
0.42948651753244527
0.11223322104062317
0.6633415276453022
0.05411074523965842
0.8553383211885318
0.20348957673567458
0.6740991080109144
0.41655503122571247
0.1108413145190128
0.02372203675550666
0.950552163773766
0.9427063661017643
0.6434104458230891
0.6329400202230762
0.5956651337644191
0.6159024948994304
0.33565789289626735
0.44249460981068167
0.07158080323176363
0.5346149664393578
0.8590713168656731
0.9444330041460849
0.2805844065491472
0.5188885150845691
0.8021465230351243
0.6853683923244743
0.7919622262615214
0.7619308090282626
0.42908939079296293
0.6237683239928329
0.8364370486307792
0.7138405042935269
0.5361807559289123
0.17042028137869192
0.8542717733863955
0.5323483870818755
0.10376646721998162
0.363401434670673
0.7422850671072916
0.8791719898297401
0.1765208242077949
0.023279239163079724
0.7222625874871795
0.9019420790137473
0.227547412768622
0.6797040760178201
0.0009468871452366079
0.4232917036089032
0.13770316921491654
0.24932001281202143
0.9429628991040032
0.49699055838882844
0.9397359020674098
0.6689452568896115
0.2608088456731126
0.9917525374763001
0.5918175373453871
0.9583721449624296
0.9910638878305673
0.5590824814786186
0.4138834385942669
0.02450928056238444
0.6084022495209351
0.7056677290046935
0.49605138033002383
0.7301764192343071
0.16098505043812505
0.7463422384909432
0.7999724864702911
0.2163481316022834
0.1658434558947256
0.6696733159575927
0.4020222727437325
0.5933518283303729
0.6420669774372424
0.1851836049060619
0.0013451941825420866
0.10583297234884814
0.6582919091519781
0.5926513848904951
0.07174845079011372
0.624872951789857
0.25903736715126646
0.9131502375163171
0.811400858141297
0.9235446045732613
0.8012269110122202
0.858420235086071
0.8997258685247459
0.9672662120448912
0.05714379954920079
0.2567936752658455
0.387714867515655
0.5651245056365427
0.3168571407702502
0.7330134729450252
0.241852582659962
0.9422672817909351
0.16314949564701364
0.46777265835968473
0.47491416197773895
0.39273446938554135
0.12978898578267895
0.03702890436004469
0.4039802302545398
0.023546896333821232
0.6996604541871255
0.5574046844764027
0.20249890211874788
0.15576810609921243
0.8083857357285601
0.3093196442513083
0.1361828361788231
0.010458071461768359
0.8756446266528547
0.78221374359455
0.5979179562588999
0.07399471592283713
0.6005699899432592
0.6342440182495394
0.8964617788501406
0.901601143065101
0.6455825454620401
0.7422510934937504
0.8666013323533618
0.3562964264726115
0.12729791687562286
0.023343114122105546
0.8680735818264305
0.30098803825089504
0.4758843003467036
0.5961884645369746
0.13025702039023257
0.8440248180112823
0.3851418870779537
0.8133888748624736
0.8302061177986395
0.3612266437561653
0.5419821655153239
0.2300019429695328
0.08871922380734831
0.5833709143679451
0.7869510261702566
0.6746025275939418
0.33746349325861735
0.7210513974201974
0.18568829220454408
0.7827819948054218
0.9627237131863563
0.8219408474377816
0.5921020811837566
0.4182513409777371
0.6653221039214723
0.9332714570242818
0.7733597694716269
0.7518387873398551
0.265086458481824
0.11818552083012601
0.4951450877213178
0.7986839521745314
0.7357585640555209
0.7434753148225797
0.7599740680036444
0.7526339409091509
0.6563671375349377
0.49944794538666293
0.18911623687790458
0.5036505506543849
0.5856437097547281
0.00010058592253969767
0.8991157557907871
0.15427763484829593
0.00989855652006899
0.5042750494986619
0.06028557343426644
0.8465134286721673
0.566569893998265
0.9640298979746782
0.10650742241458766
0.7436318855857107
0.6115969973165558
0.19274651913293006
0.3566359542601816
0.3574513970717609
0.36553417604660643
0.9748641816100295
0.2186343641250743
0.780440705088818
0.2516878751070545
0.6089767575076889
0.41889381043244855
0.5989994336007315
0.7243311940028818
0.19357514515783958
0.9994953492258705
0.5196376072206338
0.2958212282353817
0.9991200836022617
0.5718263021425694
0.705695968641785
0.5198251606791542
0.5981454254958375
0.11984477973627394
0.26540040045272417
0.8519212044496933
0.3230973360189552
0.11008433541742557
0.3385683533020514
0.017465164011950418
0.00836323434152142
0.560909120983527
0.6984660657735434
0.7326882175821804
0.5561478643691911
0.2964426951347374
0.5390625476052838
0.2919351114163956
0.41071611399624
0.3522659581108947
0.07277057540997223
0.005668895473769475
0.624532013475556
0.6425385012865572
0.6197782051464902
0.6996861846382972
0.6964448079476135
0.7150499895048872
0.7535244640345368
0.6241124162967954
0.6567925211258431
0.7789880077108639
0.08377547913193129
0.7791305536319723
0.8183098604355106
0.3726681619164547
0.5431113053196206
0.08272491299249707
0.33761775991050136
0.3428903706296311
0.3367911554240953
0.31186238264892197
0.6994175332290775
0.1498195997502415
0.7357640630572271
0.163261816730228
0.5188511548230125
0.5490346937606104
0.9731104585845995
0.5169507561549963
0.29872011164706813
0.5242151746223487
0.42797100518652753
0.5260494327987997
0.375421988741627
0.3035119815782945
0.008721721217791911
0.07482121333745784
0.2174460867058121
0.32888734905689054
0.42752089814883143
0.042651172149059
0.5274524013176096
0.24721814311746593
0.9791537948557125
0.9576635714633923
0.40631631414765224
0.2074078480600594
0.6174720321285943
0.6289456284391106
0.5904277941042176
0.5483359147824238
0.423568359364602
0.1991577817581729
0.15526828963354866
0.8335728650502917
0.2738850471320987
0.43975681715733717
0.23396127969206715
0.3357105965367697
0.2840720562518124
0.5181183942818518
0.6883099150878836
0.9155084503374069
0.02815628851449503
0.8648322281151704
0.43716350277088833
0.17300543569773896
0.21570851358859477
0.23019699263563997
0.5815137477865957
0.6364816745874429
0.12883153605890652
0.15523957639153596
0.013460962435142831
0.028795826082203546
0.5923034922228619
0.8385827564503294
0.5588218874850979
0.6037581196419151
0.9786532167175288
0.6398002896716413
0.29151216835843885
0.7224422671725769
0.2907759775818659
0.9760148206961594
0.6325464073504887
0.9180677236653297
0.27230281206211604
0.3335911487693748
0.6231696852421459
0.9823755039011295
0.1502088641409236
0.9786150134413594
0.6077413786956106
0.5898834608633469
0.04941451470873137
0.5457379891278336
0.0405540812640921
0.9560176168257456
0.07347729004975112
0.004219264856086591
0.23682686256350527
0.3428176928797496
0.023016903097135555
0.9271941479457841
0.9591736420816886
0.7924038570085794
0.7733785346015859
0.5312435065068937
0.8498788259013288
0.6423785249057633
0.07700009473171832
0.4607251596358368
0.17144059037311854
0.3452292196854446
0.2908883103888771
0.36080543283285693
0.7199229102269346
0.6955767698195604
0.9877939441540907
0.6725292971208671
0.9072122380867743
0.4065177351718038
0.8212727632992383
0.3428279188052622
0.3735461911356843
0.8633021523526648
0.2777810021176216
0.8232468487713936
0.43266453402360794
0.01970239663871276
0.48238135952600625
0.4886530849190408
0.4852040185569426
0.2009722584975182
0.1304927939563476
0.4516159747418309
0.7103748863575702
0.8881001489201725
0.019751149352754682
0.37258592562061643
0.5742814929449208
0.7315264671760887
0.2224162604329668
0.35154751137591733
0.7219962362199854
0.5428752088460789
0.06315223401473624
0.5394626156680475
0.04725942765317759
0.43442132318390936
0.05483657567583877
0.6071099937472191
0.23490616464354552
0.266588645358405
0.21917575103740727
0.8903416488971392
0.835181668527581
0.47215075980728494
0.23933647310579365
0.5333917278393602
0.2282807128271861
0.06250251095509973
0.9110155534916831
0.1787605927950333
0.6743785368754717
0.13923937405464537
0.812121727293742
0.4888485619155405
0.8154265212307696
0.4893935781913762
0.6066351206467436
0.8438304346660783
0.24745706316903937
0.9992714914121972
0.6312595565919441
0.4482431425562443
0.7559995881869856
0.303176658124083
0.38387676566158524
0.4839907005421219
0.36615931013693126
0.26601412043777095
0.0688846456137362
0.33040952743703056
0.20107447809126344
0.850473929681386
0.15473219581978737
0.5343576101605767
0.7722090005304615
0.20821226149716787
0.8662589073052014
0.441368443493081
0.11219380956164915
0.6592171460681815
0.14441424828251426
0.35645643747914235
0.9002294424388313
0.6098663751814444
0.048314241130360425
0.688808544657937
0.14967415532114892
0.07220649108600996
0.24270593064993295
0.11438170183333718
0.17635760881469043
0.5111027487039873
0.15002923690119985
0.5661347503161365
0.0809625356851027
0.672676200177727
0.42484749218944096
0.6444882233963368
0.9072583578425052
0.5534324866563525
0.8493628255585953
0.13500566927100366
0.7142865501058949
0.6320382936905511
0.6586533634078916
0.11746213729188804
0.4944419896711052
0.3524730186360743
0.5665553783816399
0.9276131544407367
0.6666682987193143
0.9642649811684383
0.6269720165351677
0.8436877834576079
0.9850470427046225
0.2836357873965719
0.4894740546117611
0.2274551354115678
0.7237516658910073
0.3731196283589866
0.2584767348339162
0.2689302135528351
0.2501206347042173
0.2781205922408716
0.6462337653817
0.21044895455468482
0.6617240514084841
0.7388279527865096
0.1278748113850482
0.5217322534618907
0.04472558999740772
0.8957921736362506
0.703050379105357
0.22028767117042847
0.10984270438733235
0.6629916219792865
0.7729964561749898
0.8667309354753079
0.834272218804237
0.2968662888506787
0.3287610022210118
0.07811919086871444
0.33008039571393644
0.9721180626407399
0.8489738702736751
0.19619976718019994
0.6841795902171257
0.3521939114386998
0.8201899542120886
0.1888283220543845
0.5858892848588774
0.34374400389455173
0.930437462828646
0.36875633677701425
0.7890340094288111
0.9063378851990781
0.21517924984764758
0.3089904861070275
0.9111135296512611
0.8179877135651407
0.2818937624837601
0.9407331317681572
0.9634256960992419
0.29920122435209817
0.3969000803180659
0.9898139552482333
0.22614587987986856
0.4594503757597963
0.15325912727933155
0.0757899427045895
0.5310030785238662
0.5594534661504976
0.887614310649813
0.3784472952764981
0.5816063736644175
0.041056873410863726
0.7603357341154632
0.4965036372989535
0.9141604278824347
0.12448162911333416
0.7543631456096289
0.3902288340247291
0.3139260006896324
0.383469213687475
0.939953048507569
0.8876936820624438
0.18080585131010107
0.026597098312578504
0.2211113906608846
0.8542918081083362
0.511952480965005
0.6732144445022112
0.09288412576903882
0.6053026920412637
0.16112809281207618
0.4716177807862303
0.30847094508480244
0.44960339552091744
0.9821849034676321
0.12372960813433609
0.899373774542909
0.7373944491523675
0.9252497028930696
0.48220937362358784
0.19829897033004862
0.0537576431391108
0.21339848951666773
0.013711481032571804
0.5499020680388171
0.512399403912875
0.34175965183010504
0.09378045480363384
0.8817612508827233
0.08416712404675841
0.07729440716444913
0.8965503917801452
0.8390316363382825
0.20843673107446348
0.8153397328020789
0.22452992180374454
0.9020919560432912
0.14110743273981652
0.5378511176960656
0.5115878327899767
0.10552905969119353
0.5047896107116405
0.9366762050575339
0.41219792400400823
0.059883624658052526
0.45493824008742456
0.6711881631456084
0.15390525749550354
0.32509927065750754
0.6240123881688682
0.6482722498963741
0.6596571701183742
0.5860539230346798
0.3539867443489709
0.101865303170662
0.6860298045882812
0.16394817549782048
0.5655579535463975
0.9735213206091631
0.9231625130473459
0.3092915048161241
0.7194683159238422
0.29043710386945687
0.9881150844426377
0.9892172401594347
0.1210606531212115
0.6882341010134972
0.7182887119164074
0.034646494239660486
0.49540526454270495
0.053770562185139315
0.3146579826865541
0.9822489564155308
0.9852454102740957
0.6588536894945108
0.26198028723317945
0.8404303464386954
0.020053572059348546
0.2386424667816347
0.7321173447996366
0.34674213335426407
0.47676110450635933
0.07101171670771655
0.03430368951100293
0.7662013180232679
0.34270872062666846
0.20009959343181383
0.9720689101773108
0.34088941659869965
0.8340524791949805
0.40976990304835537
0.11585553976799867
0.519545985490609
0.0013425995302228655
0.5352745399703893
0.4441893947460265
0.8434322241823291
0.6512974042177483
0.06645876874516765
0.11662566271442287
0.0571506258034008
0.4703449596868401
0.1744103898496845
0.6221077031563429
0.6249822087436598
0.43368363706907287
0.47032596393743975
0.49166828849625566
0.6786477610058654
0.44143239060052586
0.9959261876427845
0.4301518711315724
0.11885926448204642
0.04145172423961341
0.8639176059373161
0.8698399971551548
0.02335324785396853
0.1046701007635632
0.5319052114941979
0.2337955893546868
0.7163251989628217
0.4275012824787755
0.18292832800565184
0.5252214982272437
0.7723985050983061
0.020071884612966828
0.7377994656520159
0.6723922867071905
0.6186836904914432
0.6371645416451742
0.8328588978741684
0.3661443630359341
0.2289671126807955
0.631705226021515
0.26697821831507995
0.10211523978808146
0.062356989230270776
0.023082176697179935
0.5847001378833394
0.5288753968618132
0.38290632246540324
0.7344935992748057
0.15914203671010851
0.08938815515241805
0.453702973381679
0.5653072210215316
0.28328439135583183
0.3017908899987217
0.6898067350275642
0.4499193451866341
0.6285709964894831
0.5189698337778601
0.6346572109027152
0.8057430197223365
0.16476551241200976
0.7870898117797381
0.8384394389458024
0.7565864777416791
0.04414195129933851
0.8023950499791218
0.7410445722035461
0.5548016456972552
0.15091912771667615
0.6015356699232447
0.2923949663018328
0.5995416144655875
0.5396987552994434
0.8766185705653876
0.2910527396260093
0.8308663721649672
0.11482685348814459
0.9844160310947476
0.8220578095203825
0.33104753825361366
0.8780944143099215
0.4388645027538116
0.09348832612345204
0.0683272018679103
0.4247772854979286
0.5271397115384254
0.19697663558143885
0.3358571400982767
0.4094010298554841
0.4015537031990204
0.9574510200822592
0.9894355052332617
0.056117402973863584
0.9042669878742285
0.9602322657229944
0.43946280835757834
0.0749303248548775
0.7646304444755925
0.8658446217240341
0.8869326452371158
0.6099580656198168
0.20845797055832216
0.9420242146694917
0.4467096278073116
0.42402825817691137
0.9353896159079396
0.7385173637024524
0.303959636722679
0.9280112313336117
0.2975916469707097
0.9670142257369535
0.40350399120565805
0.43551993208456796
0.010655464883078669
0.9662139217774343
0.881437915462113
0.6302122522683071
0.9744181646528125
0.941380918017783
0.49414370575042244
0.06259589056843273
0.25972938733517426
0.7883842448343205
0.133404330776017
0.9735774376801775
0.4868030087925922
0.22984462200343836
0.12147473308620493
0.8834387909720888
0.9303061747650692
0.537945992435393
0.6473774998897661
0.23631634185038597
0.1913319009317498
0.38185761663558004
0.18683722332608832
0.6185240727430031
0.04136969053841755
0.4758919520537125
0.08419757943999506
0.0481638985372107
0.7735411946465232
0.41877909892313236
0.7990929912069402
0.9906244950283956
0.6070026853827648
0.12199120413451825
0.4262301044221519
0.6202190048313463
0.5511975357676755
0.509926869561319
0.9937229758115664
0.850495091379338
0.006988863935138645
0.12174145390769575
0.15672397812639582
0.5959619252264414
0.5986286971721423
0.710589551659334
0.31029327343039614
0.7854293602002107
0.5919829528764794
0.7553967425064587
0.6062382017257413
0.46464616341369824
0.19510926861426126
0.46553387185519235
0.29893565218590956
0.5876398429613763
0.8583772861515843
0.47601786926868095
0.4949956352403321
0.4677742019850699
0.8541780763146504
0.7720056370233174
0.9703417210888893
0.46815531295538626
0.615832191409205
0.41420207511895635
0.46502070781300653
0.5487845194310936
0.5928333457317138
0.7191547534000737
0.6338904067819959
0.3284975518151221
0.7379691622570983
0.5600728547693121
0.6877345604065513
0.9753911402304287
0.5979437979187876
0.8040720698140739
0.404636762881173
0.038806922229483565
0.0713364028418828
0.7830915534551192
0.04244388258214371
0.5579431425538222
0.3012965818845751
0.754686389945538
0.06064812773760231
0.9656090927440609
0.9187343725101667
0.6648064687098167
0.9572023390357685
0.9531202926782989
0.33345512208584926
0.7507059241213294
0.4515269302972793
0.37522139581290914
0.8151660457154659
0.2361621173898526
0.40074487311835816
0.42623480124755675
0.40311157232690165
0.3936158784807988
0.3419322674506269
0.5281440316589856
0.8730171049290176
0.4044504573985228
0.6362316821011273
0.08637078453018632
0.41509299708069214
0.45939533802961496
0.9002979956512335
0.003964392329938726
0.4048511986081338
0.42790005865900815
0.9698014919386455
0.6568065025195878
0.8857309029531076
0.46692649795932284
0.6916118944982745
0.7057849753275107
0.28366296773495003
0.33184215010301743
0.718780573783471
0.6477481298250604
0.8519766326447722
0.3270370966520113
0.3522094167256803
0.448010684477249
0.400573725717037
0.741606902135978
0.0047382426638317154
0.6344579832000454
0.996341116128226
0.2930194542597948
0.2991162232867588
0.3427921169615318
0.6881207343364766
0.01206463691476567
0.33801326245497565
0.6417672372413504
0.9976619339284194
0.686830356309137
0.5924330948423027
0.5601611692389116
0.13172112913535305
0.7870714225745221
0.25641827692518426
0.6897375992955871
0.850510822069944
0.5856938975778376
0.6030789061818393
0.4012409545820944
0.06308660876280747
0.2999481583925644
0.893740708954936
0.8196113550304506
0.16340673885612966
0.7303237252511359
0.24830158381643153
0.3155647870965056
0.008592743178885476
0.8369245294433777
0.6135896601442679
0.5902679530854715
0.6122170213886048
0.6864541045772551
0.5635435709188026
0.7631091739061031
0.6372235166588203
0.14616044314011245
0.29120043876965607
0.14244383324453358
0.26151327023535675
0.9891881979949327
0.46118624516197804
0.37856210434122217
0.9525808183706072
0.2432449489810904
0.44383462009119823
0.007860694717333971
0.048631507269466745
0.6926211180075833
0.37376526858930725
0.017716348176089025
0.6083369240185369
0.12190317256917615
0.720370549631161
0.6055214192256424
0.8475448878680291
0.11808646673867973
0.6323708133156989
0.09051265503098194
0.6859199139314832
0.41588502344445133
0.22936493932048485
0.502518178202519
0.4535909614129163
0.0805171211957455
0.17698830529543674
0.29383504830595575
0.5236552045136967
0.19657827691510055
0.7846771814873448
0.5267232979418155
0.10947934332644904
0.6038386296202066
0.7110292592292055
0.7550010156925099
0.973677446765137
0.9839187496670666
0.9657333622846552
0.14654596961130606
0.1336021482327815
0.7136860547177928
0.9799258784908954
0.40763365137584096
0.6691391329719475
0.19187122179361693
0.3024909613532961
0.14037255362646983
0.48348772975252075
0.5482879303468827
0.31305449099520044
0.824481143247277
0.7303863592520905
0.9120582306077202
0.13997989305516878
0.4756228730265679
0.4128358662070122
0.6921010944412236
0.5787507569560658
0.7269198098203593
0.8966484667394578
0.6022756923236889
0.42540568460796924
0.9990703642946087
0.9235986343804808
0.879907723691297
0.44713190339147
0.5738993075122382
0.2743883852901413
0.7831178738993854
0.6965635598998505
0.7644205664509459
0.512903601261683
0.6562158027057229
0.2487923430106772
0.6923417344345631
0.20390962644316835
0.6288483529271762
0.7319953224132996
0.14789616650287007
0.5342613982028601
0.5110963879373724
0.5192047617699814
0.6627886490717576
0.9108068309794664
0.7083447121316607
0.03300046536649193
0.5181682715556919
0.5808621175958442
0.9995292557967028
0.14220070809961027
0.5335133081587193
0.27685615552864196
0.6422765680555873
0.21770073393599287
0.9578617746756684
0.7072378750551029
0.8522514298372057
0.7088426292056352
0.9740400923951946
0.7830345451996098
0.956214809974532
0.6332305987928435
0.3446696248032941
0.2365672899902217
0.14282460551339693
0.10425903938224712
0.984415781308717
0.2002515674840909
0.8519738349490956
0.6475745844669252
0.3253641082605796
0.8431982814317622
0.18447378034104445
0.31446487161996484
0.8638917342476075
0.833689005393525
0.5640067990676599
0.13369731975000732
0.4958328122337665
0.9775101058903484
0.8121525190743192
0.6124308763832065
0.4092431328207612
0.18849448411611236
0.16968017665805624
0.42504166889037764
0.8698058452997812
0.08908659730414492
0.7997200348245329
0.6669554346405836
0.9124181416996617
0.16327288607548207
0.9890532433053328
0.9711221506287429
0.13062107948593604
0.17576945284371526
0.9119454011212942
0.2830279547028779
0.22181730693459045
0.5177430767962485
0.060256854082290756
0.6405480495760731
0.5314283102931802
0.8242344097393968
0.22170212488747876
0.9877075214682595
0.38043277373315953
0.8720483033434482
0.43340676835805303
0.9629296244593866
0.5710196319617471
0.6563157033192385
0.11294255929814423
0.8443359384010386
0.24624487179556165
0.6449143155083826
0.3488815256592227
0.6275534183591815
0.4593562206673636
0.15668043339314408
0.47153680642365126
0.9686510404095299
0.322178365695022
0.2934435565473257
0.6482609114274244
0.2772547438834757
0.5650726401540836
0.7201597222035561
0.08240649598531369
0.5001234132879185
0.19162232682015068
0.7409814346711233
0.8763241117396253
0.3448770218213929
0.10470461210756521
0.048605764870785606
0.24502612457224837
0.6527789036772763
0.2605842715715452
0.2097679915151689
0.6840452873036552
0.9946429460274897
0.4936677313388981
0.9606142286262477
0.28719137127464556
0.33681296668436966
0.6359877910508176
0.15454048840258205
0.5684049046750574
0.4854463760100506
0.12272863646818488
0.2610980366877558
0.8733588716248647
0.6497710263084698
0.9943861755971244
0.7889694051939397
0.8720027167253888
0.919845939982881
0.9734376073856668
0.6308166643433696
0.1572898908435526
0.20478296044086697
0.8373369391564348
0.1347018195062175
0.02598952454986403
0.5062578952715562
0.8279350933342382
0.7453451318631127
0.18344445422418498
0.13748444778986146
0.4579031133631568
0.1082970811379016
0.2634747919326804
0.5760985673255057
0.7968572427787178
0.9255784746633374
0.9338379323099775
0.2714675352995569
0.5749225251629383
0.05088954165976434
0.28025861311204103
0.6237236993266428
0.5002061100679762
0.5520932217457419
0.46853682386966444
0.4653920629760355
0.9564953181494501
0.4224276451595743
0.8554238937802827
0.355885686893336
0.35027595856095506
0.8408011536381854
0.06409189567428453
0.8098042468400065
0.045112718261658635
0.7358219260187292
0.0007039168284662667
0.08547944412232589
0.0782256191819799
0.8172960008772422
0.2984354782416907
0.7063972661463929
0.017251910242005675
0.8603767146786576
0.5112396314573324
0.2664988786426268
0.645483620860219
0.7502466576754828
0.17905271892828345
0.1590631103110246
0.0578218882887217
0.8728747169505081
0.7503046449814861
0.2038692328705869
0.6554062409651488
0.731673122167211
0.42538206981092186
0.8708165567772556
0.49837340919781037
0.9049949199281055
0.12405379382168646
0.7484781619450717
0.1183088902253745
0.06040501088924033
0.7838367881222505
0.28669194419987054
0.9639993019093915
0.8065022419793049
0.5154916857517478
0.10337422374673266
0.8822114555122166
0.19929706084313048
0.07059833818095207
0.494119736734578
0.8206762123885902
0.4817829457593449
0.0017659678494961195
0.9739694188881556
0.25632895849839366
0.0731880019630976
0.8081548504527216
0.4804504784692126
0.6245504664241912
0.4339165286926191
0.5299531379003278
0.8661843045020212
0.3658798918853584
0.6797686832091369
0.9139815351114512
0.10868081268595164
0.4953324569195279
0.7649575707279282
0.4452861978091641
0.13902595916655536
0.2796311794964984
0.14615892436474887
0.21266735410969417
0.8098212915182332
0.5806783993769954
0.9076237651050536
0.8052360908512941
0.39296632743124116
0.586153434933414
0.9887554259112759
0.7646575523185648
0.5458075563627758
0.8591106684786827
0.7691156265281295
0.051205861042979084
0.2635014140894766
0.5514997435884973
0.25983871751889354
0.7808501148966984
0.754223493091063
0.7994890535377054
0.30543348674106985
0.6402023637920076
0.5409196008330122
0.34005819434608175
0.4451528988147797
0.4868780288254648
0.27132562577084274
0.8214590600297245
0.9175574105036232
0.6363317845375241
0.9516940427945222
0.2416913640396945
0.10354555891478068
0.6070255862814978
0.6617867666708072
0.26341636256182177
0.2160631205203577
0.8447551280583555
0.8267141812025709
0.7322760274371432
0.013583755782066165
0.18093590299287088
0.41089431316635416
0.9543770048964986
0.5145145720113103
0.5789503203698971
0.5332035360784835
0.7786893445070784
0.1690322987122732
0.2561672210200151
0.5864311639899648
0.3951956817041975
0.5466832981045926
0.6203021388474514
0.8491997135608231
0.7387875685905946
0.530136566044211
0.33574291004339973
0.356054267719217
0.8410742413817419
0.7287497083299264
0.7073429530232841
0.9120866875373612
0.23408792831481795
0.533217563492346
0.9808424150001817
0.43735864932764434
0.6223950199412945
0.4891118401012984
0.031097112943251792
0.40581509803291793
0.8791203556295354
0.7657978862589083
0.4025472882824015
0.9528474182514176
0.7879623485968059
0.1265594609908699
0.943104040019364
0.7627718503522468
0.19847398819434658
0.7818436380289234
0.39956902256662086
0.08033353802435106
0.18605728007830968
0.5782858090382488
0.15888010951759335
0.056918020296351846
0.5678691225642207
0.2976249682880886
0.5056232089669863
0.36605915004181455
0.42878665423208806
0.4592976220803906
0.28484073162296497
0.4955607618254285
0.4511011127160217
0.19089370804363215
0.9167605760768143
0.5659552610013622
0.9172030268371774
0.7463646680192507
0.3390740214804948
0.7579690885896954
0.21466316568525423
0.5059101283743577
0.33785552480542946
0.6678939753369963
0.45135584423292074
0.8958186194044598
0.4717822223695358
0.7527984378475233
0.38144664670749295
0.1304363792147447
0.5909651677396883
0.7638836302592016
0.9065651263001677
0.9039328299843714
0.4594661742340074
0.5848170020781094
0.23116261787110992
0.1747666893214751
0.4739103031067493
0.44450042049518423
0.3009353860774262
0.25980537845147533
0.5531942800215188
0.9273466985395155
0.09260399416400189
0.5421619933719637
0.3181597419950709
0.21073622558022875
0.3472128822557744
0.025483293705260257
0.05492950364989857
0.6924537692524205
0.8882357329072914
0.8937633840180084
0.7029012532070539
0.44719028492248714
0.7578314153136025
0.5711052446167048
0.7737316196205642
0.9988004160116529
0.8193215742252107
0.529950824387382
0.20811355197124837
0.12872224228244522
0.21503970742714063
0.3452925742777957
0.37350494125173983
0.08477651927233132
0.6064658616661844
0.7876812380598629
0.09493886074381808
0.7200110779784585
0.38879790402838843
0.3095472010061663
0.5013696840655294
0.1792644340672429
0.06666086213167133
0.6708909057983492
0.027620126727523564
0.5669811884501542
0.2762407508739383
0.44458573255293465
0.9280275077032888
0.8167181741147348
0.5551679721579779
0.6398528964428645
0.18043822508941654
0.09343735799010122
0.8660063441776805
0.01818537617802818
0.9037549732111625
0.6297586331108668
0.15470348540553758
0.14908923778056837
0.4970883413448989
0.6164748899159727
0.604606207023546
0.293304686345498
0.31209229852331954
0.7824300295302962
0.5597970536194616
0.47449475660278195
0.9344659927989548
0.8391975240924099
0.7890500901662376
0.7956466490138802
0.6959665066923749
0.7953439338653843
0.946806981426687
0.36858921023419755
0.31562630516304446
0.4160407123468519
0.3841060212351507
0.26666668786448267
0.7165264614847241
0.7258354739175747
0.7330385510488061
0.6458349950814554
0.31676018272771467
0.8000970159808777
0.055283990932510796
0.9587253245289381
0.8061059657468028
0.4800027302235942
0.8441569381708636
0.13885976991904736
0.14784786342794765
0.9416924299222512
0.4660033846937991
0.13078329992668403
0.3444754469063087
0.5188033717626841
0.011660048581335736
0.204528286922123
0.7677617482439415
0.1921423916157451
0.8653038362631548
0.12656880706235352
0.5560222567236405
0.4329458291032052
0.8333545926724812
0.2990095231019748
0.9216173321409028
0.40518675227826606
0.9950730040297766
0.5505989137514166
0.06145322554070676
0.857703768447518
0.08492713118497908
0.5789865867674869
0.2139732131234643
0.2149306579947945
0.6951685852383104
0.5878429034979866
0.1573064996569451
0.7468842835301626
0.06402266869991591
0.5728508096882093
0.9041531367873256
0.1937883547103022
0.4402673088618251
0.398540322312973
0.9854207921059245
0.23920669907953562
0.6084520938648768
0.5617082655462322
0.5780974354587721
0.04078487982003853
0.006921426210843351
0.9659330685351848
0.13666055682937706
0.8888877184099507
0.900368601759413
0.3762318632410372
0.10146030906391468
0.6280861992034766
0.9749469546898747
0.8327597494519546
0.6300877070039748
0.2549106767505973
0.3519823673050314
0.10685971800589078
0.04085157021028529
0.8933060285217438
0.34762860014193997
0.8397916538024877
0.4585519617804261
0.64769877228731
0.0926237494259936
0.031360820166435155
0.9709109622253698
0.955251637959098
0.33742502004943464
0.2961536891553044
0.8739865183799002
0.4106299845664404
0.5710313841709721
0.12831601536726867
0.5752921250504112
0.4471844663458201
0.4473836620843987
0.2569592424786301
0.25519902397141736
0.5105983661084843
0.7789776244472912
0.7035726453187764
0.6392582922890281
0.9571889232559395
0.17707044243383108
0.57028230254232
0.38428017428338856
0.01962367391544151
0.6479847389705838
0.858567441102626
0.300241396678525
0.5690130808623789
0.06376261797013227
0.2959691693302857
0.8522255087658753
0.9399332455538375
0.1830052041095186
0.8844048908808636
0.8489599528810131
0.14006731389939509
0.4290529645640412
0.8076919166111464
0.32441024314176214
0.5399040584947432
0.11156492755630298
0.06553881774766035
0.6504791578943407
0.7507775992889841
0.8573970853756088
0.9540528112585941
0.8874972347010834
0.3303787434310176
0.2600864556428214
0.024754218643201042
0.0855122420076817
0.7867586086476112
0.5414749966762449
0.8050504220087062
0.8704445664264662
0.749107437502214
0.6561410778697957
0.7648968036348996
0.6866185629254561
0.7014783810521176
0.20926353701845146
0.6123823341801575
0.9520087613325663
0.7345943185899364
0.26020272338950146
0.6937859907893534
0.13950636487557455
0.06389144023908966
0.8470168033602414
0.24369216359472823
0.2056309061970486
0.8468457941782201
0.3975268950611174
0.52903269195854
0.660858890687218
0.9450505265451459
0.8015713553777652
0.35095246202561337
0.21951501462489809
0.1684787111758702
0.3819682926792791
0.5931014012549534
0.782321062873619
0.2892079969370883
0.6243356639870319
0.22366970180195545
0.83775955659605
0.4919819564563087
0.9104720010538881
0.8520983993700818
0.4358843241780659
0.07349729123413506
0.996181542325538
0.33903970268707195
0.7575142046373659
0.6236670430638225
0.7005630457839533
0.23415125093673717
0.9526016081613846
0.27324410389493603
0.24214431913691314
0.5631131910485827
0.9644549629250945
0.6802816885052307
0.4366718754969152
0.6527708292484858
0.6584234199844463
0.6495317377571836
0.6138556459088925
0.00046931663697924453
0.16760896795364322
0.14226925842782967
0.8839989872080692
0.663438610413453
0.06063733442118402
0.6164341768008192
0.43822361540655996
0.20866666266112133
0.9870741360998346
0.6370226407211936
0.3171785562921744
0.4361613415657821
0.14121392752587492
0.20195227511422675
0.5425341308830204
0.07515799117297728
0.42199622166316475
0.5628766663821068
0.001889523554771344
0.9084837390839793
0.9164690697453409
0.1944932152592077
0.09869727314137045
0.23999427989388877
0.903033049190066
0.21909755436256306
