128 2 3
0
16
24
1
58
60
2
48
97
3
24
58
4
54
99
5
41
118
6
65
108
7
24
85
8
53
125
9
63
105
10
58
68
11
31
50
12
23
46
13
66
116
14
37
92
15
42
69
16
27
106
17
33
95
18
28
115
10
19
58
20
53
93
21
31
34
20
22
85
23
40
112
13
23
24
21
25
120
26
52
83
27
83
99
28
48
58
22
29
34
30
47
97
22
31
90
6
32
58
11
33
77
34
79
93
35
45
81
4
36
64
37
85
121
1
25
38
39
91
104
24
40
56
32
41
59
42
57
61
21
43
68
25
44
100
42
45
82
6
46
73
47
87
121
35
48
56
43
49
100
45
50
59
51
54
58
52
110
117
18
53
65
26
54
121
25
55
78
56
94
109
4
36
57
31
58
97
59
65
105
2
60
73
53
60
61
62
87
124
63
101
116
64
94
118
5
63
65
20
66
123
66
67
91
7
37
68
69
76
82
43
61
70
4
71
112
10
72
102
51
73
113
49
68
74
18
38
75
0
76
119
62
72
77
11
18
78
43
79
85
70
80
124
5
61
81
6
29
82
53
65
83
11
84
108
44
85
105
71
86
92
6
55
87
11
48
88
89
93
119
20
29
90
0
56
91
65
91
92
51
56
93
74
94
103
33
95
111
8
96
103
32
41
97
37
98
121
11
93
99
10
76
100
97
101
104
0
83
102
65
96
103
43
84
104
22
79
105
78
100
106
89
107
109
13
108
119
65
109
122
54
64
110
9
62
111
9
75
112
31
50
113
76
93
114
86
94
115
25
54
116
4
23
117
10
108
118
3
119
121
51
105
120
30
68
121
4
12
122
11
101
123
10
98
124
20
93
125
37
44
126
15
37
127
0.21403050670260537
0.7448378557737431
0.09591231240535514
0.28152630638240506
0.15356139356971477
0.6603970407450658
0.3532420518277726
0.8255615817508222
0.19208980230035
0.40354577536441905
0.903445592157377
0.6209482571449123
0.6707922529470025
0.8243803804308995
0.34917603146093323
0.041813895576150784
0.509568294720652
0.5176330435116944
0.48700436034383754
0.4705899961807277
0.5655350653086395
0.8047102478166537
0.9559131558433787
0.6308739241838623
0.20700692082191252
0.5479269426595839
0.8812382611373231
0.692146482328965
0.2519509263902011
0.4194408151608793
0.2185840724985053
0.2448777376775365
0.4831993085317332
0.2331245996211494
0.3583611758010058
0.11494252385954384
0.9321522073222582
0.9107544852211519
0.5544186148545611
0.9444662434731468
0.4078056244002083
0.6044604824281017
0.5239557300907196
0.3087287763388926
0.24363517184180306
0.7571916245448724
0.16461664478899862
0.30929232796341877
0.30376567481293915
0.562396046358851
0.7881572957840309
0.7346098772216997
0.43934302415905946
0.6489039587884095
0.5796626295864655
0.3435253337768387
0.05292296053046608
0.7595180059381276
0.4315842207863515
0.24525082618943916
0.1611973047341928
0.3918249938597125
0.5434712142070496
0.8386255973606317
0.9792152904489123
0.8053787487840713
0.46965048120313946
0.6510458599607979
0.9133794757750268
0.9376780850496065
0.49282291799635236
0.19958013123172946
0.7437029528352544
0.1165557631780324
0.3106906560259908
0.7297275505261276
0.4811143796787042
0.38237957889073015
0.563693834962981
0.014523719114571287
0.9259291171949582
0.15201559348169147
0.8567507311241249
0.9283163356077302
0.33362736795173464
0.9423122881126924
0.9720797405046243
0.7058752940763564
0.46035522055350175
0.5026103551735375
0.694062182941777
0.005235189440742638
0.6833569714413582
0.4720246519753576
0.08179804776996302
0.8559821037089139
0.5914076733113481
0.9964860052252883
0.9997437294900795
0.5302109511991442
0.9252948657697809
0.41390803295201195
0.7121044271053693
0.5680581506982814
0.5339089783733828
0.9374901899329807
0.058156817065347366
0.9848277829960728
0.2589939493059995
0.6703470529089123
0.9610356999560157
0.531681033443967
0.007693318271939309
0.2099400873958588
0.27564579094888797
0.9875924380124204
0.3959526111424896
0.4102358967314802
0.9522358703487203
0.020796878141597253
0.8854052561528767
0.8435806431819677
0.12549340795296748
0.9770133049302012
0.44990924301516466
0.6263718261954178
0.00249513962566994
0.4595281173636053
0.42221532241403825
0.6800545784852545
0.9696827542362262
0.4074944557784541
0.19765687991952574
0.8931283000415173
0.8009630971506674
0.2592122605270807
0.9694571202462154
0.6970693732183376
0.6773973183442376
0.15796201626211048
0.6734822762363937
0.8809326956236723
0.06843934045414535
0.17137588801325432
0.968151920062056
0.5272682614870972
0.769807047111392
0.5177179156169299
0.5973530400680239
0.37878187763898197
0.6854556986418582
0.6690415203890469
0.8159419646891496
0.02781763917216573
0.5727619205754946
0.6740040739169074
0.29070175960969025
0.464724449814498
0.3411311126297111
0.27974855382502806
0.07933250373182632
0.8882317590754133
0.1523256199995109
0.4001324073326755
0.8737208037028957
0.31013691954449574
0.5362545528026115
0.8466596634102057
0.2940404837987277
0.03848959314724976
0.6597730756643267
0.5052747763286749
0.03641683356942793
0.5476213850750469
0.09361576297058738
0.3428982659273856
0.9585684087752221
0.9103659586543369
0.967820806197113
0.2723011366804944
0.7849212056182283
0.4878627466543558
0.6060053011267784
0.017713779237995664
0.3162798105969796
0.2452248613244532
0.0051510356607813446
0.13341841657239983
0.08912745160690083
0.9072657139682606
0.6095826002045375
0.6391188569765114
0.06937359009722133
0.8249346937605342
0.7197394895652388
0.30219214187674137
0.11231892924149323
0.6010329367750642
0.21035069647099225
0.830123861982593
0.44744826917724245
0.08285911087436004
0.778011437162967
0.7765655757192228
0.6162329117093498
0.3346780260222153
0.5001145219957746
0.5362337304653029
0.018017524348390546
0.9305468860179019
0.4628184625802275
0.5932533666586994
0.22940159461919096
0.799386696102364
0.37551581855162475
0.9372804227720096
0.25427946585538774
0.11954909014261117
0.1835392073548895
0.9949961140634394
0.9024563900952971
0.4096856825367071
0.6591791942271268
0.644327110513251
0.6257618636368053
0.8082067504236451
0.025384388885074216
0.47670493089896715
0.35099746372396834
0.9909059244130052
0.3598652476080557
0.7793204935645266
0.5510586322519105
0.9381905592026437
0.14741840260120476
0.1810384271186527
0.276940534996847
0.65410596947514
0.5099411114169867
0.6407088348407075
0.36529836829595075
0.5294722270217267
0.33562621297409345
0.6768995777312892
0.7843302033758691
0.6687371123471478
0.5996703883653761
0.9753239005669705
0.4279002888574527
0.8088526560766076
0.8034046713665034
0.6230262542539738
0.26210217008670644
0.9863552947793013
0.8350272113857075
0.4051930302717651
0.4525883920948143
0.20271323798622387
0.6521443448268704
0.5368237190368932
0.910465680270522
0.8479696518402577
0.5981822357161826
0.09264843871243822
0.008277831174150263
0.24681362644880778
0.3909878163000068
0.3808314053542089
0.15616855715525402
0.8427387166487901
0.5900507477935834
0.00264562423702841
0.5376630682602038
0.3044014451998165
0.3699112633563596
0.7319618532458755
0.4430683254519714
0.1604420439918245
0.5052349368762789
0.07030456034778898
0.07782047964483829
0.6822444952102128
0.8470097823697454
0.9035250667533136
0.5801807751717531
0.923194045390867
0.6959891446583089
0.1803195024768841
0.43172160639330825
0.6017655243966415
0.6032920747847239
0.40737246446926323
0.17197168511963634
0.06234639892868554
0.3871843517767064
0.7233510346283252
0.6631307200883286
0.6170895082060674
0.09286016890750426
0.3987100295334275
0.42569689421949986
0.7787300201396979
0.5517697263216073
0.5058497528168716
0.07703114950600443
0.6622006386078574
0.44823742944210143
0.46910040149119536
0.35967693531003664
0.03541398542489527
0.40251811463773446
0.3038147052761041
0.2713933962256202
0.5448414344172018
0.6395326710353813
0.2738845378516145
0.6380041350840843
0.40535820586332316
0.6473689919006386
0.15179866360488348
0.7952341909158972
0.7403419151864774
0.9104739747439771
0.35106966506541226
0.980749245285804
0.23611063122456588
0.14953134573005777
0.826951945714647
0.04438615370400467
0.013816681447452184
0.0407095255848573
0.28898204732886235
0.33765851352865106
0.23787995362128422
0.25588144232017274
0.1453988324707084
0.8147964330494935
0.44184580528953254
0.18403091243891379
0.20196489953703356
0.8140326291041298
0.18772408943348662
0.740906522149518
0.07830521729086493
0.8715278245999736
0.6923597275768889
0.8942372229347356
0.7532888448617572
0.6988400000464515
0.3056335018451998
0.9728318180112631
0.09098816021063205
0.026520301551562153
0.2617266404664148
0.7202277911722147
0.7844484640180959
0.39285895923291925
0.48289498305311995
0.767203773746044
0.707906354070605
0.5700163858308769
0.6436283203069332
0.26483064404913537
0.16817319585064827
0.5667063970193073
0.00621450253143585
0.8138387382021087
0.10643799402163767
0.9444322998925013
0.34552433354590706
0.28829472149114144
0.014534449419536521
0.5726149142195937
0.26660973849983083
0.5291430550240144
0.9953237890685006
0.06550105330648281
0.3574500092884102
0.06966590947189899
0.2850447053891343
0.6595521108727264
0.02428145571691387
0.07057585060433258
0.5228045404862584
0.012703052104240498
0.1966408792526435
0.4679932481252447
0.7303183075325099
0.5391758993290963
0.7237448180652832
0.9025188347256211
0.419720059960208
0.2060348603389922
0.5751350180929875
0.2229945379190511
0.5530038717487666
0.41763145260282
0.6274228886566373
0.3171351684003201
0.40947556687350284
0.5551364317311418
0.9275477313663003
0.593682661652688
0.004696544090724286
0.35077893027205165
0.2501643383111418
0.10478282601923827
0.3531391992978199
0.44024823169006033
0.06221979133214928
0.3885357688576817
0.8701184707409749
0.6975776165371426
0.8432594740739487
0.7594936836797598
0.9211091821300905
0.7408986979566564
0.9379495068648368
0.9377822174295376
0.6618208083381262
0.7847421972403453
0.016914617702125434
0.7207987267474097
0.5486526249285387
0.48746237838989237
0.8715773062963822
0.4982555784800624
0.7129052343283907
0.8186643981625067
0.8579351431134322
0.048543630214221145
0.19372923395762598
0.1947267379884947
0.3140153069315619
0.8952990268620186
0.5553025464390836
0.9574073265718241
0.23744218783650972
0.8198801412704467
0.05460749865585812
0.36677655207244575
0.10772474819930666
0.9009864770649626
0.3116015141751197
0.08242826442111717
0.5950311318691319
0.3719489612203254
0.46435803366091366
0.3935413351667074
0.3508296405812933
0.4399319019918011
0.9792387587084747
0.38687490899115995
0.2948000960722523
0.7164195796182106
0.3309656646590414
0.7890056606318078
0.9803977617435601
0.19051319293379188
0.2699169708392194
0.1918870946828497
0.9970119256027189
0.7400378188705091
0.06939762209960221
0.6071095550902561
0.9062372383827288
0.8089311777021181
0.1759143460981516
0.48730767805274
0.2622443704796752
0.9334644479939657
0.21723468710900729
0.9666196763331074
0.6680006642079896
0.8473601726743708
0.96284369532502
0.022507038193500084
0.9937401908300662
0.8903163119278176
0.9837872200564763
0.8794483091379961
0.587607346691234
0.9134411235474246
0.6554952341649852
0.9274818826693065
0.9222019150804179
0.03915514984061186
0.9122739817832161
0.38188248073089326
0.6544773170561644
0.39211692218181193
0.21013248737563206
0.7430485692335774
0.2236686521269241
0.296092676653968
0.21590558625830913
0.5224511181347208
0.5163806891039104
0.04227261986113717
0.7466547999513158
0.066534963228019
0.6142364024284234
0.8516155155893728
0.31070238631308134
0.9283557251041256
0.7665075721888227
0.2559042135456915
0.44604125280860873
0.854659822814771
0.8723024767044767
0.07894473654563317
0.49415808662895366
0.6512414632824528
0.2872267141270647
0.6321349425867783
0.5010375830424253
0.529619277761161
0.24384488593749143
0.5172934401519358
0.32092835533364694
0.5875824283653684
0.042974392889665425
0.8449869439833922
0.7254646071980345
0.7417070669761446
0.6066338908650232
0.6640546856696865
0.6092449114125474
0.07580913596014327
0.8043926870170138
0.5083818387006387
0.3864933781777711
0.7240955495329162
0.8140691043118459
0.5532632990930324
0.45419666430204086
0.6805302103478733
0.6698149192993414
0.2417997453702494
0.9144501484198866
0.19109430001109007
0.5193274019065468
0.08838253220639658
0.24014254887371234
0.466034206038223
0.9603624581465563
0.7389160987154614
0.3877306192255282
0.6933026791743727
0.9482157476916182
0.7932957448009246
0.14071285717799698
0.17043372909188337
0.7656829308706911
0.8578442866314866
0.12311808184683037
0.6011149046218965
0.5230851471226938
0.12582753238904043
0.909116009970926
0.15473983756980547
0.9774144540289054
0.9968355872987698
0.010307945745335334
0.4935183611279014
0.2817095327372753
0.6157512577808057
0.5815062301286565
0.043264799697676604
0.5320745599665697
0.30915150635533206
0.42785662120586576
0.9496037986516389
0.34505650883120065
0.8709247986405761
0.120656300950169
0.15701456990898066
0.25299173557394117
0.5969558950400164
0.5519256987556821
0.9209786423541665
0.6743096837926498
0.5626285306339703
0.24508798075614113
0.8780173461599503
0.9065829379889231
0.02120016853901152
0.8897578921713172
0.6630123688594278
0.36752114325557406
0.9690513810323025
0.4599551636188195
0.033814558018553265
0.47286653185821337
0.537751654687915
0.7049087370948515
0.9656649643005559
0.8328943616683991
0.486497143991224
0.15705094194982672
0.5682049294376375
0.4468374761217012
0.05261760383895131
0.9276639508279578
0.483800251563018
0.22541658933705477
0.7864823600592578
0.2223137738287222
0.41201193050616547
0.9174755599281288
0.6543481115290504
0.9939560465603899
0.854498213485018
0.8944892371581306
0.9913982482627669
0.7743255660428825
0.28279623590961656
0.028396555217992003
0.2069647114755906
0.08146029031374002
0.14238665534031425
0.09632022251004557
0.7784366419623333
0.10399673516070163
0.2125936181257938
0.8117125180288545
0.2684845819309135
0.8271603995280375
0.4057343264778658
0.47830916087030273
0.9892639808010834
0.16933016122082445
0.5097649675969799
0.04055321115437971
0.4358038750621914
0.28704417864285237
0.21516074707475308
0.9547439352511662
0.23488564676958035
0.4464882854447264
0.05683486767847312
0.8970060823575524
0.6672545885621002
0.8871232033127071
0.3382586790656136
0.25920082273580414
0.9105359635628896
0.44918619211015
0.9492208455973549
0.374841080096715
0.6425167950845551
0.35252508772076474
0.45743089821976046
0.882804406207372
0.6409125175728067
0.7598900546250903
0.75710622340667
0.8609069660385777
0.8030796191061358
0.30086284156752807
0.23793893045782355
0.2149405001539566
0.1839883602191953
0.17836501077858224
0.3542591453626448
0.03793479121557408
0.32248973951095994
0.00875350876215586
0.12365186542108464
0.6782916821020439
0.9364007055186155
0.020493929067634697
0.8018046511537684
0.9746013342085363
0.9624046340193378
0.5123358554937518
0.8160930414975297
0.7277319097205204
0.5435022988901699
0.5860569739103129
0.9675381604980057
0.786110296192348
0.5729124620773818
0.2535344958917134
0.768384433081804
0.16872158022020045
0.45533278551297085
0.5173882681693489
0.7352209924264433
0.9877905389470831
0.732462862149484
0.9328705875607028
0.24018004885108957
0.47369634240130687
0.5537477661029474
0.4588084049375887
0.43257697673415707
0.27748688436082336
0.017284200008696904
0.11929752231490642
0.24340250910637762
0.6786994880911239
0.8711012348341327
0.7580856928362171
0.8537684324470115
0.10742320523838411
0.25485531138326756
0.08266317597288753
0.7381760432618055
0.9763005008027626
0.17663627370669566
0.8425815846648828
0.8585897795961237
0.60611073680155
0.9081846360488149
0.43785683271524833
0.8598231791933492
0.8673643154283459
0.3826093038105227
0.5753614359302448
0.4193502727469124
0.2879529519608979
0.573624155317994
0.24787849077982416
0.9009162153614887
0.9263628225435796
0.46810004022611396
0.4587226796268301
0.19237209001985822
0.8466917066489426
0.5111654291783112
0.5264391970857534
0.7403709224525474
0.1648913128006405
0.01981395080064874
0.5804825801471563
0.7284481523537133
0.6891692761966652
0.5335125546498807
0.26429205970425573
0.8195104545982737
0.13750443911137278
0.5294380415545735
0.8812749059926277
0.8673326646937294
0.2733657315619835
0.9513753660903411
0.9212461942748355
0.37190966548231386
0.6356159302218917
0.28415345524157276
0.4640575177500108
0.17277703848887638
0.40257555284934277
0.7236899874254733
0.14902829713701427
0.6328020988391103
0.6938643268647402
0.21938919017502645
0.8951677308959024
0.9110738357563458
0.12455027683703679
0.9907820750610887
0.9180399575478345
0.06571762272831427
0.11765548652906543
0.5714869390327432
0.5063190186757768
0.973459948503185
0.9441210140050913
0.0821246982463184
0.4944261865820778
0.8633260127911419
0.1546789062456152
0.3500151089194843
0.8613063910758298
0.5629843680312692
0.4419757675100515
0.33845725935229853
0.6812630271423539
0.7547234228305912
0.5665498612777338
0.2073373659526322
0.7755413820313236
0.8169177371670467
0.4398887231248241
0.4111747831196112
0.5501037972191372
0.7043987386863875
0.8003261575811697
0.051608040535992994
0.3128875715336793
0.26156168263137036
0.711630558598654
0.02868128682174642
0.5113478402979619
0.5317147486467303
0.4057651570269988
0.35619913902474987
0.9825190971499483
0.6762007023838665
0.12992882458426747
0.715379197594706
0.20043470291038523
0.8095315884840752
0.884594760183905
0.6226787896833578
0.10487618127765741
0.7321747872172258
0.503746957353211
0.7453679199524993
0.37291488671039785
0.9108579179694419
0.9428388353862407
0.3486993386805538
0.7254838486433148
0.42855852086731006
0.6324390822736261
0.25766177453977257
0.422666668135276
0.5598672014024837
0.7253086162002822
0.11936136268181718
0.7890929986212892
0.32192333735758005
0.23327732466630346
0.08799064573569848
0.024501715397891255
0.5815400533324557
0.013302031093308853
0.6462016458508121
0.015189169875342245
0.18428124427922232
0.0777903383559897
0.9387445714377219
0.5584887297602972
0.08962514272362354
0.7191553679760995
0.4809594625887207
0.7098980054153596
0.2689830039126585
0.8037044914395165
0.3536390150134745
0.7126410933394239
0.5670779765841699
0.18341464096927396
0.9438243709208721
0.9297555203530932
0.19141551746318075
0.751611409524495
0.1251576314808981
0.6147484686854872
0.8725157424016013
0.43441679816586465
0.16081707178290905
0.07731042517176356
0.01161873763063892
0.8049421882699821
0.9441009271118843
0.39950146665386044
0.6470995959998035
0.6998850248166668
0.44507700362566915
0.4878150896524013
0.6155566497926623
0.3808323911580098
0.7546096076963872
0.784821333614727
0.6161356019908375
0.7419643191373857
0.2860886248176059
0.8088609395726676
0.4815371884832744
0.7173150054355052
0.6658972727019948
0.8593558187333721
0.35104940817146923
0.32292811589009907
0.6089141127552914
0.20294520772002822
0.06321178679087835
0.3717002038880124
0.9584631539244889
0.5573471500631721
0.13904511325394264
0.3259021776750911
0.5783638216784429
0.5578676273970498
0.8658839601208543
0.46002622552508854
0.6678281578476166
0.2740836853121713
0.4176824652254434
0.9377239270783916
0.1740613808224406
0.2805919424750153
0.49540369759523617
0.05890857403384253
0.27698690689484906
0.43154258187378436
0.10912376392345491
0.3371902357829314
0.08166823749330476
0.4948214371221056
0.05977032748162259
0.05428185826399856
0.40583558065502356
0.47866740593255097
0.22457298701320827
0.09937899374819115
0.5223289816224077
0.4804242758242574
0.4716489937867855
0.38696966753750206
0.7303304833837301
0.8832496933734206
0.5864793193293201
0.7226196060842132
0.581360282746241
0.5967839768977401
0.9152636296487198
0.4411661200417277
0.9970531339088649
0.05122376293818731
0.7203753921498487
0.5963994396545372
0.36836319414343555
0.2500469441242751
0.4384655401636224
0.4257282872645416
0.6552210547453681
0.5565181043904849
0.8902708708123667
0.9464387927096002
0.6367452952143939
0.11600076252242864
0.7523397601240084
0.4590515603852292
0.33040313236090124
0.9520953683036081
0.15961119763089993
0.7278841600577074
0.1992113130546168
0.4856211660367372
0.3169253123811422
0.9020306167816575
0.3512279457842158
0.6487329976064794
0.6246232644447071
0.15029986503345005
0.07985741012098624
0.679543094226793
0.38482817731072394
0.14091938937307757
0.44785718794523766
0.7197525989586423
0.8653074001766549
0.4367776397828046
0.7652511728608767
0.6334392047776699
0.46117544405496735
0.1386993463672831
0.6436042942578988
0.31369121171203174
0.13700800872062047
0.6567125821176856
0.26353307696465245
0.44825946162220764
0.19037406542240776
0.1811997473066853
0.2215644464216442
0.5644448346915558
0.7838242056193605
0.3468036044875781
0.1740791586017717
0.41348219609499004
0.8768916500232605
0.8553725054047188
0.8951107539261611
0.6502695258342637
0.6214962850264643
0.837513090885922
0.8345449369997224
0.6677621755567056
0.9045896196091704
0.5611927889654538
0.8618854934822033
0.9988906197803509
0.3062348009966084
0.5408858783952389
0.37427099720505286
0.2641815145770873
0.8098125083472039
0.3404680308138308
0.6880662486769294
0.5270711330645449
0.26280776202316014
0.5982743841099314
0.7061498119365134
0.9931238283402019
0.7387191692475259
0.6046075340715096
0.8803895608852776
0.3841727074143878
0.633940075890631
0.15945758286911826
0.36008758822805653
0.8507330404175502
0.5749772918326895
0.08592948133344169
0.05296681285273497
0.9934117146706288
0.04059043268224549
0.7814486461126076
0.7194707244387021
0.3711639294060455
0.3219950937990005
0.11155489825913123
0.6411241022163785
0.09989841330064742
0.5740731414047714
0.36059372206714757
0.5618796171344885
0.3629474073695398
0.35846280151276255
0.706171972178132
0.9382757514134498
0.4153474587211109
0.8373457101636447
0.43646430649654766
0.10769427276594545
0.6414482625399054
0.918896362731071
0.4517122838187001
0.5898107994376304
0.9811804843583162
0.6752145506094148
0.6599265852081043
0.19998919117161895
0.6922623202247261
0.12732486639767138
0.4379063217384285
0.07935252238425994
0.09635371811233828
0.9792174678922172
0.7530506526781886
0.5902450692191973
0.04273746252645627
0.5712882945224208
0.0008900458316174475
0.8403805754664397
0.3745872223080884
0.11097553838868501
0.8439565203417663
0.4244198178044414
0.5521818787614967
0.8467067212083994
0.7556767766819967
0.21285885109080416
0.654726840596471
0.7059462014779758
0.9903361003560035
0.90905954166283
0.03426140260230526
0.7835903197570349
0.3875279388107391
0.5037609530650062
0.1487943259057748
0.3308713709436798
0.9711528231268658
0.3975617686168855
0.35156917333420357
0.8623680359770889
0.9958120370340927
0.6729411090538704
0.5203079175344177
0.3631815023273407
0.4243040108434507
0.6470261817629002
0.7723601093570532
0.6219068668818066
0.07989259057946341
0.5794794708359263
0.712140478647731
0.6915746823050332
0.09930754723690005
0.23336485043493727
0.8432588572519004
0.2768368826597858
0.5600597995165028
0.2730308177528753
0.7064548617851028
0.19326841530258065
0.26970681308615885
0.7830479418164208
0.06244814123188258
0.7320492828199734
0.38766757404878716
0.9266344637692474
0.3941697067204303
0.041539708376469586
0.5498982295919277
0.3958329119713231
0.15734022313837093
0.3962288912970696
0.05286761299905973
0.6125447742924809
0.582723138622362
0.1473313699084624
0.2170580374441251
0.8374131282429399
0.8708592742670435
0.684775274405739
0.7705683731037345
0.03327073314820028
0.3222663142725225
0.6850234615629021
0.8049793541419719
0.18529442535235963
0.6454518937421889
0.24647220076000398
0.10959942810502321
0.9172112628547033
0.38680030289540557
0.9962548463020274
0.26590382062893236
0.27405411942510605
0.8251149596636714
0.05780953185066906
0.853194398669514
0.7914229567195246
0.7310273230882823
0.3851108047082171
0.14175759194962134
0.7907221457636124
0.06677176681383001
0.9826446661251166
0.9867648196249269
0.8612980574220614
0.32052525393626874
0.8334047222133136
0.24215024807698937
0.841672708316631
0.7939743466402807
0.8181862914170523
0.17884740901950502
0.15477519561330144
0.26701478712367555
0.018158219391969488
0.905358519329531
0.28342527814147045
0.45857401275890797
0.20256666232602571
0.7816951152941296
0.7476638334437817
0.4409312007532108
0.24998201798250064
0.16060859681512007
0.6016427660312184
0.08712950688228471
0.666786831697084
0.07924620338710087
0.012155095536711458
0.7558651708615368
0.352989229662955
0.08665012304161035
0.8226966373090864
0.37994507498611796
0.9711681533736717
0.660488754136986
0.4846276809923299
0.0637441906822237
0.5235239876095803
0.8429362025446069
0.17743089247484511
0.7414533005658738
0.1619198176974609
0.5351474392726739
0.7306821827546416
0.9947718050965311
0.2501821453071684
0.809832133432087
0.7749189279071119
0.5025782568909468
0.7956415047064385
0.4368698601740668
0.6081446547253664
0.13954931687120387
0.4377890784926398
0.7936614951821622
0.6886927914728894
0.8954376552890756
0.7503121681808003
0.4115684912988402
0.4514085807822036
0.982217381608682
0.7211859351996102
0.6247137665093484
0.4063299229042615
0.10428218035409176
0.619291837251255
0.5015226060738055
0.010113234115201486
0.3929569103686785
0.2767196796871201
0.6445560707926773
0.880843392848204
0.09361712386945409
0.43559861906725117
0.6885530843891129
0.4099093983015316
0.7158418074618671
0.7820034500458539
0.2990223833518504
0.5484012788028646
0.8014837412935126
0.951657595703382
0.5012473012550485
0.4570638414919953
0.4596037002769935
0.1797640729958635
0.08508511127240459
0.8168045700148369
0.7853335444312934
0.8378555866921861
0.7324491776776101
0.18250381802687332
0.5645576872006849
0.4215906037232201
0.03872106480619486
0.006714334070939354
0.1761157241800121
0.1503220765852511
0.7457616549128709
0.5499117281325892
0.5702604600485615
0.9600141310319474
0.19937714997114453
0.4487921568072606
0.12365556137565226
0.14883949171182487
0.9775634554612895
0.24105937482685202
0.34347654459631616
0.9507324859908184
0.6677744741078664
0.9667698875136042
0.06558291229566449
0.024181897236525196
0.20324767641215014
0.9009943921643174
0.9433348558740123
0.09919913376306422
0.037303996252515126
0.1989680238744227
0.6855618774569829
0.38320981402492804
0.8732027608299259
0.5155568618413072
0.053261652010895943
0.9676796987588523
0.1326285330782495
0.24737171461865515
0.4110178760654165
0.7885879075681661
0.8015623997261587
0.06245144923580859
0.48132130533382966
0.7540202292029363
0.42720801909407913
0.5888777637154364
0.4186230588794737
0.7420846861314825
0.5273061913191464
0.5448184855497206
0.04566490538459156
0.40768557681800943
0.013275319702781174
0.6735586470379774
0.1304099125911583
0.5766443686071032
0.23667954918411704
0.7102854680636165
0.23211184084729874
0.08375578500634706
0.5787258222409981
0.267471553580815
0.3918768391413263
0.024708996115498705
0.9355556453533955
0.545167202864128
0.45645584994328836
0.7571007808930923
0.7299092904974447
0.24137347260102449
0.8815987072071854
0.21013014778093353
0.10139997080208851
0.8761461861478337
0.2288295992621895
0.06724583748438351
0.6562424479260578
0.24757709761980207
0.15346924064831557
0.6929506151778186
0.18375053354193038
0.1750339673579543
0.6292516811835257
0.4182236173050571
0.022221194293316815
0.15582652358230797
0.06793912626604792
0.7420541067181043
0.6003714683417645
0.815674691193424
0.2388769915866913
0.3923862975932285
0.9338534434559455
0.2625405659301514
0.6813546931807467
0.8113006575622322
0.4965909616955564
0.58147080291649
0.3458799493659366
0.6986583358444683
0.6596349109551616
0.019035639620370248
0.37290254313848836
0.28115311137466337
0.6263915747089965
0.9057181191073566
0.4063469455386971
0.8777040657196128
0.5063641894667403
0.3944454989899978
0.830301527319121
0.3489208594262846
0.27267560781719646
0.22901678886049703
0.16872239758103225
0.8809271282197639
0.397319624183039
0.30232095532597625
0.582216983387313
0.5208136161362442
0.442949240292865
0.41649457512794674
0.4069450366605386
0.287886085753694
0.4226858452157395
0.647963844506658
0.9792866997654985
0.7063587164579425
0.42116707528373165
0.8273455727865788
0.6637265610314219
0.9311026081867566
0.07676497723984588
0.8432907787194632
0.6221891512863686
0.4997514650453272
0.5657380051077542
0.08454106520454607
0.3761660855310004
0.6628002839790881
0.46596213827330757
0.4088934922261247
0.9524594553343835
0.8529431352256075
0.15500458932914596
0.13634432297787757
0.4080407675163171
0.9356657148024573
0.21061748321038032
0.34037516036085613
0.43150278076096504
0.45035601562738936
0.18439638793298974
0.2660523495610878
0.744949299231791
0.35474492518954404
0.9249874759293196
0.35509671067373016
0.05079979168980664
0.8978098593711473
0.39885053746905275
0.09441667056730152
0.7624407979349506
0.9702511522492113
0.9145290988100723
0.6474961286475078
0.6898426982641294
0.5215943614683936
0.13559932968677268
0.18085647757321688
0.47671114829807226
0.7219354963744931
0.5866989201038567
0.8587217814102909
0.11924125953544285
0.505651132605752
0.6548236309946713
0.17753785379521936
0.07594924819699456
0.14410723404336445
0.7948554963067801
0.6541902387124507
0.9828272056209422
0.4716130976649353
0.8793979895428973
0.7521999089467682
0.32790838707300995
0.2573696525192528
0.9965035589356358
0.1548840926297551
0.6275342531915661
0.42091342181874636
0.7699772056480176
0.036890690936554615
0.871310379104585
0.2333782210256805
0.830824110630973
0.9116804107659697
0.3932668397509319
0.14023487297517445
0.8190867911046535
0.07024940623497788
0.21198975579468182
0.47986146446888656
0.0299163470724243
0.28714009637228644
0.8629832733353383
0.857097367206687
0.5903743054591837
0.12067378863631784
0.6117962517014214
0.9324841776426491
0.4389692040115908
0.7750128543128029
0.5608930561421295
0.8309074469035085
0.1556473015893146
0.7386215169205006
0.9187541707838361
0.15065004539335092
0.6073539835160798
0.4542436030398618
0.3103918246056875
0.8184990028551298
0.9050811740231278
0.5913556289369308
0.8872872524979881
0.7960546902864409
0.25391820815105715
0.04417834257830078
0.027892483336140583
0.10258077699847423
0.7872974891350585
0.2712820159953623
0.6117855418317673
0.15611498546049285
0.9616518554106966
0.9970548973751155
0.4601152111991209
0.11445284942182599
0.38495991198366275
0.6176322623956997
0.10209859805834476
0.1204447619789536
0.03272915365843965
0.6841359962262766
0.327887278402748
0.43691042173733374
0.7886718075498853
0.7900591057593912
0.7190613568936159
0.6318103476457032
0.0943099008229924
0.34018500209406255
0.4963092956851507
0.18673074030946246
0.5911703628288233
0.843426614145669
0.4292180854548314
0.6550223035915254
0.40073394705059606
0.9854190630557507
0.4080084568355582
0.9966942830180332
0.9911391892009133
0.6050059828323853
0.958218545660502
0.5739256156677693
0.16576239921909008
0.2657405691859136
0.8024905107357821
0.5535800215016851
0.6273750148373307
0.8100790532163172
0.34334590381836305
0.7239373370134876
0.7053379836038431
0.4080927283788811
0.0475591300237419
0.5850958656102192
0.7008520982845582
0.49550467503338647
0.08819015493685589
0.2842598800633296
0.07454554641367839
0.34420242115927957
0.18845107718875542
0.5829432892931596
0.7038791568923936
0.9448699327791589
0.38005796097881395
0.10242205099814972
0.35292053163897785
0.4446153219034691
0.3562887769222708
0.08897285034958458
0.7573738139853405
0.5627081906171945
0.9928773267214878
0.06298318296518357
0.4610903392700446
0.05040715935588902
0.23063132838839862
0.23799514585726456
0.8194790405550417
0.3767754815972332
0.3156289833791136
0.5778030143672936
0.3709516636105986
0.2793971200810811
0.248122290308753
0.26463874077583993
0.10112711245163364
0.25243161355874666
0.9954629284759019
0.6121629109441777
0.9980282028650941
0.886680543737944
0.46954947120214674
0.8750057375458886
0.3679373853884853
0.4989953375008196
0.7806437782123259
0.13384792067080375
0.30372996422477305
0.3419935367147744
0.33019282459903265
0.10697599720441475
0.27464759980557263
0.4843786014306448
0.08894901802017341
0.37956443173726495
0.7848694571875553
0.49156998455996836
0.2971021362801962
0.806633999541746
0.5088923663519048
0.4835245768439379
0.7158187012422685
0.5412059035971339
0.05648856506478572
0.014428123933506787
0.19009194832916343
0.2864955868839305
0.7921636182138229
0.1497152457411408
0.8442489750732958
0.1569750342843076
0.9159796017227029
0.6598618010306073
0.304824883426668
0.4565960783395484
0.5521061003035751
0.48946913315347396
0.7631692716686944
0.7801501242960986
0.468292862692003
0.48741677347526313
0.5843754825627273
0.6170037836123037
0.8296923548794064
0.2377296822245869
0.01594700876698607
0.2815679989180252
0.902943346213089
0.21994045362839387
0.596417891693203
0.45275163917444217
0.1762107571978777
0.21611510742844275
0.9951753871520731
0.8996474449747522
0.9998562945556171
0.9212273933110913
0.1360363255760194
0.42328042946720945
0.25176264516975766
0.45639292958450006
0.06554578743225248
0.6306796820431003
0.10780983229916474
0.05288641953405693
0.9528573374862555
0.696429461611729
0.5530622842867585
0.13781505483619683
0.4697757512538687
0.38983045325597276
0.1976635838968599
0.11349683679758482
0.8138697169889053
0.5243488921676016
0.07787678202260073
0.7284985753997778
0.9587279481649653
0.3966046729202706
0.32406585004875477
0.1276616939182592
0.8501430722248511
0.09637896552190162
0.25110030582623255
0.6582804530389782
0.688954927933522
0.24824101320671066
0.8105449206394623
0.7652520356084593
0.5176830421222685
0.2789102536968848
0.7514727525978465
0.14134343388152393
0.9589023179753489
0.3600856877575349
0.7774147920972894
0.8834965809411663
0.502191841535976
0.4799082090629859
0.13168257203312794
0.6158140383924199
0.014697993970429701
0.7193191114856766
0.538651121251454
0.7534023702332486
0.6157977272293559
0.6368817719697694
0.14235115120079367
0.30813417360815665
0.7346108058249928
0.8646842244994275
0.7143013048403779
0.3750582266082292
0.13149997591847395
0.8307080765856941
0.8416636503460969
0.8242242761938601
0.28495151270544394
0.3192724633927404
0.6185923905065055
0.10898867940768331
0.009155788940391929
0.18700390987574977
0.6162239802004517
0.3280805160857344
0.6818910697894884
0.08360515301973637
0.1201374160022427
0.4671237930468076
0.5146441936908918
0.4721328295595578
0.03905150784971401
0.04486316208440566
0.573929701859503
0.07933971989968158
0.5487834238562583
0.5097754022812264
0.767854081992839
0.21079613388366125
0.5539920245344152
0.118936375436827
0.5167014716711342
0.7286605755004409
0.695528694656227
0.865705355220103
0.6595854278706735
0.8101863766373654
0.9336391022121552
0.7842940183436251
0.16581394865015286
0.6799082058997226
0.7907514656143148
0.8880271423373929
0.7162734718412009
0.24501891559141864
0.2381974753015661
0.30028249717548205
0.514407718090452
0.6668811433368649
0.13796487412675473
0.4841264829793197
0.8984927041593009
0.5108618262293221
0.04240510717126178
0.693506052105565
0.34281771559150453
0.9995736598518943
0.05951468945078964
0.8790424046364518
0.4325585443505371
0.48446080536547753
0.8627830731355364
0.33578735563784623
0.578054790057893
0.6759589046981335
0.6169693322016887
0.5357050045649367
0.5400135434460368
0.01662200769232014
0.8479710451098423
0.8061074022252025
0.15086961211681738
0.9618506750827687
0.24495271979537192
0.8207990117456104
0.4183855073904683
0.37863328468767377
0.6369921048760016
0.8216402410127722
0.682328809221027
0.7467088935795775
0.6737688836101541
0.15557454115151692
0.575742509531437
0.572840815194846
0.8546298692991066
0.20845001597664448
0.8603794590523608
0.9164804929281265
0.9906175914270143
0.8399500258121235
0.8586774354960448
0.7764559053830798
0.3760544986430614
0.9052494310222701
0.23185054579073006
0.15501389167680668
0.910416063966887
0.858689165199516
0.5645404011959183
0.4731767539668902
0.6025104836636757
0.3726264202999652
0.3748833457859385
0.6391403845658032
0.299365814538043
0.9123126822393453
0.983607835083358
0.06810516527398613
0.5148769067557275
0.9066307977957745
0.6131612222769146
0.5925134036441129
0.8545489544351962
0.6441338833906753
0.9461828396692202
0.6087640116644358
0.7690119494992761
0.22789778009966488
0.7008836563898355
0.24984865333192896
0.8960122171566229
0.6987800298909101
0.4856477631323306
0.13957478003963197
0.4153929582202178
0.5584448537282225
0.19710239549593067
0.6048362792056284
0.32795545282327565
0.6983856490596754
0.7347688225964275
0.8530964384302762
0.3783756835018467
0.47985622909819037
0.6155430181361459
0.765580029663679
0.9860274821151485
0.29741005472438253
0.9957859145656749
0.3032622334930809
0.8349195056994005
0.09467994769315302
0.7243189751735647
0.9049876735560721
0.6240962479529979
0.5810381220227439
0.3461136734834016
0.24437992917065465
0.34456728132657866
0.48388574734937484
0.8234627508161829
0.4172825153200308
0.8529359830017662
0.8904352147277338
0.8045226129654834
0.18678342569422923
0.492052287273121
0.7756045028473678
0.33195429310502533
0.16948703724720926
0.5483736392161636
0.9404323000396444
0.5190754017147691
0.5908476087501251
0.2984339113986335
0.13673698586179606
0.23879222698528713
0.9919189703953746
0.7838459273254121
0.7050134135167127
0.37816839947928627
0.21749579410403608
0.5590014026875739
0.7399275840555652
0.016535607650945527
0.9717144043807586
0.3857441211935638
0.24115840939366306
0.025633715748049957
0.4390096770015831
0.8234674006552162
0.5470783103899877
0.6871945749700412
0.823445867022421
0.07073115759214399
0.18979075523773326
0.6848383436288649
0.7429841274500447
0.16142285421419877
0.2577441423139464
0.09329171451346063
0.5781315688461203
0.17007036757100524
0.3911431889200515
0.03961895743292143
0.6665165195149624
0.8399067122735332
0.09242903701854843
0.67978862374928
0.19192853383147013
0.5006034294578109
0.7468552334294947
0.47514333222786787
0.1506185672688395
0.6379886741654983
0.04563307646061454
0.02069580696382467
0.15628755343761702
0.49947672791569486
0.9714353311769865
0.28131136822350933
0.1679986284838284
0.29680271483640897
0.20307429140270417
0.7273476897387103
0.24093814277347436
0.7455406803624454
0.6325702548177644
0.2552761865036478
0.856920557537839
0.3078842982648914
0.540311752172471
0.0073317117498278295
0.021042303633205472
0.4084391495337697
0.337556738315382
0.7688244459285333
0.5694688223614863
0.3422111970518763
0.4934051155310766
0.3452518941942905
0.09440322679842628
0.09532144235287454
0.46673460157245916
0.6808129514369933
0.2680530366388776
0.26030128005782893
0.2500369032717764
0.8461061099582228
0.887768925341243
0.8756002462845833
0.07109587552359842
0.4771882324221852
0.5247406391337416
0.7167149468729124
0.5768094964533043
0.08135122789874794
0.05776093856196607
0.7184940915756607
0.6746905057535902
0.3654695947433839
0.22214119291277223
0.002128113535617482
0.8662832385601756
0.5802571124113165
0.4155395990032249
0.41336394166025503
0.3855736422244498
0.6140639724330358
0.360607310591295
0.6554738144242661
0.7944321144422337
0.17592262998906372
0.08626883243659578
0.6964627384018274
0.1888190524803105
0.7631814708067672
0.020806327230197486
0.23001233302785173
0.3852506992481325
0.5386363159642629
0.7878997199118848
0.6736813359814221
0.9990466484082517
0.7408530679499057
0.15884173310635874
0.3516223803233989
0.06920931404576136
0.9020662601726458
0.8454030874742041
0.499737367321723
0.9120035717252152
0.7353642205058403
0.4730546041604463
0.09684844878373866
0.16403337339235746
0.21949443070725194
0.42285285964797203
0.7963256438424938
0.16297246949911992
0.47718781705441404
0.9884101844048948
0.7207729018430415
0.210234340249415
0.8464808359003125
0.09825179860626321
0.1264696759060281
0.6292363511022087
0.4300238362399428
0.6603090255390991
0.3363199284230216
0.17167261314670912
0.9273868118371135
0.1193640238697743
0.7296042309351622
0.9321935095004459
0.07019453682502153
0.06481575388229865
0.40160161698322805
0.3578638498874399
0.7933445955832784
0.22632027896091567
0.8997925222569753
0.538646413003161
0.8258925392287509
0.5744963150860048
0.20131212862343795
0.25978433557116754
0.5434244706722465
0.9430843915501981
0.05016212085219662
0.19413423225892001
0.14194466418941842
0.4536320789087509
0.41577937808352694
0.7190808017660844
0.1386982242504038
0.4467045148176163
0.6052476415541536
0.532761234162184
0.22527650355871098
0.547069212780262
0.0031726351593441837
0.4653648917878771
0.37000960894383694
0.9141579815544609
0.5029219363335673
0.18963923632687374
0.2447054957858127
0.5477963135062641
0.06974036621478097
0.4053344328573375
0.9278868808857873
0.05359292211234923
0.5438260477181579
0.32672233789368366
0.5440986803891867
0.8554532475438592
0.06308056999542355
0.1688928414676052
0.4180284875675775
0.7620493864389828
0.6050446910692017
0.597165450314729
0.45370553519143264
0.22279538075648342
0.34844319412298475
0.8472348371557488
0.4814239232444779
0.8020390381332897
0.5296118952353639
0.43721108559005706
0.12297305232763212
0.02634509270331009
0.15250510988685984
0.670946001000935
0.3932678009981424
0.6696978887852116
0.9719148995133094
0.7240544002184349
0.7553556542246044
0.5598612850033698
0.9677861724733713
0.08037590559948071
0.11501781297279601
0.05252109304292307
0.8138775688879649
0.14340535262685494
0.1273038684272001
0.28264808076852355
0.6827215852165588
0.28891200447247545
0.33514851373033083
0.25440879327135746
0.10450858537253094
0.0950437372977625
0.5937410262039302
0.6375192371141436
0.9279749729868308
0.5099967591075231
0.8835138220569941
0.8833424426936496
0.7785226596465213
0.03919627390006375
0.8018330459996371
0.17308068921257502
0.25223875994641753
0.9789849303015404
0.7130939537909305
0.5602975484747083
0.049941965281888545
0.18479852514789408
0.3151594017566176
0.993585601541079
0.2526144868827501
0.9688203511236942
0.21427472068479791
0.8062402358748882
0.8886007572611877
0.4616899500041366
0.6474136297994924
0.8355615508411386
0.8515459407018835
0.5434678555638282
0.49697866386744705
0.8040972496113
0.4470737090740886
0.4340890028408533
0.5935432257708488
0.4644939662365285
0.0043971318560784844
0.6155394315013231
0.15204256460769094
0.04970339290060066
0.6730337005121525
0.6402291759337376
0.3764165125665997
0.8484440022641491
0.8205586387018825
0.290297886972832
0.8647293435051062
0.14339802391171208
0.2108012952740237
0.8106556227714539
0.6790773351899012
0.0012201077836920815
0.5963109196839878
0.4823127805366417
0.08187845997922127
0.25110694252005694
0.851527159159276
0.8595392130137671
0.31323995413631234
0.6426499689309552
0.17596159585017068
0.3159791558704652
0.7464656145178292
0.5647642273347669
0.11080955703191431
0.8339880625369877
0.8070573219559456
0.10399371380584488
0.46225449445720923
0.1464433964313464
0.7891893505610931
0.46990492162949726
0.24522861897345172
0.10784388314462734
0.10906128821507932
0.2395302309610654
0.33789561292890014
0.6391901562396359
0.3832504923234128
0.707629856183496
0.35988580078570875
0.8233326416559842
0.34823538795333575
0.989291845212769
0.5601891177522776
0.4662647901207879
0.07803913342084345
0.6364102341724577
0.7775355775181864
0.3695349280332979
0.98071756462393
0.49906562019392753
0.9378866102688048
0.13295051636657507
0.27125706109583125
0.09837278065438693
0.4276900652967409
0.3852248141730965
0.922666024725373
0.8301410623092214
0.5886832379230507
0.0537036235850622
0.8337189446217695
0.7601956137706533
0.7790844960596143
0.7125853576509532
0.9391782602940314
0.3847707717301062
0.7137609689213602
0.22488925989852793
0.2497729012035842
0.6007481218190607
0.5706649244729786
0.9581176441208442
0.8260261961750447
0.5386148724201151
0.04185365107504202
0.11780463549481812
0.552405065451063
0.3667328970589927
0.8882859324131739
0.03932274793704427
0.7262787518196518
0.741738337891968
0.07388091697550092
0.5237491195022288
0.5226426281019798
0.9927548137450386
0.4600110933395306
0.8990626590614177
0.17392673071026
0.534214193611609
0.5834885038613993
0.4136435280335268
0.27293625199379734
0.42489239431647463
0.251921889057965
0.5877211340880251
0.5779059529690113
0.5941976863996239
0.22979833005992178
0.6212046048070603
0.8608520997795258
0.8680180350004956
0.749961753116742
0.565016682419409
0.93008119141696
0.4022437295671163
0.9790759748812807
0.6552969714675244
0.21503173486160654
0.2578036114197806
0.704428884797299
0.1594966029690572
0.9357225051845143
0.5386564367975947
0.6939112831439248
0.677129955521918
0.48144954413727714
0.011419187380674156
0.6900516525118564
0.09984755864422756
0.31848434176511764
0.36811278481395915
0.7599143267997971
0.9889818542148116
0.5447746811423444
0.8632837198734856
0.6301452548220811
0.2641480718996818
0.38933077297076524
0.6452675859974818
0.8864742003489475
0.46559847127056286
0.6376725810744598
0.3665342017902282
0.3496781549531581
0.5776219173666942
0.17942811785234525
0.7373965406847591
0.3400062870176914
0.6825364063748827
0.7502775552361992
0.39522517229129606
0.6266983763048299
0.15428724495426627
0.17108922230009893
0.5919067601581691
0.22183440424129208
0.06058223875076674
0.41798529071210955
0.358106892459619
0.7801558243340024
0.973896033361546
0.5050579676552519
0.43382992497417516
0.2512620971381967
0.8448850092760408
0.506046666357911
0.34256138239600364
0.43978297190882565
0.9503764686486923
0.48479051355382685
0.5150996161368743
0.9982500000610637
0.6701881912226766
0.8091932631435707
0.2705569689477477
0.7320746934354696
0.9036553368074451
0.005772260944373331
0.6682913124745471
0.1730717320398687
0.9240455713358938
0.09746661668888523
0.7979730273122513
0.11118194320961305
0.4717020649195591
0.10529061866417155
0.456084515053632
0.6542294545739052
0.6456470923242744
0.2947256675978355
0.08985583206024417
0.8830362245424168
0.5093588095635299
0.47674291905909216
0.8857505211045242
0.1509357950811414
0.12500336061986583
0.3648453312335115
0.5948411580718155
0.4752470075716112
0.9866352611382546
0.8155348108848811
0.4823132822555575
0.5188526083656992
0.5151563869095154
0.8441929243147608
0.8572355285028892
0.8078136733068922
0.9939487305369052
0.23339941368718187
0.05031830839523255
0.31487117006438614
0.671189572858822
0.9104373580036018
0.05389131546456083
0.23498706133288327
0.025225585578794507
0.5656192673564578
0.42399456959766335
0.5986405822738694
0.5041368809200936
0.6736513817299539
0.5950059657507494
0.8164456856099557
0.9885818303712965
0.4415479567422358
0.9842921801441832
0.24243229378253717
0.919495633705802
0.09116927994201773
0.24944664964560526
0.8785230016431265
0.8324343226728946
0.8602922932265964
0.8610522846049634
0.9087318547142218
0.40461676463812335
0.2380444478897762
0.13341966935135263
0.6660062531485726
0.6790301397368701
0.38319896715910373
0.9578489958202494
0.30367207963731213
0.30447266956916186
0.1135431784018941
0.9385961061631974
0.31347612366615596
0.586339547786628
0.8197268845998856
0.9702372603261041
0.14094826919205317
0.26847291746725066
0.3951988739239455
0.5582923667988395
0.6834525318760749
0.4769096043171748
0.7668875322096411
0.7104557500307411
0.7153072811383674
0.21582494519546114
0.12241223934966405
0.6484993293138362
0.029416418407267053
0.4286519536470109
0.7198646408257335
0.7058495984755848
0.2942844759320893
0.8451777512438501
0.13182693925944522
0.4558294533890517
0.2790134124256828
0.4534970127791287
0.186001136110311
0.7033382169329492
0.5926946058969247
0.5588214248254045
0.0558921798365023
0.4688433457735094
0.47732159201615176
0.06153356786426423
0.5700253631218563
0.6506523999177852
0.09715706045142813
0.40107459476419294
0.3424223905733811
0.9808754494234881
0.10433621492871759
0.11739196593499446
0.6345873410841893
0.3500041732459094
0.246743878360297
0.6097263007642695
0.3006279975388655
0.674256605755653
0.5105522583934795
0.7714696359419904
0.3493338841966751
0.19638528671536604
0.6113440048147298
0.8162539544179899
0.073763154363777
0.32658013761162874
0.22032676899014692
0.4973751910205122
0.8893349594655434
0.6048900093391046
0.2461100855045094
0.3561528491508128
0.849701013033562
0.17676822815018245
0.7844548266890629
0.3423350348272839
0.35316571085557213
0.958953037325044
0.32289115739562024
0.5431820587105463
0.8069119636030466
0.19872000476098484
0.3965099992590877
0.2583666487363949
0.13183679020466288
0.07262814623790892
0.10819006281229748
0.5376978478423715
0.5432798522848473
0.677742244883554
0.04586018468658293
0.47167149198831226
0.2381813726041364
0.9691711178692544
0.14589475346499647
0.7618883264900164
0.34180675341752376
0.8220563727448201
0.11997082725132413
0.9203669982780761
0.3877891420836045
0.61809642531256
0.43065160018229887
0.9732200893521844
0.4391363306256304
0.585598132690024
0.6375095590971451
0.1383659323652311
0.8376869344571426
0.9375562902706995
0.20301272250024283
0.03896568151729951
0.4184124969430514
0.6005655745246392
0.31142547204200133
0.3011840134106808
0.511516183946685
0.6808957302553444
0.36058368969852617
0.7965579995648796
0.34866041502434
0.841230338825531
0.4166050493681931
0.4716076108564401
0.36103496218082753
0.6460337569320508
0.3016660949772667
0.018805835698852746
0.9315716380589488
0.5002337669685238
0.6223803009676989
0.6335180018177435
0.0656636172592775
0.4844768597966297
0.6773342938518438
0.9614727049935491
0.4948468793303704
0.6966803571540535
0.11969192475973
0.9693343244716236
0.6008234021512961
0.943611330388566
0.15909548797414685
0.2878349035974369
0.9780071438751899
0.7490293972187902
0.7859556018607716
0.23627080959517677
0.8246519734678972
0.438973045696579
0.04302726116468414
0.5360755058797462
0.5609810118913378
0.7270768051477179
0.0629211897673635
0.32324735075805944
0.1630090361112999
0.6023834895610749
0.6323049578965677
0.3916803944313265
0.3803368358614485
0.7075986862726501
0.4158178030927022
0.19200785641501017
0.2767894398137919
0.9024952113016914
0.1939260376342885
0.7809069934217633
0.37932956235857107
0.8950732866871223
0.7858363604905634
0.7709712992045207
0.6716733112551857
0.25786542075927177
0.38066693526224926
0.5143149394958085
0.7756871806943273
0.018775660364163116
0.34640619880873336
0.18398058490056224
0.8849671727916064
0.9132284582593009
0.2621606122459269
0.5503890757403634
0.3304119022476173
0.6181845681796537
0.7985591725417799
0.8886921056169749
0.30353637389954247
0.9761048099149107
0.6222074573652614
0.6704051800939963
0.3611487300522275
0.09913946306040311
0.5800677707414607
0.4986998815523357
0.6264847527187696
0.725137479607674
0.2622918338941099
0.9888607325548168
0.412471774975669
0.6899078899215397
0.6378184089757503
0.6110812905496781
0.14916061455150076
0.16953714346068582
0.6013829287723027
0.38518528871238567
0.712265301071216
0.9804655198099292
0.9382876919486327
0.6307608309324247
0.7283485163037597
0.4674075048461511
0.1676050835211964
0.009220295606479079
0.5533105245321546
0.12370988254834347
0.05218755116986884
0.0657481658152006
0.7225165980387772
0.5429376897822781
0.6486976754452785
0.8417787496368428
0.7961746153782719
0.7287958266125106
0.8214647394919087
0.4577950604905563
0.2762679651164819
0.65059976115248
0.6683384743143224
0.6950260649085738
0.009207923993831524
0.6512937784878325
0.6768849360737978
0.8640959149030603
0.1583589237697306
0.5457851755207059
0.19363510445337728
0.20004689288030197
0.8865278403838572
0.5085095405329361
0.9134504966110517
0.9151459948246216
0.955648235859747
0.650268280563261
0.6591297525774359
0.909826916113004
0.41970880430905544
0.8195850700977276
0.29749377077493866
0.06474395454570114
0.49992194585834804
0.5412891010867883
0.5234708459975621
0.8003159307714084
0.19300173660636843
0.7499553967130899
0.9589359058016018
0.16818058472526398
0.6044549307780904
0.25775217913008375
0.8893718338941323
0.6690568840997868
0.07101757280523091
0.94585626242999
0.14552627552304487
0.6601836787283698
0.15543164328439518
0.21543730335737088
0.24856284279633512
0.2615409258696114
0.9829271362626281
0.5141311248123832
0.8785971921234049
0.5337864715766362
0.7967228840311773
0.36299216280089464
0.7652062811433661
0.18624083547582737
0.6190729691942544
0.828553390024518
0.16740214317704571
0.09215011842204124
0.19424266146051516
0.34043800520785583
0.13439550977110593
0.3342430890781902
0.018137371719642803
0.4629643893748636
0.6799144332506705
0.019166408229170484
0.7678816456943729
0.3244785064470759
0.4181068971841132
0.8698191382725584
0.845297043471804
0.6380519718806967
0.4897017982302104
0.8589647431695209
0.21173048586988163
0.8401048650792848
0.18289666333549048
0.8172319397155915
0.4607991669344871
0.2866537541966905
0.05426277804533819
0.8764061940436279
0.21738921712099568
0.0026301351754882685
0.21992339980024322
0.8111405073653802
0.5729223956980828
0.653314974037616
0.36280731172821634
0.9629182411540513
0.890546926699684
0.6985863865658062
0.038617093804993785
0.05679546887915898
0.6783409502644028
0.706746536650892
0.18002334173566992
0.1236455076591626
0.4911893177771973
0.5930887362404014
0.7557478009848885
0.32603638675937174
0.2673035502617864
0.40642663686300196
0.47326726654601936
0.6161935810910353
0.9887109759743218
0.6933891315167374
0.8710852480332971
0.3884525527269317
0.31647690910110515
0.43295910542732363
0.9122734475890106
0.2093437796900246
0.6640861092022218
0.7466145732260386
0.6659197022405576
0.3907755763858213
0.21499274410157332
0.1779515644353049
0.8204018842363563
0.772839223798144
0.9537094564063937
0.4684427612971227
0.24208468468906374
0.35498999550600596
0.46982184886585443
0.8002679490904282
0.5967949965397106
0.9716896531118748
0.35134829829391123
0.012193776847923887
0.7113182893275531
0.1801492503154999
0.9761138218686821
0.27516960172072447
0.41369292928392154
0.48876492489787315
0.16198735626070848
0.6603431405427146
0.005916812954461226
0.42306491336169194
0.6620684734309124
0.37557464014561437
0.8756621210827613
0.6707900978719383
0.06973703608852777
0.44166406030806304
0.6190847089224684
0.8829667940737073
0.21426297985899878
0.028010737744847525
0.40852264302086516
0.4679854876629629
0.11857080904637674
0.3676989419811255
0.34312874014145545
0.18529418993562596
0.42893327308603024
0.9019426977660059
0.7361227366612939
0.6814293216453514
0.6866909329873674
0.6120487977690307
0.5861537101579972
0.1860017200858629
0.06655790301613396
0.18154495106186552
0.6901176741415945
0.6431719466432461
0.5348967234604672
0.4741310163247231
0.6921296926086407
0.4306331804347123
0.9200280700203662
0.05859412572112732
0.8097697744304948
0.9355175634947354
0.8185450578352358
0.8005363522901464
0.45284430182259616
0.8229465806171395
0.3077011606507508
0.5128258209124597
0.5227912518056
0.07769012580029333
0.7911151384431261
0.22823378035822717
0.5351258017522369
0.43408450916531793
0.3521038413755655
0.09411831955044114
0.49113261056987667
0.7047013424517014
0.21538130292831825
0.07835716343737575
0.6401652217994651
0.25759299598270513
0.8773025187582616
0.7610298520267952
0.9342657014186871
0.5721304141069704
0.5136632135618521
0.35552506040628207
0.35967840783376226
0.18540269196764203
0.6773444503030713
0.8088725013362088
0.7385274256762431
0.9128156442253528
0.06650694472820518
0.08890676590598079
0.6622605381928303
0.5988917060485117
0.8955469891720866
0.6906294475605619
0.7103022994236324
0.7908453366333514
0.11459976498251945
0.605825934181039
0.814227631881761
0.9748578431970739
0.2687399528104517
0.03035211668309845
0.2070631264504097
0.5359231321441901
0.050652268421248814
0.2183355748428969
0.8167197338235922
0.31664553893351954
0.18181049052940357
0.8881840582515864
0.1645819163302381
0.7343436550276836
0.036758468303502934
0.39726594317911257
0.4464997978986093
0.7431493429105843
0.9718966161257764
0.8363123098020456
0.33522200716632666
0.8532584278543401
0.6720303138065468
0.13857906576206802
0.12908939151451493
0.4427717730487508
0.35028496518238794
0.7890631313850883
0.7396051458000239
0.2790839847849703
0.1317745249984692
0.11732437079231872
0.6329880634205333
0.3148944383342107
0.16582840178609903
0.6760026230538654
0.3650617325977856
0.6037678701227196
0.02499685811957031
0.5684964345261799
0.3135022072752208
0.6227968475827697
0.04716806237834181
0.4656232110367877
0.4597172983225043
0.8449545944562086
0.6075597452272916
0.7250629500485727
0.6223623244052859
0.19344256191767017
0.4317875413044452
0.35782974446970384
0.15650734838470737
0.4519302946859103
0.6921656897692193
0.9565367121079652
0.17149110340588358
0.5043594526034003
0.03740101227127246
0.9607378361263623
0.5577666789090604
0.37991896007384784
0.18867276302574132
0.3617854513194064
0.6993341824652997
0.024795031913843024
0.10778675324196563
0.23079530210212162
0.0963896332855636
0.28478916384232056
0.003929344901994591
0.6278575872941489
0.6692235992629745
0.2327644016834305
0.6304039007574758
0.30875343329461225
0.69351878967411
0.4174732964543677
0.07740790979418177
0.2995579168237308
0.811587713277295
0.9458513592929657
0.5052258609469551
0.5955933950534771
0.07845031425838134
0.5312643408385131
0.012814243032700734
0.8932318712912812
0.5999973146829966
0.441794642504162
0.36547692642313634
0.5130547210798441
0.18454192523069846
0.10488043440665595
0.6361072454601698
0.229387164814021
0.7403252839678518
0.15351145269203992
0.04077264667042868
0.1518916147630276
0.3171672797496997
0.6573514571507583
0.24124342151926303
0.7546175737956775
0.8400279666962979
0.6661066595053136
0.3430954094764399
0.8512887076755253
0.5265768893452563
0.6466717343389992
0.5365327409457806
0.06761209912259714
0.4213671844984501
0.4832708839974984
0.1271130331396768
0.5904170245837079
0.03762662028653507
0.9922866420946236
0.3054587175683443
0.001986406972223631
0.07574649977346792
0.6287285499193037
0.3243232519638979
0.9900812609271623
0.5466000274100502
0.4752531541027495
0.8842117997762352
0.8115282554620648
0.43407762103998504
0.014471831425151405
0.9851182551467683
0.29644202320596813
0.059146100085942566
0.9833327835178376
0.33048188630940967
0.2002620721931354
0.8102210645803544
0.6001534946464023
0.7501391516057087
0.40772140533912316
0.007196206125425153
0.14743834944723688
0.5612026145206112
0.974876443490176
0.09481853358791525
0.23399470548070356
0.3652891489524309
0.07937934117537704
0.6447589254642928
0.538194816804289
0.8022773670022398
0.21280363189742135
0.6756023334919723
0.6625425945189356
0.09899310695814068
0.032314987064674616
0.21261326303299344
0.20551968520386943
0.30877548342523387
0.7911848349119956
0.8470607612004174
0.8725751177768486
0.4284307305407222
0.07118255051732192
0.4694896417176796
0.0840042449803633
0.7032296284935792
0.679211483066954
0.8158653140218739
0.2695518520973459
0.8743482997989923
0.7394985355187652
0.10526498261800088
0.5864595829395596
0.4298445517130952
0.9254415871067772
0.6483231997112057
0.5680896958796203
0.25739339287853635
0.8720242529883453
0.9012830592274984
0.9724586370532451
0.38124515960805194
0.35091809551176245
0.42637668818211216
0.6967179298830322
0.5062262295335336
0.19838759110702164
0.5593937582146767
0.9516405313965213
0.8470964854494861
0.44472112833412636
0.5904624670450171
0.5210702159241054
0.738056192769655
0.3199108222094855
0.8201611649256121
0.9337042828930968
0.6912824770361005
0.22575769267441947
0.5931726165743252
0.024105271173327503
0.8389896959627287
0.9796690302773599
0.41815685740953845
0.4550816173889609
0.681189902743136
0.10035876293480017
0.9790363415849676
0.7923163993800288
0.5508137821702649
0.43387764477471624
0.6204451796166613
0.30624063178178484
0.06682034891599431
0.9783926571821139
0.19240862902336708
0.9221011886282137
0.32658199300922686
0.9350866524012861
0.042891743015137096
0.3589058657617301
0.7707236503072356
0.5350934818235052
0.63685365237315
0.417930127766754
0.07801689514754151
0.8747673849854112
0.6459299739423254
0.07243719164975082
0.8349346671917391
0.844549884446959
0.7822659602444046
0.5859481390243894
0.4965144639157203
0.6736951814372002
0.4262705282780139
0.5308188848754434
0.038423678576331555
0.12971508410123367
0.15453273565807013
0.9946495599255616
0.547108047334492
0.5758144615439342
0.40321154828919337
0.6939120146888051
0.007051474309096029
0.02294759498541521
0.6494161762022297
0.08629801048413765
0.42511522070236285
0.2683256629207924
0.9427311051891498
0.3533864482709841
0.6658277662346294
0.3612805256140139
0.21351492417565543
0.3012645391114658
0.5018894669737514
0.6017204671933665
0.2420574545532742
0.14511105603605945
0.8797889097008043
0.06503019983300407
0.6622354308420836
0.6531185118805509
0.3873849262681025
0.050061817739314174
0.6269345013621692
0.7041826946098081
0.2921675166230254
0.3292605376184633
0.28888304760867334
0.8528153658479514
0.6099202848090669
0.5312519732707821
0.34829472500025094
0.03538925191069997
0.8442569937683392
0.530817521265707
0.544236257849405
0.37887187022862734
0.49121885350682537
0.7585282661481705
0.9801028668932108
0.7832352128632817
0.01518242587303309
0.525061611183462
0.7311574720290662
0.6629616855382369
0.1784752298383212
0.8590822760411749
0.42245053495699547
0.5477795329707745
0.07949130989813225
0.5439259153367317
0.2015336955210878
0.685960903713836
0.782323034143775
0.3850218304909232
0.2511583916036484
0.5221691381745558
0.7913304591361888
0.3397064568969945
0.23601287218845068
0.4198904660317231
0.7729943840881215
0.4318816409041243
0.7196525291791654
0.8034915044262185
0.5755587698027652
0.9076308579778992
0.3924907423724824
0.802945135986084
0.33054343584506485
0.9368159254414365
0.6799977738047209
0.291248023426502
0.6996848676723193
0.7264609954411422
0.6523135387692635
0.23810503085915147
0.8180977569737066
0.48025002468092326
0.3043142285132102
0.5574242265848559
0.6805580613357699
0.14778913302525631
0.9427812619771014
0.8228707090759579
0.5657563455358929
0.7705733639137605
0.07728964215013534
0.26578034120798477
0.2953699386664237
0.9838582104142419
0.774063159860765
0.347421581643208
0.5859175723361332
0.8302890448438727
0.7091243418357241
0.604542982464353
0.9871267287553929
0.542076594473053
0.5599482751642073
0.5017226744829799
0.06737877275253457
0.018644629515467637
0.9505052487440169
0.2684586205484917
0.569565542431366
0.7766116176394603
0.84210266983139
0.16516916510089763
0.40296989896044155
0.8531173840250686
0.4747556878134993
0.8473149447606614
0.2898716036588246
0.4773155727813093
0.5489865767542141
0.8990990981167436
0.8399176062361259
0.1315659311558216
0.909270963661811
0.30260377910180036
0.7191890842652027
0.37753642695983014
0.2348902672784542
0.7011064835667673
0.19258929222154697
0.7825649534340385
0.49017602681138794
0.6547239490383586
0.6616785819031306
0.9936339531586054
0.26608009685843104
0.2874075583804092
0.22558950435740377
0.05431091200149496
0.5275641701690071
0.34030277300161227
0.4575046373893068
0.6740840658166615
0.7165226751989311
0.7632143065695791
0.2613038212555343
0.2986254135446874
0.7138651148866215
0.6236056716313401
0.3163280579764457
0.365874241434462
0.6929063490124341
0.02205906442895833
0.29658899089948065
0.5672177297647498
0.8799881233804667
0.5507091654277166
0.8271380049426256
0.4031601550201521
0.048620697654154
0.3465260657397534
0.692446803289044
0.5112266376715898
0.13289293081585984
0.2125454926575009
0.5382316828995676
0.7708369449486145
0.03959825666150396
0.390260314702645
0.789152436822531
0.22000194758327862
0.454822629394256
0.5869938416807168
0.076966251403358
0.04824259482560378
0.7587273498877594
0.7240613908383327
0.85098755754849
0.8748369120115529
0.41563775005284875
0.2118797040650785
0.42891300372888763
0.45629960251967217
0.6587360536363303
0.1495484827500606
0.47803097225639135
0.8572185124872715
0.31778194439384844
0.6253507531667437
0.18060143850423482
0.6776200263471335
0.4367275029945902
0.39394620662635327
0.47383693303490526
0.411785536562693
0.9512072567869231
0.3498562493483356
0.5181912995923433
0.7629279577357522
0.612230291240956
0.8754601716495231
0.9213726133360236
0.5889597182588714
0.16016398390904685
0.12003799000695925
0.08678991952361559
0.04170737569338612
0.6017955284564839
0.8061594102320875
0.06381776166362252
0.3392206404470174
0.6918174775859909
0.1296104798649087
0.8510492137776646
0.9352325434682333
0.5411800787385338
0.49966888834460865
0.7242136178347067
0.1752098496679747
0.1271186910530906
0.4073875216456331
0.953886606592488
0.363030180200244
0.742152209488527
0.8191080774969545
0.058177852561000276
0.5225144448706589
0.7291232575276625
0.9804830896809593
0.8628296658936718
0.1014000200823989
0.8780905244735001
0.8970891000820082
0.784339921220059
0.6939183765798085
0.7065586433185749
0.7773592575007682
0.8888713282130907
0.373661545379099
0.27613386599899137
0.5453987873744481
0.13143157431643748
0.7680576532888531
0.9351409847840176
0.7765807102666843
0.9980415409542752
0.5614719816936824
0.9654935608645988
0.9222298521993122
0.5579260199773172
0.7105451699800092
0.7189751519657888
0.5354469251077772
0.16166303810772997
0.8614741224738892
0.925270865282461
0.6281436418984806
0.7879185403613632
0.2350430744341102
0.4577117121955958
0.8779000388269144
0.030252858127047366
0.8089624019254966
0.906927343815479
0.3505835228770252
0.12812914059846991
0.9985978463088865
0.05579200528228989
0.43201356040206895
0.349444662877721
0.3854347850706875
0.607952831379081
0.9947824101775543
0.7624645901563325
0.07459459335931495
0.5983821365301255
0.5867126844547881
0.08806967463492676
0.2846380794237747
0.9352828988511187
0.68952917229104
0.3871428537806789
0.15279005126858902
0.6397578934927961
0.7646779602638951
0.5443809877933429
0.23653478692600138
0.6897886983152522
0.8988234601526419
0.5261229936701093
0.27467048205776323
0.5009828537558182
0.6832704042956954
0.7636744220131155
0.9268049880611967
0.056588348902821606
0.20161204034781766
0.9075361817062692
0.10430986181603907
0.12373936819528597
0.7822538576115299
0.7368897695355491
0.5503405206683093
0.5030995330042406
0.29885217015680543
0.8303290574533337
0.5047464990694711
0.5938801589045344
0.6565682944247158
0.6725473252622627
0.5830006783344281
0.28413232824768697
0.526115680352144
0.03326225767818525
0.4528063648479155
0.6560613743561672
0.7394012277312316
0.3110769828452915
0.8941289818747549
0.251027329078788
0.661806711566401
0.2541629017709337
0.5517174457443337
0.9857602289545493
0.9533294492485701
0.17673084429771468
0.33844879377420256
0.620971561927754
0.23895465932736537
0.9250422283607611
0.7718896392287298
0.7430385802654411
0.03899294045397006
0.024897403771167226
0.6263665965564075
0.9143612289351083
0.7297040288609666
0.08604257301272833
0.3122937365482418
0.8995351503567189
0.8096003515573332
0.26600591879842816
0.8025106013154881
0.15170249376579847
0.6272828768974906
0.10917054651277047
0.4304535587556737
0.799488555474291
0.3327950404824612
0.6853625994066643
0.047109814438319964
0.4422151202592798
0.8239844304943638
0.637477774663789
0.7755848392921119
0.8861536892425047
0.5751169913648049
0.420524507011967
0.01234019362552441
0.4625759189486257
0.7121971833779285
0.015147196321416256
0.219056542114216
0.2638802003921885
0.6462406096211353
0.08467031991597129
0.36299571189528557
0.35781175613109517
0.7515999186011251
0.9984557399812234
0.6970692321466911
0.8427387331791143
0.3650633887689504
0.6463030829158715
0.7901058830583222
0.6268123370433958
0.8735054911880467
0.9505138323180913
0.29880082190568136
0.004835717402515538
0.13104206148209385
0.0775943034889841
0.07523120112193415
0.573491482168403
0.014102381868738467
0.6063714883443445
0.04553123025478423
0.8582197608688742
0.3751358844365966
0.2811928323745051
0.26043226636960837
0.21003566885631064
0.24145078371170625
0.153766648913239
0.42303658319822535
0.8038054596245597
0.5741227491221612
0.5419245024986223
0.60645789723726
0.9605048216887043
0.9917649958056869
0.28236438856333845
0.15894101835603613
0.01922457199273897
0.9717981368978775
0.7932763921617376
0.4452934274907894
0.6402516368835187
0.9886479399167464
0.28255313023525563
0.3654599666347931
0.7575161277900591
0.9097556445723965
0.805642326560578
0.5360199542053803
0.039585855125561786
0.6195752017422016
0.3212871338643256
0.8446572187091262
0.80142912684486
0.936730124315799
0.042373443291127244
0.3922032004246192
0.7382357583699317
0.7048463384341213
0.37372531124341335
0.393025770886296
0.40623487565692973
0.6955311204398419
0.6818535571109161
0.7330484167469427
0.8240502003358605
0.5437156596443808
0.08113865954687793
0.7533629915223712
0.8096672110647721
0.2813990451129288
0.09814587258866525
0.38842106084469674
0.13716823845107728
0.14253440204556744
0.43112977757718096
0.4641290692825787
0.9179996533621425
0.937895759735785
0.24071513166084313
0.5640036251014406
0.18835420004540948
0.7435034881334234
0.457577017312383
0.3038400252259581
0.8242635601998803
0.2282104297307772
0.12361389744920948
0.21062997743159473
0.5027317208139446
0.6283195701327988
0.5219511565543238
0.051402328745417725
0.9304332255941256
0.870665895782939
0.6268198272403994
