128 2 3
0
39
89
1
64
81
2
67
126
3
31
41
4
64
84
5
13
115
6
10
43
7
56
101
8
24
30
9
34
104
10
11
58
11
27
36
0
12
95
13
54
92
0
14
46
15
47
109
16
86
126
17
40
124
3
18
122
19
88
116
20
26
120
11
21
90
10
22
94
20
23
50
24
101
126
10
25
103
21
26
120
27
81
82
3
28
70
29
73
97
30
49
88
31
48
94
32
98
108
33
61
92
34
56
72
10
35
56
36
99
108
31
37
82
38
62
76
22
39
41
16
40
52
20
32
41
0
41
42
43
45
98
44
65
111
45
52
122
0
46
121
47
52
53
48
56
73
49
68
88
3
50
85
17
51
106
52
63
126
15
53
76
54
80
121
55
85
93
29
56
81
32
57
76
3
58
72
59
80
98
60
91
104
5
61
120
35
62
122
6
25
63
22
64
115
65
95
127
66
77
107
18
67
122
41
68
79
0
17
69
34
40
70
51
71
91
45
72
90
15
73
83
12
16
74
75
84
93
37
49
76
19
77
101
78
85
91
16
56
79
62
65
80
0
10
81
3
82
102
53
83
103
4
84
110
70
85
114
68
86
122
87
107
122
86
88
101
16
48
89
6
53
90
61
79
91
18
92
104
49
93
98
66
89
94
44
76
95
10
81
96
28
44
97
54
98
103
97
99
104
87
89
100
43
72
101
25
56
102
86
103
107
5
104
116
21
66
105
79
106
111
72
98
107
85
108
111
37
61
109
9
110
116
61
95
111
18
111
112
24
61
113
13
79
114
53
99
115
84
100
116
4
9
117
33
110
118
37
59
119
27
120
126
49
70
121
64
122
127
21
55
123
17
76
124
92
103
125
10
81
126
44
102
127
0.27743259552839994
0.4377287377827356
0.2517276426569358
0.1043498707863767
0.07327798832287102
0.654377754584555
0.45310900985972513
0.7681600533495108
0.9030002472013214
0.4170171317581468
0.9515117514163814
0.7933710857524732
0.5158921897002517
0.7987684269207844
0.9310079414180382
0.7185192509476063
0.9211187287758055
0.6098674603923053
0.015324735597752714
0.9573058298494885
0.7266915459369689
0.870567578739092
0.8410898611030695
0.3577002430431644
0.2058288370104493
0.23785197167765937
0.5843161396960497
0.34486490270134973
0.18431554300369302
0.44389888416578305
0.6934868550487261
0.7777230126959019
0.8617037720370154
0.15208336919903576
0.7103184168835829
0.65575677090784
0.7691594245295582
0.4760850258413122
0.2196389746962648
0.741706927431877
0.6904603515617539
0.9037528658432576
0.656924082365904
0.061355971171336954
0.8471184870221022
0.01755723878875448
0.14232649221011573
0.754729823438518
0.5461832991269107
0.27834672901716906
0.7947915723921739
0.7067891654362066
0.48633680924116274
0.37347538264465163
0.5249424293537613
0.6686961021922263
0.9160881531295865
0.9990704870303142
0.9063426173501811
0.05428328561582563
0.6530645803652644
0.5113508612930808
0.8180079689213665
0.5074870622811334
0.4257689327992379
0.6194607829606738
0.6909310117848055
0.3929341696792591
0.40172089329442295
0.434379436499734
0.5497894069834423
0.2924220004818825
0.6062620351758918
0.5664782645387599
0.977953493891478
0.06974988308783237
0.413769722766945
0.021492511117861768
0.6213328907558974
0.15836864583949029
0.33605845469124884
0.9690481982418989
0.31281404093044063
0.23691917841163024
0.6089565095729484
0.2644143842726602
0.10380665787303045
0.9896580785279279
0.6158687779839903
0.007440261243913726
0.8631330674964757
0.5033478129218132
0.3793402753077778
0.2070523841710049
0.9876514107204175
0.9905108935626881
0.9699322625565867
0.10623217706412702
0.1556298058461646
0.013826020402342931
0.7110002963629123
0.3881905122061403
0.37709018435691366
0.9537581034629594
0.6444289876957225
0.29537883514362706
0.49557867510910847
0.724792523763262
0.8668392301620528
0.0834711261001988
0.9092463820250938
0.49171581355897154
0.06374327680888636
0.9638322696748107
0.18120845958743614
0.9657573675532141
0.5248502915095752
0.04401777795402251
0.713546020396799
0.7121674933577931
0.802622617258777
0.2088951553548154
0.01800119521281185
0.0620351074329244
0.6470781197588091
0.5544868291541459
0.08394941919421595
0.8351697358679707
0.506771122754057
0.7843228019279544
0.8055091075275173
0.4054488577959351
0.7772449322117007
0.010293145937595893
0.03611133092120289
0.864276756122841
0.8107450612687706
0.9054938495959202
0.23983995470582697
0.14704689512621938
0.13432834728216014
0.06731525357132773
0.4838482572902093
0.8250278809205835
0.15234027095065572
0.5430683563372413
0.944582208230818
0.7376379239782525
0.05972139563232459
0.7477942589112102
0.37355177768692005
0.21742855006447726
0.16257113605141493
0.019722110741709153
0.5427380766262371
0.3575889504081128
0.12738515218838253
0.7811735996076664
0.2917645148795447
0.6394662714826606
0.9494596751140999
0.6314856898887986
0.09709477899641283
0.05924064729324152
0.20523451294484574
0.6951850606754828
0.04455864598747483
0.6814091322991197
0.8707222499779361
0.4644538547509294
0.9155326644069232
0.8384801409993161
0.580892035752822
0.9510690100574399
0.5188557894498725
0.40185627465703866
0.5279670447819174
0.9299622436991808
0.9631560423578601
0.9241422190281039
0.21406423901555394
0.6503989036088211
0.01771970827171443
0.13680499054692896
0.047082465402524476
0.17935460566896877
0.492685384833388
0.8060030862683898
0.13283468430114465
0.49918720340675293
0.5621856659203028
0.7257779383853886
0.7247567118006035
0.1824017199878819
0.7615402820014939
0.5005317737492285
0.17089256141168452
0.7186093221396858
0.1537577644281003
0.5378951940333134
0.5994100321032456
0.5405216454314935
0.7619162595453127
0.2526669760314847
0.8152985665738358
0.8273161140103557
0.7575851080174086
0.14693616955452293
0.5165299946895566
0.3308062098510123
0.44821550582784986
0.3693102784150255
0.049851790815379715
0.9981013504108123
0.2088368899117926
0.1361395432526119
0.6205908292502963
0.5708398241927949
0.0432055753872892
0.24986739795948032
0.36333548717900643
0.19548324761728575
0.5652276081954402
0.521708186500578
0.3775433823716604
0.01520293741227341
0.9974445048825451
0.08176515110909444
0.5330212379600462
0.9045012491485956
0.4443872019542894
0.7564714197031434
0.994078780249503
0.24609208681851824
0.5297139062732126
0.08333692143029392
0.8689862123357583
0.8046491565873044
0.5054640500294518
0.7309193334775945
0.8370253391349157
0.6886659393310566
0.8404589899328438
0.5395405206173884
0.8879459167638478
0.006727742338611842
0.7609454130648021
0.21689210072405052
0.18661638170240158
0.07489855247130528
0.9779020305078524
0.7456368861191683
0.323344518090677
0.7877906087975144
0.10564010713958583
0.2575858379747903
0.07971456840284186
0.36773342170140444
0.4699068016813177
0.48031787313090113
0.7702962027824194
0.2738298519089203
0.024946825489783886
0.30596665012192525
0.06082500478680086
0.021826576183785806
0.8791969449247549
0.6108755071618339
0.5370656358941477
0.8120665343297985
0.6901718537744195
0.17871190835513073
0.011449430932491733
0.8652299637829787
0.3919349919751298
0.7175158030550651
0.4124769965161713
0.427382260848437
0.11729233579467713
0.6352396994309543
0.8745230386147321
0.6927267190906421
0.22148408015618026
0.25986562988853334
0.6380961058274696
0.5160922467677017
0.5966812295678938
0.8983869497788158
0.6931130774868558
0.01758804913437284
0.03137512594750147
0.9499551256863855
0.48394793001892356
0.6499479921085036
0.4277381886479661
0.31333140168754514
0.8251797028513569
0.9922619373618103
0.2389298637333337
0.2222423297064936
0.5428920091589978
0.30362145850479505
0.9930289420012803
0.20183519156669916
0.6129196185905892
0.4507695139528777
0.7364456516421187
0.267646789974752
0.4690132447654086
0.8624443289830122
0.7774386323132405
0.18744449870164637
0.700584835583433
0.15724255723318092
0.1580096991971598
0.10882176644850594
0.7058562738907775
0.11877627648362854
0.20389569821837372
0.28563116856936677
0.7278873145585655
0.7495197100929224
0.833725401994777
0.5742556286893343
0.7627756494413354
0.0630676404486531
0.6732794230177154
0.42906726774450377
0.8586531170218759
0.4333518304690117
0.3258768528355568
0.293588393796705
0.27901666943366377
0.2147684834317828
0.7036231544482487
0.3116700164889543
0.7473848453786712
0.4525473692329347
0.14141542528574058
0.836150745813748
0.6526313185154407
0.9708880656445501
0.8930679788786821
0.4963215160708616
0.3295463509385502
0.5502476689352221
0.2956867931635119
0.04915688931472051
0.9960094008048469
0.6589333661239184
0.3620009649478876
0.03336802069527478
0.8425335467202647
0.3803378794042618
0.8222588183805528
0.0781974658348017
0.8939518722563247
0.8304188467028413
0.10429655645209324
0.7941556929004923
0.9451762119579182
0.17090745599116797
0.6549606804185152
0.31483902571330724
0.25285615910107917
0.5140646849026898
0.25083036207609466
0.5171354661012301
0.4464730560515481
0.1347110251142093
0.14791906259448795
0.23365550570417004
0.9543588144797872
0.16595215766683702
0.46049016726586955
0.9511635735067627
0.9856800598390043
0.5817171483843707
0.10516293122174625
0.5513034224054932
0.2836222720879623
0.25009701576611754
0.6031921346701815
0.7940121048910298
0.8813583459769181
0.16107806843200134
0.5715758218111108
0.9683897708854983
0.7348858462173533
0.1859489614916796
0.7686896908977111
0.4043226161871091
0.2900741152349774
0.5331227611801074
0.49493046572515353
0.1716016306403949
0.9465944428659915
0.7211464355709332
0.9320720167386276
0.5775930070671483
0.2687349564453533
0.15860652612427117
0.3637901170754423
0.08457491548764262
0.6128403126901587
0.05744925009744606
0.6180905989275998
0.08597745620472397
0.820591252162982
0.8357458757772641
0.9096384912857636
0.9158957282768975
0.8878417025915576
0.9034068001344814
0.44416333407625086
0.41356736358125545
0.5013543999257146
0.2006198348806585
0.1901415755411794
0.8594603743997362
0.5368533268318981
0.949663030011555
0.5853994974113731
0.08715848380065927
0.4515134101329087
0.7632975386382802
0.019620999824460195
0.7641798166397268
0.5249249052278886
0.9990614937057145
0.649912186459162
0.10518519159836204
0.604128330331985
0.295738200406618
0.00812059884055405
0.7206731840035783
0.3904341712272089
0.461475134592537
0.19107948045657286
0.8112777250485221
0.9207278930246641
0.6493345882853164
0.0005585477387817228
0.9493165960638565
0.5142847815489802
0.32569912048404603
0.4568628118151046
0.48200824771400674
0.24688811326382543
0.7857314738700705
0.76474938830244
0.4542644919767743
0.5258718604961035
0.2724646072330882
0.6035928081161741
0.9521765995961257
0.8629497798101152
0.21890924267848955
0.11777980622247153
0.026776072864278078
0.4369366946692008
0.04223365205985785
0.025663158831172872
0.057548277712260565
0.5622418057485519
0.43501121408087295
0.08919032912993996
0.5002544094073134
0.8314776222614831
0.4282586530129511
0.11961143588586953
0.1996989144294562
0.8602803512022057
0.32205281408432274
0.31709041904024016
0.894786236521884
0.8470398446578449
0.9429339049209045
0.033565363460458686
0.2657238906428687
0.19051515899202798
0.5860895326401829
0.6444650543584847
0.46551483607688315
0.8002781137288617
0.05197625715475451
0.3763579811580742
0.5653688262427514
0.9690717985802998
0.014367497461094225
0.17221786237748038
0.7968840881754788
0.06312966125399722
0.19809235682165738
0.17314810315845064
0.22867155892284752
0.7578447083249539
0.9622658094990011
0.4373258320324459
0.02364339297309248
0.34293758338892466
0.32562242603701885
0.0015835878234030654
0.7659892794866127
0.16168738204202593
0.45008614317778817
0.8196399920966224
0.9192794525038636
0.8332461495685445
0.5485007059228334
0.9530524306600254
0.7817880574423102
0.6955635584793262
0.4980493324336811
0.11416753613378339
0.9032292869044835
0.5991173370090089
0.8398751510161224
0.9992184576568142
0.8074938216956165
0.8513922755468621
0.5087389432460616
0.7936736991278657
0.10537351184603172
0.7762853157399414
0.6975670865290801
0.6809083525059637
0.7264939533896211
0.6028361347698677
0.3314630388383102
0.851055354709622
0.9456755234250727
0.43683214590791686
0.055884075595578286
0.6751068587327326
0.33524367460288307
0.8295878100409801
0.9137334627515845
0.1536042867494597
0.46479074542389776
0.8104433335512418
0.2290788331317951
0.9021083466571163
0.14639744084246775
0.6085211829942878
0.1044011415331566
0.660283661660994
0.4873856924357338
0.0772560830383705
0.2721778974968452
0.7001378478602738
0.5103671392087965
0.48403981134896645
0.9100339847333211
0.3041739564178825
0.1925705751000678
0.34701732045895484
0.8631621082222162
0.2979768528459238
0.22082845842990195
0.8000476639533032
0.8919688847548886
0.3288953098551075
0.17819208611330184
0.8355851670098293
0.6973184154630047
0.5293219046282426
0.03605422394605773
0.20502904457918447
0.7008004958395799
0.5585120274339357
0.5991658755085609
0.8056731223168154
0.43803919781297773
0.923086563079679
0.6205583748201237
0.7063095450477487
0.0065928502935787
0.9844478728450788
0.7873664459476809
0.9391130870949098
0.4068220241406225
0.8073331048849227
0.6629076026202428
0.37967971990327043
0.8642230701534498
0.32754274154032725
0.3465683570039664
0.14383837589135517
0.9899553441497775
0.10709801132549246
0.44927754704786493
0.874912604923346
0.3616385854315586
0.022698852528758695
0.06338483600206357
0.44469779014151944
0.44597395707157084
0.23752749397979844
0.08180056245704348
0.44902949172983164
0.05684800943362833
0.20486309162724425
0.1252580891324223
0.2170490768706601
0.9274409760579752
0.7290318593799952
0.43532281913531345
0.4909361525988435
0.17382870069954226
0.8925153225989341
0.06555293182362065
0.07316411146116897
0.1433240201877951
0.7085260159399562
0.33606984323241507
0.22679720149317917
0.06528846129322075
0.7931996421157607
0.57318564572476
0.6793337488832943
0.8203832806569602
0.8211679400339221
0.8265544548151841
0.88946674108494
0.9822524850650527
0.5328803077916697
0.3191931958162557
0.45540210744866705
0.74951575350339
0.018877156567462805
0.8052887464572903
0.6147622890642384
0.9945895137784215
0.21544235158871805
0.9190777431653792
0.8719760562055066
0.95505925167437
0.7795818838713042
0.6835568988242733
0.22305711975425058
0.7182755935230046
0.5682026205577012
0.07962754365706148
0.8672925989369605
0.029972958332467048
0.30483071431384057
0.5399239908575274
0.4551432117083689
0.1179914602617268
0.7612570173903755
0.9366713939898772
0.9369215844617066
0.1185583104760376
0.33344392965288483
0.5999560375355477
0.35382788356432227
0.690442831881928
0.19767727497753707
0.22666939125511054
0.17287299497302278
0.7599616868601947
0.02241044370842138
0.06678128603056688
0.74107479641535
0.31626402448483826
0.525820229393604
0.6409377189350061
0.060354468353730484
0.6367807236267109
0.094265255925427
0.14898824695018187
0.5493117121332896
0.04872581804667353
0.8585309436734847
0.5175213779143955
0.2750669836679611
0.17940212802360045
0.8945797734709731
0.3609216661210458
0.7317188452369193
0.46614431278662005
0.06593505699223445
0.24292963532809575
0.22118824073332122
0.18430991410256725
0.545265531579432
0.8055959742392317
0.2149773505385889
0.12725344296318097
0.34288247145172757
0.8605372280823238
0.3513968662831236
0.6429470894226161
0.7526010504619545
0.14644411145713543
0.004130464591858507
0.04431875075528713
0.33702578436057506
0.6629899758706255
0.15415553530571657
0.9947527008340606
0.5211095588623439
0.057872693950620224
0.7702447249554805
0.9043304417451894
0.6081957121029936
0.5106560795203668
0.14617119227874398
0.09331808039115197
0.31309479191744993
0.49869067872795614
0.9502793883608389
0.3408235984902487
0.4972390538357737
0.37778880374378165
0.15887671305570483
0.04052378709676474
0.6947653158926991
0.5799329257537108
0.8654987028825837
0.9138148261247061
0.07054711742368669
0.8554713938026373
0.8538801468008838
0.8324882394356674
0.5992379175005809
0.2720919079710524
0.30256283469809897
0.8560434005248133
0.8609493017605606
0.39513375710494536
0.14809651637032217
0.9827130208357544
0.9810695340017552
0.4378189829550768
0.777551592268381
0.7816865422672166
0.24997769394383207
0.21465763585233022
0.39673545786655406
0.12968277984993393
0.449884122207865
0.4880884794371928
0.9037988883489643
0.5485779739881423
0.920162543345895
0.8377876023274039
0.21138455051923188
0.7834840008247217
0.9626163622773477
0.17758889639222986
0.32822175324068303
0.2982346199097793
0.2008963724430909
0.7187833600700458
0.6770211608308087
0.3590810171630229
0.3866252242531094
0.4896254178934546
0.4164466572900427
0.5015560685734954
0.609159353265914
0.4279854900664458
0.28550946787101605
0.8361623004783796
0.8074644702338009
0.5215785975687013
0.8007934458525476
0.6725479872022967
0.30841322262716697
0.3344432468621511
0.0010815718936655339
0.18600330822381217
0.8119506737542986
0.846039813524883
0.7074688485721011
0.5143257821958716
0.9118403489022625
0.6008028695878995
0.16402728743787343
0.016619839207974163
0.8406410263412268
0.6249610327253309
0.21688322282255523
0.26958204607998226
0.7023635220547938
0.1366692095550761
0.3411401615796912
0.7360611221743535
0.5284787869655914
0.7692420680063337
0.7374247095586596
0.8282513260872241
0.3001234968845512
0.13612594437567627
0.8507818294432827
0.4310092720860712
0.964044752496726
0.012595179472971507
0.2084539344171229
0.5065497685063413
0.5575282080385957
0.6117532505479274
0.27161400983904427
0.9470706466051367
0.417622666631163
0.8303459726582075
0.22861021525659564
0.8392806418220213
0.935559825883994
0.9858885704312134
0.4244403196255959
0.04890026537859482
0.5278119964279847
0.2219190607244692
0.3454683803132026
0.8986514016835075
0.25854845877358557
0.6757524304400873
0.5401092220529592
0.19937386138010982
0.84732940779825
0.3705424131158349
0.49396235616674566
0.4929958624925489
0.9898726632486501
0.3015480123965991
0.10250412758466898
0.8351081067141779
0.36047852701082883
0.5126915307700375
0.6916977954642692
0.634855941584248
0.932845025511205
0.4874051855995777
0.4650362224425756
0.3564137764962131
0.03971638815440315
0.7003771802009664
0.6101663388136906
0.7004142447776703
0.3266771801273325
0.5279663485463232
0.49358690957800866
0.006926103405822115
0.29008344436459865
0.6115055348383875
0.6509005661396305
0.17921246768795351
0.7613229729065768
0.7886978243487952
0.2568638292702068
0.3500042326489583
0.04628298071320114
0.484479073768719
0.9242204042972718
0.7318948439978694
0.36976488674019337
0.03239970486192156
0.9854276335799849
0.5658922100287004
0.21617581454150425
0.7298645776387769
0.41499184841272674
0.9318038113245563
0.01806801912154432
0.5885816856218036
0.8264660263342222
0.11475829894894085
0.9170299603960429
0.6067472746104063
0.12091443998937557
0.21931493952886016
0.10397387422228055
0.4816602938319018
0.9878277546614184
0.23739225624496396
0.9648128346737578
0.5426066417793239
0.6059620256461614
0.39551948077114407
0.16396499050805546
0.5663339747104928
0.6164868277415018
0.00555809645779215
0.36707510316917524
0.08109426659798946
0.15498226418568883
0.5949852089894825
0.7610564072544109
0.7478198227207039
0.08406157965042516
0.4433245722316491
0.8760007883426449
0.7258836400165694
0.3463510409779337
0.45932912641889534
0.19211424191195547
0.15505519939842327
0.3040685958410573
0.20747978017148772
0.4152024872338428
0.1547277102107104
0.8365397103713818
0.7091217043216104
0.8920652550123859
0.17296183159042589
0.15231958010550406
0.8232318196986459
0.9994136222043127
0.9195132651911158
0.3739302187751372
0.8532742395499983
0.7340244322536846
0.27899028655421076
0.5229890584189115
0.1286513035337663
0.8312218453198142
0.5806844437694078
0.3337559133330128
0.2050136943200871
0.9345661793704273
0.8137919480847048
0.34874757640762544
0.20573367926397612
0.10034816596964458
0.9427372960502114
0.4560294855394411
0.6032841415157734
0.863188476396245
0.8785332387053496
0.40941822594638444
0.8254875351496921
0.5481471143279945
0.041776796873676525
0.5185635442802938
0.990368289896285
0.5286776571984795
0.7956815397476064
0.8119939657661502
0.32721320121739894
0.7878210653652986
0.49152353613498756
0.75341322366229
0.10010138362186571
0.14177529531913136
0.3685575901119359
0.8664786028847055
0.8452872031569509
0.4379277147016044
0.3276184546448945
0.25745924043011215
0.22628685242683066
0.02537347668346246
0.7895090998067403
0.4301871911963483
0.6582464217446798
0.8471336926133999
0.5330392460002118
0.24896212159825148
0.8646701257119179
0.4019605439174351
0.523761104419143
0.09001749736440601
0.6866815068685269
0.2678737561918193
0.1547183099414393
0.8878297214314665
0.13247382746433922
0.06215337537852017
0.6417237847632195
0.4019837114529631
0.35630639889187654
0.9317844340226245
0.040530262764813973
0.4037319759938951
0.7019143811325745
0.00911446391910653
0.520071078143387
0.23247240525803303
0.8233194730723968
0.3441504439779831
0.8623240362602148
0.9353612233905273
0.929702841544331
0.3851770828288731
0.3719255752309837
0.9885086604698081
0.5556282337945229
0.7456067555801951
0.21519554029320354
0.5120981787562122
0.2636705898848616
0.9778614341598073
0.7996717841329515
0.03879061473791812
0.940635111499912
0.5364160804334294
0.3381838883644067
0.7518036505713036
0.19650454011150575
0.5518624718985421
0.7137914410375178
0.24095936915310112
0.853449866647981
0.9342148806708283
0.599458459171574
0.8913021030819638
0.4794479283936315
0.21590907149438465
0.5845519925461607
0.04953815887849855
0.018097046899138713
0.35429044342815885
0.08870923052995305
0.7633194246699928
0.38698107656371383
0.8951166593860322
0.6606539308320122
0.9359227899624893
0.825736629134127
0.7641407041877933
0.6595040897891068
0.025594786269053316
0.24102738334743457
0.5113752886068126
0.38215786178658806
0.260045041895406
0.7565675668069598
0.9024184953115536
0.05664682128712539
0.31809664699563955
0.031151609680605152
0.27008208529359456
0.1387666974722208
0.33978543219264734
0.895032768062307
0.1985531334242402
0.4444941043048648
0.8619649410510536
0.43989758205691043
0.5248663365931352
0.26944934550838506
0.12087052634589046
0.6339149993976857
0.8120675099806691
0.6309286771119292
0.2798855746492813
0.4084225723070125
0.20998845322050197
0.8189764317249335
0.5995702394672071
0.9270571194002409
0.5632118507927806
0.3463061057943928
0.6838157527640369
0.35654064646056416
0.8576085500846392
0.15613255270554127
0.3033987232366244
0.34357957276321505
0.6392892002268245
0.8979486614481692
0.503369318771136
0.48430528265449635
0.2364120449937711
0.7237827639362928
0.584905117882674
0.8222610236830644
0.32097193665529355
0.16112886465308573
0.22577286704680477
0.8627241651226504
0.2284038740006349
0.18554070940510636
0.5787471293988073
0.19255070057611912
0.46409247336088744
0.8463322028983513
0.8628690069518321
0.21197665954345235
0.9978662598538665
0.29843331792503214
0.35162855790781533
0.9977382431309716
0.8590695363069184
0.30230327927845824
0.7559625204360717
0.03775394154638012
0.328474328748953
0.9370436593957386
0.4370277345701836
0.5126025101158002
0.6175101870358586
0.4134506551129852
0.7310848875362672
0.14348490254995538
0.7501623882231264
0.9269134818099841
0.32163806249850835
0.28862578740754186
0.5723437827931026
0.9036373413658904
0.38092739563013034
0.6484107287261114
0.07171315278478751
0.17970824703460442
0.283148692030577
0.2555868389726268
0.7482950993534395
0.522324182086166
0.9533610351554767
0.618980840266071
0.2890344240429634
0.4842748303239316
0.7942046967154807
0.17748844878261716
0.23892088255813637
0.5347007660160746
0.3194064270729242
0.9884998839870708
0.9684120256701728
0.8262514565422587
0.2769762550303878
0.7455457926752669
0.11843459898771724
0.737090763937621
0.010238297799067153
0.08317091353554606
0.6779584016346544
0.45862742794791966
0.4415855334743197
0.7216827472703129
0.46696350969407796
0.5409956457898858
0.933791739467947
0.19343310849661433
0.5639108452821234
0.35138413344048725
0.04228672076276341
0.4445454298001663
0.12103700244487359
0.6418257993633631
0.455697737631258
0.4681548884008596
0.7401662104559285
0.09772406559669189
0.4808791323895395
0.14362902463154892
0.7352043243867332
0.5396154753854068
0.12302642025708188
0.936173879671086
0.9288721888834338
0.08389720261978162
0.28018549361276956
0.37509898619931725
0.055382793248194506
0.9390396184924558
0.9757126811692378
0.7422041909304546
0.7611122393558806
0.22751934855556788
0.999225802129223
0.23724114265075436
0.033649614734105215
0.07768794237446797
0.4106573046762739
0.2229839341231924
0.38645705833885624
0.0531522992809087
0.8848088093106978
0.4542939471047197
0.18554330647592976
0.7789745195724048
0.7179243260174585
0.7467927060884597
0.6620396527388022
0.9176741835179475
0.48680566728872887
0.6079296815231944
0.23272158754260652
0.5309533043940269
0.6013154020757032
0.7309472866466069
0.2964637343545361
0.8074829374114166
0.6200515674663039
0.5220472879596838
0.31571734413541397
0.19909958303301
0.3124975494316017
0.09142325740960577
0.8622381852977486
0.49522352237452016
0.8395343749732017
0.042485475936113626
0.23078683529411326
0.8010580151029293
0.8601014742265126
0.023578998883766578
0.39641759411084054
0.27449326875951596
0.36831957148679306
0.7444525068665392
0.9620151697958155
0.01356509999861688
0.18599556362287306
0.7773418241851445
0.37308290939607736
0.667293442855419
0.22479912207087582
0.6392628686466166
0.18862369874843543
0.258239895053304
0.12554714481874996
0.0735275721852574
0.17294035551161435
0.20703666703783896
0.5382487233737737
0.6342611260690589
0.643461794616166
0.5759664542897892
0.7871860975199574
0.605304508909468
0.7324334309401526
0.9867680711625355
0.491073182376621
0.38607662107225027
0.23523579612504342
0.4174420828082177
0.08185077394068052
0.44387087786356105
0.9346572364055956
0.02963348727034698
0.5605054489016947
0.8942029103002882
0.6920860570897452
0.5663952663185511
0.6003846198422802
0.5622142395147262
0.20946973698953086
0.703955161905359
0.8871554727224144
0.9833384999395337
0.3351593875128751
0.013227884016455027
0.2819835944905993
0.9391117769773323
0.030865786480013258
0.7843119321188181
0.5149089848095192
0.858856471740006
0.6772009429604663
0.1723099978265269
0.36225916065603925
0.9674149482335496
0.4876867696343644
0.0382854914184253
0.502659816010895
0.5284875616002763
0.08407564652465238
0.8293855963504645
0.08176530549718408
0.86415770114305
0.7088441480941334
0.34371304027689376
0.4298378823442911
0.9230478655281746
0.8657480028443285
0.7070926901485622
0.7913189605772026
0.8117391774797056
0.13771296755338291
0.951276474899546
0.273858663476063
0.41252763403428583
0.2168393785325623
0.7596588148704302
0.24975047357200564
0.21981115048732558
0.6241927909912288
0.90982894359603
0.461235743253709
0.052619536475562056
0.06237492700839953
0.2606675558446234
0.5479665575055033
0.6341898206607594
0.9656205031706923
0.33215412586432036
0.2445065742557141
0.05149378083998846
0.6438294183394575
0.11499484995694786
0.7763276743437137
0.7047941173030773
0.4425158394226829
0.43006568189289207
0.12178846296275625
0.05109733020105378
0.35241755978218947
0.38576863259379446
0.03354687747182017
0.7663555388411322
0.31067754828223426
0.7851770591684089
0.6283589471230374
0.90612089984961
0.04868912134362402
0.009225688686720135
0.02307594668285806
0.7340605915506379
0.3531935469959109
0.7731560448516542
0.292298925464307
0.32793327921920457
0.3527343002382385
0.5085464246627357
0.49628866428396967
0.766711069794112
0.5904314484235317
0.35746980668315564
0.43975152580128196
0.9587886668399614
0.4464999880260987
0.26836401167595725
0.6843990719808289
0.5166528807588279
0.16739817621539999
0.01206132832710094
0.9469863153095353
0.7249608318651211
0.3454277058628683
0.7391017201938528
0.2913116309594229
0.9971363546054742
0.05162922662184266
0.25935454579765915
0.5495376844319573
0.22033867429246745
0.39633989483587384
0.5056678373481907
0.9784337704981714
0.6786571700207892
0.8885627891618755
0.15137903742243697
0.8378176880054569
0.8325061057709773
0.8198173904989321
0.8528374144177687
0.6312394175662717
0.6610074102409544
0.377781550899737
0.5696300451647848
0.6936755438208093
0.6645670834877111
0.4322033413404125
0.047282754219667766
0.6764539666309535
0.9562655710009892
0.38935380148148846
0.5955452514085878
0.7917792998261199
0.6576657320768642
0.4745842843179626
0.7987210731795356
0.6890553121683001
0.5968928560983726
0.5812260718183692
0.2267311924552089
0.5879214844282027
0.15406515900956363
0.7518264719188916
0.09453385180025164
0.6059796349613569
0.42056228894331016
0.7476715486738954
0.6959647432298433
0.4505437237355089
0.9927488836751059
0.3411665500401029
0.7610347501317223
0.6613014545700177
0.18864972384558576
0.9310586079443613
0.6242149712884542
0.9779285564551571
0.732087761852254
0.015408300547699927
0.3959124708966655
0.4803626693501246
0.16976142435711639
0.35506062233040303
0.4552740040023908
0.7992108740294882
0.7611915137705966
0.514374235573133
0.886448278377407
0.4381465222547628
0.23471268693117342
0.2072782792467599
0.10858172860011084
0.2997154686835165
0.11018359644673847
0.9739741229558792
0.34575963702353685
0.09607067039805772
0.8956978487860813
0.8423998800907659
0.7310784818020413
0.8380574066062241
0.2133589647717148
0.49078614519625907
0.5636405232124697
0.6690533667562663
0.4574605732982542
0.7750521179484702
0.33054062571888376
0.5539928386753667
0.9992267154569563
0.6950008921870288
0.5812258045594071
0.6373409579945639
0.827462113383338
0.1188239665805384
0.5349398701182929
0.8491238896653069
0.07767173360196356
0.8532837680649094
0.08205289718032194
0.01726979243968252
0.41520173859124965
0.7265671847634722
0.1212040597534455
0.6956653155350795
0.8989522162352387
0.7284978971738845
0.25390346038653655
0.072563606476999
0.8705021563276746
0.5302607302007631
0.3142323865095613
0.12431145848062375
0.1680421228280925
0.4735607951213954
0.48702972673149314
0.18657364106013175
0.11966592078503147
0.5830700823290681
0.6887791517570363
0.8909754930055194
0.21633057482989526
0.6042447389437606
0.8246405902940768
0.45029766947247507
0.6149944037090066
0.09240523769420461
0.7445900804168161
0.2045374045775582
0.651444643296623
0.5073946473513835
0.6675810507674779
0.7455174218919165
0.30241890917389214
0.37882760815671157
0.9790241306893543
0.9186968623294084
0.5960213687223679
0.9294690784046
0.9435308837080849
0.0014310572347694395
0.9445851219977841
0.06306569222110148
0.158483411756698
0.3692256997040432
0.5334907656244785
0.4904830421227664
0.779826431717789
0.9269068216531428
0.661847806895274
0.6004447744897746
0.8351166283175415
0.17172527285806727
0.40365010280784974
0.7842255982287406
0.09099980846794498
0.026561495200059904
0.5648113658179231
0.7130146712690703
0.03456378337661914
0.3887231448940339
0.5814176807162058
0.17021840606788463
0.1495374050985694
0.0349908597869657
0.17084271918002325
0.47241722799417174
0.05252031893245135
0.300875727028007
0.38583761140238926
0.623218269124583
0.8494158934168284
0.01007010984559531
0.8882296299515755
0.0019108535688500128
0.7230119052968201
0.09702835659496012
0.5435234368051224
0.02375026881490183
0.7518439047777314
0.4651058701973172
0.2915316926624938
0.15705680558125534
0.4439975816781271
0.40175062497318714
0.34493375734674225
0.8989613505436345
0.3768520754640666
0.7695453372420822
0.4898180653494437
0.6599381682312022
0.5746097520266554
0.7618677035116947
0.2545410218990316
0.14826290791442198
0.6458207608336565
0.8822139853808204
0.09128507499164051
0.6873271758047398
0.8871391785987413
0.5859247051979803
0.39373993870261037
0.702626079935171
0.9408080753435794
0.3119972268889094
0.48094090591001415
0.8902131287414047
0.5054284806209469
0.11021170850690176
0.44173390766432197
0.664252942097256
0.7079864066128831
0.2834927760490934
0.06441982620649789
0.05673782840199204
0.30054862518979164
0.7333835800508413
0.31150818068905195
0.046293686154090574
0.5652813221363698
0.8932614791915383
0.37250850526882084
0.7886384145038675
0.7426515038156463
0.6543172267861346
0.5016446076888977
0.5860316024109495
0.7295157612587121
0.9391650701099261
0.5984070053041038
0.1732429231006115
0.4055804953553587
0.34675898948204253
0.1597719532636167
0.5245877554551741
0.6339384967040063
0.3105708316758474
0.19724284801761338
0.7527641492776271
0.7259622562182326
0.544096709941338
0.13990750090434956
0.20322209399450752
0.6461695447126949
0.5668816701942423
0.9784154090142175
0.19121629871744228
0.4313142236632732
0.97229949691955
0.33538751518966026
0.48118037662925106
0.9165095551549082
0.2342403832121034
0.805064002646937
0.7493084947038077
0.8418269066646016
0.9936606639741061
0.9290209681016901
0.39931392058839565
0.4736556003363789
0.6695638273913872
0.8698076578643114
0.6167490059243665
0.15635357448863307
0.8155290626958378
0.12579254983910915
0.8544152301798285
0.16489508697947086
0.4305868323902686
0.4975619350652445
0.953367175954147
0.7148056933630842
0.44372729802999455
0.7097509128124981
0.5019706035157717
0.12577974465347708
0.10869934877120202
0.5728595723003218
0.3363171606286395
0.5371458063349827
0.7051032053811741
0.5127907124845232
0.472654801611597
0.9575708463074345
0.08676440328943846
0.1151143066284428
0.5743585806136535
0.11567914273676294
0.6989818003076956
0.9554378737829277
0.6361963960471627
0.3138009089255549
0.783278740256311
0.9584875404199521
0.7419722061863211
0.5836723910091207
0.285650033340869
0.22364150728134002
0.04064500434314389
0.49578859798159514
0.7109404288555579
0.05757363876738364
0.9610086374021296
0.5817047072238691
0.37696073979792377
0.21984910249354928
0.5213749394001995
0.8567082133982699
0.6537363650246654
0.2515785450174297
0.5272197516176366
0.8369617526400709
0.12460240164750913
0.8442892750855261
0.27593984655403236
0.876574935766477
0.5467569279983412
0.40410568720072704
0.5182447277845657
0.8427690955512244
0.5743204649095319
0.552165813246931
0.3337033031676029
0.08847981537815419
0.21591842279774587
0.4304773478149583
0.9645973647698564
0.13761326318480205
0.45335032221351956
0.477822602048506
0.45583734048845126
0.6771718264788367
0.13511608589904756
0.8342043441385818
0.23972940476737103
0.3939068208400329
0.34973922867557894
0.4769226033632551
0.06813204983009225
0.3461441818378941
0.4085478730691122
0.3107668361944531
0.5694696685730488
0.17957822649211097
0.6442508575548351
0.3101384462206642
0.6340725762794863
0.7555100356606045
0.3144687621257882
0.16135545736550472
0.3844423133551217
0.5873969709658903
0.9022095061809196
0.2369938408346538
0.7972737438658161
0.4297234291733272
0.4678668172000603
0.46616578236041206
0.5021640515849756
0.00982728692155621
0.8448509686438895
0.0010620036780637498
0.43782386246941507
0.37011414322603564
0.5465272988296029
0.3196742257402734
0.8604344470079673
0.318208474323071
0.490167979008276
0.40726352901967056
0.18643296986238433
0.5307342644611192
0.26678553569697716
0.8959813470407096
0.2134685590054266
0.8815453186566822
0.8808963390679548
0.35943565678208844
0.9173171538041113
0.8964317969808381
0.2417929895682035
0.057939450558492034
0.21970102257094482
0.7435834855227463
0.33682068386911856
0.32537863692640623
0.6962210724540836
0.8112348006708999
0.7684721947995308
0.07249335060150564
0.31024337667018254
0.4681036163731206
0.521155369701965
0.041003132410979304
0.6189353195481021
0.24064445808085688
0.8571932477798522
0.38926710823036914
0.9034237766505544
0.7541230282046084
0.7455906716068764
0.5616968154431714
0.8436945466105652
0.22241473020521163
0.24241261069817654
0.2094703122786672
0.8197688026583086
0.259899441973242
0.4763310970465289
0.350979569421769
0.169196349654696
0.20709033787235642
0.8305662048026612
0.961574030327499
0.034841516678811635
0.5915093322717917
0.4753194829223586
0.9315611976784116
0.10764654848801447
0.2057559765958108
0.4031419171170675
0.3684718036542961
0.969319751515608
0.12688188586646953
0.858968926320918
0.1087672153004553
0.6504531115178519
0.34789372024323484
0.25851041692976384
0.18592972669683905
0.2833347121294878
0.3649617401939037
0.6862923204903398
0.7845613219720403
0.2160842098686735
0.27228915707439616
0.3075060531019995
0.9285172394151809
0.9858518016282088
0.5606134741516037
0.1333218045446991
0.6224185468058107
0.37679624509160903
0.27095353838179836
0.8931316848449548
0.9448086329447524
0.8206969923408898
0.6086857675009427
0.20042054537614884
0.6082982273947428
0.10215165045599206
0.016179818537219837
0.9456291489034714
0.11707724936326447
0.7221908774861528
0.3696489623639835
0.45621419656928486
0.6262237180115233
0.070315522331581
0.5475465139826338
0.7567826035548898
0.5607050750490856
0.18491788146581856
0.3933813533686161
0.19972888000821065
0.49998581307182044
0.7242404528726001
0.028137427777492174
0.7292898474810389
0.7130081119450032
0.28202847402405873
0.6786531159964996
0.9257361930166869
0.4828440447833722
0.6271967082771638
0.9664808604949005
0.26258854042376634
0.22357661429320286
0.24567265885966738
0.29183025688197695
0.616776387730482
0.8120010164785387
0.611676345783759
0.12120619406379485
0.6490416927334666
0.4652220159606305
0.5563533675009025
0.1640474224826699
0.3648089411834591
0.4174742673503028
0.2600876768978265
0.004996502021579419
0.9545111489252066
0.9402576344087672
0.10774931716333214
0.18378451847383281
0.8013719884053114
0.5723178068043019
0.9214628222555026
0.6356229945106037
0.631634045245095
0.07686098575247935
0.9600565674212526
0.8922590085891869
0.03520883909742922
0.741836592660274
0.7159851070184596
0.048037131353285245
0.8468055899307584
0.6223518879855426
0.4478654459732203
0.15950058355460528
0.2484764241511611
0.6599781656215542
0.28141629483764685
0.2730703288653338
0.1402969942962765
0.8364345924977302
0.5471425988860801
0.7018654441657373
0.28584204411513237
0.3747487238171179
0.7352361414036729
0.6031188961442737
0.6188171073703633
0.6284880782603096
0.30813494410567255
0.08955734543025995
0.6100824621066222
0.3660312904430798
0.847536142642702
0.32724058428309666
0.46935306491306983
0.8072668132027485
0.1225793593234864
0.005423266654405512
0.3432859198307525
0.6422457508881705
0.6739991465121243
0.019463390832567984
0.9704632184140698
0.07695992631354776
0.27955636197135636
0.4477434906037938
0.19372804518083941
0.859078684412326
0.6580282735416035
0.4250247291202637
0.5994662514100336
0.12328818457240154
0.4330898657545653
0.08464276916572144
0.7623616933906627
0.018336279064138816
0.10234871163181514
0.6891887220387397
0.9608002386401794
0.4374110102868517
0.07011964043291419
0.583347963278186
0.2755253340790923
0.27042509549621674
0.731452713111619
0.05417152232926481
0.23385825025622076
0.7292752380391857
0.7169820256055445
0.4317325952327905
0.48436073315890493
0.0752978937187424
0.2731642283372083
0.5616712789307341
0.5219178192669034
0.15731897111276372
0.8184683356461712
0.44626879720313295
0.10980906509348409
0.10390505394215555
0.8297205604162926
0.3068281145570767
0.4463575496733482
0.027003937912067122
0.6900272806235686
0.9886111145750736
0.9566703341729067
0.5138759346479159
0.7176009931063101
0.9651379402766826
0.570556078881265
0.3956418586222542
0.1724117608744733
0.4402350285165697
0.7301517259151086
0.785770784076441
0.13231827635296778
0.10933442117261005
0.5218730326697185
0.8866404795684224
0.11341974060968718
0.8742762257030531
0.24949829813283964
0.4780496082769863
0.2827719571117354
0.9362373448038315
0.04182436670473366
0.9367004785284758
0.6590013694719798
0.7972711677302678
0.1231208899042242
0.8504586060040078
0.22202581086978934
0.5319534730750548
0.632360274237992
0.3126170830196717
0.17140345497267728
0.20529551530415469
0.09390927789124648
0.7806109145752156
0.28816374712708503
0.724382129366477
0.803065804277991
0.7835535456830556
0.3361784353362468
0.47089223876788766
0.46841439123504625
0.05306023817150174
0.4566982242705021
0.009326953081275624
0.24523750345622575
0.6661980186789489
0.9012627780002523
0.17364714707957174
0.06741434661343892
0.2597917143617996
0.9721608252850109
0.6415923298516567
0.4285965951225945
0.39196829250996534
0.27369261673281176
0.7139448800262799
0.6973181265826682
0.7511753274419973
0.7206622017145794
0.4667030285951962
0.3208808073371978
0.7211966462298335
0.5897880405476265
0.8948652648492308
0.48318394824042077
0.6948070805451059
0.901662883092653
0.5838877441753032
0.7829842832711698
0.41675223638863523
0.23664839754201406
0.6150228883867501
0.9606481580047576
0.17828418070017704
0.9601214761805406
0.4374518432645599
0.42780283498647886
0.8096715827313298
0.8552794210020925
0.9027371726359646
0.9058664606441471
0.1309844032883125
0.5989414105449888
0.09432736537859787
0.5782887118594897
0.07488273774558907
0.525998494631741
0.0663226011984932
0.1503249133223079
0.02236407838555643
0.9149268242180363
0.39494262219718146
0.4368949911496456
0.6121083836633316
0.5303434703829829
0.009877358932148472
0.544201580824813
0.10011463933149278
0.4929484426936275
0.13035579631061
0.2704832492689949
0.3858220026889595
0.6543425310651173
0.5859392486401886
0.17931455439155897
0.5603326268255274
0.7366140319683477
0.37642685154807387
0.8595206371412045
0.428950012316313
0.6839920405153527
0.5431899987393394
0.05610613885944771
0.6966633016220911
0.32696908633907473
0.77401693219266
0.6943098795590686
0.7486680639774135
0.17899849409892776
0.3698815554598166
0.8966779771155803
0.053844296484105714
0.3345751694265532
0.850808947823502
0.14793703325498875
0.2739168679715611
0.520751677326644
0.9457897812385424
0.6419563746805385
0.9969211978967489
0.8845751548659959
0.22525381763408536
0.01752463582011865
0.13447779479264232
0.8342995299524362
0.7696135790971733
0.5332284706390479
0.8837417048941254
0.42125692659351577
0.6563603536650314
0.31684900988942166
0.6275780074649099
0.9366443748966921
0.22876856667105183
0.08359185877000475
0.6634149744594144
0.4523743224503137
0.15919853643074355
0.8618234276386292
0.20953913351591258
0.5665351415316555
0.4071419013213722
0.43228552018123645
0.33037539495540413
0.555900295918156
0.21082845940342065
0.29917994906006096
0.3599927773648235
0.36487810016692623
0.8717584706397449
0.11384554024249849
0.11714028759585293
0.9076251579393911
0.39009753866286667
0.4365401398028179
0.997682605263197
0.8132829252376258
0.626477065886095
0.5212009278696573
0.9506066327361856
0.4028553408783059
0.5839248911457996
0.34606949717421065
0.4516940851752399
0.3116490842678252
0.46367099132056533
0.2923238465743392
0.037913636213029345
0.49743262341132666
0.8569203698142556
0.055061717173110925
0.6913548572088392
0.042116181547793174
0.31806758680528524
0.31518439350395777
0.888434360777045
0.33420392702454016
0.14360206848184387
0.5455184814313894
0.42535233651762294
0.3930541163958047
0.39944829819336103
0.7366201109931446
0.14187364831996452
0.4694763358350905
0.9768860195806113
0.932620695771724
0.782170200994885
0.014427499501383445
0.3176612886596185
0.32046583991082045
0.8914462854863204
0.23724255204813915
0.46050780498877886
0.5221478117571126
0.573033350452059
0.488139820747466
0.6441943513319826
0.585186461491678
0.8931204501402398
0.2512630524936609
0.3763466347616924
0.7632796218580065
0.8487465089820853
0.7137282142960484
0.28693220404923725
0.5861998025069807
0.6745192990930383
0.19743546428748993
0.5730210602074192
0.3252594034287011
0.6653896546137911
0.34221773666156374
0.9216076432988777
0.049326021944255616
0.007519289320721212
0.0027231775516760592
0.24553660146242484
0.008139273660595858
0.05602341085965856
0.19007548283545983
0.453928684190556
0.8501239059079437
0.10582048956950185
0.6171600010543321
0.8543653102195147
0.19334017056430208
0.43972429754485076
0.9824449585242422
0.6920991702725666
0.8655761350727543
0.8409175274946482
0.6158911620007422
0.7387321999281471
0.22488380240465045
0.42552229809117026
0.13484278198769584
0.8769520155209325
0.8728267926852803
0.5483780925877046
0.28322286024450116
0.7244460944986807
0.7069567101694093
0.42346254863745403
0.067847146552799
0.6759445344357061
0.060187721124407734
0.8200792296621786
0.2126124805959001
0.28033763786670485
0.8140867083764092
0.1799020391099826
0.29910920477090264
0.5941825619212209
0.6201320072420403
0.07808603436473827
0.6429345362436966
0.30673975225706385
0.46157516573960855
0.10696618819193016
0.9773793798176643
0.22768342056165058
0.6827090137959809
0.15264231466860478
0.014283731395025479
0.5341346071859451
0.17885817380895097
0.8087857484121423
0.38280917116649404
0.3296972128082484
0.7315550110036517
0.26523640575524643
0.04254016405058725
0.37991534013387096
0.256077413804895
0.5577303178487139
0.20475104405372924
0.8736975540294236
0.8687206991665705
0.31157162957894624
0.9126437565964954
0.7468530542968149
0.9946194013961379
0.555882224844679
0.18987636046098966
0.2695941897951436
0.6720119503948034
0.8394132327317194
0.672146057312219
0.8289390363578059
0.29377269038466536
0.2781389944213962
0.00653715149876255
0.15248311976227402
0.81636563673201
0.42198522861292664
0.5854057437290852
0.6461124914560551
0.0914708653538353
0.1315550486069339
0.011338333817441648
0.5059693099594759
0.5994285564404179
0.8941673261234799
0.5430755994850978
0.014471686751486468
0.21915262864745144
0.4418236626184565
0.5493693003677815
0.6624485475282098
0.7652802499122211
0.6769197324276767
0.7647106797905566
0.4602346985576252
0.6179553105497751
0.7551530951222186
0.6448153321859815
0.8416442771728752
0.657059384288371
0.4979641955999242
0.06416943231781769
0.6899323685230814
0.8561048768427567
0.3145141863796085
0.8985145372116364
0.3177262201816097
0.6475764318920371
0.49387303874537936
0.21639793008868669
0.2752157085988677
0.6941640234901313
0.8422975689105499
0.6167871666482816
0.8614621539848076
0.06750181375233422
0.32955015117653974
0.7511979216727487
0.6583447465307973
0.984018570002417
0.9759649564670726
0.8828958973783021
0.32814374858352147
0.7018546657908035
0.583732101403152
0.4295940917978974
0.8867242127495694
0.015713769229017016
0.4694073452400648
0.46618232930318004
0.4751771582992891
0.10664164289918254
0.5625543594769936
0.34566576511567193
0.03808364295654143
0.5713435015892038
0.06878713738495912
0.2467456071163
0.526515874703148
0.5599672969237778
0.325372608928162
0.7576447048386303
0.6387616881419498
0.3444647057808895
0.2663190005275071
0.4338027879994918
0.769844938348629
0.7074605341573671
0.9818514277562973
0.39948408405357283
0.5270958158912175
0.6503588015836187
0.500784684490724
0.5795797416523542
0.7891019088027401
0.9212702114025187
0.05412410996328065
0.6801480097580993
0.4236624775154133
0.728949054894967
0.687553329658082
0.6081692959418804
0.08997335499415227
0.20325991494635087
0.3353106767701469
0.1837638619518135
0.3975577850925087
0.5417709229923021
0.9580972628947189
0.7918278827030744
0.04436366803037206
0.3434550256084533
0.011314310672774441
0.2393937747431305
0.1590010314993937
0.4546632025976818
0.23101279290304133
0.32768590618865256
0.675789507170923
0.24582291318950023
0.622005088017193
0.06901402781092769
0.8013463221385878
0.22237946035351142
0.3661203853886401
0.46340314320311193
0.6812791366658907
0.2789271909922796
0.1059863142930264
0.48066364436712095
0.5755781894957952
0.4580805399265109
0.037607773256497445
0.33743359360266834
0.060269869143480426
0.4337185884135091
0.8233922639066257
0.8665950091839856
0.8572775571519099
0.21617225713080146
0.7350485710790761
0.8549582317030018
0.031657168559641624
0.26796374616497276
0.2130131026976969
0.9041176423356714
0.5511386878797465
0.920607756973291
0.28704200621250453
0.3496143321066839
0.8411103193081347
0.7334586855962134
0.19034900464146642
0.8521841174660006
0.8729368429736206
0.785367326109745
0.11115968926086706
0.23229305043877768
0.9352353512195497
0.8604181215413679
0.15656825134510244
0.19313805651802263
0.710195121501092
0.2412104586191497
0.9716085927192496
0.3960741971365269
0.6199794854673669
0.026947395579442812
0.15445999243939867
0.612253417970645
0.1602368984952598
0.44877982208420286
0.18464845390557416
0.3663904947228924
0.38265679394100205
0.7205962204789332
0.9817066583026911
0.20320355201366136
0.42422405418384834
0.9480265300316778
0.5196551380554056
0.7005746163375637
0.981286925543055
0.2692873983786064
0.5171088242733017
0.08434414328468665
0.3488595948983121
0.2880418342294053
0.8915605817837978
0.6017803374260282
0.32788537053472
0.8778269052361184
0.9822937770313925
0.8713827460079817
0.4292104283637367
0.20171390583783988
0.9432818257018432
0.1775838643474541
0.9058536985013136
0.27880394666612285
0.15977066552104835
0.5803118404239158
0.09772183353200725
0.19949399151343772
0.3950504054270656
0.8267483009881843
0.513212606833479
0.5135488587749393
0.6010416647476248
0.8576319292027408
0.20668098589850004
0.2763587593927712
0.20223812929571716
0.6627884193997274
0.7744707535242076
0.3791996028024307
0.5629424042867012
0.8363056361732135
0.455032152303818
0.5975266238789124
0.0928953064160607
0.09478474798130843
0.674606365543815
0.5171156363774487
0.9337000541953414
0.44031013065003743
0.39004283395078987
0.7160807409828819
0.3733875530393267
0.5045928358626421
0.030177343463338557
0.0945636740699679
0.41905181960755433
0.2612170282456716
0.5908487289460272
0.005103263111728373
0.6348043462673194
0.7676888038842632
0.13646552073280915
0.6084845259157328
0.7217196560787802
0.7938963750971003
0.24538703483120983
0.26088868640099994
0.5083398431370629
0.6870514203719505
0.9702526253663645
0.7481837180602258
0.2685747224697028
0.45293780734694067
0.28042932953171806
0.6841749228622767
0.6700386859747114
0.7355712472998166
0.03824220904681552
0.6802800335109915
0.29302355461865426
0.8070384192250041
0.7370949683795108
0.20405166986529621
0.7259575989860233
0.8208161176330631
0.8376734083902055
0.8210865549522388
0.2868802270565598
0.0001041368305660928
0.1384916181065292
0.006514516707022411
0.8302413397538699
0.008772577583643915
0.9207932827434706
0.9149122299730699
0.809504502561162
0.39167127855667383
0.04804929744091535
0.6631624317773809
0.7702338836780803
0.6209085661839527
0.46274057743873465
0.10026626704932506
0.5567232053306505
0.8539332363649247
0.5633738914506846
0.7621367849070799
0.8689176929757585
0.7198487119794773
0.026368842850416963
0.10418233137895405
0.9894835099287369
0.9990791219735579
0.5302345318856154
0.47863554303660494
0.9252933656886444
0.6590808096657573
0.9018270676180539
0.6794944235113687
0.9248446378491249
0.9194946205464252
0.5829299451262043
0.44013821750538795
0.09057120321815015
0.4477651678949305
0.12245062046539723
0.7742082836241466
0.8857331326224723
0.759781823112211
0.6355444975009024
0.6551844888770433
0.5327101586651158
0.8983351403820026
0.9624363724571522
0.2580391946976075
0.6264661072105511
0.056754804195163544
0.15351170523536373
0.045878253099388755
0.4927809979492199
0.8812264745211237
0.8525399578782618
0.18442770354838822
0.83373611225461
0.8110879936550105
0.973536102861618
0.4486445249026151
0.2194915738616463
0.5463801573390533
0.5443776452465795
0.3030409094961207
0.9637119614423706
0.16569419712679978
0.9166443926850147
0.3884665502322636
0.13461729627883712
0.19334783714132042
0.517941358484436
0.3955760945189227
0.13666283748849384
0.3321694551720512
0.988483898426442
0.03363733881269948
0.2601714635491408
0.004347686024862574
0.9533515103454326
0.8654842003250736
0.8055315653974191
0.4333969502894649
0.4739162745268479
0.7168718627394669
0.9276960935016149
0.07961705823329712
0.647820833516727
0.5236277369036209
0.12734879465412474
0.5163315344914424
0.07326274093783114
0.6551025035885896
0.32637188829728836
0.93303131755771
0.07481679731901181
0.19192111806413437
0.6144572860615743
0.0716800843838763
0.21338270688525618
0.9734051432959379
0.7076647279427857
0.9346986181793238
0.8159605590776923
0.15257106923664543
0.06998751030379735
0.2117943659734698
0.8620864500177514
0.22039745446201697
0.2577185979589285
0.6700637385197871
0.6351436928758086
0.6303970803107694
0.377244420376625
0.09432962890641583
0.7163116138613754
0.6050847940069807
0.39259778285781044
0.33023826364891984
0.3635767511885676
0.14436897209977162
0.8666302177746446
0.34096480759016456
0.2693023083918413
0.9018946809000566
0.29739216384896494
0.6604040586622449
0.678674188978497
0.35743676360636245
0.5031626560033339
0.5929230632429716
0.41619131921799013
0.9868920916900354
0.09366170070919444
0.4212795745673008
0.06819821542920168
0.12434185620224614
0.09879567730411198
0.7762296449382062
0.0027920437481255833
0.6709856915161404
0.9645398263357421
0.9173022368980204
0.7875283183155413
0.8063779816027185
0.9921536898482023
0.4366455671446057
0.2656292634693126
0.1544006155035712
0.4129088997213892
0.6012116880396171
0.17676791277341042
0.5600581056507717
0.7137481844296379
0.9339115717986052
0.3414828658350756
0.2910407742598339
0.5750903938605485
0.08329911056679928
0.12543634390190184
0.7478758280846003
0.1486225725892818
0.7192396498221562
0.37486451657770714
0.5421623066603074
0.3685354683512043
0.6288446757866273
0.30114548711832023
0.9039005734124956
0.41820778358401733
0.3201899558716881
0.07479753353942398
0.9195328240722843
0.22976417263528415
0.8777017276356353
0.7440900984195464
0.7621167268069312
0.1494031720235348
0.03260051174331646
0.12763865985659706
0.2952800924277823
0.057463678354827685
0.15337916031638432
0.49353380979542905
0.9266012296874898
0.9932062120832896
0.5405271245742351
0.4978235143239126
0.07022772508028663
0.9766819010822916
0.5626033106676244
0.40649625645636367
0.22481330876126837
0.3788401079408187
0.07865797082177661
0.4837016410433931
0.26060640792488465
0.6458442140611563
0.5296563496055221
0.37418116384885214
0.20462963315282356
0.931775035255863
0.01315403956648642
0.7026729915322394
0.3812672670139796
0.3526644521687152
0.7619531371806805
0.5822983154985393
0.6311328969610157
0.9501178583963314
0.1199715672991074
0.9702852930474424
0.12792339155319965
0.7209834824993218
0.3790966831196546
0.599949665228127
0.634124869770874
0.9395667090893688
0.29025034572190156
0.4354965149742792
0.378600056796905
0.7600660050419359
0.8146541294677677
0.9076488840799776
0.10738057633839848
0.007368094130268621
0.2853146634713837
0.25961756971953676
0.5042874164563471
0.03337587092765271
0.45771817608539955
0.9164965753324845
0.9867768471190126
0.30467496477148426
0.8563556547852734
0.9101241210770762
0.3084038524158914
0.46525578940986345
0.7282460571361337
0.2303213268976657
0.7665641842096624
0.7424449877607306
0.5882496452212603
0.025119018066266374
0.05117432702856384
0.6145627168634819
0.35957342149279237
0.5063952046286839
0.40943794006740153
0.7877431044063196
0.8038918505001826
0.567353074021374
0.024788595607597608
0.20165276041528646
0.3718315669678083
0.2597647996235801
0.2153171837669522
0.5866305505870503
0.3032710327875986
0.6867890830580773
0.8642608444050862
0.6262700251942869
0.7459399867688438
0.33375401543681016
0.38144504508216925
0.7572660400799853
0.07216169297222652
0.1664623346579438
0.38003945594648647
0.9315208718940096
0.7513871505205745
0.08290081499021862
0.7234462828802658
0.6111105743109537
0.3569652445640067
0.09324895115082277
0.991250157627735
0.7519338610652807
0.6579962590409815
0.6509394658293107
0.04396386837578525
0.2999130808593946
0.9638652471229336
0.5159853956635231
0.3987489090494549
0.31688539506105484
0.7190782652641621
0.026213474287347105
0.1348578756107277
0.10935966403978348
0.9322645194340294
0.9987450375698447
0.3430655822050048
0.6709638533776211
0.5014671161422123
0.45927338426557174
0.19052009347770515
0.9005657999546519
0.9701935150820673
0.6447074784132603
0.722071248224743
0.5921634231190445
0.8744740292503789
0.4208942315041647
0.6441635619243552
0.5508013640556496
0.162527107476523
0.7469236365022841
0.2674892554024769
0.729597988165538
0.22791957760736425
0.6016533759742181
0.47381218973535644
0.3611410691955059
0.44426380486090133
0.5482735206211875
0.6359725798451641
0.37085141688793477
0.35492241680403547
0.3982637391455517
0.486667986336192
0.8896721271886905
0.056844266615126315
0.7090312219220805
0.5754530192035755
0.016983344951651547
0.1447800840921617
0.6807337174335891
0.0028028684300870355
0.400388687511935
0.5953756403474522
0.0278326323784559
0.06441178000736947
0.5954350329758531
0.47173225272585917
0.20247489543620334
0.21779504412690154
0.5998609167484954
0.24163854500167625
0.4689675614552181
0.8827040479872722
0.9492940647242362
0.045249005015543964
0.6705350407089057
0.909872017765916
0.019523330451663434
0.7091984801820169
0.7438623794550097
0.1991922908065238
0.6075069088634626
0.8445100121997786
0.08290052577791773
0.13649864909904552
0.508617087802804
0.11877554598704865
0.9557032596773029
0.4322506816853543
0.8635143521781546
0.4351073713184399
0.04491860374727685
0.8772725561141251
0.8826424911217067
0.5448354645507222
0.9768289099228016
0.9814848857545984
0.18276619784487724
0.1557068134976578
0.8387863797361937
0.13703558721932751
0.6056143754588843
0.8071730836062391
0.8146463992172489
0.3993322899600471
0.014187178621310137
0.6351638879744107
0.30786167322437363
0.04962199201711248
0.863898787741496
0.5481640037741937
0.5418261204389194
0.8430465672101917
0.47797928163418435
0.8385173930234031
0.974085615381557
0.7857571460728535
0.18217131205907144
0.13218438987202685
0.9969504834531039
0.31416367926209254
0.5366187630240881
0.6283363682949985
0.5624242120575036
0.10083913590691285
0.8170776217576411
0.1306793708477153
0.22209946426931215
0.222904389645305
0.428738286951603
0.4270675014760431
0.07314249714102683
0.39344851011189774
0.3163292674568945
0.7970880835623694
0.41286240332897917
0.7235742786375745
0.2623141875706092
0.6178456548861514
0.6492580247658593
0.5339296770020615
0.06511473576444071
0.5533847426526443
0.7980069608171271
0.5423067761550971
0.20140664137005593
0.4131942936136035
0.09539071994093373
0.4670166570741948
0.8347253339349068
0.2525823630979398
0.5796823767688452
0.19335259795741855
0.25733719872366767
0.02548558255351152
0.9073646053877987
0.7833674825874059
0.09223952063683005
0.45351320617048363
0.7806316026075202
0.39959093083581243
0.049960850212074304
0.34482116723174994
0.47467354437409437
0.35588810135836313
0.17340496543421258
0.8065288767650597
0.6588148783427256
0.4853955520753953
0.7342834821405373
0.6042726406476976
0.011530904182527002
0.6510137691517325
0.9521823601721399
0.5198782685331782
0.48870053533969526
0.721443998637538
0.2265314757518162
0.8480769800233114
0.8469298869173222
0.2831374969449383
0.26565302354638143
0.6277667081324823
0.8307436816808726
0.05560199160221091
0.011810593937032654
0.4158549526946609
0.25004307843643037
0.20126710954029747
0.2477422384520661
0.6428998298551735
0.5510508165193242
0.1430984323463299
0.3570746380123674
0.8191943656980357
0.7916348603128442
0.4917819934134976
0.39659797957733245
0.8955910135723192
0.6409035758307552
0.7945649293181554
0.25183270896441357
0.9990773139072633
0.5000483140387064
0.9580743205587147
0.19910944638687533
0.5255014813836988
0.8414978248300871
0.8643877056124829
0.23423490548500414
0.8256548007985005
0.7371765008732519
0.9048499514226277
0.1597233273427625
0.1059736847240429
0.9034687455488611
0.359070702113777
0.5241469569222601
0.4698784665112984
0.8064916562647901
0.10573008674679552
0.38682408273312574
0.7659197764990531
0.819733055497856
0.6690810947329506
0.4071092801320102
0.8243739161814427
0.3186302548297999
0.9600033522444106
0.303931781162762
0.6760264572413828
0.9934650205804166
0.6106007181436884
0.9029726026092117
0.6035557673882117
0.953240507132484
0.5369704144182896
0.5205333367974009
0.01951451335686738
0.13690762762159792
0.6751727602170833
0.7271855877985091
0.48101496543264466
0.5863851076057064
0.623679894288105
0.18631702997921762
0.033802409322507665
0.0999782552884173
0.1139857345159746
0.29702028508743117
0.26748623447743136
0.33805921256415294
0.003593300377889186
0.26817889709656273
0.041030237130415426
0.46039418784486985
0.8998069643413349
0.5160194589255379
0.9368543577579804
0.678383888055565
0.550348404317695
0.32922089644426134
0.028209351454266507
0.7924363945935284
0.09583102840315072
0.28302345883629343
0.3831915493592375
0.8120440326252254
0.02848379215738739
0.012711367170281651
0.8099574653559125
0.5314958079645024
0.4638415790618786
0.610512016658717
0.5881811058630269
0.046994348796547736
0.11065862417532601
0.42379198176866495
0.8123596533760314
0.49131834137173025
0.7157974247822596
0.7148285642311996
0.22385366317378785
0.27607893786809323
0.7846403548961421
0.758872357856176
0.43071873595606414
0.07620179278656736
0.11294493029262587
0.8105029723519971
0.7194686574056
0.5622825213784379
0.13131030652022635
0.6206726065732199
0.38482712623064086
0.5939326937295304
0.33757506046797603
0.31052618265764975
0.05756859827739791
0.1740736989780184
0.10841485071597134
0.2646146666298347
0.35755036326292233
0.1427071335353891
0.5177831905166562
0.514259821264831
0.990632169861481
0.6488353234862483
0.13581248662395684
0.33907214409851016
0.5994690520015673
0.03425314969343651
0.7382521726343967
0.6385205534969545
0.9554575582972606
0.9289409893989472
0.06209691238748649
0.4317623367718024
0.5972006454605604
0.5483923690234199
0.2744816032154289
0.04745536980698195
0.15774920482944366
0.8250863656371225
0.8855150812536952
0.10547509178487946
0.3151295760538133
0.1655100514918394
0.12043888493751087
0.2014014946289846
0.5043936793687317
0.05205628278059515
0.4042782655296161
0.009567375401575595
0.9185782170109851
0.8775519139031083
0.300804167241118
0.9654524007723562
0.6494148160405441
0.48500205639516003
0.6680060558100182
0.9775001625443401
0.36708554744095856
0.31798559820891636
0.633164099717572
0.7495641236719842
0.811373130914046
0.21267480028738683
0.5741336279185457
0.8615996815234254
0.2628685562712132
0.4855733183781066
0.5435657096663988
0.4834759629763955
0.5270614995503263
0.3581981432383081
0.6245808467716911
0.8590025014923646
0.038146817631998564
0.02819068924684731
0.6585355851761616
0.828671194503838
0.07026744667229656
0.5819922348487625
0.9247421304063689
0.02672008996669384
0.1499995283403155
0.7871313956061678
0.07710241412322161
0.26150356774761363
0.10774384695464245
0.8951662661908281
0.20607137462505576
0.22227061196132258
0.6862331264860986
0.8318226221274683
0.4633004495196962
0.6131306823190495
0.1726322630704915
0.5514162052313647
0.24669473172570977
0.6876604551883332
0.6633387139200032
0.19451564008053468
0.9616441350669594
0.5033769592064271
0.7707687494640303
0.7631162065199701
0.6391476519661159
0.528590771342766
0.2978578242019828
0.6008440054536067
0.691019165998899
0.6995285214493498
0.23498344006432015
0.8330397836965933
0.5681183873743427
0.10912654639887776
0.5651393116207947
0.9836777004691536
0.655369786401723
0.6388225864070277
0.548367635181902
0.4733017677655381
0.052396779765193524
0.7866759518670333
0.024137920475798103
0.8443834714310156
0.47121578516974805
0.8071761853738365
0.2507575625438473
0.049479922929739906
0.7259844334017421
0.6264391911886837
0.039144612331672324
0.44208418746501554
0.16227289662528344
0.5261534691243392
0.8574414907633288
0.7620959239759858
0.936309978410821
0.7716761358254479
0.6513322756741143
0.524793579726216
0.8459417777139776
0.44527285733757294
0.6026800631381628
0.9759604594595112
0.3314416490438927
0.810036217006372
0.7416150376876414
0.1121769703421912
0.344122694948528
0.7046334911038314
0.23692149831070664
0.0032898690363567518
0.7009357785631717
0.2216173267340622
0.814275792822527
0.7303394495040961
0.6020640480472621
0.8368006291206661
0.5220311201234771
0.08295333730074805
0.33942505557903213
0.6556623391474631
0.6532988587954722
0.32700059390903324
0.9186885239185117
0.7304216600550364
0.7195457795859301
0.9418485056181941
0.801698326027271
0.0009796917835497299
0.9577317507472456
0.6514025332753034
0.34393140604876604
0.5805613776353483
0.569020803146147
0.06719389305995416
0.0683712787639481
0.5997842587532003
0.3926639676198208
0.14742861051903777
0.16359025274835137
0.4967531453110843
0.4325856383022594
0.2544539990906517
0.13471828821994403
0.18142565978242153
0.6330674452688593
0.5155499838622433
0.2820934387243128
0.06994233420514118
0.3832597311237368
0.8691282541228472
0.8493796663476103
0.7255719283331222
0.8276861854853205
0.0065277240903410805
0.6680089234476843
0.11197163907139107
0.025051335200759306
0.3505874348821709
0.21363667991489033
0.23610528906031059
0.1877493755510644
0.8625326865393047
0.012539452465275769
0.7418537573565047
0.9163840307754443
0.1656862276180896
0.4874995317749573
0.38478434174925935
0.9733194202454645
0.4797705328845394
0.7277580073399591
0.10546707317663107
0.1330104328413967
0.7480001449631395
0.7189002930887766
0.6777691589237271
0.6345794418635281
0.6301643404662776
0.7001000403889798
0.16003771399715117
0.15223777416691908
0.9665810392918244
0.6625393521128303
0.9781486502991554
0.01450593897510899
0.4513471148369471
0.4943438192260313
0.040782163068531996
0.4558429744760517
0.10155604177247823
0.8810991870821038
0.038081102281837476
0.059808263361172176
0.3996614090200368
0.8742112146825678
0.8897340056954339
0.733806348317749
0.09638408980215096
0.4390540391878631
0.7336233852876359
0.3589217902836779
0.6655257022327326
0.8212747726069038
0.716974329224335
0.20062790566024202
0.5931789356215043
0.15610177350949017
0.032815792997052395
0.3408521856698561
0.4757149984577558
0.46169331277075565
0.8784703121160345
0.9454322350295848
0.20364973136477327
0.19796898132507035
0.3554008248632451
0.9567308003215477
0.5824672898451408
0.23951131537860504
0.4299678521310778
0.5863769250540912
0.4850717921904498
0.2344642761253004
0.9904290084281628
0.9873916782799714
0.011330195673321053
0.7322878779776931
0.522556759524142
0.018969165703609958
0.0502964139001395
0.0048140241289167385
0.8156868490291854
0.013482587942354796
0.41238817390208904
0.3979498630751953
0.1317817142905563
0.9681815975839708
0.09917123964700858
0.6182245934576419
0.08967638287044244
0.9241547690962768
0.5081053421056297
0.48038679441584264
0.6412988954459812
0.938976233883104
0.7615936662852311
0.7560946380616167
0.4456700209331045
0.24331590152702998
0.987924465272703
0.38147463406266946
0.5109728281486634
0.30357932375264385
0.8209328008737661
0.6614969319718802
0.9317215035665892
0.6694158716784294
0.12544920073416765
0.9844001156569278
0.5416741652738352
0.746222924308531
0.23105887502366784
0.12503563043025823
0.9933221849295881
0.12697761429987842
0.4668753687193342
0.18353071681733768
0.612032543933691
0.0002728050423925765
0.23837437418516716
0.38868129600141066
0.14231695830178925
0.9512316418029995
0.13501827712670922
0.6723181116622717
0.6551880795041597
0.649808903017534
0.2023502911439753
0.8186388490462995
0.6315276563404224
0.625622243814685
0.6902939740586609
0.6138636527639142
0.7005221626002475
0.6735271934989213
0.1062177145329376
0.43308461653056596
0.9700014908752961
0.3990060241790009
0.9953147548156775
0.7296443755921038
0.34415430493092136
0.04299096866724428
0.21336244625720924
0.9866485350145097
0.884388300336556
0.6732729629042926
0.5803184602265277
0.9506746010024189
0.3254713280975027
0.17580199484204606
0.8610352878490483
0.3665229856223189
0.5661439641101877
0.28395689258908596
0.166633576580128
0.1824843735648961
0.014065354975266064
0.5123043216646597
0.934343852711419
0.5053438526777644
0.12440660246990776
0.8370931071343599
0.2291740254720308
0.25578905028316057
0.7206956930244516
0.1376118445540352
0.5172724102963812
0.7300690514583178
0.29664827308765196
0.6758048701536322
0.43679529057324873
0.7814114260478736
0.0012422232793439791
0.7331747639719001
0.33839411146614706
0.35261444500213857
0.10956155264892875
0.4534563424085343
0.8609585704810093
0.2342721628835417
0.7356806156538375
0.9038087192352661
0.5319152456486888
0.5425136996798882
0.6157120841667479
0.7971627011734015
0.490365467780997
0.04655928737460968
0.442792269133625
0.9700934908209731
0.15612636079733344
0.716915145715214
0.4377544118530331
0.2204266129681699
0.8936209642070175
0.5592353445669724
0.2325062201735162
0.11993877087073768
0.6945413538938012
0.12015032803019199
0.49497289127613375
0.42670363373498876
0.7127262157528942
0.5036955882745925
0.4004245353855097
0.32360158831761954
0.8177839416223682
0.1999994691762258
0.954178914293807
0.5308574525523029
0.9979336239983395
0.4908848742502495
0.737963537228916
0.8166551810338872
0.9758292893041893
0.6616309113797968
0.40119176540667223
0.6208076593046322
0.1985809339045308
0.12693522870706542
0.2945091109161728
0.19359770362647288
0.8602717501691678
0.7687635722135502
0.0047775103284315446
0.20943566641398859
0.5508225193330414
0.4117355588497049
0.3541136126674217
0.6208064132562623
0.042652274883540175
0.5487251859048105
0.8624672623558967
0.8474982304749287
0.5684807713079302
0.7744607674602435
0.4527591713939305
0.07898661248188288
0.7980941079248132
0.9429522998710641
0.011436887347780367
0.2889415252936184
0.7191288967281303
