128 2 3
0
22
35
1
74
122
2
54
102
3
48
111
4
15
79
5
107
122
6
27
37
7
40
108
2
8
45
9
23
102
0
10
38
11
52
110
12
34
111
13
112
114
14
46
117
15
29
72
16
24
87
17
67
105
18
75
76
19
70
125
20
23
68
21
73
93
22
36
109
6
23
63
24
81
94
25
46
50
26
36
37
27
60
97
28
48
75
9
29
73
30
44
91
31
81
117
17
22
32
25
33
39
34
57
86
35
105
108
36
98
101
37
63
113
9
38
105
13
39
97
40
63
88
31
41
43
31
42
101
24
43
53
12
44
119
45
60
122
6
46
103
12
47
100
48
54
120
16
49
118
9
15
50
23
51
118
52
74
88
13
53
127
54
88
120
55
100
117
37
56
113
6
25
57
34
58
66
59
103
120
33
60
95
19
61
111
22
62
93
44
54
63
24
64
77
42
51
65
66
109
121
16
56
67
54
68
95
69
76
81
8
70
98
71
81
111
58
72
119
33
73
79
74
101
120
18
23
75
39
76
112
75
77
104
23
43
78
76
79
118
27
80
110
60
74
81
4
44
82
38
40
83
35
47
84
17
85
122
40
86
105
11
78
87
9
88
115
84
89
114
5
90
103
15
91
112
46
91
92
1
44
93
7
54
94
19
95
98
27
51
96
17
18
97
72
75
98
67
82
99
37
100
106
51
101
125
73
102
119
10
65
103
51
104
110
24
28
105
92
106
111
47
94
107
83
108
118
53
72
109
8
34
110
66
99
111
34
70
112
20
54
113
74
94
114
35
88
115
92
116
118
48
77
117
113
118
119
21
109
119
4
120
121
105
120
121
61
69
122
91
108
123
50
108
124
0
43
125
16
99
126
9
81
127
0.6414554657158663
0.910628293737998
0.6696226346176811
0.20571420491653702
0.6204419666878281
0.7811063530445275
0.07153686264731329
0.7382467544769931
0.02538657026421487
0.910013833998222
0.7902472000449189
0.9304527271655333
0.9048061900418191
0.006469226089995672
0.20717950474016178
0.9144584750722705
0.8602043666041076
0.49621498921350593
0.7723133239091998
0.6172296379274433
0.9834706879745521
0.9422985524230238
0.20235074833696776
0.1008681011947371
0.3059800949044582
0.833747885648738
0.3246934142980846
0.09253392362429769
0.36503394445170545
0.38718995950365354
0.0650655434216203
0.5670628112491095
0.4811001837932365
0.22687790393079832
0.6772852334706833
0.8159075121630509
0.6923514117991669
0.19706973461259658
0.9990292886714117
0.4801431282268198
0.05553347270105524
0.2184547436838804
0.27431600393036326
0.3527039369409193
0.9233983089025887
0.10174859886923393
0.9511960066520623
0.9474107715394278
0.6922691314706709
0.07715885597833683
0.6009580834496944
0.833570179151285
0.7424316996444607
0.16422456231769123
0.9159874993908221
0.38953729969461304
0.814245621168187
0.06114127831182459
0.7771832802700738
0.05610142209743185
0.3229849045887009
0.901366548777435
0.0770132599831801
0.6095433349020525
0.17703825881053847
0.49381811369316464
0.8090683251911421
0.8120287178402471
0.4250619273892403
0.8341645203357125
0.6178294821282168
0.35484189393935817
0.026463188750765698
0.2752777007119004
0.9467215492551951
0.016295898357329697
0.6755174998794207
0.7080814591215508
0.5687115538351472
0.556926356776527
0.423616174780827
0.9121180002607903
0.30114329068543066
0.4742918532144671
0.7118950575178066
0.03986480025758132
0.43188030926626075
0.9204176593317639
0.19886651313789339
0.1789375568152658
0.4654104181319383
0.3322632475137244
0.007372819727411439
0.18863316535741204
0.8628944960847331
0.05550366701102072
0.30096411311538573
0.4048462794744824
0.7583569512460101
0.6322648783207013
0.5607394729542678
0.6699988591306536
0.12119181336277329
0.6352071202072656
0.346838399481636
0.4019861747994381
0.09943203589479954
0.23931460766438395
0.5723484719591729
0.24961625941192334
0.31617236193385867
0.5493834948915921
0.7391515574644161
0.30040048092147864
0.47504751642705156
0.9540785542422281
0.9723220361233009
0.7863923701230598
0.2675429636540624
0.07414476186832952
0.10671744411426476
0.8520342315354037
0.7773118646607907
0.1743395053531107
0.1287913352418153
0.23906876171357927
0.15305463917249595
0.1373283386582097
0.27182393195694265
0.45395022023875
0.21673917542738397
0.829553671196107
0.7248839503228944
0.07735016404629147
0.5792282587277009
0.4085616859990082
0.8472184738244315
0.8553856241310206
0.1003669203102946
0.9859237762035973
0.6054266890828192
0.1039544675870232
0.8993284743629808
0.30070917332418967
0.5687274614060838
0.22666422219921956
0.04090137610531197
0.08081488238555079
0.2233919683690756
0.5004972783073305
0.19384375493832406
0.5179824810176727
0.5097699381413686
0.31245987229931205
0.8707962817574435
0.1355815025235153
0.4366372301130922
0.44864635347345216
0.24787998017580526
0.8144475821486175
0.8634451169142447
0.5351994154456166
0.08755922740153876
0.06191214283223223
0.6820651877528446
0.4551275086615364
0.5729379512423287
0.042173489802242226
0.6240207806442948
0.9152120236021339
0.9590709798781554
0.9694383908679908
0.2527717923623124
0.4998034856178517
0.25818918246320843
0.8985652764985678
0.4612918470825229
0.0171961000448978
0.25705665693679147
0.8902698395490729
0.609187236185784
0.5404725857109359
0.653575600123402
0.8579003198005293
0.8352765925943672
0.09685642830186869
0.8304900069959341
0.67174730504938
0.3147772637878633
0.10502625740598781
0.25233081182048744
0.8625734771380847
0.5912149800257612
0.1651236921608965
0.38763088896826225
0.4934190094689467
0.21551554797501538
0.18076674652166136
0.2849741862260333
0.9641889924076197
0.12580862802396087
0.9021974302428704
0.3210943472354314
0.5600768972507647
0.8830443542285775
0.3112182132134277
0.15271674698937698
0.6172044449590873
0.7675877142248928
0.9031592698024211
0.1380049901239454
0.1399248575299581
0.5282031084644393
0.643369495224117
0.8209180671336573
0.5823943303121861
0.2723831326406194
0.9600552735877906
0.9970253202206524
0.3839151732486529
0.2446623311010726
0.28682100715863124
0.44118690359875534
0.47223221757616074
0.5744591442858944
0.40249337603466095
0.5598682908963023
0.09657109040487144
0.9484847480459486
0.04705736822971762
0.6259092962631118
0.49223436876586235
0.33399767001662384
0.443152494655329
0.5788155143702141
0.5069684326725584
0.7680469269077933
0.3050708309094907
0.08471429216363324
0.6003483971564132
0.6075945116206176
0.879350598157896
0.5050979224806358
0.9331646334583001
0.2287791578277799
0.4509710878611809
0.569345896142309
0.08315690439400647
0.7823771901537417
0.08638493728660113
0.6036429828159856
0.7061347509654259
0.08662211854567703
0.9430484282435647
0.6625886023122823
0.5308384491210065
0.3289996360240274
0.12680940382461225
0.6049893112269031
0.17395754193524104
0.4563824461469559
0.6822251975650406
0.13091192188881218
0.028643051205754055
0.7914040684621401
0.13796691682083984
0.3491022414109026
0.0578179694615889
0.7881930679171507
0.1936487633993208
0.0868639441603779
0.9862024393770062
0.9045805451183931
0.035813282975220906
0.5922573336328146
0.2882080764904129
0.9644325689198198
0.5494236063164211
0.9428085313734513
0.68723843547538
0.5109977551444093
0.32655074038533916
0.47895386107987337
0.21287294174303728
0.5578003898993125
0.9155922559104814
0.9756471703687415
0.5943568034531217
0.2660258348268081
0.8946575777745838
0.7551996416058633
0.6867855033591661
0.7104617467938787
0.166480957650045
0.29759818123801685
0.055645879155992506
0.5505598677060196
0.5147095070861433
0.267900159963085
0.007835555208186351
0.03891016284626314
0.015068421491556738
0.7920817161331641
0.1116321232512909
0.4785550014440618
0.35619955447295826
0.45013187530060916
0.2744053451009054
0.2965726270745701
0.9951125021536191
0.20736374028007465
0.9212362218227621
0.6857955893014325
0.03134763175816557
0.49751220039635013
0.5658031853958274
0.9110803774828677
0.9042837067268044
0.22963361160196205
0.5899510019575248
0.7399024806722402
0.46710109239026043
0.6700304983774951
0.4390240235851772
0.539373009600974
0.5936953854325269
0.3050124841672951
0.5442159450091798
0.8110033348177138
0.5899952386144336
0.10626100761448054
0.1332912638437579
0.97377244174994
0.03612893787722382
0.2549986816780032
0.6168809417509458
0.34437224842809755
0.8610320332597121
0.6522359499689152
0.6825789578502399
0.621712892060565
0.18947222372326733
0.7472326188682394
0.9027413411326592
0.011849934248674643
0.9745463201738775
0.35193962659452793
0.8585481148859807
0.10236686643383397
0.7608004185581666
0.17888489518052741
0.8900179846661762
0.8568112147139082
0.37921514932155165
0.03890127850349945
0.3481907845790144
0.6893635397127836
0.3901968044944035
0.2480475490962355
0.7861633685362948
0.19067926172840421
0.16528550255241414
0.0299954290690575
0.20636546426964497
0.6084348174307788
0.5659831599676578
0.21109415387631736
0.28770931232857444
0.7827477123810994
0.7284772838288877
0.18538005020028503
0.4102075922311176
0.1089120353210109
0.8884071747533742
0.09842691891590483
0.2898177679408208
0.4988810191966476
0.7173235450948469
0.5626319759862538
0.010927878180733819
0.6362460188652763
0.6072787867850077
0.5018114195721257
0.775432987064428
0.599508468903399
0.9920215526083453
0.6615348891315429
0.9099920775366602
0.4393632813820457
0.7430867209726629
0.5451602597233542
0.03826429515558527
0.54180084176321
0.26391569999978814
0.7900754425456805
0.717933041365821
0.30544336312590015
0.9428301375727934
0.3016753075374048
0.1413350248198184
0.7570742144257187
0.2816925728913411
0.6454951676881437
0.8212734588885128
0.4311031800091054
0.5059795025555291
0.1261846466727039
0.6474752059839561
0.6214991725657999
0.34693861627389266
0.906334717136944
0.8377961248081877
0.7512151770874851
0.5278133199012965
0.03636582100754249
0.764900900568753
0.47158256925599695
0.24818260426704508
0.8065565222662127
0.43020772764008797
0.42200339254524033
0.09616955464090204
0.7542677643909651
0.4767075417871356
0.05843174584489308
0.7060175599313298
0.6015231284827915
0.11195025865405117
0.706378040216813
0.308707057551053
0.9096465554174822
0.30457390012623986
0.8240479756959527
0.446875742144658
0.6832217008651547
0.26271919556564993
0.12258889206064971
0.0027630621590851723
0.3776098231645615
0.5141121785373176
0.4012824375107793
0.7906198808817493
0.11381579464283498
0.43653890407884366
0.4893789882342994
0.2059036125739201
0.45005360212143164
0.8438462838553364
0.10796346862164918
0.2659465076233778
0.7747718020833351
0.47446020556326596
0.09497384020362065
0.004261285196682785
0.9875795436632546
0.7417889957845405
0.02554349031767067
0.3710274590186343
0.8451568202105455
0.6281403625511894
0.16768543371221456
0.3026593606907033
0.36889444237987135
0.6823439007812623
0.6980578558958647
0.35145362809699665
0.5492358686896622
0.7659506363709295
0.39343974407140825
0.05871500145767383
0.18153839413039152
0.9859860688094476
0.8299473571612664
0.20950102457441466
0.9405509314998025
0.8985761085904543
0.10732717289236915
0.49340929036318415
0.24317775026006672
0.813526612413967
0.18343425227554455
0.47746543307081424
0.6623470753433545
0.1686402615075927
0.8994711845696373
0.703937159754716
0.8685429337823606
0.03482344972978524
0.9841452655919484
0.6518701236576322
0.2664553896890922
0.8769001329383775
0.9292417907707176
0.8569975093281433
0.48747721093504326
0.28989748727732634
0.34366388138896475
0.15522476040679967
0.9566226653058166
0.6298365544429007
0.38766975075908483
0.5295545972743126
0.4690217596144023
0.19261662097575505
0.11646064665315459
0.4297426791942752
0.16153414021995294
0.9782194082589224
0.9519171722560007
0.6275063410528349
0.5433104413801627
0.2942971651159796
0.8278235837273208
0.05831019559872619
0.46171291622118915
0.8867122846172384
0.04779737407336848
0.5575277474364023
0.5580027948307393
0.8795171051091576
0.059167620247731034
0.2888010196006062
0.5143585427573694
0.8913956085116083
0.13077343883777837
0.14119781972767775
0.4053177716917524
0.9867142066416428
0.8834026235655882
0.14384990478245252
0.3223798653378538
0.36052394167557245
0.04291132586404667
0.1172466176185456
0.1745888961338986
0.3423688002392472
0.20909176518580164
0.6258317302283449
0.14625782928788
0.9973840607215664
0.25563354788777304
0.9863491367369821
0.8221663895207133
0.5895487934890649
0.8543273863063938
0.10348233022107167
0.832268608741621
0.3154788575051807
0.8350635191393082
0.15612145705060199
0.3872165917339797
0.8203408768043655
0.37725159419120113
0.7005315757702412
0.6404365520997926
0.039303224638340684
0.7023604120921654
0.1867757824581182
0.5529706868336136
0.33042845352797456
0.514314410103793
0.5670437290379642
0.09800543077804402
0.1508141106973765
0.2448482493542724
0.6044988971723033
0.14897119161796735
0.1323620974900941
0.7895602783333566
0.5931702182149983
0.3706201477578033
0.508311672591967
0.2989098648650147
0.8482550828367339
0.08024461889056822
0.3018045608028791
0.42102249009423565
0.14619101165617798
0.4727905341391311
0.948603828171392
0.8878338398218353
0.23465931432853038
0.8422799236224003
0.16766085134791964
0.8977587347079784
0.1739635522249181
0.018552941630276987
0.06403958187302528
0.581728441589913
0.3730508558019122
0.8400948408260719
0.8029726671721278
0.3872499994796009
0.6145670945466677
0.884257462382744
0.2989105281553679
0.35879042327925514
0.7663866702879859
0.9144607097439654
0.190703864384687
0.13626639113426064
0.6274483174779998
0.5817874252321993
0.8062274206172477
0.893120408522361
0.9044281019563906
0.18127411928680004
0.18741939682167652
0.9303445283079247
0.6500785685272672
0.753676533481158
0.3295615961089674
0.025458980721268842
0.7006692401855227
0.9020410369024163
0.3456366244153264
0.9970082834000974
0.11722638961754017
0.8928195563832976
0.5812126516511174
0.11018755180569972
0.6176576112470067
0.8427889984659209
0.8987158080925054
0.9890236635167433
0.4116132169658163
0.1193912801804402
0.7950125258048224
0.2476213121905413
0.6131597556384342
0.9308293681388862
0.25080328469602076
0.03215236979805203
0.3644949512973791
0.9178940803597504
0.08900752771880371
0.8803869340737495
0.0785119822706376
0.5430205948471547
0.6660199248846588
0.06485306664710033
0.5320007355274647
0.28308689877059345
0.05425327877013808
0.13613725513460828
0.44487220659763516
0.48468426125639574
0.20102028470417188
0.8504560016623661
0.960554505473009
0.23239612973520196
0.21846668869321662
0.8629353504200407
0.7338445931793288
0.3428011176669564
0.9290582707173435
0.045834354560740365
0.9647135404271054
0.8710969093476196
0.8988812925305839
0.6608833743316824
0.5676955910263055
0.4816283662616837
0.2921252999454621
0.231007137095532
0.3647941173481031
0.578357972119899
0.7873570523467176
0.6850457989308885
0.40596012774432766
0.07010140233741624
0.7391064929183908
0.5863700777949397
0.9334409424742517
0.4316503561794792
0.6837167492239437
0.5645300120497744
0.7306602381157373
0.039104918902553853
0.9710352711343745
0.06319041575867523
0.7038926654006644
0.9915542107746871
0.07103457329152074
0.47356171864752905
0.08544332505541219
0.8715867773018222
0.8299009274421761
0.7886408186006226
0.5650720174358671
0.8655732138988032
0.4256685546116842
0.4862400802107155
0.9884250592725209
0.915568877106112
0.4282334654135598
0.07502098778914534
0.7453566407210016
0.42189131451060047
0.022286336841629506
0.5587821778727993
0.3952768169393195
0.2865133754809329
0.4922933170976169
0.8408594915140958
0.4635477582121602
0.47849307473878777
0.24601303357623583
0.9698970538699536
0.6735587688931968
0.04180668087709971
0.9676982150373513
0.706014458411317
0.9141524253421385
0.13817995268801253
0.027990989514838915
0.3375500820182338
0.018998881250886557
0.985174900732283
0.5558973620908466
0.8288321905069742
0.037922170609291594
0.9699527862227402
0.8776278874541079
0.6729528204454246
0.4930090433921025
0.4580192886152684
0.8869271943684935
0.26029946086171685
0.903849944259294
0.5685317174712003
0.5050438143841548
0.6957049914237522
0.48794293656056575
0.950787494953173
0.15205512828639223
0.07007351367181025
0.435337758011473
0.8200471248614122
0.685477634543921
0.50706442034792
0.3331809885910628
0.8146173410861715
0.03734815740262254
0.8328112908250599
0.2141195829423107
0.8562177689985961
0.48909259730180277
0.5243296559853443
0.4100976695399081
0.943104990618166
0.8038328668879478
0.09563665897691576
0.7448574836655972
0.6147130651850381
0.2320251567991657
0.2523033823543732
0.6677245482196524
0.9326702209552536
0.8699230803095713
0.5375863262383579
0.48786231083748777
0.07766677082752038
0.8280127342379888
0.5981632048392982
0.7016795003407876
0.6764039899822947
0.05381930485582043
0.23056007022116942
0.10288957531535636
0.4369972782969662
0.22902209381513883
0.6525096964146736
0.09473724941678441
0.11307644830295083
0.3820387981840675
0.31850826484253847
0.11995137154141777
0.28503731089702666
0.9125683063337832
0.4786442523732668
0.4995643299056677
0.7770359567594652
0.5824904373499878
0.9677323348074435
0.31570165200572753
0.7520500149182145
0.9268241753231526
0.28522896819560895
0.4738832125487441
0.7785290450551579
0.4729391073961977
0.9079447342563632
0.6363923204904296
0.48742787617199224
0.1154960306153271
0.3865813398317335
0.13710953462054876
0.46753566388326084
0.5349267309223801
0.8871337921650986
0.5208301687408042
0.06702209874008624
0.6099425735821329
0.4048970430313419
0.4260379275652154
0.8346698803550461
0.7855837115774122
0.9140211573705831
0.4124041132546473
0.6804044310588451
0.6685918188987964
0.8770528879220868
0.1427161212707726
0.33840707242115475
0.8198955192473671
0.3722896806816769
0.05231468618227386
0.5462225167536701
0.48509325982614415
0.5046011800136816
0.6626872860053564
0.3376637067955046
0.13927272186730966
0.22794219172010322
0.40334880094751235
0.09292608260073454
0.5478700990059847
0.2539740319852649
0.2872673124152123
0.3720328049512359
0.9153927323581793
0.3790403329533748
0.2190380403551786
0.13240844630521176
0.023483622231305623
0.6342613267375904
0.604121494839111
0.2836340001415786
0.058744650185447056
0.8169378138361707
0.21872931899988235
0.5454198287247288
0.03588288310200083
0.5639303812723852
0.655540340250933
0.10240554450826145
0.7233510695284754
0.6090002358062989
0.3976943867038474
0.8078236847081658
0.43606631858535194
0.26988468891393624
0.7386223417721586
0.8103924542252147
0.6074595578443761
0.46015755284802784
0.7096864738444767
0.11054520105504972
0.006324469152967582
0.7517890849086474
0.9204968306978915
0.8603921298034555
0.12087322151167113
0.8525049319248978
0.4036700729164603
0.16222879915442645
0.9582286931761856
0.8843937564540577
0.9473442073333009
0.44091513019507966
0.6336923441654551
0.6620134102913929
0.40774947904238834
0.06551937077246661
0.0443478055606904
0.02122822298332261
0.2550387573935001
0.6615416927188608
0.47842898039579995
0.6231112300928322
0.7937611403254626
0.9886837575357573
0.17540744349683668
0.6506435202612635
0.15286283736414108
0.37833358730883415
0.22732933807515154
0.8456638337076082
0.9985082884573103
0.006521878672416159
0.21391246280165355
0.18442902613587187
0.46178936490742617
0.5467285248235202
0.5216529385401867
0.47394339180156286
0.03178450925868648
0.9060841482045549
0.4438735257193328
0.41591339670766625
0.3925867236295876
0.7127167456583328
0.9626468785717888
0.3597405882119523
0.19456779259110746
0.9507909644052406
0.013086025008435143
0.4225819966676989
0.04888557633942814
0.35263164445305273
0.04747250521636093
0.6726686862030153
0.254013011129711
0.7049055621375497
0.008564626111488338
0.39998020892742003
0.6378762216442639
0.17878038152879783
0.8270253112185493
0.9614071531444005
0.5696243024093115
0.4325050766945703
0.300561148335311
0.3258670178417137
0.6996680022367325
0.20751984537311963
0.9002509783984274
0.414876965633295
0.35018489387429463
0.8991435214606404
0.2377139632731412
0.6248148888948023
0.09741347162533176
0.7810905737951163
0.9326869521295017
0.7050087368075216
0.37106548554322416
0.3981638979361348
0.5457027022881424
0.633629638993519
0.8115945365983748
0.8901826487465425
0.15418485361414014
0.96448105805043
0.19403240539574007
0.7949708116480254
0.39136265208932297
0.6549920526463355
0.9970308922263365
0.8953431130770871
0.47185977319168304
0.3825712865298768
0.5973991926376873
0.9065087706930853
0.10180618273690956
0.19542202895701677
0.9345996038187869
0.2869717549773291
0.881211575403698
0.9814015898598335
0.9131278657374633
0.42392606161491775
0.7536778234152633
0.16695066386566382
0.019023871743620635
0.5934204789888826
0.533619671261171
0.2879842129673691
0.9071262338334931
0.23148254544732494
0.211819293376606
0.54785442869398
0.9637955623758698
0.6476219866756197
0.973118771276622
0.49277044063640874
0.47753340274619105
0.9247614497666817
0.8442586234577611
0.7718689412532506
0.6524947200854726
0.6462064241276111
0.696515213671373
0.0730006843317581
0.6445868155012863
0.1301339911326337
0.5979230410923674
0.9670855173864598
0.9987944917366712
0.4594547247513512
0.8730461086031533
0.012184800980017507
0.5069209003124419
0.8394685990438966
0.47206765235342507
0.06864935802603167
0.7488333399358471
0.6086063105797198
0.9045459605373648
0.5746471937628906
0.31482433784908237
0.31558932180170407
0.6789049359004226
0.5911469105876425
0.6078040201117139
0.06303543934019729
0.12728177364609272
0.1702468082007661
0.08970184972718509
0.28487116351812314
0.4987963091390668
0.3009636594558658
0.5506114553750557
0.4618428275734915
0.9445336866188155
0.9774381903039753
0.2958620628214105
0.5086722599815596
0.4371598530864277
0.6031791356536752
0.8950769397693749
0.8294358752968292
0.962336827383072
0.7991270237766388
0.5352179324482426
0.5863731957887046
0.21429196413916474
0.6205244559215666
0.8602087147212697
0.8221588047215818
0.7904382833181005
0.981697487730054
0.36949669597529355
0.8840116359228863
0.4319483443327553
0.49724532426228885
0.07282085365141133
0.9022637819971167
0.2528887005707592
0.9967788222747319
0.10023483056343918
0.8357864443496973
0.011545101837833083
0.08091650190509958
0.35030837705540363
0.1171800333050882
0.14766593594835564
0.7789653899993095
0.42712856175190217
0.00862000166274135
0.8468750219872029
0.6023265580287606
0.5717786726864676
0.023058011815841883
0.24539914567481014
0.9917429903196157
0.9770297084169409
0.20313132157065705
0.754932068641481
0.9212812141961879
0.12048566649814241
0.20273349084610082
0.2741237818407293
0.026112044904955778
0.4069536674887606
0.9286943139688714
0.326065643229307
0.12395133342028841
0.15259033354589502
0.9386126545515963
0.020285453175946655
0.85255079353558
0.6166534414120702
0.33462550435851
0.628689898640268
0.3069536507457773
0.24727130290743315
0.48045880859570744
0.05079817699374389
0.013249613696119433
0.45554555236218375
0.8237587388255245
0.7126592850125907
0.6401214290940351
0.905791176067309
0.013324684583886248
0.7428995505701605
0.0026434880135570715
0.7090477236771165
0.5236511403173933
0.370414923360165
0.4103748658027522
0.3571510326967967
0.8380540994438554
0.5994525302947431
0.27467548630736505
0.5196022893119201
0.5945844983920299
0.7953614779846686
0.6249874340623308
0.7282495159674258
0.923421639813847
0.5630662246189577
0.7743742598928492
0.16745554952064057
0.6506932275792919
0.8890156715216606
0.8047885787754063
0.4550149757890062
0.5839397490288507
0.01702011920263824
0.5943871053065924
0.6666878086377455
0.20961307935007245
0.8191547148158975
0.6297766547576668
0.9797776832275568
0.8643879371705521
0.0860938322516891
0.48355954775852084
0.07592654007889421
0.09854653106966393
0.44776322377847233
0.9751646697983052
0.28686140141500627
0.48796998318197804
0.6043991515009957
0.9452835015956966
0.5328640010032765
0.12409027276658269
0.9651141427453618
0.9729341633600477
0.24346536514271522
0.043052503170712964
0.6960766581822128
0.4602030881236613
0.14869553508083078
0.348453776045336
0.4271314701553087
0.8569404185911019
0.9007986944810873
0.09579731346401998
0.20140220129637942
0.8908737068877433
0.7487489835542509
0.5021069500921449
0.8724059953503596
0.10596169471202788
0.12324859581779446
0.7554070407588837
0.635666211583638
0.07717093772116246
0.9268807476418472
0.787995631075515
0.2099448764174212
0.9497987747140292
0.1859152671634804
0.11774358164480025
0.21277870892750128
0.8342443601902184
0.2971674898587485
0.6203228129774396
0.10155406646805465
0.4055448943609784
0.18757822306961547
0.27334367337210463
0.8216095441011593
0.5237188889753631
0.07278007691860133
0.8828192702380807
0.9095253943646159
0.2410979170809765
0.0007426686023900286
0.6381271536381873
0.9783960404586474
0.6521053737341153
0.9929412700469622
0.8889491741584801
0.8730064162637499
0.7248101032071306
0.029594430299608288
0.3287612693967812
0.13419532600062667
0.7211035982575674
0.7030970414513773
0.552280232456633
0.15035525087376533
0.9800542147849204
0.19195591824885727
0.5121346767055932
0.3768251034819331
0.710598743899081
0.38207826533694544
0.9283066994581203
0.5381675121086726
0.6137298570715374
0.8837879425932522
0.5420034982073944
0.35200010161718376
0.17863109043509062
0.4462364163906113
0.8013478247258831
0.41920292700555195
0.5197808119895204
0.2704274909688458
0.8779013777466038
0.01841797301350001
0.5214656035058337
0.9305055145503224
0.30005819259956434
0.34018424173825534
0.6213370639891036
0.32222130776251656
0.29306287810611353
0.6607399600821637
0.7246886194790648
0.19632943177691708
0.31855850100605687
0.35625574625057266
0.5554156837933171
0.16053584904243068
0.3399851251965049
0.05427027464795564
0.205685340027145
0.4161032115976224
0.37242775643660486
0.07644108638859459
0.8341165483349865
0.7688137444479997
0.5002456088460576
0.33828745795301196
0.406116099827026
0.7020786287282405
0.5109023020108835
0.9946174045813345
0.36231793350805985
0.7352718795696996
0.13930620021816897
0.8741247531501494
0.5153698305042169
0.6603326610661766
0.737681981484298
0.680990968197809
0.6927162891663393
0.7099149717448727
0.6233240766239873
0.37147847502266496
0.8305558553951735
0.726809290123363
0.9634043480889565
0.6285711430528018
0.20772089385310966
0.5479423519215108
0.7385253153544195
0.011886240017399796
0.1748324181466253
0.13468666944721053
0.3497614599448343
0.2754289829324449
0.570328369783792
0.2866780409308298
0.451551645880226
0.0510731807579784
0.9125866912738646
0.059295143380522775
0.7464433316592453
0.06290977054473834
0.910103162009035
0.6419860296728099
0.29390986680524567
0.8487905927701334
0.1970383375684589
0.10250761919932383
0.2924202464346969
0.06423745673043169
0.5414136360759276
0.4026969411898492
0.6864091436986246
0.8096641544652112
0.7217060880429311
0.6578560135160945
0.8340228850373708
0.6683596715478983
0.5112063432004991
0.7122903518045907
0.7966467972722122
0.07594117267797651
0.9592733140004099
0.6982301625100807
0.6922321492955255
0.49746807468418475
0.9288954098423753
0.7603465800559498
0.4257135240961333
0.9287313126863623
0.6495583499767815
0.7930792392171867
0.38812472238444606
0.6570577321049781
0.4444843015245068
0.7919998537588652
0.5839530121368427
0.5326458201363914
0.8063191130059583
0.5306385954904436
0.22116917747968867
0.24358161649524912
0.21003649489575693
0.9172351674514181
0.5136045367063733
0.10057192604368492
0.36123969119079247
0.16436204483284522
0.7878594231235593
0.06242207870248517
0.8548259447824619
0.45099533649491674
0.9485507805593102
0.4797677073956036
0.3150746996020649
0.9784355302379248
0.5042276146706594
0.4561000067476205
0.19318080539105165
0.9209692122571349
0.9032383017927075
0.5264199606566855
0.5655372766133848
0.5901038274472634
0.5849810166305072
0.21261906725139557
0.34428640183575265
0.2830946485732595
0.8339730450300794
0.7237267577687808
0.5460215794213535
0.6714724156706241
0.7275709562723216
0.5903935581141988
0.20894022090213604
0.44948163387129225
0.15614931619557637
0.30984439096219163
0.18556025539157195
0.0933635345179692
0.4865528434174786
0.6705884415478098
0.2996111761920458
0.9654472221140425
0.7613739229982466
0.07717957196796843
0.6020338843615446
0.5718310453123663
0.49056892625115966
0.3726510232397726
0.8839735697351936
0.6923405447508001
0.4789033591995767
0.7129903130940445
0.04907439108098055
0.6969504366284295
0.6647202268543871
0.009196216796472756
0.31255258746842773
0.24420009033102852
0.12711429265726293
0.06619732286933844
0.16606666418266725
0.32135345222758926
0.149510770861486
0.09775619381375833
0.14633517593115264
0.08366062785758277
0.053044122984259645
0.1527966386891183
0.8240877882325915
0.05252065291920238
0.7317739281194126
0.03918359467180743
0.8739839039836058
0.8462527051914913
0.24110104476776595
0.9019144972036902
0.38291773109742855
0.11627684587097442
0.6340784621958481
0.8940621037975556
0.0649130291620359
0.0927672570385022
0.9194836400294419
0.27820408845773015
0.9543620384809312
0.31677812370917113
0.6833886317264598
0.7354372689426503
0.07399000986833892
0.5819287701135364
0.7137394839687917
0.623735547263972
0.684358052306625
0.13484926220978477
0.9383523615767464
0.5415282710830792
0.5523011496616937
0.5301836048172895
0.1838582588880614
0.9676598008772732
0.8718214596288868
0.8853242135982932
0.25116063824307056
0.0336211650453474
0.1526624562343647
0.9544642836757681
0.14990342630768994
0.7368333754411712
0.6781891641187281
0.08849293568669081
0.6227136211127612
0.31669536130708054
0.9503102255323937
0.3101701811255104
0.9662412583695367
0.30215390719240987
0.013689634838070397
0.6758547913786654
0.30834345750397674
0.7361117842588445
0.4053579029184107
0.9220014938078906
0.8370053570669223
0.7032230795659765
0.6623324436500994
0.5354255901163931
0.1664250675936355
0.9616300622923709
0.8068542933872431
0.890010917006021
0.010041189225671321
0.45775341567828576
0.7456333174907109
0.9802651754832207
0.040569818252384926
0.7214232702953499
0.3424440451196623
0.7928378101406832
0.4212389088965428
0.499258301879698
0.11969527413928549
0.05802880072490946
0.3983234929762116
0.9403471609247902
0.34986950880750867
0.5128693079524127
0.7331217648217494
0.8918238609881177
0.24611237272277564
0.44369266206255664
0.4511098498019225
0.6710184213499781
0.14715197874935526
0.9598755637364919
0.4830363469445652
0.4982477695515114
0.3171001449862493
0.25275783761307846
0.6676915955244148
0.8048337609923795
0.41115453074818176
0.19277386774614702
0.6600420424125161
0.6354663749604321
0.5089036874852485
0.9781107895148071
0.48558709916445375
0.09276464394778494
0.00667075226655478
0.19604344012186492
0.4817001409983017
0.8061509390565952
0.6277731774005972
0.08493797392005376
0.7690117086386001
0.19927959590145605
0.9259758792312
0.8122020258306109
0.3134783739535244
0.4097699366142884
0.012229725955829607
0.8456612358915027
0.12621193449980872
0.009866861617654377
0.19043813361994966
0.5562081196877958
0.2596039399160024
0.4355867766934852
0.40048238345679243
0.7001798209217732
0.17002212134540207
0.8553818449596158
0.5833832574802285
0.269978278198428
0.07892264858868014
0.06290938365195853
0.3387706263510144
0.82975301244777
0.7766555364113934
0.13253927428673695
0.34994623976466144
0.008712165922904025
0.5741536522817073
0.7085404899398595
0.35726533692210116
0.5033947490040876
0.47890786054436685
0.2252243484322698
0.2311975631832286
0.17546860702801714
0.4979889786607734
0.03256557453246611
0.7472830210906073
0.7185244741038131
0.3830121018710252
0.17683360941246973
0.7355951030268447
0.3833000387365587
0.9434097674245487
0.27092132987685846
0.1699618659826625
0.07111949615921087
0.6716468465928261
0.06143788972468178
0.7847548417987944
0.14176490105174344
0.890117089278583
0.3584880419564386
0.3992282555026979
0.1342264921609725
0.8429872630222581
0.13842507754925903
0.23113502360493432
0.978655875903945
0.6378080815349715
0.7240804278074274
0.6433429789202924
0.1572004845593895
0.9287150023629941
0.7429115833575102
0.5355343213812085
0.7766858250764386
0.933737772441839
0.25657459247885117
0.1839796845122903
0.17839308511709473
0.3133874120866925
0.09085199348778561
0.16821509025372983
0.10307667401668197
0.4637043280843117
0.21992090582262847
0.2391572343423256
0.13183206476055098
0.7119099189066158
0.12045516176862403
0.28667520395587454
0.1961236750019386
0.8473384979021665
0.6500666331440771
0.03244962965768239
0.7514435242506718
0.6437684261583776
0.5450777896298765
0.9729103036107873
0.7066026712310487
0.1436689950837149
0.722470023843634
0.6961276485137806
0.8834082500785233
0.658815690871453
0.37158221593169627
0.11643668787620143
0.7918541666831688
0.8808534303661916
0.0006415418008578477
0.3033649073647865
0.8834460969020401
0.7111974960823186
0.9371779485992419
0.3225211531605304
0.7316479962673997
0.23484516805413436
0.16568693789356648
0.8939765422081204
0.2660165820374911
0.11546749225652642
0.16377354725236015
0.9246788106360658
0.8166039697845402
0.05444452445821968
0.6190268148961816
0.9029066155524128
0.3197547268389017
0.6430393310695515
0.9814049853902589
0.6663116193313812
0.24630820428699285
0.7645416294793392
0.9218200362923453
0.11291307580713517
0.391378482039375
0.2566492016983465
0.6238667185212573
0.8682103244878061
0.9805949557268223
0.7502362525705133
0.42990942462733384
0.00830420950470867
0.8376015668383947
0.7127279778638688
0.6308132451242846
0.6925127989822858
0.0023658721776262936
0.774842100910927
0.744479573821866
0.01804284192583372
0.955331145076946
0.667102329187758
0.4010180241548281
0.08733151190056954
0.26620314174550963
0.913528582293422
0.6363802268113845
0.26007452447610535
0.27850952006830876
0.8714294655613518
0.2881406185420514
0.7779627834920484
0.4449011137223331
0.5373991247642679
0.5352433213847345
0.3554753074769387
0.34993007704399837
0.6197599373143153
0.697979552454411
0.6036719654015756
0.258809337739237
0.7196106987158893
0.6425321834127649
0.17086727755149478
0.0014872440116346919
0.9056356854886527
0.27788310776704583
0.41684442722839665
0.2633793234511178
0.19612663177472123
0.7923877229558313
0.3584046343185009
0.9597478000668224
0.6791289424643934
0.4550609544493096
0.26690079185922644
0.9390894916969142
0.39042083255677107
0.270658102631801
0.7816783040305565
0.7562038056701805
0.9955666118329994
0.9278106578112811
0.9186035670757854
0.5728387347013466
0.27828496259953894
0.5306735595844778
0.8082400310920631
0.6186779424276959
0.9194221794470101
0.09234729253195595
0.08971618539834925
0.2693269167035597
0.13927572909335162
0.8399222258530554
0.8461505889580476
0.23165770328942958
0.45538733183800073
0.8953257480808238
0.6903588848939175
0.9415823806579271
0.049007878562152385
0.04455867806758573
0.18987780529932996
0.5142942127024381
0.915078366920161
0.2768558215524447
0.822993355412325
0.3567543698843504
0.6199063434211091
0.5918345655610617
0.002626089800648046
0.8970394401764785
0.14313252059911818
0.7173902894238946
0.7915243847126442
0.7063471338611322
0.8379210732222232
0.7419599019293839
0.14452610845455882
0.647955021211725
0.818232230729288
0.9401017885975527
0.016307822338604283
0.5158559912918844
0.6657085337988631
0.2822176935268016
0.22350109494011916
0.9556235955379683
0.9454272172092059
0.5584952914903708
0.17334256679492055
0.9999856641062896
0.4897048925342473
0.009015620392261114
0.0009049954383262282
0.3704838410657293
0.9226975503781729
0.6443118350231649
0.07520546822360274
0.984675841776852
0.19470946541032363
0.10006075743363507
0.600450139513726
0.0171773865180872
0.7793591160400701
0.7686113727303454
0.39289234517743676
0.93675649610125
0.7349397157147534
0.39066543573288337
0.0644896601765953
0.7385277276196239
0.7185866605328721
0.5185300673197063
0.44923384375209396
0.6965483500204186
0.6286928614666896
0.22346314658600464
0.7162398037711258
0.6102350804869511
0.8802290141448583
0.49396400130352836
0.6390696516303362
0.5131710879484653
0.06905319944716959
0.1996018337549167
0.11602513924699442
0.5151472399758756
0.6171338402515012
0.2070181060001749
0.8220246622812069
0.426127925197449
0.8485640623928857
0.6970645701971669
0.6416648422355387
0.7694657679353915
0.0973513658830697
0.5419211161996069
0.4161319030956141
0.21095401890287557
0.9694286611054767
0.01460618773615352
0.678738632629705
0.9376831191745683
0.06631813138388143
0.24385642494963478
0.08048129360794354
0.4715665331491965
0.16797019184777517
0.16695211303872481
0.6284235985102741
0.986557126375097
0.07313771683374692
0.18841600129383118
0.7845525165861091
0.3434949223690129
0.22873881615935654
0.4927284074997115
0.47876268850840187
0.004315540229896775
0.3317991110557409
0.8559096733590401
0.06366019803791045
0.48072856235892736
0.16863059985965634
0.9155654121564515
0.24777664088675067
0.8735410602198984
0.5674564113285461
0.23486621075065772
0.8551573885896041
0.10847040983536493
0.206817435089373
0.4105101675588628
0.6117875955682546
0.5785336860036444
0.47328097573853356
0.4331805022351971
0.8986134737624083
0.16107846325512298
0.06166287029941575
0.2349611051079541
0.10822269277671459
0.0980736565778284
0.46065430794358964
0.22098274756969338
0.34250515336353016
0.7547772295798026
0.7597450902495602
0.11579375781705392
0.5556893697640333
0.4351930316746315
0.5946466175432614
0.8723270988699877
0.10634908460803383
0.5014877312963966
0.016000931001722063
0.9038542024713353
0.4748542049722009
0.3330768211981686
0.7805935381783993
0.6710260272975215
0.7744698370988696
0.20573716797329766
0.8927218349930728
0.8004558763379257
0.2670313965751653
0.2334728479813668
0.6378996308642711
0.6789329745404947
0.24149257254741607
0.29461754295583975
0.1780415993826303
0.6270655228887339
0.29041554788039514
0.687915626641564
0.13395417658589137
0.20034506386746653
0.7053607021125391
0.14026030915327936
0.8894842311609471
0.24729244890813096
0.062057382523862614
0.3341012817294359
0.9888502532972954
0.07420726738347994
0.9990148665650409
0.02884027378983578
0.15587267379032688
0.5675969989660749
0.5883423821847992
0.2801098193942616
0.3472750997113705
0.689743639896822
0.49507535667580604
0.2981893354641203
0.3805861691368899
0.02320882547936398
0.17447115395570378
0.552443102758592
0.11174609566778737
0.3154904337353681
0.5915433052150211
0.12149439436060361
0.37688021367064317
0.584694315907176
0.10140589516349374
0.9614934208412208
0.7576515158495736
0.8971621979626174
0.7508162790592706
0.5934920648675441
0.7385508758576012
0.2891172152822482
0.7351118938884291
0.27123939415240605
0.9314122019666278
0.27751049262673355
0.32831500523880774
0.1874406021584497
0.12165350321990731
0.7902155343117813
0.9258184068703218
0.5602184580671816
0.556660202821002
0.2107468900921795
0.059713405244428475
0.5653770132862554
0.6350260312582682
0.3006477083627581
0.990354802181683
0.3578026206748879
0.36954922395271983
0.4796634077606573
0.2135415854191547
0.24883785841758044
0.04347621714552219
0.6339014364464105
0.6315250921003482
0.7017247764202255
0.29144067255731754
0.03052442097041541
0.04429180134732502
0.6183325160272897
0.7193060199721034
0.44321729367457563
0.8590402693429864
0.021743650038866136
0.1709952413648943
0.13639299325957988
0.4165586732081389
0.2031101952575668
0.5861578914891745
0.911421355142193
0.0176048096166731
0.5888242326528234
0.7428800299302424
0.574537034271026
0.6797879388082609
0.06828029136061331
0.19616787437216632
0.10090752974004102
0.008062034502290927
0.14010676842680447
0.5785200639433569
0.831048109151968
0.900038436967739
0.7367987582072955
0.7225976619198142
0.8952177125690882
0.3137569673091011
0.3509118603326058
0.3784403983650272
0.1940195611931087
0.05214452978713613
0.46122863266754766
0.8772107128570449
0.40783141983320403
0.17398124322671982
0.055488652479932066
0.5390988964160294
0.19906932059959714
0.5616325225741452
0.6478678283179297
0.6829325885708274
0.9778673596470603
0.6861527262683479
0.1669982236543861
0.21133673111378026
0.003134836650662831
0.5832478484566158
0.357975953254986
0.6322016080133128
0.8172859762496624
0.3202884152751898
0.16755255472115071
0.32437445587552693
0.38974882173330017
0.8941731767634256
0.855317797966118
0.9236288740782749
0.49292880944361295
0.08705196432327655
0.7399694130969179
0.5299388265056939
0.7046797689538219
0.5425286535534757
0.9850427061573354
0.5557051948420368
0.07686099109936151
0.09484455438641415
0.17973469381821883
0.05228070559657039
0.9733220305146973
0.061039311133286644
0.6905233546332274
0.09887146583888518
0.35862088179177287
0.524032211454676
0.42984215482253885
0.16337068415270017
0.6891325290016658
0.8224231269920336
0.425130198305681
0.37887412215399996
0.12386581137759556
0.13439117127765554
0.6024666846587395
0.9800877594779269
0.692249569768806
0.45548578398728123
0.336525830434109
0.26504152675971904
0.8546044377360995
0.884258652400408
0.21658366007625496
0.3565719117997721
0.15919778097271786
0.16668366080758512
0.54985674032055
0.07763599655077935
0.19345874762176563
0.7507023564364106
0.10155983268713831
0.7410804886021681
0.06947546522220993
0.4150317854496336
0.5252906134522439
0.6301032381386382
0.7794228327922413
0.6048505408885905
0.9783610843471678
0.24705558072151967
0.3947462919273016
0.05024322259994396
0.4097530144530279
0.8808270127457366
0.7953015863864926
0.7551886176027172
0.500115179727584
0.49129890887956695
0.9516191714833222
0.26391331248355543
0.06042141893667441
0.22199508517428068
0.8257891375492695
0.8396822152290478
0.29310584090426417
0.9829228379916097
0.3017169839267335
0.10755432220714711
0.2213046839006365
0.3180280845567599
0.7114523839475708
0.6606513153094858
0.7793407348308982
0.5223732728811507
0.7038437650666441
0.08546140340698993
0.5969433640387147
0.6913248428712457
0.7545631589062556
0.04515463015622745
0.1285812330811209
0.14169015468004365
0.024467808740706087
0.10962102935675233
0.16772435151827936
0.10673987937968743
0.7959688077827543
0.09339222976416539
0.2407414217701761
0.1634352785424501
0.12695910953536382
0.490834335653173
0.42569519966203173
0.034953405283048244
0.9583767877720445
0.9693467409567821
0.08888273892426046
0.33990167865065635
0.3333912196219537
0.6692659705016257
0.722231565482983
0.25481430599917443
0.9167548253723237
0.0020918721620408753
0.39617053334708807
0.5475712978292003
0.7535435458079262
0.4245806109720278
0.054668058348777304
0.12439276025442059
0.8173972856964218
0.06054144021796626
0.10284923338606144
0.8334273940274383
0.6199676442034604
0.5309398832905396
0.23806070064242124
0.30958320651623683
0.24211176761478692
0.529529752362531
0.1887000056443966
0.5065909543880468
0.09034692958006263
0.28608358394342615
0.6017433262569258
0.2686704218269017
0.5838574840976727
0.9110401020361282
0.3179518330924177
0.7618547913951706
0.6736946244996528
0.8326586850336806
0.06513830887194327
0.4701909924824603
0.35996721564587575
0.7133103387189924
0.07031086990684776
0.25276958372731106
0.6902112596640525
0.2805664544434513
0.8730421644293358
0.34510857743379997
0.911395383842225
0.4206505953400733
0.3242853263730897
0.8809188065969109
0.7811023932241995
0.9199853259771759
0.40878744009367574
0.6102738569912248
0.7047787412242509
0.5093255970646268
0.02161248668358895
0.13020880426854775
0.954378779118331
0.8429861562133647
0.6500491266445508
0.9640668164800643
0.7120122353617531
0.9261840489358649
0.6349662018487582
0.0610736973759437
0.008134374294659352
0.007942833672147875
0.142307478447516
0.9323630289186908
0.6846798831776647
0.9284194048264843
0.20298052215722262
0.6440486739778913
0.42468872897879084
0.24857923094253054
0.46244269518168135
0.3475770195236869
0.05534905562607162
0.38940348340319264
0.8580148295541616
0.4734073647527297
0.866380615090653
0.312519098750895
0.4068483722323488
0.13233797293766103
0.18661075774173308
0.6421805879172799
0.9458320246770597
0.8736381075789322
0.7617036952605123
0.7566701700116456
0.8115515763950774
0.8576585900312593
0.25201353454535413
0.45656581531079365
0.9464313167902201
0.31983525080912034
0.480908452508945
0.5867180837802033
0.42217020794834836
0.8023535849391862
0.9471463680760321
0.4380405546941839
0.762031663277145
0.6420511322018947
0.9555758929093547
0.189074884495537
0.23005188774384555
0.8622210528251327
0.3961234835720894
0.31830722982039805
0.898726317917644
0.9073228631578496
0.033069494430016944
0.6931762635868678
0.8589139419912917
0.9805624291086316
0.13635900464893624
0.6434872685255392
0.02533714496474404
0.517739437348833
0.711815024832352
0.14035298879458347
0.29350393060390156
0.5740603326070289
0.25584870779190383
0.19906685028157545
0.7169509667536306
0.6862924503092154
0.5893047452053625
0.10726391525411161
0.5346903335891277
0.34134348992915686
0.29352098173189456
0.22419076393518844
0.39985515701655383
0.20088104613118551
0.1280076960422203
0.26214405194245016
0.4841140441102386
0.8687853060238155
0.6781527544345377
0.040664113242847466
0.7351475913436673
0.8648232165650723
0.15889764988576427
0.5955207766166936
0.9317390222790239
0.6951001075243359
0.5058873714928687
0.014885071409842632
0.14921615889486506
0.8698610924698011
0.2679655273027466
0.981000707109182
0.42589528573972524
0.423761799530715
0.8703819084927492
0.6189792372407553
0.9847486001256381
0.13842040695347324
0.5609881962815118
0.20291380701108297
0.6947972631287014
0.046242008149646185
0.28966385694123853
0.13580962330415158
0.889349570151079
0.5101805624579939
0.3500826611417952
0.6570015939619066
0.5290940118065594
0.9661581215465522
0.5002326138997508
0.9177657482535931
0.2514362534523581
0.4685215300033343
0.5478512350344021
0.7313175542946497
0.5804632773343772
0.8765944839367267
0.29474218591158297
0.9982578000462886
0.05283620571374148
0.7587530069059584
0.3525485335113592
0.42683324291612645
0.8283914843214759
0.6864598176892585
0.17746941420578177
0.3915933154829302
0.3264145707730085
0.6038836594609567
0.611130063358604
0.7793272131058804
0.4749016344984194
0.04736800514377326
0.042262173891010946
0.8442189250503884
0.2025913078098579
0.2521473386557981
0.8563992173937834
0.6916433862953663
0.7084637057527079
0.81505267336838
0.983909367242145
0.16348589565218852
0.7835882598566098
0.9522210719327381
0.38909314301170017
0.5717784651606752
0.15911564152010338
0.5535030767069092
0.33786350429382506
0.9752211898803204
0.8240286690453227
0.567490873927615
0.4283766175952768
0.8731921821827776
0.06247788900878626
0.5227379209632158
0.5222042539180307
0.9008364165744965
0.8741646799259027
0.24423867677426048
0.2574071745285963
0.3355486488275915
0.9139679141370454
0.23552988941624675
0.513052430399662
0.1263473692126471
0.8935712125892878
0.9771667124368889
0.6310924078608797
0.4940427781363046
0.20498022859905107
0.10715151137512657
0.7764248854487346
0.6747878112141299
0.8524611826593489
0.9540309237035505
0.10258286803378014
0.6779005523884257
0.9065239333723868
0.5135667636546541
0.8877820624904431
0.7211349834562811
0.12484296307481768
0.2877114058956275
0.6548218032846068
0.008961878362957254
0.022102765871151453
0.9687375980162487
0.7499394653635016
0.24601713167015682
0.5676698261928875
0.948600951255478
0.9351519267756807
0.7973922131879839
0.5292784932535549
0.5505980648943489
0.6950282081279676
0.308974207735783
0.9397020768374517
0.17322326242748054
0.019175583936172025
0.05853507779034772
0.0316918213158458
0.7491618477103651
0.4628451340917277
0.050409677202180925
0.35838857532038726
0.5470288916073143
0.8139400765086601
0.8310502133375237
0.8485486570731856
0.45066765755456384
0.16915088706225734
0.9840244050415471
0.2310356313722024
0.8811792434905134
0.2575690059885424
0.11883661730537953
0.9627843442416862
0.015674669440919886
0.7241105003967785
0.765631230982837
0.2326644258470545
0.7342238192581216
0.8457183113820815
0.6421847101820845
0.6512093023497608
0.422446683273051
0.4024335740147136
0.33698238148326853
0.6823071190387071
0.9382173789274497
0.966091546098799
0.10406524248813598
0.7425588883634383
0.2479870473918413
0.7868757508164681
0.8271844318580339
0.7922109879413664
0.894210555788127
0.46676776630486394
0.4605823127108708
0.4235632795117612
0.851722372380689
0.07107001137326008
0.1816834981976826
0.07169432605313775
0.21400282170088047
0.9194397377993001
0.9667152888179705
0.4627169639067801
0.8317141621305832
0.44918148083732046
0.6870545431069457
0.5097279348944502
0.013975416632653559
0.5109304445700928
0.6322442420880858
0.5051313884851488
0.5018440722841984
0.8827483892699423
0.8111753005621881
0.21647817901804067
0.09475346658775707
0.994962671973137
0.8712154996438786
0.4076207724933665
0.5927421411918327
0.3964874064604784
0.4665803337641632
0.6324565238406223
0.5693476062074027
0.5249263529373397
0.7457640069498188
0.010860719066387525
0.10062759274674304
0.26348585113450884
0.882164732099415
0.05322794127848318
0.41038312519797415
0.9696186322921027
0.5917059168883637
0.5704333795600638
0.42945902573913564
0.9263447869290028
0.3392722749615802
0.5257881312738013
0.9749118567659217
0.7576632540755063
0.42743321241603316
0.07519110341486379
0.9670075499589381
0.733957588510493
0.4351834809949481
0.9369499740930813
0.007720287461723596
0.8154682658567428
0.02518542770325638
0.7509167037817431
0.6265252026221123
0.7928750961358079
0.5845597484009151
0.4733897027361791
0.5120182044036902
0.15345605975544885
0.6584310939741452
0.4428314411714591
0.4328035609258364
0.199283035552845
0.3848321294899485
0.7550478398596094
0.982834283524988
0.4282453154177215
0.45106783721418064
0.34392754961588723
0.5938087238123061
0.17219518050816973
0.8455842657462749
0.5486418800736904
0.1866735553624802
0.42055089345224594
0.48191842682134234
0.40523262349468514
0.1632945575379683
0.8373121090488667
0.00225080427874913
0.7969343489312948
0.7320377795353435
0.11252649756541577
0.27323028654052695
0.3899772125272266
0.05549700141995595
0.487526011981093
0.1622204992589159
0.2683897238917824
0.8280791478261675
0.5637030561748261
0.7784188910536645
0.6096320354752476
0.2752442664200754
0.7801830692265534
0.33568665111916995
0.9782440261647923
0.1433520342944834
0.9757808468318456
0.5292728822411971
0.9455051069644252
0.5743982962488308
0.12261568645830778
0.33637003977065427
0.07369430159526236
0.6723772357889054
0.2353788891960128
0.0849691047442348
0.8169086472998819
0.15150708411713287
0.44596601885728027
0.532097635566583
0.7716270580077974
0.21051830333893862
0.6582427690509004
0.906711789700632
0.3302575241024941
0.45101778355273636
0.8459515526798931
0.002541562722787827
0.17539578786178622
0.28709213242102316
0.25065880863997214
0.822149683269834
0.9350287914394901
0.5297515906483217
0.913833751840203
0.5062192750597289
0.33931971931134897
0.48291872971092575
0.9602417252017567
0.7105896415925439
0.23358984649242076
0.5687838891899262
0.037581721250878664
0.4557663271186374
0.24279359780459298
0.6027010486161527
0.42168285630948144
0.42354058395020966
0.9936125363415164
0.2078856374315451
0.12479127952522984
0.7144242002610761
0.8731984098836484
0.9835040135240521
0.41535054823756645
0.11588142465255291
0.9971451696860827
0.8274914652303776
0.5805971798432085
0.18076258189980565
0.12029662285915232
0.24832405973949678
0.14066922413872573
0.5588301363814535
0.0309128413350771
0.37464009220984174
0.28837883603518055
0.37890498954878304
0.26252520770244037
0.4329104661475843
0.6942298749244514
0.6707448538127833
0.03552362483588989
0.018950190430452984
0.7626723909047955
0.5401129303928502
0.6214908689919789
0.8593924086197555
0.7909010729678109
0.9421319051057482
0.817721875958937
0.7735847872545696
0.7875362522460422
0.07633101963180777
0.9671171364908828
0.8805705990853674
0.3398208025033468
0.3415745406235433
0.416627276076585
0.45642219809935913
0.6915561038776136
0.2827397535856261
0.9067878825899027
0.6056445077957731
0.12026823989062996
0.4386930165756996
0.8255950331212305
0.7704751407073614
0.05015450484572259
0.406025273073332
0.09854866342688084
0.47550456446730704
0.603653548616098
0.6682514603103789
0.2698470508035711
0.1285852730586723
0.806630037310907
0.9144477896182559
0.35454907482688147
0.8812879458304386
0.45921098388605075
0.15054348811204954
0.8742870047548971
0.3680117913305535
0.24030571890798624
0.49052858613531214
0.6109065604628495
0.7371020414533336
0.29575074101987264
0.024016274992821884
0.5155832360562126
0.2165707690770594
0.9550222660868245
0.8756754861840336
0.6811291486044618
0.04013586401512026
0.09217668039634208
0.3907970503941113
0.7033057231530453
0.7606691544695958
0.8335641964771777
0.6893760075525939
0.022559835383114013
0.042527593554874676
0.5719334145344996
0.02378452284495225
0.8250249225759133
0.56894048274846
0.08050929480632552
0.016515244576581045
0.2770018456078821
0.2799474133244375
0.9934291473713955
0.09900749598109504
0.04954594419325997
0.03049435349590368
0.2333522499042524
0.26267750845546245
0.879907998474624
0.9002627615944389
0.10473081191719857
0.48760966331046895
0.9404748092411943
0.4459212187635573
0.760577602913209
0.6577225283005518
0.8415434167272867
0.42310622491096506
0.23104345029297257
0.3320605943538739
0.3847141181124595
0.8889991232942687
0.01771603653991982
0.35543572443468097
0.8907715111219279
0.41082285816025166
0.8965684446709337
0.6186941825758071
0.03730146777841237
0.7943201948447869
0.8520973083434918
0.23230367366094462
0.8336352952924607
0.966789916118101
0.3536108699432129
0.461909429074723
0.6070286490474557
0.80848456877242
0.10953148966634618
0.22766188879386728
0.8751755188893744
0.35657588179542343
0.56762185913442
0.7970894104553842
0.8351066194916373
0.7135985640602635
0.3835691308720275
0.37886150362972437
0.6912940036455838
0.9022220694931826
0.1692796668634351
0.3892214802616679
0.5532859166242797
0.00901811797040597
0.8603776395116587
0.5079546180497919
0.26013200828862104
0.7266297529700259
0.019308139739933283
0.29701130564784917
0.6404720416131775
0.800635803436274
0.4506574047499421
0.24259797916864279
0.457925078152599
0.3301474857925424
0.44818732855858123
0.8581310997306095
0.06481104209399768
0.14020213113460123
0.26007371793687595
0.4461309039314495
0.2829337962206001
0.49905232242387376
0.314821647957236
0.8113692648658596
0.6237238989996425
0.7454127218147674
0.4662449888367103
0.6561839028137771
0.1305842347090801
0.8810161281370775
0.34536650580235817
0.6849602400638934
0.15358177120716854
0.7925991197600275
0.4167630848696068
0.9552836002186363
0.7630190910428571
0.5383838889687268
0.15206069839816594
0.8544208277039148
0.32688460593755886
0.407977382712324
0.19248501811513563
0.43684410932327156
0.8867707230052951
0.4614371810298181
0.1567382796086323
0.7925555794581552
0.03367084599012571
0.1662663241255099
0.2243856735811539
0.3853526815416981
0.07735088499514342
0.48159122054354286
0.7070051511671268
0.06108529793867712
0.9309850642464776
0.7107906418979051
0.49522620864529054
0.18608684814661036
0.2962702745268918
0.6055036836778954
0.25361230084708
0.006979457158458824
0.7473741876170775
0.31688226576079725
0.03635298937554765
0.7809251366324687
0.022749758857123825
0.7595338940991887
0.7267432534563184
0.9294225660022634
0.8749703582819708
0.12682912336092034
0.4357816611818689
0.14743683175315803
0.6016212736365518
0.7782893248499696
0.1078049864910039
0.8358172291079827
0.42474772686625917
0.1117437460307169
0.6523515958717853
0.2283497497713447
0.821388373972754
0.31892281419115753
0.4333657113582716
0.8659332653850013
0.2857664499635838
0.7927202677010807
0.8846004824318833
0.871956336601403
0.5388737365519598
0.5506048393099534
0.5767085220864324
0.9927623622051452
0.646773717426141
0.5050674207092181
0.3083561007876944
0.7961331300010905
0.1592354456282289
0.9245171523150706
0.7755604419043861
0.40232252730320694
0.44195791881965196
0.3599439943779521
0.19913077811445878
0.9951117630205362
0.05373024755847777
0.3406009127252384
0.6544554635814255
0.5154939270717043
0.9968624218276064
0.744292015115962
0.14005275328959155
0.25550014953661593
0.8946530478778919
0.5433158558332664
0.27306621092408556
0.9474470209080592
0.8410374812876574
0.15747236662239728
0.037254337151735206
0.9701838455362888
0.21941245287922506
0.2564336560254147
0.24203087072326457
0.7186593337141238
0.06397166137920252
0.8057526292862911
0.2938843662496654
0.5431773274773526
0.8596446421145235
0.9318655226786984
0.4225987032405907
0.5431488746852786
0.2280956364605896
0.007797994897756899
0.9262175726619079
0.399028513075925
0.8369399252290413
0.2613743966587474
0.6706337144637736
0.682902054783638
0.44016313468433077
0.9769982843353946
0.6932860652484317
0.11570517955587767
0.6893902976447851
0.24802260077494243
0.13407648186910404
0.3563499072485765
0.25536371092908206
0.26093776932462454
0.8870648512118321
0.35171261194997383
0.20558049973552728
0.98503302219545
0.23645996900617305
0.14433031269995478
0.6093290232498855
0.5522418013808696
0.4381121968738043
0.42456065863381287
0.16391183073401772
0.25027136539685557
0.3776904586639618
0.027868681254202055
0.6068845339323327
0.5832009497046813
0.7346290943368604
0.24700618608352354
0.6051116671909705
0.07127373247669344
0.8054016278476105
0.5300225342982273
0.2532269385036463
0.39049952205393357
0.538024369025471
0.3857149409478451
0.5828878168120475
0.5993844636088344
0.3472944313566697
0.6164263399630243
0.6866125159745802
0.6750501759659461
0.7468616923222983
0.5853352991508521
0.16868642512395582
0.9039615811464096
0.25681799989639575
0.6972137786830491
0.7792716018462774
0.9765438758393352
0.234469630385993
0.48710238216306734
0.7843081755118145
0.2438586032918758
0.6423263050217372
0.1561096265147961
0.1898864889129569
0.2297463418831872
0.989902913458872
0.012599546486824043
0.5018366498156718
0.45428843599390767
0.5211348439672764
0.7144404204153176
0.7493056967703738
0.9861751909949695
0.3341700750119111
0.9203906388062632
0.29838834027090566
0.42160263273587417
0.577017820594404
0.5878403754937502
0.8026486644039423
0.8110777924583261
0.2942129170216261
0.7911844902581899
0.8169793292935918
0.5616520571016852
0.1850867950564692
0.193645008473324
0.5358374901042822
0.34095717666850245
0.9711166141585509
0.7663590117874741
0.05610980404812682
0.636753686621755
0.43814707754102966
0.8145877767054432
0.7139913210182462
0.8754495312275817
0.5429267309940781
0.12151348530822881
0.7616775155013922
0.4083662264643301
0.3755983678900835
0.47786035106705327
0.413172166151874
0.1713426498171976
0.8886656860149665
0.4249693762391379
0.886541868248544
0.778683764697294
0.12274893139824039
0.4068310310922283
0.4088590450150852
0.3283401282103544
0.8066212727332447
0.8212448136889998
0.11176475236434635
0.5068794305380886
0.5103812364443717
0.6186199722947241
0.2284793256816927
0.0066488089323369914
0.7084436561467813
0.12323612412540963
0.25649822448219994
0.9936814359067947
0.5471283165495076
0.715990698189494
0.9674712431042496
0.11565826152692715
0.02644405901176705
0.0412352058927008
0.5665190208565614
0.02547830643757687
0.2348470089189456
0.7516027361556133
0.819651521125378
0.26344305278444635
0.012264321827659685
0.851730511561507
0.7771933309540439
0.5039816464560274
0.3979654916547011
0.28904685562551125
0.6191105257077334
0.8217336426507013
0.32741816736442575
0.9179871644701082
0.4556179838495429
0.5131634213091251
0.09594099736702366
0.385217224913583
0.5585316653831872
0.5761612217574218
0.21288730314340765
0.9679885238862316
0.6189606315959734
0.20607406256824423
0.21470609448922928
0.5977625243500633
0.4119503478010288
0.9693171895937575
0.35060699475833834
0.19315563567547
0.8585322125775667
0.11013311148028881
0.9870015294530551
0.6866143656666819
0.8987335285857148
0.11718190184075983
0.922508833218579
0.051675430784766
0.3861370686100779
0.5491093236984718
0.09504779825764764
0.6941198259279862
0.5434975539599952
0.7265540383969762
0.32435809896852985
0.3497614786212474
0.34335022832399364
0.4844334326568317
0.43105981821420014
0.014346856589029455
0.2846593486862108
0.7705761211155195
0.18817968842282795
0.17935195063988252
0.31459134700805036
0.6706804146681793
0.17559850190094772
0.015273651908855101
0.07370668355269827
0.294536843687888
0.5646198713163749
0.7126762772383836
0.13971033879714834
0.877863258558064
0.6207373532298089
0.21120276647705916
0.7422471024393124
0.7024916105738076
0.06996340745718344
0.5870595733538218
0.6740119872823568
0.35132551506678567
0.5883807020989333
0.35908392362014097
0.49946760569995574
0.7105571651290761
0.206823003587557
0.9993170348038718
0.9252898726714276
0.18269290524149828
0.1857559036128964
0.30128700971919775
0.09011338055763918
0.3692925043416412
0.6554169163009417
0.7204261307674368
0.3441419703509161
0.7925157309590644
0.07663891859449679
0.16542224237762804
0.5721284002462981
0.8271455870350845
0.6510796907697934
0.1277214942001912
0.5242098278804859
0.6274350888785681
0.32062528021704206
0.43643524666895794
0.18115853030678464
0.9802053011066599
0.07392770469591081
0.9165366092919964
0.261008368578323
0.9733247174555989
0.6564183714933667
0.8610743182643039
0.1546979743711968
0.41719514568638205
0.4518293494261393
0.4806025403032501
0.4909985845303315
0.5161013464844211
0.5138278123029818
0.05297106983044486
0.9354216904035273
0.840466141679774
0.5504919718863193
0.6237175438823432
0.06058845879159436
0.5656978688928496
0.9670859982089901
0.1739924689691955
0.7707608239050185
0.3457459564924239
0.5342800658938387
0.3818780291196353
0.31713890505436615
0.9296021628818966
0.4708671761115957
0.5075740667609131
0.6966873188258167
0.005669988618613009
0.5212340704389771
0.9859270358535531
0.26642263519638365
0.20423407247854952
0.5742427895648207
0.6200345642828221
0.9992504683607062
0.6173295539271332
0.3208999997045806
0.28784642248150494
0.18653141957953767
0.9783160578277152
0.4903868893564862
0.13023460430802036
0.37372235273426024
0.5453474149087817
0.23528573579690248
0.2226931371989309
0.3175373955520787
0.5004212216019033
0.2320350710774174
0.6952880812440906
0.07665770679043238
0.5177591720797949
0.10190501913237571
0.5132330917066574
0.41870813141767427
0.6421874820635802
0.8233145966780656
0.7758883207082524
0.5758517393997996
0.9392152234526226
0.8694735859292527
0.6404611762314604
0.5037355590142935
0.6595968246171882
0.5317798973530392
0.05584075757701712
0.48014257696246554
0.8639405333775553
0.5785913400104408
0.7026281011200287
0.8401213754883121
0.26527768981118194
0.20379666052123002
0.6004777009576429
0.06792852925918025
0.8988070044390117
0.12834497969531522
0.7192873348124277
0.7787297077280892
0.8708095877376459
0.5476779990289624
0.314234452804248
0.9812889025644045
0.6052611307688622
0.943124432636761
0.7821288235401308
0.7087113116219138
0.09473550759270688
0.772419417138358
0.06866802946257455
0.3379778504984109
0.4571606485585913
0.6265862101805717
0.5288321298933667
0.5274957557705778
0.5675836606453823
0.09250784571537463
0.1013580055380765
0.8688627175281942
0.3003403412848815
0.3546940641574118
0.5462063946356268
0.4827233275323476
0.8775212754749077
0.5678353337571174
0.1833459431592368
0.9190995131068075
0.8578545816342887
0.7773509493589004
0.8779942029436164
0.6623993439420335
0.10569537024146447
0.49491063440134164
0.8274618378563493
0.04058362851652686
0.6464836247168319
0.07619927729427822
0.6523479608593693
0.24569126866107693
0.6378302356229854
0.7023480340525046
0.22734119277837395
0.13938959914365523
0.23032442193153435
0.3725925999734312
0.6913119363273276
0.46745328579518763
0.662033926890409
0.34924773672997267
0.6241422355151504
0.4588475981393326
0.2432303058778439
0.7763546171622208
0.8587551572346814
0.19043453206402028
0.3102763975693723
0.020148278300727185
0.8516537330196283
0.9375548119678231
0.6179245172924132
0.6109194641690541
0.8138918863920961
0.4386621946944219
0.2536776404103338
0.908191807852981
0.3070681189580742
0.5733111058267909
0.08547008180233939
0.8852989434454436
0.660002180889729
0.5297100626616901
0.492353103537975
0.15818776302849313
0.711783117088249
0.37057307783167825
0.10489394929562113
0.39050683640460504
0.20314124423531243
0.2768522042522197
0.8848345468997401
0.816944312855672
0.4072700382292084
0.7612189593462009
0.013628801429342863
0.1369678060439602
0.04327600305660817
0.3521660113959111
0.6679464759693644
0.2563426927061371
0.9599536944355492
0.5262449794609753
0.7818080624248752
0.8723207952737645
0.7415862542028132
0.10739699098213573
0.9479139511073262
0.34636374181339247
0.9310570070699355
0.8141342658254161
0.4389542429861759
0.6257821270854725
0.5117631171185849
0.8263939539500467
0.8468359618645899
0.21079562430804222
0.05855530407614973
0.677263588021864
0.03113770749386513
0.5357130151953061
0.027579947323902343
0.8548261358902794
0.9138403841809689
0.6063418955359121
0.8652328755374493
0.9868843156794532
0.3588697296177491
0.41520629777866014
0.7245453483103319
0.08225368580611836
0.2751890337046078
0.5848372642569176
0.3270354588712333
0.5236086484072405
0.8013771799123148
0.6113995346044048
0.865132011866008
0.4575311845262948
0.511765792302671
0.3629985016403394
0.22981187442776219
0.6481104177105173
0.3361899996397062
0.9817935426073544
0.7132001759459405
0.898788367572031
0.18087711745232915
0.5809460091373496
0.10724151981760477
0.9189266053311304
0.3388393517194249
0.20541029234714114
0.9148029839357418
0.9299277188708451
0.7594898378274245
0.6631602317211256
0.6104718747997363
0.12001555193947488
0.06166683355245606
0.012656693997229573
0.1914283219458084
0.5967990147786432
0.04916919027915423
0.7456235117113192
0.7162764064823591
0.2649034880805421
0.8697675604825778
0.2612268460296465
0.6922951781791572
0.9978311097508629
0.48576030449704144
0.514728028607024
0.3635935715440378
0.10225077412365025
0.18075977345332317
0.10226075790060674
0.5833422455452323
0.5845715915655815
0.28286430170375354
0.9049620040257995
0.6755596756732433
0.10267726086131768
0.28862089917736944
0.7459217896750356
0.8047317745640764
0.23262372440596824
0.9665708810349025
0.27243777868749397
0.7418853847013716
0.7380737192787701
0.949161377020945
0.9672355463098674
0.7632954422644248
0.17704340136214836
0.2068771453126208
0.5950747916892655
0.1687845257945324
0.3649498151844892
0.8884500915688018
0.4800810041899366
0.44881471417787544
0.5008206669216075
0.3507640883949188
0.2646801868289316
0.506528666022746
0.3105624089026676
0.911151911050054
0.33201948105712364
0.36190220189229994
0.8819762707810269
0.18956538852533344
0.2173721279038897
0.6280046832163558
0.5882565967374762
0.017562273588091815
0.5701132696031013
0.04324403582035985
0.8664757244395015
0.09706364792250999
0.9514923856435377
0.6476626339677192
0.23703293021051364
0.24829599275306324
0.5260869172421693
0.4260700716731898
0.6983028007694461
0.8337358533913585
0.7768795125369786
0.052831474006946544
0.8482135094902925
0.15968090013746594
0.8074683736029616
0.30187488253547046
0.07390433089843096
0.6314439030797921
0.5296059650880187
0.5421725734160402
0.8336641818145931
0.4841875214284893
0.657833506181757
0.2450277165952751
0.0489117872604079
0.9056645911418328
0.44347414343912206
0.8152192877546834
0.041046273886523266
0.19073690889137818
0.1947481030773106
0.8119726846632584
0.747410424775887
0.9148122721010535
0.5966606801402973
0.36145334496558723
0.03807061932475464
0.6668270791110958
0.5956069979369273
0.26969866187516767
0.7346159990844575
0.785184656327507
0.4785123161172238
0.08194889832449392
0.8146336595466211
0.8598533090264496
0.6655030040833038
0.3124645195440483
0.6379375035673222
0.1372223150193821
0.6414111681714799
0.10928782352943545
0.42709906119997787
0.5105561865883463
0.08711896715886502
0.8555643900493568
0.6165285704435883
0.10837735915083191
0.6016702318726428
0.897190762454792
0.20887659681535264
0.20588884877935887
0.4427345348971641
0.22338355667206977
0.9337088275093874
0.9482181295413897
0.7139418678560777
0.5901826354679345
0.2028842070614869
0.8711271803257243
0.021910715418382742
0.24002974480390438
0.629417099830364
0.2486585935194614
0.29286281921444546
0.9658796365623964
0.9194311267030255
0.19749927163671754
0.2953780257006492
0.8636419931750285
0.6949505733301363
0.024085985914087504
0.803254759632254
0.537292973319889
0.04647050321137636
0.38637948734738337
0.158885136967447
0.8224084846481983
0.8013825061028768
0.17268551012916322
0.19864984042871559
0.9175398284050799
0.8730385501735511
0.3901265245941502
0.8358166727079022
0.8693821948350511
0.9880517296897667
0.9110869043452057
0.5448233866275962
0.4668245772435511
0.4364768280514877
0.859256491046287
0.5989237961875662
0.30326937520962294
0.9280706520550174
0.280407192686272
0.8765736453188617
0.27124666920396756
0.15799808454176045
0.9451985555910013
0.19484806600992155
0.21241356527003696
0.3502369701053383
0.625624403158692
0.6799705423278588
0.8007803202898819
0.5596497177251574
0.09589979320253383
0.7547578047274358
0.5917019790985917
0.5618898370024084
0.9039990104071906
0.9565423467768535
0.4958706317583519
0.1583838677629098
0.008205979265963892
0.5814818613436756
0.09061714947039878
0.48273027880204544
0.019335852231099793
0.5120948810458973
0.3492408598297917
0.879889043076391
0.5005333065599189
0.921411254921858
