128 2 3
0
47
91
1
49
127
2
62
67
3
40
120
4
66
84
5
46
86
6
62
80
7
33
73
8
41
87
9
115
127
10
66
85
11
13
90
9
12
64
13
14
16
14
54
56
15
48
65
2
16
67
17
49
108
18
64
96
19
98
114
6
20
27
21
28
100
22
54
63
20
23
114
24
97
106
2
25
91
23
26
121
27
67
82
11
28
93
29
82
98
30
35
70
31
76
79
32
65
122
4
5
33
34
55
119
35
45
89
18
36
123
37
60
102
38
39
106
39
68
103
27
40
83
41
98
100
33
42
46
27
39
43
4
44
55
23
45
70
11
46
95
4
47
109
48
82
113
29
49
113
46
50
107
5
42
51
11
52
53
53
69
90
14
54
59
55
112
123
10
56
122
23
30
57
58
103
111
14
45
59
50
56
60
26
61
72
2
3
62
24
58
63
24
64
112
65
94
119
56
66
74
1
51
67
12
32
68
16
69
101
27
49
70
58
71
96
1
65
72
73
77
94
74
86
116
37
70
75
76
86
123
25
52
77
78
103
108
41
79
117
8
40
80
31
81
82
65
82
111
83
92
113
76
84
89
56
77
85
25
86
115
67
78
87
15
29
88
56
73
89
45
73
90
72
78
91
48
87
92
34
53
93
5
66
94
95
116
120
91
93
96
63
68
97
0
13
98
13
99
106
35
42
100
74
83
101
92
102
115
4
67
103
7
57
104
4
105
110
51
62
106
6
107
117
21
108
111
22
88
109
21
110
126
32
111
118
29
72
112
49
99
113
14
111
114
27
115
117
61
71
116
29
112
117
16
33
118
7
89
119
45
96
120
56
93
121
7
70
122
31
104
123
62
104
124
11
13
125
30
59
126
45
92
127
0.24653215665839856
0.8405153747648629
0.6616825209445296
0.08915176464294561
0.020087171128192916
0.2620120809972192
0.0020489539080233987
0.550855550902777
0.6401674037890113
0.29200656889835064
0.5077285908922343
0.6016828093797628
0.8812864720494004
0.655253533761079
0.8141797529305103
0.5903212262321704
0.5813179995025661
0.6028190268379919
0.5900241358723207
0.10132276308814858
0.5261240900731525
0.8764406267031951
0.6405218664626147
0.8176378736361142
0.5466693755564901
0.3088192489955903
0.21723241307803698
0.5074576313811338
0.9456744873245138
0.8942598504133932
0.9012628099878621
0.6939330106449719
0.4396217785595422
0.8754427500078062
0.014040400026996247
0.9793152063396146
0.361543221021579
0.6498481039758196
0.6437728113097526
0.4649850476353905
0.6075856771136109
0.5957433073300814
0.14813538920285962
0.5891525595230789
0.2464029733176174
0.2871616148185714
0.4467986506014575
0.17680003442792813
0.6007145831052622
0.5188037403564116
0.12086171038413529
0.22924762439484936
0.13141980345949644
0.44223303935805425
0.8294413150073164
0.047208765634459415
0.6450149748104252
0.9834436863387502
0.8666025689216353
0.20190683552762778
0.8853651394228049
0.8784677505262456
0.9415247779279879
0.07444250869148483
0.21859218442413175
0.8897585696296012
0.906867709146247
0.816680482700111
0.16486487142513861
0.5232996705080954
0.021977278318414672
0.43716552272808074
0.10559743727737825
0.03971698097672638
0.683637382201736
0.33018048001077505
0.7975217135134134
0.5946979123338662
0.4169209959932013
0.787057808486472
0.5926024270946157
0.9176963662441514
0.3155916769798127
0.2975084380905678
0.2719649756306174
0.7878218646372663
0.3175862067820413
0.966255853950042
0.8874403660780685
0.9425258743545828
0.23442938365226063
0.23302959621294084
0.48181342497280055
0.9330286125893993
0.15014521134820258
0.4175740476107602
0.2087725226884808
0.9559050519468377
0.6983243301956584
0.17081559729639295
0.2431680817392382
0.3766602836870354
0.3941238596771902
0.8949331694912365
0.3271080928518153
0.5412522801395042
0.7216370626380628
0.18980793396808782
0.7744735314237566
0.9932933773715205
0.9279609851241791
0.30627213626324323
0.8486687619395524
0.9794527308280403
0.5320794306546105
0.8407073172150183
0.41345809689695234
0.6878582521316307
0.8813712672775801
0.29622144162804476
0.9892715483635109
0.4327205732689866
0.888120494781812
0.8548770213345022
0.8834497797258305
0.032275987373684756
0.4022246568347637
0.6430537744356669
0.04899817895871783
0.3927849226604183
0.33003905146033297
0.9356987578665132
0.7904692362070929
0.9451381611823797
0.5651653151314862
0.46068936814854744
0.5980679401853464
0.25911151921854114
0.7664156854575801
0.0122512036870287
0.9409743819050554
0.07529979605708814
0.3591304678689766
0.3764439031943013
0.08352174824369596
0.7475617000177519
0.0033957120894561044
0.5807953699131374
0.5178977521583302
0.06827366436045346
0.14197399046759585
0.61501061313897
0.11174087833378055
0.7372759579380116
0.012245477929050286
0.044768349893994586
0.7308072907258776
0.537825344118703
0.3422142181573694
0.5930850196399223
0.6781335154648535
0.22462654324098197
0.3167631764547537
0.7450660195781932
0.8976425724431489
0.8825269290152268
0.7481282627463466
0.11728357729544525
0.9527404494113153
0.27144795228782503
0.4635541965781036
0.13346148235893096
0.2846858811429215
0.8027715664644525
0.4728254901188028
0.6623586636370281
0.010731025462910937
0.19937353628041032
0.26079411092564775
0.025219056937511142
0.5422756449215405
0.5049224655471991
0.7088618152706896
0.9629863902877948
0.4473657740237509
0.9035152359280588
0.5548403733368693
0.4074477750867085
0.29350547074522404
0.9745030805410079
0.2504058306328466
0.28123423357945976
0.25401196601037646
0.3233590311673281
0.27376190772921105
0.3038706582809908
0.19623404381002352
0.4273936430543286
0.20190100934507627
0.19022151035697388
0.42089575630981446
0.7458061345250007
0.16296055705331225
0.14777619885131732
0.8262449633308319
0.7903889575859957
0.24863806849377978
0.36186257469456884
0.23217415620242277
0.9270254597361288
0.09944793552786424
0.16122715784806418
0.35695991920037706
0.5162090333521533
0.17224776259217178
0.6863332261679878
0.5936415974145419
0.20510123982821016
0.5908210962135111
0.05753756084216377
0.10829404061562475
0.3348658403339385
0.443897790647919
0.8042124409170569
0.4787509565546093
0.21762931714937506
0.7641301165764978
0.5854453448873826
0.580342506942783
0.794210841149737
0.42088457937333534
0.5362176594142242
0.07816773786762232
0.6506698946825082
0.8091171243555959
0.3668662952203606
0.6988316030133415
0.539985005177522
0.871019580708948
0.18218892574501155
0.14125579243275832
0.6773416373903941
0.35672265527436764
0.3390955313912013
0.5017379117085076
0.6308365148690621
0.8857258347075709
0.26120331662912166
0.8428891034364312
0.47501613711561863
0.42807286975706715
0.2808623513553832
0.28897864160663655
0.21366869361660457
0.0018184493347543906
0.682256627167976
0.19207151449925453
0.0790981101058903
0.796167422405536
0.2519384091683051
0.28718591247862035
0.9878167174753457
0.8279126526308351
0.5651301822655895
0.7439215337497395
0.8079368181880241
0.15107416550159058
0.790075039378515
0.9234513289092577
0.6860096915456276
0.3945233402914816
0.9847980129184716
0.8257312394992631
0.8796717726648294
0.16996924105970113
0.8136404102680275
0.9288141491762671
0.4733056124527434
0.8217843257220049
0.3373655585691404
0.7011867951159829
0.2903337950912632
0.18569897510792588
0.9788209531275047
0.3306635618549605
0.6886653804501163
0.09452038694178033
0.20428792415919872
0.02438254993072031
0.4085363674069955
0.7455211009506575
0.8264504958671884
0.6034770529398517
0.2568579059767724
0.7990916315292595
0.12491215404312561
0.7282515772435361
0.9419727929388385
0.540839710373789
0.01675743576767641
0.5061773600500951
0.8245461850037927
0.8523838013236843
0.6216487304570548
0.7722744009777687
0.8753707020635444
0.9588626340987949
0.200142983470589
0.7395025942667485
0.7046067327794718
0.9844045236639976
0.1530370235520635
0.5622248423267513
0.46880871860938544
0.7888803291704962
0.6451580638100148
0.4290095680926117
0.45642513524045747
0.2100121316836574
0.6003273750898179
0.6650117327214621
0.8103056838246103
0.16088216469284644
0.6855348929290773
0.03278274953556093
0.48490455703391344
0.17157736296313242
0.4755399060153801
0.6152898075809337
0.7955569728267543
0.38794404948255246
0.34976895629589044
0.13178422872822027
0.016567517636366325
0.04342924352110633
0.8264516493978301
0.5733850029279665
0.6987620528085785
0.10402778836030102
0.44303117939078707
0.9819334613477735
0.8497131735678634
0.6663672748356088
0.49331289440522663
0.8208296416773389
0.6138826815317903
0.8430882217141956
0.05338661735211392
0.3946415196908387
0.9017502935263902
0.848024653007742
0.4158819845533631
0.11223274458931565
0.7749692210141557
0.3527908059213384
0.1366296059383748
0.6670419413053995
0.09778034801632396
0.8943981824752286
0.7121202358717983
0.26939361908914883
0.8455202972035435
0.29635439787535056
0.7826216267183386
0.2707888566024911
0.9958238097395099
0.9032427432641148
0.2282947090508617
0.7258922568635241
0.8673682134601737
0.7509532334700695
0.003599600917943979
0.0015974391701752966
0.3803796449289565
0.17904942848241379
0.09822020562247025
0.27685252186697185
0.3770388070833297
0.47804602194037005
0.0813014286356516
0.19987358200813232
0.034090918017679606
0.6399819899801953
0.7592761258379143
0.8627968614552931
0.28250292763333473
0.8714961567485537
0.14901585172653697
0.5902817150774363
0.5931395399339947
0.4239909405307918
0.4033150413849875
0.4268931491297002
0.7919111676186701
0.8913125557026769
0.797214514608812
0.7155904703200057
0.4718504087989648
0.12862697089424924
0.8920454738437095
0.08914712024014138
0.3160109880532004
0.06398710972243837
0.4327349079548387
0.45238735435623745
0.564231205827557
0.6010630689905528
0.4555954477211107
0.20636949316672382
0.19376712270570506
0.25103420197030113
0.7939235665607282
0.9035358772648205
0.5810287510657193
0.9113467522127837
0.257742734461473
0.74782557320322
0.39797063315134873
0.2796090428961776
0.06506522198447018
0.3588468827743808
0.63151687376059
0.9720056584561655
0.007479870946766387
0.8114690004851659
0.29659638229130203
0.8530323262775313
0.5842708723954418
0.6879747172229136
0.35296706312048887
0.5030631196643713
0.15651324475291495
0.1846692228498268
0.3996275101231953
0.34340573750954917
0.38979487446077876
0.08004402712396286
0.4004528538635691
0.9370226850453315
0.7312942058849221
0.8246588839194808
0.8240797394554643
0.8682471040146834
0.721173345618348
0.31119895850713775
0.098436364329336
0.24868456378294967
0.8793808582668513
0.4427047277044268
0.607522986358861
0.483250972536978
0.2781597892695431
0.4207529110877073
0.963471869080651
0.5954133602050494
0.17251379662327915
0.3884425042749824
0.21808991062234828
0.9852172403045566
0.12304528978160567
0.4447740924792818
0.3845357291882078
0.9744950766088551
0.5741157148547765
0.03432744086820627
0.7719588448062259
0.7580385673750364
0.7773510319196253
0.9855165189370909
0.4561482250037098
0.748930281862537
0.36584703640627336
0.4378003682683127
0.5748311517796706
0.7726461572668911
0.10378411730057524
0.9520612709551801
0.16469677332304877
0.7590546849011645
0.35911166861850363
0.298027821200778
0.8032999382247894
0.016871742659447353
0.3835142273914246
0.446143006619932
0.6582162880798583
0.6848701423664089
0.7615945754637777
0.42161135823266893
0.6201694407425076
0.16623529799510517
0.935542560917765
0.10100338135782982
0.03839010052168368
0.05478079567709948
0.9628409787490063
0.19529355873765475
0.42308686240882143
0.1439816032548059
0.6572586032208374
0.15465141022891715
0.5066229886285435
0.1634845085055211
0.819851912052724
0.5740775761123029
0.5988260227534433
0.7726831020140105
0.7058594041651359
0.22200101014265972
0.6120350805682915
0.179712434333821
0.8382139073719299
0.08433158580353961
0.2192662443202632
0.6233900423864677
0.5163863289252403
0.9493059319167967
0.35158550565780666
0.25599051996749567
0.4498400004179064
0.11669756890880523
0.6529279850006122
0.485193802421775
0.15385368374536668
0.4367688376134786
0.40438061309577067
0.36878010939275185
0.12636588065331
0.4763389476472758
0.05536472655370017
0.7877598054445983
0.956193008415942
0.9065456954545335
0.06376588259250082
0.06157913278264582
0.5983419576315934
0.234235109318932
0.22221699560814157
0.08815770433851844
0.20188162372003926
0.36595826055171854
0.7660601626301474
0.0723815308200425
0.42031737898306143
0.1636757843793064
0.528780427040478
0.9271043694495379
0.7919779744375636
0.5270777394215483
0.9165152184017401
0.6666380855654918
0.11744600112027426
0.4920422984632923
0.9024249974642987
0.8523667100427308
0.6219317153845565
0.05489888458819181
0.0677933103638565
0.36849961307061063
0.8846413417259527
0.43250017640914706
0.1593367921423695
0.785673719521879
0.6168334706691271
0.6460954619147721
0.955066568535425
0.48471696973799216
0.753810386973203
0.9590950620996083
0.22670820609870068
0.9131386518802675
0.18845813161244507
0.817527951623425
0.5335107932135917
0.3023978161857256
0.18296195811318605
0.7905751163135755
0.23945795944988613
0.16088610208559595
0.24350533115462158
0.2941232267254871
0.0466338863702489
0.5466240971989075
0.27640419664408056
0.4285883294550086
0.18223112542655884
0.4715425056767316
0.6432134264506655
0.9999846930900873
0.9761841654461773
0.39218994740302715
0.4364072724331908
0.4951592187238504
0.17101184801279468
0.3762330852489406
0.41635976016697573
0.41306953374246447
0.6798555942492609
0.22437627709234909
0.1727739290075201
0.13609528596731302
0.22821177480580757
0.8679979560200054
0.10840288017961497
0.8664228369611225
0.9290253041655486
0.004150387650106002
0.7435916263856536
0.6295100313064242
0.0031907567041933316
0.7295158629741925
0.4894064177283852
0.6574251396975728
0.0822365517969782
0.26690483035634305
0.05519811459951762
0.598863748441466
0.4515845504060403
0.7249399747309414
0.6496015773619053
0.4152138390031652
0.22104528365077492
0.8089232870360173
0.6776496432703194
0.571577702212852
0.7471410985843762
0.10398857487748447
0.2744017144855304
0.7848650716999147
0.7616713349378545
0.6371776393155176
0.8751823348827052
0.4973145874327608
0.8112708326363215
0.9412681131138481
0.6660322785994692
0.4450085898128253
0.7108545591748547
0.12946865694681575
0.6211358695731014
0.7000388989814925
0.8432468108829145
0.30829474704246296
0.6190316688438552
0.11492294219635202
0.6558573585684847
0.052024141532184376
0.7454076445240754
0.2489801280562911
0.9973101258959531
0.13313668251989874
0.9281195742571494
0.5749548514260246
0.38228689912440306
0.19812619855862001
0.3711277804853085
0.9581646414731994
0.3403205242503997
0.3884794562186985
0.994212866892867
0.5279784090560009
0.9761721099240899
0.18391792806156393
0.8575646424834089
0.8124082162657184
0.0815749761191471
0.1631739487505306
0.6569917788262337
0.17795879496358025
0.27739169352239956
0.5111768650218242
0.04968790923756283
0.8966217627655821
0.8530217712442327
0.003722736516302616
0.37694115526908756
0.39647228043679694
0.7580724247156793
0.34107755273701723
0.6593938344320237
0.9225450048966938
0.6506517463010453
0.7785475045581837
0.1852021915501294
0.464118680932749
0.3233218073026902
0.34956533773947873
0.4094447920839118
0.6232104301097297
0.07281791163401286
0.319704660063726
0.9911464611935927
0.27139675138508945
0.44075370246827383
0.6068895907159753
0.40709044408941597
0.09957473718543242
0.6100301632397425
0.7469969370938547
0.27802011891403666
0.8982398015544586
0.6709431927819703
0.5193834990893603
0.7070370557336266
0.9346402259408746
0.5445469898343854
0.9923651308283861
0.9111169537875565
0.11462118057317416
0.8468414592779477
0.1932318533803964
0.3022218627002512
0.7857788409455448
0.4355884684487952
0.08099465257612293
0.19285726863284125
0.4844388313436305
0.7112832808967703
0.14894226945631706
0.2783473366366668
0.05283993966359746
0.6271332372583496
0.813423385488249
0.43670033045336154
0.25868786777558184
0.0244020163071903
0.1889654352649337
0.8311048978476646
0.6998213491306852
0.2296921182239442
0.024709366828996937
0.3232509785174493
0.843679333996138
0.6186733681696013
0.5781691562937386
0.6216804302144051
0.28109333886637744
0.3120534926708576
0.5913642960662536
0.651799466655002
0.03237545202914127
0.9523629829070326
0.8693175208544957
0.9862822780933862
0.4067670050593012
0.24583968493267339
0.4176752117191401
0.9928013816901374
0.6190606698837497
0.7344558120188917
0.31202823326063656
0.09814375774524853
0.49042058334864114
0.2885158351924044
0.4762217607011616
0.2845586500014048
0.5994695702540099
0.43325997806204475
0.37623350750096307
0.42112015686589355
0.23567970557945828
0.8188690797172578
0.012013616417727024
0.6346049061673977
0.6918539595679161
0.6723139106514887
0.2758237696536069
0.09821267230554487
0.43419222001622604
0.8885178557287228
0.8248758572791279
0.6663043348432022
0.031930701078271895
0.5874051299817106
0.1985228980282695
0.4221689283600992
0.7913510599263957
0.3878998925628073
0.13528522717261227
0.410027201392116
0.5762498922034988
0.6051915166160213
0.4974816720391597
0.19490785233130703
0.9274091401041069
0.4378338830175843
0.30959798284357776
0.9989209026283637
0.030859255765137927
0.13386164777571585
0.8713999128184149
0.4550836113484441
0.2325816932458794
0.764985331475227
0.055836833492492244
0.17845547354409852
0.5664328367095959
0.7598614832770537
0.6081394918610457
0.9002407328586589
0.009005225635609349
0.8936884972128508
0.06970545100435988
0.15959481510448503
0.2726809927355608
0.39853804793575753
0.9554611370146122
0.7276878404513754
0.8479319879996996
0.3982842111451257
0.8826554569706392
0.09690165763164127
0.27259235858760333
0.8492889103344892
0.6921672692248548
0.6860360382001978
0.6857188275838463
0.6282739149959662
0.08531590816867829
0.7735398830548637
0.6577097189418653
0.45785477346792236
0.4217286573696669
0.3299263822164106
0.4709283190724902
0.4144541770188169
0.9128309000602025
0.33854360523796423
0.21266017280417526
0.6565400840394572
0.06269304668791442
0.7397408251927499
0.8572421928868007
0.19873729793090378
0.4678289051348109
0.7281453055790601
0.8426258188520668
0.23045783395064579
0.37734826781544584
0.1835168165128226
0.5196445416868963
0.1890335425393448
0.9729459036958762
0.00813964413991941
0.7882040190431866
0.9766545610089619
0.1095409448115946
0.6920269634885884
0.8299656512421711
0.002422213301516263
0.44773857694741837
0.8256218895959644
0.18116460551234692
0.1850995598367885
0.6281724044963397
0.12059601881601245
0.4782089439654148
0.9831534391841646
0.5107577431729274
0.5970986336587305
0.6924762846718329
0.6643301686710043
0.6194020676093048
0.660587479281565
0.9444065825259088
0.9258490293290076
0.3938838771566314
0.3200062417765074
0.5039435900972835
0.5147453832627936
0.49474577034827116
0.9148726951496585
0.8001857395490669
0.5556633497404477
0.59546870282258
0.06086260496356166
0.8202393804915512
0.757088142247254
0.5213178791333908
0.4517838829948664
0.3322824753468786
0.34219937283626767
0.5091574386939878
0.47634753682117037
0.9736796527545483
0.8888020737138813
0.7463539638246818
0.6443574545253037
0.8812655893050818
0.37595856086774615
0.6566170977818885
0.2868655675871217
0.32881182424305233
0.590615099447407
0.9144165338469724
0.036261533200546814
0.1473913439656439
0.8822146397462742
0.23611155170156162
0.6410033482898501
0.8060626121467203
0.7772494759202816
0.0707522915568104
0.39290244804168606
0.8570226598649695
0.2775016648801464
0.40989494008704175
0.04093649835299129
0.6511480388291057
0.76922824731236
0.5176795505831496
0.7543536542053194
0.44369572741508945
0.5193580904939962
0.32356574815794836
0.19030354686129414
0.9868497319854822
0.020657470696159863
0.5439427507217751
0.2899213058200668
0.18036458353060192
0.34047984018475475
0.5465695608075626
0.733318577011879
0.7028839187097149
0.6880198305484967
0.026088995266834725
0.9840995765659903
0.7939025089865477
0.9776150873249738
0.020160176699083987
0.47876600775033606
0.4812764625968827
0.9115513715589082
0.8921737452967069
0.3383595588438738
0.018954817410301472
0.07336387344355022
0.2252985499052672
0.8388690252236006
0.24632765593273542
0.8829230117465113
0.1274774236267434
0.10652041161130033
0.7308578698527337
0.9288479760544264
0.5471704804659286
0.5027453145073921
0.67655605827754
0.7742477552987903
0.48500440806487033
0.019693582920527142
0.6104047830218303
0.7558587781315902
0.6130502950393492
0.14881919741876082
0.662762285024051
0.7369480309445368
0.14061975572222707
0.009194143074327088
0.6023616928011408
0.5152788605177794
0.9658846058441912
0.540228190989682
0.14128284245405098
0.9744128516366105
0.11350348594600801
0.28923832706468555
0.8294415477465962
0.06266397297400328
0.3169375736136969
0.15931026062899334
0.29991250931656765
0.654111203213393
0.7947435207853052
0.16472631095433343
0.9641361530047396
0.740550670192176
0.7542302353275494
0.10534494109916015
0.2988702851143662
0.40151850618685325
0.7680067806461066
0.5183621582985145
0.42322649585825356
0.11820566993510406
0.869300668486417
0.8971483171760267
0.8765618322242261
0.18575482943283594
0.17089572238292705
0.25875456350364356
0.9387962778217978
0.6143774007508455
0.13141269112712306
0.7013621964833322
0.47654391970526777
0.5443946726859431
0.2896432791512604
0.3701164088395802
0.10267943235407984
0.4361316788026933
0.5055537735747301
0.8272101060945928
0.08029761999895257
0.9290366083809705
0.1089118153143167
0.016373252676697314
0.48364112183339125
0.9229947375081206
0.03327155163260631
0.7478976644138975
0.4102229031883624
0.8139980215413786
0.2861484145386055
0.203083112939341
0.6328164934448466
0.5092311374405778
0.03166165343798644
0.7355882570728713
0.9700004136385764
0.6002619737223809
0.6297902694785505
0.6288243687788729
0.6322670843669196
0.2891218111824767
0.5224847475924064
0.5883407020128405
0.36412528548718825
0.6281481009319876
0.7767069100859444
0.4990239976276165
0.9878053284926869
0.7277679691200377
0.7518092941269543
0.36600931297260453
0.5156676716597969
0.7911994833082184
0.13203683987480686
0.04942322991500492
0.5360513212447862
0.8314610122548313
0.05191317248656957
0.4263557433982984
0.28008374550104287
0.7860912669039688
0.2676141975902525
0.1199010394918395
0.04113446269774845
0.6953465908965283
0.16781722012112898
0.4933859092524169
0.8844313415158139
0.36667261356983216
0.6919164149395646
0.7236546677874731
0.19694933125917125
0.7221678955599841
0.5784316432738104
0.5280353131421986
0.39389407290761147
0.5194894351957682
0.6686883722512902
0.9881597715194881
0.3733460780541228
0.9129559839282855
0.1159006222010378
0.4038735571711871
0.036462166513945626
0.8928923317660633
0.5610652184124418
0.8272006558988412
0.9821082083500717
0.4569592651683265
0.14264428879712154
0.562326755567443
0.30529942529875653
0.020320127118318765
0.18730849471610445
0.998938086835033
0.7876728036576283
0.0906177801686584
0.7318108455110915
0.7011845772133
0.8044394392991928
0.26243828946148695
0.16563526838960652
0.19286836302350163
0.7632891942545403
0.08138541454248283
0.2628682686824789
0.8164574509025451
0.01718707333862357
0.3725501923642621
0.815707108680454
0.8029472208937127
0.8267644577570397
0.1379305761264169
0.3906041224188165
0.8650697051562425
0.4381049447320624
0.37320042987140367
0.25509787795961136
0.4659913797583687
0.06601437842521807
0.45240630081695965
0.17049860586830512
0.5309092467479304
0.9290526141380072
0.23712185996294155
0.8285510557565156
0.4989155396490971
0.8582985315022308
0.044214533744320494
0.5351506093008007
0.6527029167553278
0.30559799721927716
0.44757664413354215
0.9304990552488656
0.9724155265643735
0.571963359289546
0.09238887484542235
0.526321669570349
0.959304124068188
0.5259929180032642
0.9085032374739065
0.2828717162154418
0.7599180000968381
0.234806573075388
0.8316192495870308
0.04787903422947848
0.8797884070101056
0.07260104462266193
0.0194953151220687
0.21022600631483057
0.704331761230079
0.14139289293718404
0.166868621813967
0.871968517730337
0.9075018980148831
0.12035212097554837
0.13321378382729576
0.9839220651781134
0.17486093608518405
0.5600480813062974
0.3729124873880205
0.5496560127358591
0.1746117132661018
0.6507971297442836
0.19386396049331245
0.45687285142327494
0.0395165814823758
0.13295614964813496
0.9341832455557054
0.20373973018104918
0.46863524250533584
0.32460839067367964
0.48471005153511326
0.6905690438803116
0.4177361285307265
0.557146189808731
0.5355664516275679
0.4184173679725658
0.1479266906314457
0.07255458216487898
0.16470029664755947
0.2743554429982463
0.3570749040042398
0.5504876858917808
0.3951018517556838
0.36382931252118456
0.4996056974100779
0.9227344271479807
0.41646959859296184
0.10983705409511169
0.7172109360974706
0.3286936040243391
0.748173521547409
0.4336444274903015
0.8228841812154813
0.9048524427603853
0.43903809168866537
0.8817426707320396
0.0819224137891833
0.7416912706643006
0.06585747847453949
0.25227988156580383
0.9022666039565836
0.8688065046599979
0.8174011376696922
0.2011695275291936
0.8811522356236213
0.15121005459273307
0.7100281630438333
0.8804843003850301
0.2459613613284607
0.786604288736633
0.7869770183854041
0.7086834186277807
0.9418719739443124
0.27200533852739384
0.37446525531634733
0.16182358514510964
0.000559004591005885
0.8264312469199224
0.0399031910120915
0.5502459618891359
0.10229647986844315
0.7767081848789016
0.22995038861336703
0.25660095947837025
0.6383537807997806
0.911401702631336
0.4973174481604573
0.04559381933129014
0.9276104648740175
0.9471195991508661
0.4896163828707316
0.5213779051409202
0.8697902459919473
0.2287864540520319
0.5846838599021701
0.6515064778942449
0.7281665391814967
0.08406663062645447
0.9194503710993939
0.7525640441537103
0.0676705089257359
0.9919070578358227
0.4551988208988498
0.8400100843098405
0.780941225237194
0.3143363321317233
0.5466913997126758
0.2665673172132753
0.6168539509588432
0.2687115859067747
0.8095118415517574
0.5081875191186765
0.0173472137281675
0.4472095225848176
0.7397483827773963
0.7973807380128319
0.8617127930896029
0.16999840745412065
0.7287063776125574
0.01329430936028242
0.9307748659086638
0.8979258196131402
0.3554633529438973
0.9069167750557999
0.3507307230365385
0.29896711091172046
0.4898994722933965
0.9401885598290725
0.41868419174926363
0.3384847291348042
0.9823630353413143
0.16052625309463753
0.48798468487315527
0.12966734908405542
0.7321737574159148
0.8146699474387855
0.20949790121856948
0.4918019126182541
0.4460158728656245
0.7736952034877278
0.43464007253081427
0.31275868961875075
0.49235909135088474
0.9338246134510342
0.025964186702309155
0.507053150796909
0.06616120493071231
0.2941840688495956
0.4698403400436221
0.640630447676868
0.22958456787334813
0.20740052711356183
0.9327612270372674
0.5072273561198745
0.6831848818738182
0.7118901499460161
0.015175449742336422
0.08150157916782197
0.9099813126826571
0.08074462334994792
0.958318492443345
0.19089035442070046
0.8345519394280524
0.9234474900232575
0.7651922614126289
0.8005098058772613
0.6219327319685062
0.5299999511097004
0.2695378402774615
0.3559672546638484
0.4647065385193945
0.24453865998433244
0.23245704000419254
0.9072335058841842
0.019555186119372236
0.24085153269913329
0.5454443447583743
0.6104183903369409
0.7755112227678237
0.26883918786911454
0.8162673929671365
0.1446820866618881
0.04518559138552536
0.6251677585429093
0.7688173045996024
0.5459305420702637
0.8415324829258595
0.8751477547183392
0.9758884602866117
0.42258229512820344
0.44176829810485785
0.763521730784162
0.5648948878063641
0.04396207323788104
0.7852328716433191
0.8400297861413177
0.24116451925228488
0.5787132025523773
0.9789120498458601
0.11270702945428346
0.2737238155281524
0.6509996775072189
0.6879174764962397
0.06509018187603832
0.08051606073857309
0.15062832836041418
0.22191624882658034
0.06515317458502523
0.5588299507205207
0.8155157965012312
0.7354084932383336
0.8189234804176656
0.5550988005261922
0.4211386130691803
0.3427299682198022
0.14802081776045795
0.24558837957429114
0.6870259542222437
0.5139064548869802
0.149971347785413
0.5234779773368968
0.43017816347771065
0.7797602759284066
0.49582767761498536
0.15887228472097958
0.7264483984117049
0.5431408581204518
0.4830362632989774
0.8852240613160373
0.6063428343169686
0.5314588881981934
0.05881739226363947
0.05389721958805238
0.6511460407643666
0.9091101932728402
0.9311635123812637
0.8835247591485694
0.32358377457133836
0.39479917655977037
0.3548735964239558
0.5809356419689922
0.4713135306972237
0.5047950947022888
0.6627840235986096
0.03553485696224601
0.10256263700336177
0.4919110376070336
0.4862092791806786
0.2254833729027672
0.605699990802027
0.3605550332047235
0.7846899287199037
0.26684166439651846
0.495386213768945
0.676649688178491
0.3093656665653566
0.5303944268093703
0.10516438342614032
0.04126624423082614
0.7344104241534517
0.26063955455381504
0.5048301155831071
0.09299188028523897
0.5321140581594496
0.5442759823214977
0.09577471607463428
0.948145615255248
0.18707415260882276
0.35863506724756367
0.8886287666313775
0.6141168526096231
0.8716875458907738
0.5378941382411414
0.6788764875701091
0.9950433440282979
0.6564143706191569
0.19325803152402088
0.9301252110161131
0.6287951158822728
0.6084822674844792
0.2982692257372618
0.7295229197331129
0.404475494132989
0.1455829107248181
0.570045803922284
0.2933761621091253
0.22066046957137186
0.969149027058264
0.23672536273392597
0.7779581792304565
0.07094045157221274
0.02256994126176992
0.8570947408048665
0.5536485259531497
0.28140777849580245
0.742711339496184
0.8711403659364302
0.7066614854768065
0.6358793343693858
0.7414619461292847
0.32823119581883664
0.9677591603059827
0.06201853411236602
0.21020579058846856
0.8647722906752852
0.81873293042458
0.37785066013035784
0.8762231009365626
0.3750579610752155
0.8177993684562054
0.24853292389015746
0.831832869969612
0.8909463613746568
0.7605962615869722
0.517608863894519
0.8530431082377063
0.2323742655281279
0.825571339818577
0.12532831704438496
0.5097601272787001
0.45453816189247187
0.13772760042473875
0.09852818191419821
0.10167016541225327
0.12453385748894019
0.654727829886442
0.12170565041612547
0.1351065874298888
0.34200591407731484
0.4906699499156876
0.8013051976761868
0.6489007935997868
0.17487000081314963
0.7372467634516451
0.8557121766077042
0.9642905164752834
0.7379269875966072
0.7413965655353739
0.8115963252513057
0.9433513937155659
0.9445163359311052
0.8700820687200853
0.7565102656107275
0.8939988726297143
0.3211245380119242
0.8840965343726009
0.41887647966803243
0.243060680416464
0.6308207749776268
0.24835395564320073
0.3745017443373554
0.8512561439088611
0.4020059238691802
0.40148810045468686
0.9783724699014317
0.6133097480740993
0.34262912309489557
0.22893734507163777
0.501660501124829
0.5364363460942082
0.9652135269039749
0.7377032103493896
0.12981017858776978
0.5135788531362896
0.2610825491852906
0.1958502306436284
0.5257471214877883
0.3783924377595407
0.6277537168374583
0.24209440161480744
0.1885914882991151
0.6487930447618041
0.4588191267965377
0.21873966147983093
0.725707019273372
0.5472798636615062
0.6502019014958469
0.4564986686726188
0.2272658971185394
0.45624940388655477
0.8236338342406142
0.037972520835257595
0.16100393940126245
0.36572199999822974
0.31436308202155105
0.6158704546252124
0.20432080283861387
0.7092528786424059
0.9705486046829228
0.02306570508567274
0.42299056033092974
0.5838201629323083
0.01134296352952735
0.5444684101320905
0.5311629152242087
0.6739989477418651
0.31267143732917135
0.5081833140002764
0.534427513468287
0.8946250679764749
0.05253938523691659
0.19623985577334246
0.0572318452918662
0.04223920481632648
0.7601331923681751
0.5937907558960621
0.9189090368509106
0.22416016208217193
0.25688675481604695
0.6503216262510109
0.7668225337607643
0.8797934189128956
0.686327952541167
0.6181841260157156
0.5489039720086569
0.421430131018775
0.5679879693162335
0.29733986490949105
0.9614260702060563
0.3410579411785438
0.690426289862753
0.09110271423272742
0.6772149585587008
0.9491014289759561
0.08889617638186831
0.5565037889706361
0.3614881771013596
0.3437941153473907
0.5321357099776228
0.4838913978679693
0.9148560002613662
0.951842510069617
0.11995748449410915
0.839436232438079
0.052933980347849574
0.5934908777807035
0.8335531066339958
0.2822706028991262
0.5661545474633464
0.1328554441634039
0.21323540937145435
0.872239114757539
0.5213329318884051
0.6512704754827785
0.1312903512177378
0.1407112403171854
0.5350471746946084
0.14813772835765215
0.6333278070938354
0.06559992918108581
0.5406138746646449
0.08425710772023887
0.21871277682895218
0.1752231997243674
0.2820385216438308
0.480649530155574
0.4363765068915889
0.4624874309410879
0.6948422833742633
0.009602244552869732
0.25247626061904527
0.12084517080683954
0.7110101220623429
0.192284539923815
0.04410635884826475
0.392598846074087
0.19296177383124535
0.31395337935544965
0.4238672791108331
0.8103707460714561
0.040463347370207514
0.4345810189177065
0.6961304113592657
0.8585192051545439
0.4319783003512614
0.6302482856988177
0.09329912535333762
0.37143138541114407
0.5456961878425821
0.7160193138808094
0.8796580195603092
0.4203095731332174
0.9964311772900658
0.3812815505616348
0.7321144456381807
0.3288746201399806
0.60550165483356
0.37248768460102855
0.26782872244595723
8.844744692104722e-05
0.43324692900122386
0.728989339670224
0.39880741825267196
0.7799288107973328
0.8484739502902703
0.23497548226949294
0.24007765180221297
0.059959125422624715
0.8649449478959609
0.5100143612209393
0.9032047839929132
0.6439041429428909
0.5110572478917127
0.2643205626315197
0.8257513754350014
0.1783754473109299
0.18756526294971754
0.750540630880569
0.6871304513918843
0.48199442174131135
0.06620345533381544
0.6010598463687813
0.6535356980204506
0.5287419142639327
0.4883670951533775
0.5566450694773857
0.027742218372711402
0.506066215992586
0.4342154221132726
0.7028907974168402
0.5749209106887584
0.9350687599341023
0.9257619711323882
0.834036644428977
0.06880313484437572
0.12019426674305345
0.9279615547679323
0.29808090519960573
0.37945500572787294
0.18660559275428257
0.7383475960965558
0.9116623963741046
0.570918270090884
0.8695536919585386
0.466419034048026
0.5874320707194396
0.8604894305190081
0.0650535296802972
0.6652744196773107
0.26395243917559175
0.9135570767315685
0.18809998599415323
0.08481355513925048
0.6299830120971419
0.6678190634527925
0.050690154135689225
0.04830223549746948
0.9662957198778253
0.32747851145697193
0.9851974381373724
0.3415644387883625
0.4717916084087186
0.3350611549172947
0.749219566118184
0.004232615751137647
0.16482295040800177
0.5942279894746557
0.09433287921667333
0.8351359449047202
0.2966915701619921
0.5696266038974904
0.4131030432301499
0.8994704601397564
0.8020781403523882
0.059466748074056386
0.8823489329169235
0.09936188887291697
0.2106381154067687
0.7438770325483165
0.6186098586227448
0.037910107440081275
0.7204462012912594
0.8059450960981946
0.9255240815501476
0.7523524276890259
0.37498488228839566
0.5019906369560824
0.9893341152902904
0.18830824546827873
0.7635233812620302
0.5643537821830803
0.8216623855362304
0.9541162024116312
0.08069709804781033
0.5902637491875383
0.5396545402304561
0.20118449311593622
0.14997519518244995
0.38229342039101544
0.8756648665285813
0.7305575580385846
0.23268844161078728
0.09844542239949539
0.9765636720716169
0.8801749334647437
0.6563495614156163
0.01662573212202867
0.21785813897450168
0.06343579732036664
0.7078695359043611
0.6797603918480943
0.5933787484045437
0.951005299599149
0.18761289296722783
0.24256063585330934
0.317271773432651
0.5880569445931844
0.20775798893218
0.479138327118835
0.4932939531417302
0.5015400475266469
0.6349718250375291
0.5840218036134416
0.08417631506462386
0.07718836855160816
0.987868907404839
0.044578577266027986
0.21388984838377
0.893399596695051
0.9374891193313319
0.9634304561068749
0.11719752318354859
0.6954756564496946
0.2591170771689193
0.5233026954614248
0.06966126225974922
0.48078618823898867
0.41631427154989586
0.18155298457956415
0.7593408477968754
0.15442711943783727
0.4789627088789914
0.0318713112618666
0.5705870962015153
0.4541373436931917
0.7783207661066021
0.6630885878949072
0.8659479621514308
0.13023211586709937
0.7418366259409334
0.5535205559278336
0.08201620678895571
0.15996999764767605
0.5658775710198102
0.9966561630158879
0.37051100217266153
0.3407007296726231
0.02636438064455504
0.11113452010875724
0.2723042660265401
0.7308879938356648
0.9975786982854636
0.19885522585591398
0.45131452040276065
0.6683320925056525
0.29500659603954293
0.46438201481081987
0.9764159702842131
0.3382268175425549
0.6136863905350852
0.4568665043335247
0.007325612184606367
0.1818161678171627
0.461939146544457
0.810089814678748
0.8650006525284599
0.22652646590944026
0.2677655119224599
0.9135181849373015
0.819369673836274
0.9153834004697675
0.11392048572253632
0.7646857273284804
0.06677378182496496
0.4295278982870687
0.8568970579211665
0.9483748969669398
0.2522771722639474
0.8097557239963468
0.014443402451198795
0.9757476747559943
0.7916272902612005
0.16038618179382425
0.8489183701377924
0.8067169007833942
0.940183202602456
0.4862522506545909
0.6388742193840937
0.7087740100271311
0.953206426471993
0.3778743162211117
0.6797717882503334
0.0974596394395767
0.5307128693071328
0.6844217581303996
0.5520888844555173
0.8393010597983743
0.10041563632902961
0.40762443875227505
0.6930840480085783
0.6855965773194467
0.4482847692871611
0.6040214872747315
0.3808151915134047
0.5512624564604345
0.32774025747299973
0.2937419971490891
0.061807686590801825
0.6091263295179984
0.3779832399334614
0.6805363109919821
0.9022052041588745
0.7302744269608169
0.5641153801952881
0.30241163753565925
0.11093238696270313
0.26184130169191444
0.8996904222398016
0.7187059737967665
0.9589530903421425
0.7914981298824826
0.4103211916154208
0.8103675748590946
0.4559122070609135
0.7336249118381608
0.41697169117718347
0.9583733576698324
0.17539123762580977
0.64313683715201
0.04435894266341445
0.29719832771034693
0.09502906150715773
0.6834107605156998
0.25377148455957665
0.039140213257616074
0.39668744913084564
0.825356572453482
0.16250413855948664
0.28703634605179873
0.17810544767846848
0.2616417650992755
0.8015534081319956
0.16558714571275668
0.8808749672916413
0.03386820465192142
0.20823236516521793
0.6511030760911494
0.5343228617758194
0.18639331149140403
0.5354653992406003
0.13416716611750823
0.4407736202976752
0.4894032684098345
0.8109491809480582
0.8267013285717512
0.18099591420863725
0.44956613874742124
0.8641586121003954
0.6129781679403098
0.7844141632249318
0.9258888929307761
0.11958405734114808
0.5910212566230432
0.18976447669622099
0.7487837558876457
0.41733430150004314
0.8379947103694979
0.6413235075636086
0.3138726575085472
0.46428437877176276
0.09210262306206385
0.09448265087720031
0.9656952365899478
0.6417398586939418
0.9539258795253668
0.46016639960132477
0.9120830673928471
0.023951288375335555
0.2992853707537516
0.5062139087512668
0.3121889387923331
0.6699960638374061
0.6284161092269792
0.3519771492751913
0.8739881876387592
0.4643716909744209
0.7709415028733212
0.620548846340203
0.10064904910779171
0.5131348670667807
0.9005512493676677
0.3472511522646883
0.02804433065531564
0.7734110086488296
0.39528591332591734
0.6830430573481464
0.7324762894871537
0.20939126312505618
0.1464150914689888
0.6931822774566562
0.4008449930391639
0.7276956541567582
0.20625525746923534
0.7724278100331651
0.8853100847024818
0.46971315587169193
0.8899323660059798
0.8148503484179161
0.6923285896241756
0.19238728275513872
0.35984752837019673
0.6171958819986989
0.016107527590513926
0.21788414410015522
0.7781333845227072
0.4912663163907177
0.3738087003921583
0.8442534014433017
0.8757633216379705
0.8905951340126024
0.4071020614658629
0.43938132083285875
0.383961559652674
0.8500240647472196
0.9417425668979014
0.9005596534170056
0.8823627792601691
0.7828834271954918
0.6008897476971486
0.9921209326824183
0.3952056975501139
0.24126128162274185
0.5317924332831006
0.47038762121907274
0.9586463287101772
0.2114100973751316
0.690869165826443
0.8561895665923401
0.08456046476895085
0.31969712683926377
0.18734513244446027
0.9685044437495728
0.3745098028097008
0.8119042305905734
0.7000705218513177
0.2592748625662763
0.5848922157080446
0.8475249297317342
0.8466397588434443
0.03983324810100386
0.8237641956594522
0.5000914649999473
0.059940057115053125
0.816248923273982
0.29753001947073243
0.3167062927715478
0.3486563003413875
0.9108890589633435
0.30131186618519
0.9831649299425086
0.6908525665385284
0.5936123333965914
0.1396584541004806
0.32983593815773926
0.09113784992950846
0.5802957475090491
0.39766749890780717
0.12799173007796427
0.8445072599918417
0.2235359741235735
0.47995025526748236
0.19567490402952226
0.7289705016847086
0.5603258650375438
0.41400170023851623
0.37520800928921005
0.6254748783413716
0.05858659542443534
0.8839406731845088
0.7397901348394509
0.3162037725665132
0.5709635717390792
0.7291816678988686
0.47686011598903655
0.9255084527944498
0.8802214505618194
0.903746008969141
0.03909900753649742
0.8879685250928895
0.8252233875494894
0.32393160907560303
0.6659129960244378
0.2905353855820799
0.2553843779046149
0.36252361509967346
0.6307215372036196
0.47937755393040316
0.5057792588646648
0.08848138482562684
0.8699861038251102
0.6145942648935443
0.1239003323335881
0.1537155011686463
0.9958299795867871
0.5228309994993358
0.4597270784616454
0.26288161723550385
0.01721870366885281
0.9308357233434446
0.9415087279257072
0.46575779747146107
0.475125077640873
0.16509099287604
0.6925687374130132
0.8190060837368498
0.4843502212171584
0.6308390821077913
0.35044151390705636
0.41602255292065193
0.33886638060814533
0.5036443646454802
0.8315937131559678
0.9079494828945037
0.03550419320905229
0.9814342151909837
0.08438764613521077
0.220152674140069
0.8807140892755232
0.8040998417989664
0.9438909591172672
0.14194559854266875
0.12593829866917394
0.8065696916763994
0.513526792158057
0.254383627193681
0.18090002309037334
0.42134792752197325
0.11608001850034966
0.1691774457996108
0.6593337809537259
0.8677422405506034
0.3307723167858372
0.16138481547924877
0.008921437162305423
0.6320800213990766
0.27516955440062696
0.04735521055018688
0.3276226134578345
0.30487032087286714
0.34491625422161987
0.45177095099003295
0.16901357459889643
0.49514377847512625
0.9149468926134533
0.1760390099795045
0.5685298466782238
0.5616604480241814
0.7863733676772137
0.4049462404997711
0.37605141089162086
0.9237415100349446
0.039794152690175943
0.04329599432056008
0.08387578421618391
0.5341385073148311
0.4166820062423595
0.01946604673302721
0.7148724641125956
0.9487822536635637
0.026850843807819214
0.5347938993932082
0.3496900165333916
0.052316188137253694
0.6841336140899353
0.8671142754834642
0.949077198460485
0.8308493392489782
0.4111924696231791
0.624154744541241
0.7257301285289867
0.29321538062749586
0.6632721530934844
0.6019852908184831
0.7188778797991147
0.621337627851686
0.05164222841397759
0.3971080470094972
0.53435060570833
0.06149286032590817
0.14803463643210302
0.05452475021081016
0.7812399494222234
0.8706942504852199
0.4613263947396602
0.0495105045912857
0.8580617357354111
0.2646422922114411
0.429899828371506
0.06602455606967694
0.067077366699692
0.46315895561725573
0.7437191570649506
0.1066612809010612
0.6522510181345654
0.7349998438834274
0.8467808149298601
0.4375296799950331
0.37316144919009897
0.14951252355680322
0.5968468523877121
0.6107868728669904
0.4420244136115934
0.05098075619222142
0.35663936658138373
0.28203529756714196
0.47208987020591253
0.8965535884967081
0.06591935510154534
0.4479991235676902
0.2685110252656083
0.6152339091212619
0.2165581356600199
0.9295488166268496
0.47565317700269427
0.6311794160169136
0.5761941878463128
0.3836616568748987
0.4155239671690566
0.9923460017171484
0.2790239588656531
0.6036103625348619
0.2282296219903539
0.3314752105189398
0.6442293032927126
0.07514287808388675
0.9820727607189566
0.6187585733314585
0.7051961481888347
0.34654732269197097
0.23429310339852216
0.8763440168266554
0.67437264642537
0.28429616016347525
0.12734975320015096
0.478639385050166
0.5278230253679919
0.12064916356927669
0.39228856960938285
0.6810410423345216
0.7374533151266675
0.3092589049289055
0.06074989367965744
0.3431634845072974
0.1028908849749095
0.9819079244592719
0.8547399171020597
0.6803516925286999
0.3780135369338612
0.6806842037717635
0.32664589595410476
0.09060576791638053
0.6830899704891236
0.6227339581707158
0.7725509373728178
0.120076847851452
0.8286968423498485
0.7841902950379137
0.7829834096268667
0.8535199805567891
0.8047880204072608
0.6871720649278531
0.8692219693388339
0.1513887511681311
0.8300765365129595
0.07644514939354652
0.14581255157363837
0.0721750460124444
0.11447538078723074
0.615365449309313
0.8105589227374456
0.340037498102689
0.5911540552640511
0.16400534527474953
0.830780750505157
0.6763762460917414
0.9796257351202535
0.20896433430455774
0.5184563757867926
0.31433698598615534
0.3521942566665378
0.9283131155699126
0.672410493987828
0.7571182963002572
0.18313925693518385
0.20346965502199443
0.5096940502399595
0.8823613440292448
0.8698785375132306
0.027515119528840226
0.7632432381159393
0.9123898061834868
0.7444500369924799
0.15417880607664536
0.3859680085922629
0.19941392723253437
0.4088212646382544
0.8321040423230149
0.19567166306634243
0.6775074428819803
0.23941280365748652
0.8200598583519692
0.9764130371823544
0.9076749213608062
0.02925249754247672
0.3917623788709579
0.2719965094384811
0.17636436936868471
0.8679846115135381
0.08688183239160585
0.6685435883438758
0.387337730345395
0.14852585647036676
0.32802109874910534
0.9522138767307756
0.5525278373131869
0.9174590274599508
0.1617417550782705
0.5323410765753798
0.27996937969364166
0.8042283381664732
0.5017397085770092
0.6356354635005951
0.15922095972201178
0.3026921482952972
0.36343576690242474
0.9144094255655615
0.9952070814525696
0.4651401014221954
0.21663106121430675
0.9164582909412328
0.8532925661363409
0.787761291480822
0.14664437182181778
0.3827838829056329
0.7553822081679099
0.6955358306551127
0.07182177944732882
0.6141222147183049
0.005016413923440433
0.5524310635279707
0.09383689923799399
0.06686717005585285
0.5035030079064593
0.15872875462137825
0.010323015480586117
0.5233022039459323
0.012636399558804023
0.16120412866824585
0.5502455923266913
0.1265049610258694
0.4786823301197576
0.3043561778564843
0.025814201633174494
0.614837039403483
0.9823696457693505
0.024231928369862543
0.9007104771946673
0.6613228099726356
0.7009601592989547
0.09238941680583157
0.434469219291459
0.19656033205467394
0.46009315567943543
0.2369524077413403
0.488326553183583
0.604481858004016
0.2632256287565897
0.1273752714266716
0.47151387161126623
0.020794435747904627
0.5272569289655084
0.5787477242256108
0.6308284137865722
0.907349592858845
0.23310386722089993
0.6115892119399459
0.8662119589732318
0.5355043872273108
0.5555368455173603
0.011251438084077137
0.7091313314473909
0.13617321524842807
0.8379101348351623
0.7060072749796712
0.21391229099526643
0.7632388772030765
0.8748598829330962
0.9093263785743559
0.6216980597076788
0.8318560938001123
0.5161776408794693
0.8007821170683208
0.9557730044022094
0.4661097530436683
0.4795673781982105
0.30717807126654584
0.40986956939792674
0.9350148502831181
0.9314881719719421
0.9908189695004217
0.943231445062441
0.563866934275907
0.6669824305412182
0.5923202391651582
0.21164843031713265
0.07983468623346957
0.31533049600844854
0.2775006746238129
0.12792264604553139
0.8820000714729338
0.6583742750820428
0.9852729066870294
0.08544247074663125
0.1704341793514057
0.41414170316037624
0.4919226892397137
0.45617169690120785
0.33398460651337414
0.5752545004472454
0.6554368473222095
0.5917852970342037
0.018605427573360145
0.001791853868648663
0.7659138177319378
0.1806311723641839
0.6010573666836092
0.8236257342136308
0.2206867204839943
0.02591298911002693
0.04095863380404674
0.5816629382319564
0.8102829754330301
0.06138455067634507
0.5084720917620841
0.8392158218313333
0.24896277087985919
0.7123355502147205
0.7126714616261779
0.8463763775176998
0.8059765170061743
0.7493546391536416
0.40471580176346156
0.507590068613079
0.8239400999171156
0.5359239892437679
0.7607167484367635
0.8817907629623977
0.8998616757678474
0.26959273062543165
0.23514032476293434
0.5920328033659163
0.033230146045728715
0.8829432797117928
0.07178012461110928
0.7614150807993312
0.5556568121652589
0.057980773506954186
0.019093814381509033
0.9200395396267024
0.34510721251681953
0.18756194976412588
0.9461133112238168
0.5278249233506829
0.005850569847136056
0.7031291421600967
0.5157144055282854
0.6524586510375174
0.030343574403076223
0.23478822643366515
0.6678225241766781
0.936288127882195
0.6197284213252894
0.20123009465137975
0.28401580933301707
0.17197935385423824
0.6141880789371152
0.014493922473507226
0.4581367677595264
0.36435906393568684
0.5087336246747762
0.3719011302575732
0.8094730612551346
0.4892315497404711
0.01760267650337599
0.913664250223774
0.7313571077642385
0.8885173760422853
0.02482317804725398
0.36837387471498884
0.03297066081431643
0.22459971507764132
0.6192565958431505
0.6944727667438813
0.13335066735493084
0.8986855133238932
0.23801949692720736
0.788710428911183
0.4386071575686197
0.7986354467700018
0.5725542537406796
0.4133851224768246
0.10153768294756171
0.7916467983082883
0.049141409290145766
0.43643451762442653
0.8212358448696933
0.8591828904717252
0.4067995940548247
0.5279130904894139
0.05604905614321354
0.016672366688915807
0.2583924181260787
0.8755800892459321
0.7325580785358137
0.4995481731901197
0.6623448798969681
0.6854713637889079
0.4232091156410863
0.46488936384765156
0.015698815939702127
0.23162311726776352
0.6147578092769403
0.6436030453117856
0.36019063659585293
0.8631463661568692
0.4663846872735129
0.15062723790100363
0.5852341237374448
0.29472893271229395
0.8165902653075257
0.3969224640128397
0.727971785013809
0.40653744982128526
0.20067995076725575
0.1448460195469109
0.5064898342094695
0.5229663058085536
0.11624396094428369
0.3090908235915355
0.6628304965532296
0.3774335248277867
0.737279072995653
0.6241319952236566
0.40750788624930323
0.789177832279832
0.25090456392675786
0.7433942801903279
0.7074693573013
0.15915444261451306
0.2999394375777754
0.9672267243403216
0.7629160812791351
0.7422828458222924
0.1135952105707656
0.4602432189230533
0.942294078762666
0.06505055325505549
0.7573689681659862
0.6645234597483144
0.4645908130823623
0.5332560833583357
0.528933726161089
0.16140681238392685
0.25475336187800324
0.02496891140013857
0.4038175958256741
0.4616690401975745
0.9665483325136782
0.28320057175387237
0.6160638650712076
0.7164339581942052
0.8736703309671184
0.16514977633441785
0.5634231602788127
0.09081710888378258
0.8869416766494793
0.23187726846791623
0.6689773730191254
0.5314353536450057
0.15141934404587076
0.8580719446088845
0.838194571303936
0.9541893278871235
0.7800703267784648
0.546728794834804
0.0363949163122137
0.12462621389731365
0.40733956365649515
0.2978182264217716
0.104714354229135
0.1699059129088515
0.3037750619984255
0.30721943574768606
0.5721913059455235
0.872182036891166
0.06557943087639673
0.8200232824434591
0.9304855787439122
0.05368621829732112
0.2696404249355122
0.13507720644336785
0.10143651859863034
0.5951025677737
0.4044540826565689
0.9058044682319143
0.750692251657913
0.005869528282015146
0.03442969555143105
0.3373769179165891
0.6140211145179885
0.4668540966868324
0.39089830635269684
0.07258357423113371
0.6974003423922472
0.9408492346445992
0.5830899790026964
0.1956188642554958
0.8904069518033905
0.17892451755358596
0.6135442598656035
0.3845554130636327
0.3219126768696522
0.08440294315945118
0.4894065441072929
0.12220580227027644
0.06949578282957736
0.14407206896085267
0.8367143180697466
0.7405290517450457
0.49903413756174153
0.8809080847125571
0.6612824897124647
0.4158677987598033
0.7509628209429158
0.6136011809958921
0.7705265050358111
0.4455967559995262
0.774134108056
0.9562346207284312
0.06238228987590355
0.7772603434066738
0.014703652435610337
0.8625264135323651
0.905809911086518
0.9440035467310398
0.9434943803993935
0.23571351856664524
0.8372408147059582
0.6112482064936718
0.3161117591516883
0.43923073970833637
0.2840798964936211
0.12079870765768386
0.33903918656636767
0.02185844827031902
0.9192293239889516
0.6656401527174394
0.8333559975514704
0.48464337020511405
0.6942264323563715
0.06252091383722036
0.8131637604107655
0.8293078146662568
0.8807394968093344
0.47414705540826196
0.7395801549386654
0.7312013794499029
0.6415624615482071
0.3644254994362618
0.8249371075874075
0.4044162073497092
0.20837117361557067
0.5543117989696574
0.9534342994126886
0.43397136031021477
0.23574915020117548
0.8060913093964833
0.8445806662630303
0.7574917826640857
0.06493079962684423
0.956216100209153
0.2611879259037281
0.2859706203635325
0.6445007224483417
0.6379123433072571
0.5919570270194432
0.9936367288499913
0.38462123788067815
0.6536512960552309
0.8949181639250614
0.2683162443702126
0.487813293051253
0.8892090332321911
0.24958890822053736
0.832677387224932
0.362746437733414
0.8972117234178447
0.18472253064593513
0.14967484651623075
0.689924102943418
0.15524569961208579
0.5967330457338765
0.25075275665525254
0.369648773803124
0.4422339701834406
0.13902397277236156
0.8161668599180506
0.8710991193083217
0.9095252941478824
0.06623621641591582
0.7748984585391459
0.41810191613673764
0.6690977926608547
0.685171475025762
0.12538264656669473
0.04654522996392274
0.4562086545954007
0.34436494192140854
0.059784272741454925
0.18941363420093138
0.5552560869135904
0.019075670898601738
0.738107100715901
0.6821160698874337
0.11374398527035834
0.661149706495229
0.9799222431795311
0.7115496292433304
0.4234107880173248
0.012628106653841176
0.6493729638503154
0.9685365270359075
0.0005317621885181367
0.17864121862784788
0.6545666111481221
0.832851723118202
0.3316372327873951
0.8811206593032838
0.05136672210675364
0.8706461177863644
0.15055864311081146
0.27551244180689394
0.38017977946218384
0.45394356804058766
0.1315797834411636
0.17978447904920614
0.2200952486757516
0.9309700063525127
0.419583455629284
0.7045841401071515
0.6292537961127505
0.09904352019952178
0.12446565809672538
0.9476673403865314
0.9594146883500324
0.5257429399306709
0.7771968667511554
0.14609631986297977
0.1969651120853506
0.6613701570156976
0.22998571365196452
0.1393301604470356
0.4889081774790237
0.23698229789354341
0.7327587372741569
0.28468470423599124
0.9214871285582222
0.12336104158054917
0.14562223554371845
0.07706520111752557
0.05422757589596583
0.19494001471295652
0.8653144198789944
0.21621055991324978
0.7606490352438957
0.5239090088711466
0.4856086966150541
0.29227079134665135
0.6700254096735052
0.8516400613599154
0.10135608003162355
0.5505213911770599
0.708567581195587
0.01591809978347758
0.4587005836469279
0.16079303892672114
0.558755854444781
0.25617407800920056
0.15549103176176127
0.3309486142778548
0.19580673035233453
0.1944282697411266
0.8825482397607808
0.9145258338732555
0.5338356821599174
0.023622868614753045
0.7540765818625669
0.5213534706726624
0.5150678049687479
0.4208526610682052
0.6427234703628748
0.6592820728977393
0.08087081472066815
0.6212878080367401
0.6030789682091414
0.8927991061982166
0.6947125965285018
0.017907519232817415
0.4009282233589594
0.6502789581944048
0.5664850597835752
0.23090695701217467
0.007540208650400504
0.9575057753752948
0.6269770566747939
0.3575628469319443
0.9095007176006656
0.9604220881793449
0.5760592300476118
0.1945868034574928
0.6748162607576648
0.9301195842828394
0.3574937920833764
0.888951006285771
0.28721327534355
0.20214107823076854
0.9344324623892558
0.7932593616923035
0.8020084233074523
0.15396952230784544
0.32819263131922016
0.6160753436500136
0.4517550797645532
0.7485224608166151
0.04417695678421607
0.8459166152144574
0.7869603873869686
0.6610663604935177
0.5996366987399725
0.6112783179358453
0.9307820861632857
0.4935794998376237
0.49328528956845885
0.5289971435260121
0.6262221075595862
0.33770895012548585
0.506484501762895
0.9237943250373113
0.2021601239968398
0.9838285554106523
0.11389468265559677
0.9984410328298334
0.622006460278798
0.3911641684125198
0.32923618225684614
0.4507986128070959
0.46113540779920625
0.374715568541346
0.6348709961579531
0.7843467560724436
0.5458720976881962
0.7992069159083766
0.15461059248959574
0.1727619242927665
0.4821094125489185
0.873770613437117
0.3567319410964154
0.054657114750078395
0.10187324550207522
0.9381009827262708
0.36471541858738543
0.34910653772968925
0.8757234758125847
0.662857434161572
0.4686715601545689
0.790572211416834
0.7809877852450249
0.7958106889814885
0.5893740906732832
0.4087778547112606
0.4105038636624796
0.6048839645871731
0.17483870487508701
0.3304136849063509
0.7021091498238676
0.07668915557949785
0.725614269379804
0.045511407526401815
0.4181592544880952
0.9977608345423257
0.6231157098189665
0.10842379694322024
0.2456699303542088
0.8435033789430401
0.8443353016615031
0.39022101977176094
0.168011737835829
0.699210290275117
0.012074709621413549
0.333211001800387
0.6220246106035895
0.9572861220219316
0.1294316483472272
0.6155692429142117
0.7921072837879776
0.1455232026975808
0.7237428463804753
0.20869712977089638
0.08907450064958844
0.3253385250458767
0.11904687120098278
0.42380901061190424
0.9020821426268555
0.2732849942260819
0.6576924541176241
0.33943272149176984
0.891351991816795
0.9679755236448409
0.49745474865871
0.13212974992328352
0.1749853700340681
0.6149782390534123
0.30967381454961074
0.7513606685366152
0.8099043408749749
0.3304145119615606
0.4754270049801146
0.4444134193098095
0.4524528191916858
0.6417729241526788
0.3930032672230157
0.0639190984482525
0.8091822430513923
0.7891668359926038
0.12109009720936825
0.5987346144484075
0.16115593849348886
0.19808496215303806
0.017470848733216138
0.4680906817288788
0.6034962081334596
0.8695141672183783
0.3775947526182013
0.7436068639744965
0.5816718121111252
0.7746958337380272
0.4682162334604868
0.19714275741081821
0.13454859630670846
0.9184366615606229
0.8694301780391294
0.41306933680898483
0.6062835828312033
0.260629907628823
0.5191389736946813
0.7635857044958576
0.9138978648701708
0.6291984325213185
0.42452111924884417
0.09199035283497259
0.5140213638222567
0.33243298529981613
0.768725566461019
0.7156155829320796
0.8411921077245915
0.10773332478821951
0.7223398339210216
0.49350782438721974
0.7688004593227424
0.1627799345653259
0.4401460305850954
0.6449317324025039
0.2580371250930512
0.8841101732946922
0.9382336910357989
0.32083144090799864
0.5074426075297185
0.3502545137543046
0.5228227518235649
0.6939407245383322
0.005520087115065797
0.10059942438835745
0.6711408269853737
0.23330896768448306
0.01507586383041859
0.6807868401205268
0.2865765503906422
0.07411276661023136
0.3796113166665196
0.132540279918558
0.6725306496576777
0.31829483868662833
0.6638369872499179
0.9594573344339881
0.20275642353879408
0.24678050225876547
0.7409523375615447
0.8686797339808839
0.6282930691595963
0.2337110638251929
0.7970086029664407
0.9791634195423365
0.28955462927330766
0.7403498668767903
0.9813058348930525
0.9076817443956546
0.1530990105931903
0.48583372410819226
0.0038062547767795385
0.34229631511569814
0.0039492143411360425
0.27932162641156044
0.5988248307550519
0.5262039594338355
0.2823042828845288
0.9107791884725663
0.7772198898357262
0.5170137019212677
0.31625130765636544
0.24119393515119447
0.04713982792366389
0.09678711107446147
0.6166276105558566
0.4905142155067318
0.7434384802347361
0.8261050077216963
0.04839996837776739
0.7907945495741966
0.9720764897340256
0.7195854880733423
0.4004795038898886
0.5700369804945025
0.5025787877837455
0.12622025653108515
0.9743785658856965
0.9526346633545163
0.29416298973794663
0.731251821720339
0.6204700324052846
0.19335836569537768
0.6880146447688967
0.9059339221517319
0.6433407364248778
0.7297455182134599
0.4214506728025029
0.33156944230480423
0.8242383869241021
0.8013059380892508
0.3122924724371344
0.028062487179507878
0.3262452846926943
0.41933331365268556
0.720641665551878
0.6656995343453931
0.6226703671616164
0.5302083297677318
0.6023390212954548
0.7328141893876285
0.752160312291169
0.13129446364027786
0.21526608904114752
0.5657676585187991
0.8954098673474086
0.7163805374239062
0.5932286644331641
0.22104624864517664
0.9591013998567112
0.283094011038623
0.31978610430133736
0.017670758768338013
0.2708574791328069
0.31648745217002283
0.7712343937773473
0.08257993197659197
0.9733240109563803
0.47311133908848124
0.8818704694604065
0.7650560185262544
0.052597869442158274
0.6130686544999712
0.9115490439507785
0.8128806879683375
0.6959261096405555
0.8560433001217181
0.7756038210642004
0.5113107540548492
0.31755454565904606
0.8831819615611666
0.2434854423775672
0.399474579884582
0.46333891324822996
0.9025937049390799
0.6481374980293206
0.5030150617975262
0.905238828164099
0.7831966011724565
0.5193045311804909
0.8236191440027457
0.09452601332981714
0.6193378321482248
0.8504595621462504
0.016059073629656972
0.8916082917510858
0.04706725200734885
0.8522339994032255
0.5888894843498481
0.2417186858345246
0.5117490769424778
0.4592063435329625
0.7090987122863622
0.07873118373876464
0.26951480670392247
0.5324323897667033
0.06597994929885831
0.08400038953900724
0.09043605706520752
0.30099141456656997
0.6016272711690989
0.8045240584063632
0.9332046071140051
0.25831537541088967
0.4035711147504941
0.5311874170771346
0.430980484255328
0.33179847573495347
0.9466883995097615
0.4896900311372313
0.2843588875017704
0.3735252843241682
0.9572397566101646
0.7918614568776999
0.04359080755289191
0.22251921054106438
0.7964430967100152
0.8909850805691321
0.40873470192093764
0.9294524015033874
0.5349707844125887
0.28682874207270237
0.8269243036246614
0.357818621052739
0.6995916337584991
0.7950665416645154
0.6254549612821156
0.6200759074485886
0.737672533831514
0.1599687108982658
0.3538894295302061
0.7572299994518358
0.9541643528024979
0.8410781336329048
0.04718731986347258
0.18792953597690099
0.34133910934806666
0.4247446178397105
0.40001990987709124
0.0029375836213840767
0.39727485094303616
0.8950611848861193
0.5664812452916242
0.03466390642186257
0.12140032330570771
0.5985532628328365
0.7528493411115186
0.10864739510925103
0.2600216597855942
0.6198420200779008
0.8864535420969677
0.39153332935905183
0.008834865328338215
0.4404511306189246
0.3736169719909638
0.8232646619554603
0.4061429986940085
0.9517045605536497
0.3559660906100245
0.23380441358156623
0.01595066155065139
0.5543847096675781
0.4024430857039779
0.5433658465051555
0.9682807957598053
0.7837469084451514
0.28985598360481934
0.12941843313435009
0.21584543272298407
0.9363909223797615
0.6130944070862709
0.02725056951413163
0.43178240342011953
0.8004195088803264
0.5298577623844081
0.49332633620121147
0.0722166407472622
0.3000766025721413
0.6039504991021186
0.003147140531005621
0.06734844061526646
0.38871910602348814
0.23594014766260007
0.9508340788882097
0.09828456949330289
0.8629519787571288
0.30856594508836366
0.99070584397314
0.41858735163925076
0.52152076118893
0.019268831716089507
0.27523153782770726
0.5188634029582401
0.944907398432845
0.6515074713123554
0.9945225486464331
0.31430416583389664
0.35631355958643074
0.03887146119654461
0.6327565721707584
0.7732113175762868
0.7376984798888606
0.5856340954381516
0.03175735980148331
0.8356308767719324
0.48886327009352126
0.803400518556944
0.3303910909238005
0.5746160416628397
0.02828534033000607
0.9616715090316429
0.6058665764951547
0.5267169027679462
0.54471518357537
0.6481351180102081
0.31793524576978716
0.23202622152360153
0.4013374538883211
0.6585188957852586
0.18409569831252703
0.9204624479845321
0.8471462967480174
0.2967710080083633
0.576228773138197
0.8314119455728797
0.16839235247467743
0.868260660802515
0.535146616186292
0.34982545303552304
0.07593965463452279
0.6123351628493471
0.42712768574444093
0.23244766352338042
0.010851424827244438
0.704651614756534
0.7425704069840666
0.22546634751590588
0.9046201664817886
0.913930625700142
0.4897582888126478
0.43772572024241807
0.057592508570719625
0.3571151994197391
0.8574832345905979
0.5368448206148894
0.8439511175575984
0.6306190669266489
0.5220621536480873
0.38449883043471533
0.14840007093107288
0.48276169923222534
0.11016232459084052
0.6304133215848748
0.32004289483453974
0.9855677099947762
0.6214017718718314
0.1445898307613701
0.5611534710164582
0.3093383346911118
0.8120280600028206
0.7010800857102423
0.37805182900246137
0.9772444432677947
0.6947138118663829
0.1821961286533329
0.41472616531193773
0.7224346718122263
0.19391434792612605
0.6381557380214092
0.6268351044269648
0.9953562911885369
0.2525599178260002
0.10762919543771066
0.9838224866133819
0.5470088260432171
0.15878769545451232
0.224064649632693
0.9290377719711617
0.45133978245090534
0.7395406349823805
0.4782395438904843
0.3192815394092614
0.7522021535334261
0.7648610518044773
0.8286983488963559
0.9894115482340319
0.8029869430139738
0.41817242663040133
0.19369698126006119
0.6766619602417397
0.4293209160760044
0.1454489299184495
0.44603310633899007
0.39290292158396356
0.9738615393841991
0.042055353629541936
0.8351841279924848
0.8364067875070249
0.9865139146264424
0.7093176128356008
0.19255242519485527
0.23437476805994983
0.29232667569531134
0.09386116427683078
0.554793206540627
0.611042789212487
0.32028135743110486
0.17781772820184638
0.14288045375040115
0.7578122921225707
0.982524676860018
0.3753194015886009
0.7556650457264302
0.31751309042775244
0.7489676868406142
0.6582739296833221
0.3198329734532779
0.964495725254909
0.6140259514625286
0.07076958764669061
0.6192234885147057
0.5995085962079609
0.25657440907507223
0.08725405373762407
0.4831917847004398
0.40336767679851304
0.6481944362143253
0.09150284201962655
0.006603187184239689
0.41405388211937433
0.5303093748453027
0.1427944633817111
0.7222376567360789
0.43865811698476564
0.9895746774727439
0.2636048093693999
0.40335161344240766
0.28634157030242535
0.9007275466077894
0.8748322089158893
0.3572860735149699
0.855922830672745
0.1483619019655399
0.5856760102874483
0.6205857183901227
0.13403188063693783
0.5771035824801636
0.11075581596201534
0.6061639987633666
0.5895530842927481
0.6505472301711565
0.024774538628902
0.2306328356544184
0.2812836117164367
0.42150347019872236
0.37453850354137574
0.5062570685893049
0.8876726504296502
0.7478672869988385
0.24489386824301673
0.2972441211138557
0.9830041582471646
0.5164253328212297
0.25479775475039934
0.38179446703518616
0.29229379468864425
0.32267796801381965
0.9950027061657272
0.20048514682590257
0.6939077041778864
0.41416877211198133
0.4862246497450755
0.6063934992272243
0.9334309365154346
0.8122467515039631
0.7358560252582392
0.3799072290287734
0.0862770956867781
0.8342081351593111
0.438985620557206
0.04404673473077658
0.8645319190211606
0.3711668078095878
0.7652043056152028
0.7245260427804384
0.7134289793742876
0.212393598498834
0.9352914159450323
0.5504120649505976
0.04331310940840272
0.3744089614121384
0.44938925369007365
0.823635649099535
0.6548376854008979
0.03254093562824811
0.5192836902459508
0.0735285174287802
0.7129677619591641
0.9633075549627566
0.7729755654970316
0.23274722104108325
0.05436596314148934
0.662515088276746
0.09634819530316918
0.3333352968670825
0.6381834200029924
0.43150626921182855
0.4497387469414311
0.7281124274815918
0.497129662990042
0.10408685192387568
0.9305733524010262
0.9415496298688062
0.8504575647866676
0.8261609442244152
0.7269121691298311
0.8948256819012276
0.019510805872245296
0.17907334343077685
0.32937731627568045
0.6336566783702849
0.7106143850135932
0.34547008268545465
0.6744929649575683
0.06371112780899946
0.6255835775025446
0.553457239411858
0.3687844145512499
0.25758050050237036
0.17707051327199563
0.7885267648298528
0.8846661272573993
0.5085763970878951
0.28660170678693064
0.754030678823593
0.3102538943483524
0.07061976628442046
0.9122032905626951
0.7080068328971824
0.3385070602922132
0.9482488153020762
0.4003744376478139
0.6650029409599857
0.6864935766246498
0.7434688360824043
0.7988121008628184
0.7279684019124324
0.22476155925145014
0.05726868734881241
0.4651329253242249
0.6560638763095964
0.5215016880970278
0.797552265014231
0.3852892996113976
0.6020291341860471
0.48220832495678734
0.9672607793326108
0.3055045943222755
0.11748103633459239
0.8291267238437552
0.30458395195785803
0.589567006078427
0.05405421839611402
0.6449431200563714
0.2847701740085129
0.3869583367587516
0.6488146444597753
0.11459296680267639
0.9064325258302198
0.7486136638677923
0.2024546926216364
0.404212948502892
0.3479298582763052
0.9323840698895131
0.9709484328738794
0.4209376973949751
0.43997226495952535
0.6267507938856287
0.5863155119058857
0.6526626688390458
0.4464539590583242
0.18074528751577024
0.18758618104394076
0.3652240124311905
0.42613916949414177
0.9226748750836624
0.41080341152230737
0.6823420243070395
0.8148077912770841
0.599927464447383
0.8409078506798862
0.46973332794945777
0.29916222756430744
0.7341339470285985
0.006711907631668623
0.056357690275552264
0.041527708354786586
0.7049400328815866
0.7290271736855636
0.2720951110424721
0.3455227979114569
0.21881713855854368
