128 2 3
0
13
80
1
84
114
2
59
76
0
3
83
4
35
78
5
50
92
6
8
62
7
78
101
8
19
44
9
83
123
10
24
54
11
48
106
12
79
95
13
118
120
14
30
31
7
15
105
16
67
108
12
17
105
12
18
44
19
20
113
20
46
83
21
40
103
22
40
84
13
23
46
23
24
110
12
25
33
26
97
125
10
27
119
20
23
28
29
63
81
30
57
67
31
59
88
32
51
86
33
42
113
3
34
104
19
35
101
15
36
116
10
37
66
10
38
111
19
39
122
2
40
100
6
9
41
42
99
125
18
43
98
14
44
100
17
45
80
46
59
108
5
47
85
48
82
84
49
71
84
10
50
67
20
51
104
9
52
106
53
105
127
54
75
82
25
55
97
56
85
89
10
38
57
17
58
93
37
47
59
8
60
83
11
44
61
4
62
92
22
63
79
22
56
64
41
46
65
56
66
72
39
44
67
43
46
68
43
62
69
14
49
70
9
71
93
4
63
72
45
73
96
4
5
74
67
75
103
48
56
76
47
68
77
24
58
78
17
79
92
24
80
116
51
81
105
10
30
82
32
83
106
59
84
93
69
85
114
20
69
86
16
87
109
12
21
88
41
89
111
90
104
111
24
91
123
48
92
100
64
93
102
79
94
112
16
90
95
14
96
106
46
97
109
74
76
98
20
65
99
62
100
111
60
76
101
87
102
124
63
103
123
22
104
110
23
54
105
25
63
106
47
55
107
39
43
108
62
82
109
44
103
110
46
111
121
19
97
112
47
113
116
28
108
114
30
58
115
52
116
120
26
117
123
39
105
118
91
111
119
32
108
120
56
116
121
13
35
122
23
123
127
26
44
124
31
86
125
38
39
126
7
43
127
0.5870323193392329
0.382576246424275
0.3918789481782853
0.7823978020206012
0.9833526696214498
0.9818297927263252
0.7317546264076645
0.7021651785407974
0.625268198754528
0.6477260024474945
0.8476561748900782
0.653768704585956
0.077749915008271
0.4084786588676058
0.8575107509878204
0.8057617127863371
0.19123623514342425
0.5114837698746868
0.3799314377998304
0.2954689078710979
0.04024757424896275
0.41150753913689697
0.05957090820139366
0.9889854587889767
0.6800165622014064
0.4731441285111534
0.3609381467659657
0.2711003274291326
0.20403730183426871
0.5444987390260245
0.8382618256982439
0.9828347108099414
0.26562154010093886
0.7338991949250891
0.26414425911182204
0.3553886490615288
0.7184188454394645
0.21907844345335825
0.4361146291629364
0.369092749935927
0.42168561554463635
0.9349994513590598
0.9932849338583315
0.9011365493448973
0.2353412284805716
0.7610317219124155
0.25242642154983597
0.6512128489382643
0.047018278729728746
0.3298423090719732
0.22658890086703998
0.32765752640496415
0.8781649244082465
0.016895605011268522
0.3428428952803928
0.24903582528214907
0.782645116212286
0.5417702033823447
0.8183891573513004
0.1266291220486765
0.6044010793582872
0.11730455398404849
0.050558024015416536
0.47470566543041914
0.8934023727114001
0.05183228334507828
0.46976438997405456
0.9921585062021968
0.061120354375402086
0.8274578055362292
0.11567634897991752
0.5424629178865279
0.7096804348790992
0.8462831030267653
0.6252183272584219
0.5195471761010846
0.38416089805232
0.8552475691022126
0.8854112664490874
0.06916800328915484
0.6607647944645879
0.9382378132230041
0.924705568162975
0.5843168277384503
0.11591031845010458
0.14122706846876687
0.4795463868151467
0.31053785399919387
0.15686907280509332
0.017410647592808304
0.12883625007169275
0.4905511704188793
0.7148172241999053
0.08258991642907465
0.6059847731746919
0.6295504124035692
0.4271634190624083
0.008508825547609011
0.5397876404352135
0.3595920002772285
0.8453635168389216
0.808215595492709
0.9075203840063766
0.7902411280416045
0.4812914654802669
0.9924774531187184
0.9113381775813574
0.33418316798530356
0.3909035114443653
0.2840514564583557
0.9837758703652347
0.9628414051424316
0.0376375428110266
0.6411197953750629
0.21069011754508427
0.6971679538254401
0.9528340764595205
0.30318202802839056
0.048134835994510405
0.6422158041536792
0.15791637422430782
0.21821708966745013
0.625552628907284
0.972897894562211
0.9238592702984182
0.4198073611264457
0.8815231374755164
0.8989845354071611
0.5639079164113696
0.5512923719906503
0.12782014488221116
0.5745419280561959
0.1376552046157744
0.9740479112699216
0.5049924444039484
0.4133922478731272
0.38607068233154496
0.3382218203295332
0.3467353842521522
0.33897265195648985
0.5467949722638711
0.5462864489620434
0.5451691748534354
0.706272510154254
0.08877453076810837
0.002543906305507493
0.05987158918227542
0.9376930584147465
0.4690435906231025
0.8464207604950096
0.7134318545814086
0.8540677840662194
0.37364648295910685
0.7381457501932048
0.20949989501850375
0.07173839427310258
0.48939338174148495
0.33076676856345455
0.41635706065308875
0.4449031865641556
0.15855142100908626
0.30325698928136935
0.4081883708668882
0.2755575030020868
0.07300850543797688
0.7542895076483396
0.12787155811312922
0.10806153814676822
0.8416635348222128
0.3303872806428647
0.4005455198530312
0.8283682137938332
0.40086865007313477
0.7026583650584678
0.1702232131921373
0.1308756722905896
0.09955827312486232
0.8443994913104345
0.46554753523899517
0.7790507022805669
0.9814012856577478
0.8590058519005077
0.5513087453573949
0.7275584043456962
0.440457301325598
0.6977371426300989
0.021785994946372345
0.9936398152762208
0.3162021154254878
0.6006504039990572
0.8862914390070271
0.3100683533679929
0.7660553570674723
0.1266858751651212
0.7709131281040698
0.9018376248625193
0.4459885118108252
0.6164409598635516
0.8164614288861245
0.06965041081216361
0.5695485897138949
0.8733204613687037
0.1367657828059532
0.3649601965941085
0.5168883040092543
0.7962939087653388
0.4790132771390482
0.17175262423781923
0.2038954426673557
0.8418370181823269
0.9395657848561156
0.6649396886431208
0.6187292239419776
0.6025223948679278
0.9717551362946967
0.7570551078285876
0.6287607422952934
0.9255815612838336
0.46646729735725045
0.7504914482948832
0.6525140871462082
0.5679099166745024
0.29622044046569995
0.4641544341489182
0.516339957192089
0.9693340242431412
0.9941687740001283
0.40619860690134324
0.8065342410874567
0.3546482544331543
0.5568539374832654
0.2150342985307463
0.3623309922760727
0.9696058499011856
0.28896556106306504
0.7598446954909392
0.25567935307493317
0.7698537058872966
0.30326894628960566
0.573966094409538
0.7848551664035822
0.7689766999485274
0.6772528530097196
0.8536074887072713
0.4745517981299835
0.2228763679118415
0.27327704483698645
0.06535447248634785
0.7816686359771914
0.1800536828260153
0.40128254492037874
0.922260733558794
0.08179473384300961
0.4772144143509005
0.14762045921987965
0.07897748946099559
0.9871449236557329
0.9086990976486043
0.08407473442177926
0.17473995568946465
0.031201362955496248
0.0039583496586521605
0.3049755215737574
0.7764249453611752
0.6120637504883534
0.33717372297337334
0.26293209934686235
0.8022456002630429
0.21147354814017816
0.16032623248003763
0.8299567626847043
0.6065978519391211
0.9515315597146654
0.2087888175794661
0.7810411879297993
0.202768601561507
0.04011868620106107
0.9590371400913924
0.3991392384335296
0.6759108891751214
0.9605202716656611
0.7587998499524248
0.015064866617413686
0.18987920309470485
0.9123075330452254
0.80689603402938
0.5779314348489692
0.11503808712988761
0.6830466931065804
0.4351337267292791
0.5278683240852592
0.5899300653930863
0.7080652467661255
0.8344382963152452
0.24734778033300842
0.739144751635668
0.5766146254974216
0.13401468485921253
0.2793256600736804
0.055930424147467184
0.8620307132141717
0.45832922025011347
0.08432283498304372
0.0475423866936765
0.9392613403270883
0.42046952861532205
0.3472440546068254
0.1570749598275376
0.01540862350657557
0.16608787769160283
0.5744215841379879
0.8695022771338119
0.4866188318564969
0.5057141262968265
0.062249998456837985
0.5235978201965046
0.8000128536522579
0.21979464801571813
0.41386555584971485
0.2511904052654934
0.37103379653621527
0.3849121533151394
0.6251898675828758
0.5703299134535237
0.1782445323579016
0.8292034410437759
0.3934606636932132
0.32064633474216453
0.4390310265539079
0.42053918612066443
0.9015946203871221
0.3930979660594913
0.6938477149560422
0.9807931679274166
0.5086678093930334
0.8502857565801469
0.7210479115353158
0.2587478589315785
0.5427453173553242
0.09947501776613255
0.27309401250445864
0.1796700369284272
0.42766048530809797
0.7262314887874456
0.4924816154129873
0.8337796301045116
0.42048244496378395
0.03752138689964302
0.4752276183553953
0.5049140103208954
0.2516606534514416
0.9926191484363248
0.8310897587926116
0.3835268996220276
0.4572889271304169
0.00713639254933629
0.7419713611962938
0.9809946158091164
0.2998948538840164
0.03614372223479678
0.27918591207253995
0.017361514710187764
0.9266952563966393
0.9542151957801371
0.7129565982534539
0.8314606727212787
0.14925013800157616
0.2532335184948069
0.4117910865159443
0.07412699723379812
0.23044195286035007
0.40506578566313356
0.49261670301876137
0.7574255989089116
0.01499956833723215
0.44228374450852825
0.63610237687382
0.5998997804997369
0.5511227452014037
0.31600678240327895
0.13868038869173716
0.43246759256487377
0.9935031489210208
0.7145285751907301
0.3400785677805608
0.9727617287874956
0.03418121362612947
0.014044312189272157
0.6672485757544735
0.6687492067890195
0.0596223829669017
0.230342013643425
0.6291822302031409
0.32849005733108894
0.4584444877256669
0.038602419697299495
0.7691520446491401
0.5572400552442226
0.5163758743958045
0.2680202587390851
0.3688095533771588
0.14496459864343858
0.026112144587468133
0.02677111999302506
0.27908300046870904
0.8466012831169227
0.23781313370552082
0.30344324122422517
0.7137915456247432
0.0690480016633287
0.2479088539416302
0.403724442697174
0.3493680091411272
0.6925247903913782
0.5402219497903745
0.36762500460896985
0.26469657155682136
0.8883913876611229
0.49568987314331003
0.2561736812725758
0.8506969751639012
0.27351395191711525
0.39686249378533667
0.9752255635185613
0.09150670020926399
0.5524385893063096
0.6471715943361178
0.00764946586757731
0.009003550070472155
0.8423785061870437
0.8072217610421127
0.920415125367337
0.690489836522881
0.3944405837247493
0.4066009813391941
0.9324941451442387
0.86858169252688
0.044845237442934116
0.35838654195440867
0.03447152419386479
0.6553024073425908
0.07879566851792763
0.34030766364020903
0.36937873110175157
0.977129318050536
0.2868773004223184
0.05612355178132733
0.6841213964079131
0.25643739494014617
0.5030033670482947
0.7594659679027382
0.8161220080821983
0.9843662120278662
0.34034943740435564
0.8408040938591151
0.6904899268578569
0.9751616195609618
0.35088151958122504
0.28494467775331556
0.7345819565771127
0.10694114911815678
0.33861217537324195
0.17319732814057842
0.5465393059337842
0.23111324478289397
0.10907668110917523
0.6596350857864595
0.6007648162723431
0.4163279534264549
0.9662029995580044
0.2018306738728518
0.6068634416927696
0.5218842976494275
0.489692960173586
0.7377087061347537
0.11823152434335882
0.6624637858913772
0.9460804068019377
0.00705388132992224
0.4247244604270387
0.645783242114828
0.29061170503920764
0.12333462158874875
0.885846121885136
0.27840836553742065
0.35803206704191093
0.39879843370833845
0.39117044423857417
0.98626475147847
0.6353831379378713
0.40173726235633356
0.8028179735476821
0.5194098751335829
0.5517106915904667
0.620784374724736
0.5514837889835962
0.9251492529547451
0.9495851655193861
0.21804803980620624
0.871397261730564
0.19355377662009754
0.21645024000389246
0.9121881059305074
0.12779590731650237
0.15621178418437698
0.5696872111025459
0.757522871512491
0.932986251348251
0.6310425724315424
0.09344445036446036
0.5689415620939374
0.6809844232069836
0.8034453139565767
0.7079003136321085
0.9023226783592827
0.1101802495161216
0.3924197646390267
0.29168828476562125
0.22613825462488724
0.11939114156198283
0.3167479120440613
0.04399277899174081
0.09090333482257296
0.9663298442050179
0.268617149202487
0.854495523497853
0.6025760597402289
0.31606793354277773
0.12004896570197077
0.866101215113967
0.17352942260588589
0.7619170284932286
0.7666178448848386
0.9938755632867081
0.48469635053705296
0.24962405332329607
0.15155025403831435
0.19447420046753083
0.6926633013381316
0.7813240147781914
0.3960465973646873
0.3768812968441626
0.22770676015628677
0.9926923510244648
0.5477816965502477
0.4748378788793217
0.6531398596643118
0.9351844036035765
0.4305881285904094
0.8649573415413088
0.6790956899355313
0.30694380408398625
0.05169088075815864
0.4847869645663866
0.3273221010466143
0.7841405378915237
0.4155199588813623
0.15439340700245607
0.4217251761164895
0.8423293080018572
0.03480552345423271
0.3076366197565078
0.30919455829137377
0.05467695937781869
0.8240242655936966
0.4173177627754848
0.6634353867265713
0.3670788377048382
0.046350152676386425
0.5322058640709979
0.6703443771590741
0.5258080086467717
0.6055862406975274
0.8530305766488859
0.30215409819646977
0.7918461533851634
0.8374754142412969
0.21736202827193096
0.996157361435827
0.7843022704955591
0.9294911497761337
0.7924623838640827
0.27962640261145677
0.31293245926832347
0.6238851158100933
0.08416174152547329
0.019873807137429367
0.5890189257156359
0.22099047044471687
0.14131626046023593
0.7696126889662258
0.6765109279931836
0.8645918867738966
0.995837738072273
0.4472970484206664
0.9433184731468415
0.3056040183815988
0.9564742759186758
0.4042416496277822
0.3015703646745934
0.38152017029027807
0.37331198318234293
0.0019735227417975176
0.37294800464800115
0.7051850859846711
0.17248614895790138
0.9949457898842236
0.08028799878491566
0.40348427052511204
0.7599460053869252
0.12939575898454136
0.6789100100490919
0.230875215129425
0.29471270864624644
0.28681336709658445
0.9185204654248109
0.967913418731018
0.4493131145116648
0.018537118658224827
0.8503963626576655
0.2698158922829954
0.5598164366000254
0.9617098788560422
0.9873089600344164
0.5486813540130839
0.9915766362276002
0.07397601550077804
0.7390682860316944
0.8665094157784251
0.1561411769135762
0.6019313469091863
0.37728136582198135
0.46173326494763123
0.2645605247815529
0.9027428993755047
0.5245895045062646
0.8155347334410701
0.647956706406403
0.9235843459375322
0.2720090038322952
0.7646780721099243
0.6981911920461448
0.9354889941785247
0.25906642411514424
0.04976242719785662
0.4748932994861036
0.0458546993323008
0.24307691278277632
0.5889351142052055
0.005416287603072556
0.5955522426755885
0.18658516969255368
0.20643935344740016
0.33607418847927617
0.5605645902670788
0.4152298743425328
0.05403248425866469
0.9741144954850056
0.19171993897850437
0.4829238569711366
0.7773979532895122
0.29873832139173173
0.46577884484182785
0.21326799765104343
0.7097357207696211
0.7827391816189022
0.19446888268119722
0.873528618895684
0.2333989471386666
0.4589581549908287
0.23898437153887264
0.39319608944952067
0.5234485029345979
0.7315650395212383
0.2771773628649806
0.42454933240600756
0.43363752674809986
0.18072048208682667
0.2530854543815201
0.34194976648382647
0.820101608988093
0.24203106123864349
0.9172606408203463
0.31722343115710505
0.3158084244427515
0.4551892131623293
0.5777582957221539
0.6253123039574291
0.16842992619409103
0.13192027141670637
0.4376322466428092
0.5430301381753374
0.42866897791600145
0.5146845680679634
0.9782472387452977
0.5151217724371383
0.9093426300334323
0.6321628921066379
0.4747705872978726
0.9648776651818227
0.5318785890996184
0.09329223530245079
0.38624573443872856
0.26869591193439757
0.35491379990316696
0.1157809722505555
0.5429045703276155
0.6039903034309412
0.8894195934059536
0.7918811986190649
0.2284510423795405
0.7608020359646673
0.20023636692775504
0.09391731067383435
0.02379670250700705
0.20283755808155646
0.9469540107042388
0.4671275277023288
0.07143399654388383
0.05107275135006273
0.9966804059355436
0.5949186412685066
0.3973341664022705
0.8400385536641084
0.8255179396460889
0.8690340286452983
0.514266676365882
0.9160864188509691
0.22316477880877128
0.14582533833289313
0.7876124781693871
0.5919620477598101
0.6754100322852321
0.5944950343457105
0.9249010983101905
0.3971087542997912
0.9792487785750951
0.509166641735324
0.6140276328402599
0.405042653561251
0.980274372027296
0.3304852651342294
0.9312033334842128
0.3306763105454571
0.8186639502484585
0.956204032132758
0.7580709745323335
0.7987383169107979
0.126724198206995
0.6729560508203598
0.5329861158022987
0.27748234418295137
0.5542917934384137
0.713283866334054
0.23889510752994914
0.6423650975646495
0.7563092566586559
0.7254886557805402
0.4608013055490766
0.11528876754338646
0.45466477713296916
0.7560737251251668
0.5999860895916999
0.3976384590457349
0.09259045180945003
0.06720372408630537
0.4705084800957806
0.4633295920948842
0.1398136875408842
0.8233256939345075
0.04613533334325526
0.4352066307127743
0.29946094716450367
0.7744618167733943
0.8444394150686183
0.5082032319156872
0.4556296830491541
0.5533465725183428
0.43343206559927216
0.7931328831981752
0.40572184401845746
0.7362820207399716
0.4474242942242932
0.9251609759039171
0.3986144709384546
0.3469573613136566
0.22546355222697667
0.8723421787629051
0.651906087208673
0.02487290553757604
0.48150402364743417
0.13765531229768535
0.5914461431139627
0.003176813467286488
0.6137496506335101
0.9571136895100733
0.19679966633781687
0.5776637617052195
0.18532562706950295
0.13681016808011337
0.8768945549865246
0.4551369084878283
0.9533441649882973
0.6747250610751574
0.7299357421019439
0.39187915108093574
0.787354112005015
0.36876135567200397
0.3679860777454985
0.3557274863570007
0.48486012686851687
0.9966009056058429
0.6540655802186381
0.1402640770351088
0.34545051628968015
0.9596854029633041
0.384191417878741
0.9875663042419802
0.35587127286596765
0.32960397409456355
0.32317691526195913
0.7214469090476678
0.699046984863398
0.32730574671538837
0.4641952590627684
0.4013532171660966
0.9529748274773774
0.8320009350129814
0.9488283957297884
0.035794424053259166
0.5925555595803839
0.12349851617108543
0.9017981194747701
0.9932599699577374
0.3651754653673991
0.22667367271977545
0.9036999162244409
0.77210777473213
0.49886637518449095
0.8536688434831754
0.9427839596532223
0.5376986424862102
0.011528746018244385
0.8521306674604219
0.7690201199428087
0.24486676569924293
0.2819009420368894
0.6340463956828639
0.029404204635191555
0.9783552281503135
0.4126086365202525
0.6970622643498179
0.43215414767097393
0.746489710756696
0.584721134335044
0.1460624102542244
0.6635036323267239
0.7886566195985125
0.5125171074935835
0.20825345762865655
0.821654986000288
0.7060817272837943
0.6149300074588271
0.007045305909630817
0.6738412118177268
0.766305761448464
0.4403414456815442
0.32928286870374124
0.3892701297048542
0.32601217278891714
0.9875185193435915
0.3077973508548043
0.9909264532808598
0.705497570701053
0.5712290338787804
0.22657245745510157
0.9473614971396455
0.8896212994978853
0.6203744129081464
0.3846585850493689
0.38375089914735216
0.9368896177211908
0.8335859429572232
0.3431851504299509
0.5123340065676506
0.3289622693188542
0.20577438067964682
0.40783054721335765
0.6014456710620576
0.2736851643931345
0.6026720482676732
0.23060406721305404
0.7925459079413418
0.1586325533912082
0.6445127290424189
0.34425817735294284
0.5985824496794041
0.8122057227252781
0.2998251035253312
0.8583012137902132
0.19412664055681628
0.1973323062665201
0.03729570584380437
0.8765490338968543
0.694796222303216
0.3241772093557187
0.27010929828957864
0.0559020615214082
0.9795235348280534
0.9471111785394917
0.7767584135824034
0.39637494425385644
0.18440764354365835
0.38857090848403497
0.554788830390936
0.10488643155767396
0.7739343210478093
0.15973836471996017
0.917329742332698
0.11116602216158855
0.9650368657655246
0.9835350151813433
0.8316882503442244
0.3204165074614129
0.3238177018317926
0.506657666738528
0.40787532193406806
0.6509669875460226
0.8885005861647717
0.8209976402928852
0.7044521717236542
0.21735185454499595
0.14006612289924536
0.8540728800381477
0.6458717506049692
0.8588140996171871
0.4113427456315476
0.492500283592751
0.3342287223179239
0.22731253181422018
0.5020861549766806
0.5968174631912492
0.38322106241136544
0.1313238916770617
0.90682126523213
0.5873031016139166
0.1739291328909245
0.36772033635569845
0.6642589821702997
0.7919936090465801
0.4722920359657029
0.48386780149828923
0.39465894630602694
0.06257909940890394
0.19278014244115016
0.3147347240851287
0.08407606972401105
0.8269771777277515
0.413041367365672
0.5452971526036169
0.3698975483142122
0.27935550929757635
0.9383284995272662
0.41603327768731
0.7488907218144077
0.33664844710892705
0.7741324583867134
0.1341794871752714
0.1828899349145111
0.5189580670246889
0.4836273346870549
0.8849602493994255
0.07095998473217624
0.05326599190441628
0.5802566584090562
0.4166181182079709
0.4733979539468063
0.05088301635656922
0.7261897716382242
0.8842685870266119
0.892129694331658
0.39384275392037693
0.1483222570995253
0.9026247160325138
0.23935855761045122
0.004167931550490556
0.22286960083088592
0.7523113658378014
0.021572118260439477
0.9259790919617398
0.6266675311107983
0.609598100971275
0.6306226895749499
0.29770948345061
0.305302767084796
0.6099002098192252
0.9944110587112353
0.4473148511872358
0.24952320639651737
0.8527701723776847
0.6793204857937823
0.5881325760072824
0.851727765514777
0.9086637830311851
0.4842882370555701
0.8532663513414847
0.7996527625732057
0.4645098439915962
0.16990820057945588
0.5978221307034531
0.5113828655744636
0.9035692165352591
0.10275882121960289
0.917883244464492
0.35964456323844307
0.7863517665902093
0.7983609545822337
0.5304099463434663
0.29860131570717463
0.5624438295759762
0.036754420390137654
0.2842819126647951
0.29696734326886387
0.7301719967850852
0.634202195607283
0.23936130394486388
0.2914827319822939
0.9635321218298295
0.01896668620828501
0.3517218719077866
0.5328119847032705
0.9954799892063823
0.2314737082206605
0.07920106380732217
0.7348930783629477
0.6779811969888441
0.7818180010355973
0.8408315635755654
0.6183202796114956
0.07188378823972752
0.0952274079436729
0.3357087651481645
0.775239397559516
0.5470067250707467
0.6082761343052059
0.9797171234057565
0.2024644757607853
0.40884924407137035
0.27697646357796746
0.9380152940848239
0.7640205689538644
0.5123598215328429
0.5006057827748926
0.6556912746809839
0.3085167122923287
0.7508689154719844
0.5309874987692337
0.5761023567733845
0.36960550011848425
0.8947461578474705
0.11640721502283413
0.64564474698159
0.5004197912628234
0.13597224391562768
0.5495927665049918
0.10321782888395403
0.3596602615115937
0.5205438357983969
0.9622460550014623
0.5990704121798531
0.5115365724034023
0.5707391164228316
0.0641642890014108
0.8172860799910046
0.7842005499789619
0.2586402149844609
0.37007469380737323
0.9006509734379898
0.6075386218020438
0.6522827830579556
0.21467098332616164
0.21357259921373928
0.5214763449527824
0.9926061523859255
0.1543498137681074
0.23432507195394947
0.7681669736294829
0.22897674855853556
0.9820551935574641
0.7573561617009826
0.3074753665491188
0.7219621033807297
0.9191634834686216
0.37521014569671063
0.2090398629628275
0.34481728706849835
0.7347809261598464
0.8172677875228905
0.6330459842256042
0.28195874964422707
0.7737192776846077
0.41573919870123055
0.6057677550721018
0.43490546682243203
0.060948905426635114
0.5335791136050912
0.5599412223972965
0.6995252989903393
0.9898305902912575
0.2107715571502904
0.7230827520270409
0.27122221885035314
0.833792003873514
0.5538905598501719
0.01769057743701352
0.580648237229326
0.2688278287704997
0.9133986933446678
0.08117179419279774
0.4541332173055277
0.7331114464907164
0.1287389506247314
0.5311943337806894
0.5592586750530394
0.7338164584797467
0.9982750830164393
0.18193892013426494
0.9371699316041294
0.35083616134519024
0.31857869296530694
0.13099988006790841
0.0014539040748740018
0.4796916077489781
0.2430097151476741
0.6277151263891625
0.38605447396917514
0.3694882076302942
0.5299277418943625
0.08150693047445001
0.16417700346513775
0.1754374595901027
0.22767811393891568
0.776560206177798
0.34654663122160656
0.3207634531331862
0.4126799727671624
0.4248700583972451
0.6009859843175008
0.9353491741831318
0.8986567637567551
0.8011449670749913
0.10837002078664537
0.4189736390174652
0.9241078925894834
0.8643606869111099
0.38495973051649446
0.6731402930913938
0.18398188687763528
0.7968080630039959
0.5177797389774269
0.5377934423923199
0.2945282280046375
0.6976722900128888
0.5854602251947761
0.1314841801922465
0.6837058034288114
0.12285188290239935
0.9382803490992416
0.7098707041374115
0.48476330243063015
0.22223389965213225
0.39330579838247015
0.750474885373807
0.0340076408565696
0.7500555799583526
0.4050560041213819
0.8571774567418645
0.04094511359309705
0.9976555129777546
0.6030419721333918
0.966150675869589
0.8682282472039846
0.30650414118779257
0.9559271092643542
0.9731054509507348
0.6251009373426724
0.8643894387605869
0.3355101303144078
0.6984842599446373
0.6979246840107427
0.8754458888576034
0.1256996250218685
0.6889918160895353
0.17002886941282824
0.6441232927652792
0.5933365692143276
0.7511236546395654
0.027474012544275173
0.18917467830421408
0.741814530519065
0.06351762955044515
0.38349283399528444
0.14097522645790295
0.5936529162587743
0.5922421038599845
0.5953904236987912
0.041714540397086886
0.5518447854178093
0.035453573730373944
0.34063218417205654
0.8135570367504371
0.6759239246825336
0.8287687677146667
0.10444957447304082
0.01854581915855702
0.3347889894572026
0.19580721241512677
0.6029320050892287
0.5613898828069738
0.5454227362307191
0.29176889954646157
0.30189876991394304
0.5779009722461196
0.04870415189887589
0.39098201054034076
0.2905202965787421
0.5585295108219885
0.47233356033920637
0.8618213995035751
0.9176718552280664
0.9101041151929964
0.32190293563122463
0.328643398564476
0.5742970297033635
0.6753420639202565
0.9779725668274221
0.617605962842762
0.6356825967749089
0.8832588568949311
0.8731702821738248
0.08645825691145137
0.7845757492019702
0.07260455125944165
0.8856101121384058
0.15943562514093257
0.6829746970428134
0.6778721315629882
0.2505170288653188
0.06004997461038186
0.23043861440483238
0.9923384433791391
0.3005105117856467
0.5697415609951557
0.08663274939093646
0.2066416600608243
0.7174607521646408
0.927323853051478
0.6275299121001251
0.1709546582719691
0.4827278966715447
0.43291952801259836
0.10674343109633011
0.710522137661797
0.11959345772891239
0.7861657586670865
0.6196121820655588
0.7619445391485759
0.7573364671066889
0.9742682841679473
0.2738457471430277
0.26151524678403837
0.7321240897122588
0.20603063484692197
0.4164788301298661
0.15660759063128293
0.07268812173024997
0.7721489561638468
0.8983038383916292
0.666605068112914
0.17973108532112858
0.9521488676515801
0.4567923028565053
0.8725806882101281
0.9001393999662319
0.3242966767373304
0.45851833551819166
0.09655426426747571
0.52048090683255
0.5558851757497966
0.4846861310477927
0.5198982273260087
0.31651526840074984
0.8976164480843676
0.0541373740497233
0.35862325683608987
0.6634815214285273
0.5292973266596936
0.7039464464239764
0.7574190845507479
0.36497911580471265
0.30931300327621736
0.29321049281899936
0.46350547546340204
0.32471107803238386
0.5675711165375441
0.5676775682233183
0.7232191444211723
0.3590147292876562
0.6223640830002835
0.9494313501576753
0.9406693374927787
0.21537060740672076
0.6192287692491452
0.691674451469884
0.9739153001864639
0.8380725611884655
0.3925018090202127
0.2665184059487016
0.7037771003976595
0.8448308504725403
0.7104455609291551
0.7251457299729123
0.5151022425481152
0.923528403029649
0.535672032300883
0.47922203960830734
0.1088277284608431
0.2409470044001345
0.8938530478576993
0.21902618367879267
0.655105837561699
0.46589000212637854
0.2812892943192389
0.12108388565060879
0.8151149679391684
0.5186609519138137
0.5580622671327496
0.497688973042806
0.9551039565742707
0.7336427522493164
0.14894463197934382
0.5857687367960919
0.4095374673179095
0.5043568941823242
0.8463226350280063
0.958714412344377
0.06984235019602292
0.3242245128891631
0.8547857469171548
0.4373025567484685
0.1917065247316675
0.28855608024079693
0.6670903723313377
0.2894339680116309
0.6637558946364452
0.7594118886490578
0.8824067635576831
0.4031686385540024
0.4838399298192838
0.9628474660260459
0.3671366960923903
0.47652037369328415
0.7007295921611276
0.6193675354215524
0.8387224241010357
0.16124878864261105
0.4446710354861576
0.12717428177373058
0.1217987389756422
0.5681944909510757
0.9956839037571396
0.7236074069117167
0.27131022218459033
0.21051809885961825
0.32367410503059313
0.0789894325191528
0.8810611222890443
0.41834890231988464
0.49353771831279003
0.18912381564098624
0.6536137121541613
0.627601608931744
0.2749937853379778
0.9510473264002277
0.00837670673211055
0.5551186477873726
0.07621657276169569
0.4681347208387385
0.07090051951315246
0.12341769658854107
0.706695687227787
0.874334379111232
0.02473221381931734
0.9215415645868568
0.42701810202637736
0.7933656201171073
0.5125925446188658
0.7419496292651381
0.01024302372817576
0.36676779506502966
0.35900316584533576
0.7963510463566446
0.6145763933430866
0.40879073926579557
0.39204692623325677
0.1260796589409131
0.03353004970150919
0.3166307707061553
0.9195459584460922
0.07148384072465819
0.5195389057484189
0.05248179084957394
0.0467283039623404
0.2047475066881047
0.399830876504385
0.7607778846003047
0.04265143384168757
0.22914085700334064
0.24406210782234916
0.6920438870888755
0.7088288268519363
0.4844151053561272
0.6366842271159289
0.8432296103480027
0.7690708384394997
0.9022499475080019
0.6715649180769568
0.11674707787993388
0.32236563592798373
0.06259445055957324
0.31869263228197664
0.12253625015635827
0.09040539297468941
0.24120834419579118
0.2862955003516292
0.743355830652577
0.259649704245987
0.9712744926952886
0.8508763581779184
0.19671685887297374
0.9343456784626776
0.5490507387832141
0.353827575372028
0.6565083193519229
0.3721298805773747
0.4386206003247616
0.3188228588250469
0.8280845654620475
0.5005721987735107
0.07342663802838312
0.2861052061963074
0.6311075484604978
0.4332868631112198
0.08703031970223785
0.8552104076552561
0.6765532964960052
0.6650775799404097
0.4378801950953123
0.09792472041618316
0.7548346818935014
0.4376276796657903
0.10816751076559827
0.0846969940918797
0.4997029644895741
0.9080972009000569
0.9662323050909302
0.7233632242671106
0.48654990566247514
0.10515321060083527
0.8735170898029713
0.6360190912913456
0.707554833512976
0.964808317404713
0.5830190661699634
0.506251457672079
0.11987946919706594
0.6907167969283172
0.6849687236839754
0.8910064699071255
0.6937883093398562
0.13054474366615565
0.8693338490878387
0.354898596912378
0.2822483394998557
0.7791551663577616
0.13154835207601856
0.14924883181197046
0.5049033198545634
0.9510677256969977
0.6618101379618456
0.8965986814057902
0.900896420196264
0.2931407386124363
0.8484852915527086
0.18097679693205526
0.4786421260398136
0.31728121425051015
0.5184916753045621
0.49999204663804675
0.6356458909980028
0.5654559694493386
0.6222638479715931
0.1909651565680638
0.48107362320171987
0.26776196800266483
0.6477551504564252
0.5695818990717723
0.562209705792052
0.15640517266585252
0.31646313930596504
0.5915813102523902
0.584202899439283
0.016349781246835948
0.6773004876770733
0.09211031033055828
0.28477922340579065
0.501734149014475
0.877622897921888
0.19830527113023
0.41676825600823475
0.5766512653769748
0.052400542941211437
0.5191376532892853
0.442471237187694
0.23975805337685507
0.3186455193161353
0.0692904973322429
0.002714110416367932
0.9349561539021349
0.9606485141379915
0.7823594137095267
0.38474439385871817
0.3389048688008436
0.7365612261982477
0.6656596474978332
0.11980442973560301
0.7580126703086592
0.7725287554827953
0.028549958446829504
0.34038655286617603
0.1393245283282578
0.4081715266022501
0.8182480507651833
0.8153651386165526
0.6176246091284578
0.40877492012679406
0.6619940396395876
0.9696202406466313
0.46859526349026726
0.5690456833227249
0.7055655766323551
0.021692773377137597
0.6360955506498217
0.4800283062243327
0.8502906636348886
0.5665515932685016
0.19323114640868588
0.9851985316190185
0.18948324173223985
0.9548538022483403
0.3124179716727288
0.7163680495353582
0.2795830362010012
0.10176087877274254
0.9653696305826929
0.15082035771195834
0.7184393385212041
0.6221542022962344
0.4833972180140519
0.3785365903603731
0.5804625666026313
0.209259835859539
0.1907952380191159
0.3683983748093548
0.45342467959671195
0.27029675892428073
0.019508992838786154
0.24771693242913218
0.9709815194877478
0.6413628941480872
0.45399851249247825
0.08948045387451797
0.6928005623852683
0.49729625543016476
0.6665453551258972
0.030694704714292476
0.809742474879967
0.022917832542514005
0.8417271102996876
0.7423803212044062
0.894913165339682
0.9678250878630695
0.32827982746409
0.4152286648617455
0.1198690620160745
0.08751208877165484
0.08241174045957367
0.5247667751455368
0.47969686247120036
0.9625499156503762
0.1372364933722655
0.5111246243093502
0.7770506476969639
0.5006357623456523
0.08742104141390628
0.21500970768133587
0.8043342770310306
0.2757914371005563
0.5493174771166479
0.08541459098493176
0.7701869270651931
0.7759407163787623
0.8743292154271829
0.17008275011270058
0.5950274107932496
0.8760750589462424
0.6756083741419739
0.5071556996350395
0.004194420098025842
0.6028605972077582
0.7928953576468027
0.29918155630900856
0.4080380893293206
0.9463397836808067
0.6922536909407677
0.7743467694755969
0.8130177093795126
0.33648063174862297
0.593500026787665
0.6066189105985427
0.9277541679403122
0.9349573099756625
0.16666055079422692
0.4468663126292636
0.4066655345953336
0.3425129245046722
0.5184798634102185
0.6256201476465033
0.1467985962862869
0.9626084481917857
0.38836309394669377
0.8168023941451074
0.5317463286781143
0.49061815551959964
0.871100935555353
0.5273844202803799
0.9430794377687689
0.10592601121253464
0.5310192658778159
0.5246742217274009
0.3930000910062398
0.17401162744112553
0.45547722502299504
0.6855273125499088
0.9741781483742599
0.7434755908377039
0.6125331116826256
0.00195068937971965
0.48593885451789587
0.4500144320432403
0.9992067080317608
0.8982966260266619
0.6053386323350695
0.48400367793114174
0.3101262056684916
0.6846863692644936
0.8122598573617076
0.0264487020525338
0.7670551599041667
0.5203051955394735
0.8308029431309311
0.7812248604257614
0.5944059532647243
0.8567589326879934
0.9528210973773912
0.27229293464763327
0.17365594328957523
0.47292181607673967
0.7034138812076465
0.1300328342909013
0.2657290302751393
0.4875258884648711
0.8614041796330455
0.6020978859364098
0.3127404359119229
0.5424594144713775
0.42071330046618705
0.7217649824751747
0.6321436804525624
0.07429221536105834
0.8606771361799506
0.925116402338044
0.14067204557287816
0.4929861275792564
0.7319052139041773
0.9598258432037895
0.8641194689772054
0.3925905084388501
0.6208545158755989
0.050473477551797985
0.4881733585844248
0.6991466369945698
0.4366251075764016
0.7368042534514974
0.1492954785408689
0.5279004937300774
0.6154693453864133
0.9335330308051715
0.24721749235467927
0.5145365714840358
0.20232431287777408
0.7241227006135499
0.3386935338882169
0.2572317780449346
0.7435216793826962
0.03655223766074023
0.45815458702052636
0.3659629796364524
0.44794150047344394
0.7676534800861975
0.6524645039522181
0.18192519683070152
0.6537402675392219
0.9886380893706219
0.9982421416225947
0.04277644714948847
0.05157317538730899
0.5090710694908591
0.0015341846266161419
0.5141213709393669
0.345941032084801
0.6905766921858787
0.8073777768239404
0.8277318825739627
0.2564129166347464
0.6547055088647119
0.6982580900275521
0.613169937471369
0.10164977677001397
0.5011663498256631
0.16305233263912533
0.8166686836859881
0.745872813349489
0.27759252371529997
0.05275805491070873
0.5833217925653834
0.38064757179038655
0.07387709729559466
0.7336026143564631
0.49378861517846895
0.6330297329423848
0.17109982308380223
0.4514687172851882
0.09088288978767034
0.14922784594731797
0.4527146217556044
0.8423665093383151
0.8681182843820285
0.4747218302854914
0.4837663993043366
0.9141269836711282
0.20565210517415944
0.39782466779860315
0.24490279336958864
0.026898422663530264
0.942783704245769
0.6894467417485062
0.8097005405367037
0.06524719856119632
0.2791501370496604
0.48932907565590045
0.3225833146311258
0.45778291811572225
0.275040414348632
0.19231767293883795
0.46307532582288835
0.9516814317619197
0.010546726332280931
0.7464286154740905
0.7425397671309475
0.21868583237721162
0.7664738920916242
0.5100701034260764
0.25032581356936967
0.1418473760992116
0.6547851388191006
0.398159460804397
0.9000251361072698
0.7751634906400823
0.5025075206215437
0.9761451882632665
0.37862586590760583
0.47011288568551324
0.30670122627628926
0.1788730614807842
0.6268383001002786
0.7205735417675663
0.5936545338608413
0.46419234708582424
0.9466638421275084
0.5932679815779585
0.627466091202991
0.6777627517529224
0.7949579173555131
0.9253032647247998
0.7509998027145333
0.9192682533413494
0.3802368180643919
0.08719469188380524
0.258293264589772
0.4347208976993595
0.31432241140791317
0.5262598136583505
0.9868303067287235
0.10470877799216805
0.12831305362350776
0.7982540487505274
0.4267689933911718
0.8377237856879555
0.7658640259523568
0.575246810083882
0.5870728229834902
0.5953945756576381
0.3631947156313967
0.6203596171214653
0.3745664471574235
0.9048646414792207
0.7977069219859477
0.5114020012891415
0.14619916874153904
0.6686986243592175
0.42823676200652283
0.7776573750312817
0.6588939430239832
0.8752888917701553
0.6121156264468889
0.5815275849014218
0.5523123022401847
0.45439873489567717
0.5237216980047551
0.48901469546090115
0.9945640963495664
0.9415414558079609
0.18356223235030356
0.5358385722793076
0.8838257731307311
0.2941855360201646
0.7078768380790389
0.1898046421559466
0.13233841200643393
0.5677763820161048
0.2279099931388353
0.8273145757374725
0.09249901748946254
0.6344090238595591
0.045647727432274965
0.14674019591564336
0.30703868964194825
0.6357191075455408
0.22907923362084415
0.4509405563206539
0.24245999000566998
0.7686627130017627
0.8534394192805187
0.6003345051560394
0.02191258317062439
0.7567002515436251
0.8750973778303902
0.7182295347241118
0.9202384016454238
0.7408262919169725
0.6753355076353732
0.00213543138175587
0.6095566482418467
0.5458794081157802
0.9625928365748598
0.6951925261595544
0.8567516086056739
0.7283715099609361
0.8066914220352736
0.33431414244662105
0.6051742513070112
0.8320403311751019
0.21033949977424915
0.4755674122229815
0.12514353921642596
0.7755435872772789
0.6561295391727672
0.42148290390413234
0.24670784016987224
0.03433071196448567
0.28403214646928787
0.0833275432372036
0.8378977043483767
0.035519500093592615
0.15583027464476285
0.0011671509648337741
0.7587990459528774
0.015916216347583334
0.8030367521806513
0.8445673017498079
0.33605304294519434
0.6787379454713157
0.130599702134515
0.5234835502488768
0.6328818271853967
0.6782859119666481
0.5093938505445595
0.2037073187065701
0.5110121268826259
0.5977962782334197
0.2400948174030041
0.14364208560227465
0.818100711127132
0.570352194016003
0.615504788472408
0.979488186132071
0.32544149389297117
0.07733186462251285
0.7943308267063467
0.48668743017313043
0.31456617594553715
0.5220858861740577
0.4442410810680124
0.1079203733990054
0.858072704177604
0.5357267687282095
0.7285971843548473
0.33508509660581176
0.6812793500920908
0.22957415799614567
0.45325056183747636
0.3155558244694566
0.15541690515056805
0.9234818230127335
0.029121919564699228
0.5950481031514417
0.24477228395404382
0.8698036310576641
0.2506857347548773
0.2107480508111511
0.3895247987816991
0.15639279928945438
0.28577507341986996
0.05159356056630027
0.9622021224322913
0.22750525548639666
0.6090103511751553
0.14757562702047133
0.7684751348844349
0.41431470520470204
0.2920811190398448
0.39603239744868834
0.6880616943065797
0.7943972645112926
0.6723376399630541
0.1897432050310146
0.11833335142826495
0.23228124838825948
0.7568725570990067
0.8326411087268024
0.6585565316807157
0.15393158024451514
0.3815335171824744
0.18289150497714968
0.6273364874322803
0.04396183745296678
0.37746491297648843
0.26142263132474874
0.4895861182144402
0.9367485949426838
0.8216708824889524
0.017371225638288745
0.9132047314499352
0.291377193648768
0.2433545334940771
0.08241362076325887
0.2764297216062127
0.9117736004129217
0.7441794216848285
0.3523519028468245
0.5494911108411911
0.7450732594791138
0.8214281929703781
0.4208798002188414
0.9322591971254928
0.11238606897164716
0.6535429847923189
0.7896329604870836
0.4697675365908279
7.855759423280873e-05
0.2550005879670657
0.4060339500461222
0.597167341852727
0.15208276214889704
0.004557101004939446
0.11609143420450019
0.992414717082787
0.5277615821601577
0.6766037604750179
0.671599258436265
0.5283973920653148
0.9820740727532368
0.029609017599525278
0.9566416337207536
0.9968232106806486
0.004889949655938586
0.18601102252769186
0.6556536747031037
0.699046211692582
0.9000379126702158
0.8350542351453006
0.8090445059008262
0.9793847465055069
0.7340008489952247
0.43494922226933586
0.8055359131117932
0.5508263556559951
0.35859439965459117
0.7540753254361672
0.8032313984635824
0.5808230396606461
0.9488044547232963
0.879491147761077
0.20284307129212065
0.6566610306024119
0.07289723187936459
0.15546844068929777
0.34966301102755515
0.982072145884776
0.19841273524298053
0.265409679640082
0.41492937649078765
0.6959394984064358
0.07919453376604135
0.5000177851006683
0.47623071297558295
0.12377290622323522
0.057031050307729036
0.34175075609237215
0.41920057966359847
0.7726277964585675
0.6418691924442738
0.6356573099921763
0.7546184495787386
0.5020557509785328
0.1215258150626799
0.4488942371742052
0.8423481279533316
0.39526160997384985
0.04604990451174351
0.24129945636109906
0.015871440030435613
0.4208517264849282
0.9209668768305326
0.9594090894796081
0.9041001343617534
0.2795158068730743
0.5462329353270431
0.6883095616757833
0.8077069588390025
0.8128969628266476
0.8364283039290791
0.8718080235999378
0.06417341960658252
0.8203089862339104
0.23510679829573733
0.927951186458058
0.0892326050788601
0.5306944966784048
0.8221406155711293
0.1278717480874414
0.7579505593986864
0.7404760965117555
0.39672906487921333
0.6355117379121772
0.4489986315918577
0.8093575678097072
0.6812950732387074
0.9598770777760461
0.3747305439345767
0.7725589526972516
0.0488918271935338
0.4444595767213736
0.19942988913986137
0.34091790182412685
0.13035030822181493
0.6698293177500035
0.3412475869474467
0.5090201037913732
0.9269057002401861
0.6334801005713043
0.6302797055220111
0.11142904622819205
0.4885816779520674
0.15367955937840205
0.04492342626821333
0.9288662226249985
0.05595351547591909
0.7398252706201744
0.1401401851700771
0.6270642420672023
0.18157645304579095
0.1397170227354365
0.9874113516037548
0.4210057774245487
0.1429587225270158
0.5391013629501802
0.8638340153962062
0.1856804730228523
0.2867526394850617
0.27549382563687397
0.5265011095708909
0.5303870188546703
0.9876968884673405
0.6050772034690329
0.09501410291959556
0.6992371506115138
0.717882595074187
0.12624929917210415
0.12284230430955945
0.2049051504632039
0.7430057771534363
0.9560058020221435
0.07654964608734594
0.997338331168475
0.9549771503445634
0.5131148648978567
0.15764041533595052
0.3957730527244304
0.7832127472810515
0.7181723183044756
0.13684936670520442
0.193332927555681
0.04429758627207436
0.9410851510501206
0.8757087076146604
0.25171245458894476
0.7568831179854562
0.9536350048056493
0.21094844800494128
0.5794525861802946
0.26104580110581077
0.8053768657085562
0.4656337155522716
0.113016326669934
0.9632563175077421
0.018905402053224885
0.4881313457061166
0.45142920964542854
0.7592295944756482
0.6780449411252032
0.8560953034849167
0.505903733575763
0.3336181350575852
0.9329744512760374
0.7491134785445165
0.909732061783953
0.8951456661956303
0.034331759398638195
0.15691199003081002
0.2990991415628671
0.9056539321853205
0.6318987706607564
0.07294893672561531
0.06699572087132344
0.2786934912485485
0.5118193201624154
0.43854226503499383
0.0521880778478192
0.27214975454338264
0.7116166503375355
0.10135503472446261
0.9802433234262337
0.8314466945325538
0.3864220994681785
0.8909533154222853
0.2561279288367847
0.2851024935778519
0.4769888929965894
0.9586056934870033
0.33381998488996634
0.650882123324137
0.358561773917771
0.6793496137293528
0.1900876064756668
0.239746358452133
0.01791704838800745
0.01488612758996155
0.5849998302189761
0.34993373347770185
0.13247347156234224
0.33934812634344025
0.0775449231497668
0.9235784361250815
0.9436706985704943
0.3755017283684572
0.8475659238380014
0.9912595527429107
0.44899149998800614
0.36329892886286486
0.5382327073144509
0.4329576914467552
0.03540580992996267
0.3721906527388522
0.9315979302029791
0.06272952533851284
0.07017491096816986
0.21920506363236725
0.9691626723458463
0.34392257283534733
0.29874078243788305
0.7405356816704984
0.14450398872741899
0.08465755537574704
0.49284504839532006
0.6627637769812968
0.05867363305730389
0.6052875528318586
0.3027336818483042
0.8355677375828675
0.7650663730237461
0.8064994637808456
0.7520912674397727
0.6450086419579354
0.23979592875831146
0.9915008993703951
0.796804658727414
0.0961794817555538
0.5662436392147477
0.22100963446832633
0.09207721248118705
0.4516531814780551
0.9302399941607595
0.5053719416966863
0.06203146130639903
0.6984939413119057
0.43884797541065235
0.44737222979677105
0.004758182969308855
0.20782898635223646
0.38249727021196767
0.36426538604981895
0.09583637964844793
0.9686629677065982
0.2912786479548244
0.9939266687854293
0.884100899696294
0.3757479565197728
0.4369485111758479
0.4948628945843171
0.18847977118957182
0.07628347241121891
0.7235444557266564
0.013537161396841135
0.2613149143688873
0.8120929764278959
0.08340465547247111
0.6557622242983682
0.4515865988124115
0.7860082221515033
0.6704337011120496
0.20298645621784672
0.8872740884361746
0.03102606122137619
0.5651844009495776
0.009485952028298827
0.9385010144032775
0.6620812962939068
0.3449904857997448
0.752225625839277
0.045139080773428986
0.6616943990897819
0.6244326167441686
0.19475966866174454
0.24711833587044796
0.9191622706301776
0.9853086060530487
0.8815255100902952
0.4237897564904384
0.5443241282464136
0.5526136069050213
0.8001187838672211
0.8077141125714924
0.8730941769916412
0.5978684453750244
0.05547094086229065
0.1333311315365635
0.9681449377123823
0.05953990978812718
0.9616601353393934
0.8776748913941744
0.30386472058672653
0.3848827998273443
0.08893784721347553
0.5619322427012838
0.32445088603680605
0.28766189960336663
0.6444150410901625
0.36708538168988325
0.9935539386941787
0.1130350337345829
0.3971929308669858
0.8887410569051355
0.6856400920779339
0.96740895562723
0.006181637206030377
0.7795676524092546
0.39491681586000094
0.5435654846876776
0.6392060765611428
0.7755654968248545
0.49566371442652835
0.9113741214670966
0.6322984995672264
0.8135088108748305
0.24358039756187178
0.9206939210563722
0.7110962804276768
0.8316121967819952
0.6099168351806642
0.06781105096285245
0.42215481775540664
0.8760502854938252
0.39905823483211533
0.9493466302272161
0.9040139530611458
0.46368365033198766
0.5576562830366105
0.596561518404989
0.06416269361220173
0.8766297152366939
0.9854531303072208
0.643269903256538
0.8196503844646035
0.5768485991982484
0.04870778391180253
0.46326496704666975
0.41961984226948934
0.07494840570967631
0.7503243457653704
0.7558864340993149
0.3172151430238155
0.5953671889882018
0.3973693620458264
0.6518363790860873
0.4028336416472591
0.989027280336364
0.7958206081185155
0.019792941219351046
0.5802751533310684
0.8994487151359961
0.9754083739075586
0.8363819738484514
0.5686700144865342
0.1847960108323683
0.3569036142322006
0.8498161607653303
0.17476154191643745
0.514514876419533
0.013940914760077416
0.35752423056136085
0.25765607954352154
0.7419392037216427
0.9224961063672056
0.6348301017007143
0.7723970168520121
0.5593986950226675
0.7821206975320003
0.419636216739791
0.9252058132362245
0.19755152759296402
0.1042916520646997
0.7172352538142899
0.26882905520123856
0.47534322568407117
0.1695832252384284
0.16218643202598715
0.8852722602941079
0.943708389893326
0.36107281291717774
0.7864160484168137
0.16243991815494196
0.4149193138414521
0.6971509396513529
0.21672812231595162
0.22820108563071917
0.38574844373314
0.5739059051726055
0.8337620002952204
0.26748521128384817
0.6406071004733125
0.8770699381285554
0.44495783438958525
0.9777056192616469
0.7755567428757582
0.38104944419357023
0.3018216537577034
0.582801009316563
0.41470363099693175
0.4815743153064006
0.21522895130012742
0.6858650658145241
0.6194530021605168
0.19285926575578016
0.7505122984022605
0.380909241873996
0.18868575317007752
0.2499765684119012
0.29866844562462747
0.718694776816576
0.596612194693767
0.0018852759530525454
0.885670896680286
0.02923949120422553
0.8247201691406069
0.1418686783510954
0.16872765892597363
0.6737821619610599
0.7349648205045577
0.8799440434433042
0.8988348432002345
0.20086211516758723
0.3153184889786095
0.9974939961775434
0.3316430083452596
0.8249070995138517
0.9054996383509558
0.8794435005313225
0.8731573595717258
0.885656925067347
0.3013856087853186
0.44731891268398905
0.09415596473150889
0.3434487000949543
0.4953378303422302
0.7963190655127077
0.5474280066769776
0.7531206880646437
0.45980626083519105
0.02850198262771042
0.5096554882106932
0.19881752891153526
0.9857171796970619
0.14896571980231288
0.3707562712978021
0.9542481616458814
0.5624362532030477
0.22831672498437694
0.9021576321346569
0.055877707734763304
0.5465556488790715
0.3419321570271967
0.8963089681684863
0.8377961721642041
0.15068121179598748
0.7428342216484422
0.15573945676158374
0.45735359548561483
0.831509331916085
0.644444169821588
0.7951900270203378
0.5614505584697611
0.5363053100265693
0.9541429777447963
0.7532324848527998
0.2194655058497722
0.4616456658637863
0.8507258590791018
0.6454012747153465
0.7490601898147143
0.3923275086629596
0.8953227677113466
0.1744452908400851
0.6747107625658146
0.6938475107303562
0.7764355927689031
0.6938081688972596
0.29508127759782676
0.7043366181797271
0.5135181149780796
0.4024608847490483
0.627481039705489
0.35035547176446935
0.7357726288954262
0.27829960682573407
0.06899284470154365
0.3581405009423374
0.669959727344178
0.9553579740038466
0.3815675961266023
0.1345470891731061
0.9289190622014569
0.39698303303234983
0.9461085976833693
0.40940383332405084
0.5907582624830199
0.6455284004427746
0.549951500243712
0.8873972955415951
0.4323273675690944
0.8898188238810415
0.5869776999721813
0.803023101793245
0.15097169951029066
0.8287625989411342
0.05361234446348029
0.14457525018053918
0.743611886019202
0.014342141830114508
0.12032854020369721
0.37165165276664247
0.23230847140294575
0.6714405848269686
0.26402551590607815
0.011735844721581734
0.12111345946863128
0.416284109625364
0.4091822696470311
0.5396181231027188
0.5343394002754118
0.8530571316377066
0.058684163579231896
0.6592688274496605
0.3382653071074804
0.39187180901695007
0.6871108369613736
0.39355701663896125
0.8214980992344961
0.8992213990306177
0.6153948586748098
0.9587279635487775
0.9782135462098267
0.2882638107711142
0.17988133532542516
0.009607188388522037
0.02287385997265845
0.6737790559276678
0.19697243341732296
0.7214628312030915
0.4382692520388147
0.47168423556195815
0.03303724641600947
0.024089063061937033
0.47722809975845293
0.3276661732334192
0.6010168907614788
0.8288818292440735
0.18907538504924049
0.30551440640193284
0.8715460597194544
0.5165292609439227
0.7108912502143289
0.9738617727642542
0.8370398565124432
0.3284423115925722
0.5243723277669271
0.9321580963884835
0.8617116731331635
0.8681166615233133
0.23521552050718675
0.6865879171723935
0.7807632265508034
0.5395351273646638
0.34366407571291524
0.5937311435469955
0.32297554437364895
0.21671527628217402
0.5263176123785516
0.8091856781807746
0.33173511012147516
0.908395866047255
0.3151933617922754
0.427758585616688
0.915606235541076
0.09230723739205626
0.10089962260234342
0.52609842454535
0.20107927134812664
0.13687417104426436
0.04539810045528003
0.8692548417019285
0.7508779727327628
0.9165207240973179
0.7023539073235222
0.05186352739392375
0.32391303513784064
0.15983174301923553
0.2669546299192538
0.7393812484495421
0.3815563335771913
0.9172981374887808
0.6023278115150658
0.5230738432733127
0.485157466265398
0.3576486750425416
0.6749450132139732
0.864362826412297
0.3565505338394739
0.5263766312796961
0.23425999715958024
0.6130525441370541
0.02761141716920934
0.6702442415601715
0.9062266216660966
0.5804536295458449
0.7961398178532143
0.50072818016282
0.35598368433314787
0.2498880361038308
0.2780994242055377
0.5410881211605089
0.8950388521662094
0.6276243909095712
0.742130539556861
0.7828070833218511
0.42884069473729747
0.3447214135125114
0.65966585846997
0.5517408135638102
0.3058463976996779
0.37667612096367475
0.05703664747691328
0.6316112680138773
0.7730790502289014
0.585294430921367
0.5656164377466931
0.8770411241639489
0.8531675692561183
0.39363608404213324
0.6488551140759894
0.9254501298207267
0.6611203463872902
0.8616289579822632
0.47341514465763834
0.722962562959521
0.20529564786856425
0.8743691277570947
0.5776933477293184
0.6176492078225629
0.0556164929298163
0.6628733363871874
0.2118625505466616
0.8328422090601717
0.9453292805193277
0.664603084803884
0.3337817158811355
0.4752572929689185
0.3785385457006377
0.4897350941107189
0.7848630497653714
0.7854297454996505
0.6066034075398609
0.29377138100135713
0.8882768898283543
0.17838942542228486
0.4708448288262481
0.2297601486990446
0.03905318050117412
0.14820975192377173
0.6556329971902151
0.6458076042606345
0.4932708530475799
0.14674904146414092
0.09100368970802142
0.3289574920700079
0.3601643831555612
0.7946239685091597
0.7436404701163665
0.30575073927760843
0.7719030912879076
0.8092175593949219
0.7292727403145255
0.46827434821022407
0.6018126549874423
0.4326117415292582
0.9846981867641588
0.3720082385847463
0.5693511128373575
0.9331026171188288
0.9923213824686796
0.5507557162819319
0.2607661712085496
0.2965397782363025
0.1858378853584739
0.7504004550299638
0.601719381706361
0.6387217289838004
0.5328561376312224
0.7228355465476756
0.05595205995984198
0.48871522991336225
0.9749392958642658
0.047355071518712544
0.12713150537604645
0.16304600330736252
0.9038378014041686
0.004606633966269147
0.12539088204902982
0.4306153653386341
0.9415175137887782
0.9780457837486762
0.48051629366332105
0.3618638727171477
0.2988312961855455
0.4127897114787039
0.4536251998381732
0.21180363837592942
0.06493649832343174
0.1772947138428993
0.9357476803065764
0.11695901215943161
0.3069062293771325
0.9626921675715867
0.8133474049177151
0.6330740418502367
0.20344439613219945
0.13708943701239062
0.2891849042359893
0.10507569840312825
0.6072626043308647
0.9276158514298308
0.19047572010537306
0.16950204027023863
0.2531481680733727
0.21410144594768132
0.012543881823770087
0.32090352466312466
0.8697821116392528
0.7153081658396881
0.8532932359208617
0.7979031290796461
0.5279471250341143
0.7819130579232036
0.7006427257736668
0.9340393270325373
0.41347851438493877
0.04294912440237553
0.400005033363536
0.81124347963403
0.6892247218145954
0.4966551414302519
0.7148025603720501
0.21512379593889208
0.21233193145512963
0.6048283610813285
0.6262226743167622
0.8300548023536414
0.19118584814494555
0.706760008582699
0.9598231729863496
0.4676442859710669
0.3076913671038213
0.49085581890199625
0.5912416616353826
0.1384317368456015
0.41991034323596477
0.4249079932464198
0.22753956306716572
0.8507266148298103
0.4786135574652328
0.9964557498623259
0.2611847580258164
0.2853924203231465
0.2298108454201072
0.5412306332758282
0.9853107350117282
0.26288370236650815
0.09452943814453507
0.599329137835578
0.7616344494186711
0.9353551674431092
0.08747240301078629
0.9904214859939309
0.05205760360470346
0.45152312522414184
0.4288486596418706
0.6461358427985627
0.9935233633284207
0.054754188843363694
0.4838575983914719
0.9250565200754183
0.4869308631580004
0.4273010676237913
0.468639418632287
0.3815845421527665
0.06342779954485589
0.6239392929001927
0.6681588238838525
0.19426716464117755
0.07382237008516324
0.9336986073355743
0.6717391993268114
0.5021447673433236
0.49302876715963984
0.9708076844935495
0.6432512156080545
0.6236798585778106
0.8764090911279176
0.6564581397688045
0.3991473444079988
0.7114981129288879
0.03909029387957452
0.7812981521366752
0.5230467168014757
0.04395885803542576
0.10732300192648603
0.7552142530282662
0.8282496447659753
0.9255937311648602
0.870962936870322
0.08361574423377705
0.4898034935906961
0.7226853607714421
0.15578484735190223
0.32228060865035313
0.8762822054687536
0.4226508588557196
0.5961556666661992
0.2670408781367698
0.6920507545342697
0.726155050017458
0.30066148908388
0.6791834153303856
0.8215783411213706
0.2345479836595752
0.7739372440477764
0.4475706863880078
0.11305787487281538
0.9713301103918751
0.1676514898469832
0.01792473522827931
0.45603828519650835
0.8710118683876091
0.42097667335272015
0.06280273416304516
0.8827001396598181
0.6576753698615729
0.8960314318525117
0.439080484259309
0.6295391718157252
0.7765709993930094
0.7224316692124031
0.47410654422543186
0.5983138398618251
0.9751787506918217
0.7681355727618663
0.6782990436046238
0.8111979189506583
0.3113052301796261
0.7034646969836906
0.11590197461671714
0.04211576106699799
0.6420546495138709
0.8392984087321569
0.7345410575956479
0.6020077266602624
0.5586992466378263
0.7652468837192731
0.32893022847067643
0.004630725907255884
0.035852317031626946
0.35697630916944967
0.18863974548466
0.2014766749076058
0.7333807645911617
0.8122995793656792
0.7376258360398308
0.26150238704332096
0.9408592222432977
0.5104277442364682
0.14260179533130068
0.7272861245420473
0.9863197981675081
0.8041639725656325
0.7518710022407917
0.8994825322663457
0.9309003567289402
0.7896792067429004
0.9436149330390061
0.0800006153758227
0.10382778019741379
0.41032462572224426
0.31918122620712
0.06869551342250313
0.09974274718567022
0.7629424071984401
0.5743007507566236
0.4526767667470234
0.10421556827492273
0.16817136414733758
0.9679413553928266
0.9782022400952037
0.9978705155176953
0.6276952439561908
0.023722488461485947
0.4175783800400894
0.3518799975102257
0.5359548042797943
0.8316842318539077
0.10391380071561951
0.1675939241213409
0.2448981491207861
0.6872453407513734
0.960824265296287
0.9030398164457317
0.775292663260606
0.5070956757961615
0.3858811317543499
0.933731057750272
0.508840663794792
0.5264350439527435
0.35887250714930863
0.11388125792762727
0.7566171627285367
0.6889543443841778
0.19574114057406167
0.1196267373606219
0.49921441441314274
0.1833264115019413
0.8020856208734984
0.7591970656307205
0.46240085483759596
0.7764935302113876
0.6994858631443951
0.40132499666453636
0.8504624673263791
0.15770928447470567
0.22816505906530105
0.7099666757186744
0.5731261431133142
0.6683475928899986
0.09757362378622736
0.31588485404284683
0.4168057870133822
0.04072878323083495
0.762482209515834
0.7380196591846095
0.37805756273372304
0.2953314064817163
0.4192656546197796
0.5204488135360911
0.9671423897943031
0.9498752261880662
0.5996739710271777
0.5132184588574074
0.08213336757944478
0.33969280422542614
0.7874944949954833
0.2617607471173723
0.20233140712500586
0.49757190213706304
0.6762758913842024
0.47813348702776126
0.5395937213971764
0.7607443581163624
0.1325987248563124
0.7993210730529462
0.05440798757808252
0.1217182265376896
0.24875883773535123
0.21565564004384408
0.39560586690983646
0.5166353455175787
0.7367198587456705
0.35320841413083415
0.26566387730800434
0.527832050258284
0.7211487134654756
0.43754626268229657
0.4019741630772472
0.25171551073322995
0.5626089155389747
0.4592795296202862
0.5635651762755393
0.4824342317169209
0.89298441871748
0.7770020416047655
0.3945100113656961
0.34923489079150594
0.28377580483609244
0.27072126542414443
0.5537423471546743
0.09881201641509296
0.9249561403448677
0.7943160500956681
0.6364086296226594
0.6844561131893331
0.19976388140386703
0.17616198681634643
0.8714795666601001
0.5205369693357743
0.3485620660912758
0.9994256613843863
0.07444551356978768
0.2114597377623254
0.27985112391120637
0.6693532179294648
0.5513257208472949
0.567232681766228
0.28424820826596675
0.6739210079704947
0.13497821443404634
0.12987784091438825
0.011732035587871614
0.5747372899306504
0.004958218724151808
0.9266195949115862
0.9793345732584338
0.4715015753254732
0.8304574666326635
0.8981731518188998
0.5704857965390411
0.06049922390631002
0.5634008370805386
0.8741205682004182
0.3442216866172161
0.6884841269359842
0.3803020029582217
0.5616206602147132
0.021777885965085675
0.6513684918754189
0.47011798774465796
0.657056392563245
0.8372050067212167
0.4212365418296198
0.9147933684195058
0.5226968795236443
0.37641158367504757
0.1483798506274624
0.6270310716636062
0.8357381023844238
0.6614741051659024
0.30710842795063376
0.6157880051743435
0.836907769745228
0.5753091075213632
0.880004708454458
0.03684859201205848
0.7714522346716671
0.8466024690131038
0.2926768317846844
0.22121537056937024
0.9396988997092616
0.9018762346296274
0.718526700425538
0.41609630048684376
0.10892756746920551
0.14419395759688958
0.5194249827976799
0.11116778740805633
0.663723264209812
0.7945610690819908
0.36681869995501537
0.08585057273107344
0.1836558156829785
0.49529643137733836
0.3334619019030707
0.25304377566371794
0.09832825415179447
0.22744755023180407
0.14758349032095008
0.32096456585402133
0.30035008208473357
0.057911977583254504
0.7653775626557587
0.0809713413923897
0.7041327557219882
0.587515530573725
0.693730408068486
0.4129388006092356
0.5000459600537783
0.7924522868186713
0.7668924646871844
0.8118397363826495
0.8722709914135152
0.22169119055414344
0.16771618429891633
0.8310177318961539
0.7801836434137722
0.49365529295399646
0.755399406200308
0.07838494926325912
0.04154863061306446
0.9585003543714173
0.8879963641582336
0.09770953238270397
0.17276943364206543
0.18189590248982135
0.799542120000897
0.08995685489347849
0.3711472863174735
0.7035492749251199
0.12328212421093832
0.42582969021049943
0.4194970695384146
0.7392970063058176
0.3501072937572418
0.06957573195825839
0.005746001374917209
0.3694417280411143
0.7718569621593282
0.02508174367594962
0.5546229038042808
0.7041174175234148
0.4326182409677538
0.22800639571852654
0.6287546658768278
0.24699999136801065
0.6806023756301413
0.14627015011060163
0.7384961132932287
0.6788806289391245
0.33477828051712555
0.19878516860396667
0.3499550068192877
0.2728122323901617
0.8260559723141306
0.8804765127178674
0.18445164910359568
0.5844609475537711
0.7360194823123953
0.7940640008876201
0.3150282293197655
0.7106103206395867
0.6293128255944807
0.7894262572292889
0.5990956311911008
0.10993678176794597
0.0029921503198930832
0.3221186296434986
0.06002269357861567
0.9292253263480265
0.8186967149743157
0.8667683739003471
0.7522068938610955
0.866374944415664
0.8728791089227751
0.42817968274099094
0.9151149232412443
0.3442735497042311
0.35064821671667357
0.5650031757139937
0.019159325579106268
0.3706614874747378
0.4027241760290754
0.8080924544947641
0.018739174405664638
0.13756490990271997
0.6135365569425804
0.5539306988469034
0.19269331895946462
0.14114708656827024
0.5105808712662104
0.1267983981552988
0.3932175438795804
0.5312129830171348
0.4303642170051132
0.9077181547539935
0.722963374400634
0.8136494160015373
0.09853293457097989
0.3812053704699728
0.23526437931894295
0.14805731585518112
0.6732128380591385
0.48863483239220873
0.3671115993543832
0.4073842655814174
0.12146231025755982
0.6430217285287153
0.6580543177161248
0.21596256147794102
0.5479904903751857
0.8273731922496941
0.9296583997670878
0.8865973088858412
0.6824485451802
0.9479324437715694
0.437166191375565
0.6350067812258099
0.28173600894767015
0.22183358931362018
0.7823928990451338
0.24969049583547342
0.5490732645542531
0.6677170383792833
0.2064571429036114
0.8519360447237146
0.6182455220008523
0.22013508113457414
0.1567943316669541
0.319829270669614
0.6252191020556368
0.5344384599190878
0.5929525336753562
0.9625680854878701
0.19760705817274993
0.5923140518547261
0.99571538379407
0.26788305650545263
0.2854358346443041
0.5255627712436745
0.5642779308072364
0.09454800538893704
0.6203339040480365
0.24495818806756375
0.17856918566927227
0.8090707320069304
0.9420685682225494
0.19406351303759983
0.1007043004600583
0.18498793756709453
0.59625596903807
0.30380095995608114
0.6673766410989621
0.6935036910435824
0.6104528936114832
0.6218680059292255
0.5010700600137714
0.598563959192516
0.8833274995935243
0.8105756988239795
0.20773320164901332
0.8734962203257036
0.3952789532806673
0.2860251978493775
0.8731091779234774
0.7453268861448032
0.8025436759278642
0.09300352435435988
0.07133580457811295
0.42935049422344607
0.05602159744859647
0.8171558519718867
0.056086320316365845
0.1831180906543295
0.0391139840699547
0.6600732190899705
0.8734291029772175
0.017931948717102353
0.8883753072904244
0.8512353698088722
0.584057718849962
0.28138230588666013
0.47624929132935934
0.46600067192836514
0.7266811293793132
0.67945509537884
0.23538655245680407
0.11254182773692312
0.16164968680668468
0.7469008340518946
0.0191793969131977
0.5134884216386523
0.2377908979719925
0.31829646788640176
0.9708860280031898
0.06114032115647261
0.7825045082574767
0.8032482624889903
0.08445270490555623
0.09298420963565524
0.9391032593985907
0.9575456467451158
0.9355738526097035
0.9015056357271155
0.06336691720749221
0.034278396764969576
0.7597545588855316
0.45430762308387773
0.9360303585828488
0.4193602849046151
0.625533593036576
0.8189449469903408
0.9335841645912748
0.049578680088036786
0.7263505294206837
0.8741959512752278
0.7452777781300888
0.11204756622930778
0.04444986668193873
0.8563746589310521
0.7516486166107004
0.5193142510292929
0.6914160872577199
0.46532820128158336
0.5255561013547516
0.41722004941623125
0.814171859265474
0.48015042645283634
0.46921543965311385
0.37167554941077063
0.7077128823745193
0.6417008722207497
0.9817240986135141
0.5903838976810101
0.9007524766253552
0.24298288725355532
0.049462290146469634
0.9758350899947479
0.32065032114826764
0.30399592499406847
0.6785452242061395
0.9717369926419276
0.8828995646910712
0.9482239993057285
0.1695275099331529
0.7679120226605648
0.680607787883273
0.8767667204870346
0.7966921695465157
0.36588640395624994
0.3762536375618909
0.606022248111504
0.0591148224962772
0.9385434858190791
0.047309999725225316
0.42916891516279354
0.9992051823693722
0.8888030877632025
0.11594404243687972
0.8092122326186589
0.2956873257379332
0.8188341334702538
0.33749227509571744
0.2634518278034341
0.47856325777368613
0.3268356079490351
0.010562217233840099
0.04413418275022429
0.0012726778122086335
0.3492996604459071
0.10616308779280181
0.6638209560408973
0.3314174712364898
0.45783165623672106
0.17172410392620818
0.9077956640158866
0.8054631025324634
0.17535045094201773
0.4594784214978501
0.7663520754348032
0.24308481055171804
0.14526002375029112
0.3069008177948639
0.09125075994192822
0.6610304985197024
0.732496699275764
0.702475057747165
0.02334334574383934
0.18556300592832398
0.33718100079303026
0.29322428966329916
0.37801868392646953
0.9689017020079901
0.509132155885281
0.49839362668153675
0.7586694610205185
0.07342289962485593
0.07265708073899024
0.8789603095021876
0.6580813488199874
0.8511264911512698
0.3000133269791623
0.9067685593610981
0.3097210616134193
0.5113197264625836
0.7243382656972204
0.9339308455935672
0.039967435666456774
0.03721356062455661
0.8988331153591631
0.6902027374982254
0.2640362518686006
0.6773724271312973
0.4695572414838819
0.39754595494686296
0.6456553966185978
0.2715481310480259
0.646320235056139
0.44845578702442157
0.6363366064241276
0.9383745910207151
0.528519097153374
0.642004883018826
0.5343056216003362
0.8866858883458046
0.5400391619846215
0.6141572026173168
0.0639572576160421
0.7972038576051149
0.8571406242215757
0.8990543332534787
0.9035018633771538
0.35055584578376453
0.6398734226117104
0.13913153448018467
0.45133845037184195
0.5521680349849398
0.4202504344703879
0.27906363604110873
0.5662296446027066
0.6627085629602331
0.40779551517769064
0.9595793155403579
0.13006913257170938
0.041129187009015356
0.6177862474645717
0.06549055696320039
0.07509958122446869
0.5826068732161959
0.42128698785306595
0.4013533464574338
0.9598055965125132
0.17487550358179682
0.6680878264648431
0.8592849236609459
0.763687116437278
0.28523804198456193
0.6123232832564511
0.3553598369485361
0.16085202155334954
0.9883547118255854
0.8023184410849293
0.6527548854594012
0.5313486820472711
0.21185668001783808
0.9898224330138183
0.7987152386186053
0.49925778141960997
0.923715013433874
0.8853119612034752
0.7517248181999318
0.41373654168173124
0.20260393717987513
0.06584025276713001
0.8874750095949677
0.658168522924743
0.06325808574551517
0.8589465097230656
0.7284939403550523
0.9547884841237342
0.16660387716921787
0.04613158592389144
0.8183119300464545
0.2900577824461532
0.9583161590380677
0.4489560553211459
0.7185903675394932
0.7713485927889236
0.4481254853866772
0.5087380827913291
0.3967938078981482
0.1876779764810078
0.34751938028367846
