128 1 3
0
57
1
5
2
31
3
109
4
13
5
12
1
6
7
58
8
24
9
108
10
14
11
127
12
35
13
25
1
14
12
15
16
30
17
45
18
48
10
19
3
20
21
103
22
105
23
111
12
24
25
124
9
26
27
51
28
112
29
88
30
69
31
53
32
35
33
110
34
75
5
35
36
60
37
66
38
83
10
39
40
55
41
116
42
119
43
73
44
112
45
58
46
66
31
47
48
94
49
82
12
50
39
51
52
78
53
90
54
71
55
80
56
83
57
99
42
58
23
59
60
118
61
91
62
90
33
63
64
102
65
69
28
66
54
67
68
93
25
69
70
82
70
71
8
72
73
107
74
84
1
75
2
76
77
102
78
98
79
86
80
83
81
115
55
82
34
83
17
84
3
85
46
86
87
111
88
124
89
98
79
90
70
91
66
92
73
93
22
94
21
95
96
97
9
97
98
102
61
99
6
100
91
101
102
127
49
103
34
104
105
120
92
106
89
107
58
108
106
109
47
110
39
111
99
112
72
113
1
114
38
115
84
116
44
117
66
118
90
119
17
120
86
121
122
127
99
123
35
124
118
125
44
126
85
127
0.012912200166135035
0.8023564462667483
0.6211440916223808
0.696308368078335
0.2624089290149675
0.835694335007328
0.9093752268611128
0.13757661526188314
0.17519641242709405
0.15169738462574933
0.9452422529882311
0.8580945216983673
0.38245891467114357
0.42012861579455496
0.1743625831940333
0.9541418714595766
0.10665041437820266
0.17785591470432593
0.2700695143402013
0.8268207788423309
0.6088456081970292
0.8765872255433543
0.24096723143356058
0.8686386531231737
0.7742827125344321
0.5992423088416023
0.1534660523106145
0.8177159080700853
0.4763172478112109
0.911983965918072
0.8204317281582166
0.6858266961669616
0.8387723156451351
0.054742491039165064
0.5848800097778093
0.9100211990237658
0.7745565214153353
0.9011514764425349
0.8092596264528474
0.712827007606268
0.6550143544159074
0.053425174582350965
0.23813416973298274
0.9657850634264202
0.4190749095499685
0.00013865903385079648
0.2730332723716776
0.2096950350876141
0.975105497133658
0.5629516736527911
0.10347570196850941
0.029376727462715135
0.7440707597530585
0.012854850458314249
0.20001492608068916
0.07243650691441283
0.9067991573068401
0.7515340212432807
0.16774429665939905
0.8058358560345296
0.9351806684714897
0.7929020500848076
0.42052352604387
0.05287105089891464
0.2903265649640391
0.13746473400359893
0.6115218542384296
0.5564348127042557
0.7137072279187741
0.9172329201148436
0.6873242699453759
0.8405078125066754
0.38504118327014647
0.12541463852677415
0.7454466178069848
0.9753043133731527
0.03774313866881529
0.7163613069034794
0.4789979153221845
0.7260344849632906
0.9073098432390853
0.15730539728488535
0.6528471758330527
0.7297011936915669
0.01990865481595483
0.8433019027704451
0.7878372484966326
0.2028873364260949
0.49259860644171416
0.698959700674304
0.9100594110400125
0.7325455704387449
0.9458386214471969
0.4915776827109569
0.2887464486998653
0.08027127852015259
0.8978428661229271
0.6999254174940409
0.3521081290775264
0.21741234997511683
0.9148623926543794
0.8273298952499872
0.4363774805895343
0.9848194168264665
0.02730065730769593
0.470613764942839
0.031234430967696736
0.5431681826467163
0.2035732580567644
0.6969588346746773
0.0408359843477919
0.4622051052349362
0.17421328673604808
0.0031293477180900364
0.6157329269705492
0.9908376506553502
0.43963197163484846
0.8917885638817984
0.03171363176323361
0.5616526461112151
0.35963574661699527
0.09645898920280682
0.5931544767074126
0.8282096774865764
0.7615784156161922
0.8525266096798603
0.6385724363231344
0.6961671497165599
0.21945607392449473
0.5627424631181549
0.7926220542367111
0.648524303297862
0.7282798731757938
0.06756487870772598
0.40701749931281783
0.6449954214524086
0.26031978839978476
0.732169660646863
0.6503031110595158
0.5995969131533854
0.6420466911989817
0.5859581292623731
0.7353567158605879
0.9580889002758771
0.10751139032608326
0.4873536332683215
0.8021320957858029
0.4395417873474402
0.8815307907241647
0.35050621003608107
0.6940060817946101
0.32757244940226193
0.9297696304097183
0.7572875405064091
0.29189060186974614
0.4893211848536273
0.3732754963611238
0.43154159888547616
0.007260715643901738
0.8069781722130154
0.19508697699873778
0.7998357005678806
0.8198782220102976
0.4671483919102567
0.11533889034755196
0.8708704717577518
0.6139435861158753
0.7635377595024622
0.36546340259067833
0.6950149590550523
0.8141465844619818
0.47579590182259424
0.3785449278281654
0.19225909828679588
0.1506536292806021
0.8588437886489502
0.8366665093599693
0.02482881182589647
0.44820080438611043
0.044133090154401255
0.14146916442054291
0.9908028990744007
0.3673531076870262
0.49371899408189435
0.7064730907996456
0.8095230973890144
0.7367925297998076
0.1506478574234822
0.7187532807515963
0.10195294504685226
0.7903086493798408
0.4960748426612418
0.5560229620528907
0.6753408224687313
0.3989228147727174
0.768696097725597
0.7242534636607836
0.8376442932509006
0.5366723888458763
0.23058537368748344
0.31069299524893823
0.549530985198693
0.777284867801976
0.677390083743998
0.0556048633181736
0.8876885129447579
0.6038128278997191
0.03302763584071533
0.41726521504704206
0.4831211816061033
0.727916255788264
0.8616031277187322
0.4863137858915221
0.6421071253106327
0.30158729760631586
0.6728787889150812
0.25639372340189115
0.04518116727259158
0.25537714726871186
0.41023507955290783
0.36774674830124765
0.2781123938930634
0.8731060096204278
0.8105734009090187
0.17224385602769576
0.7659163791862659
0.9739561308052368
0.6452152131283345
0.8439568180183212
0.5315602075860786
0.3393625955366453
0.8621203652141257
0.5393793848770719
0.5411614373214726
0.04615302339943517
0.9795281559110077
0.9795475170066246
0.36040580714225745
0.437708757320976
0.11220063197785746
0.612525327722468
0.7419639251651067
0.4202976165947201
0.9415753924167616
0.741885804851461
0.3009016944972478
0.15231131786089025
0.06985504473219273
0.31415880432830223
0.2991716880426669
0.5698500523530233
0.9225155678491748
0.19560573338692888
0.8793039891390537
0.6520643082389828
0.588814769229737
0.7570222734745268
0.4848270319717263
0.22579128911091761
0.7757333736798236
0.5095103263470385
0.38431041271459787
0.6579012308509019
0.9892272737362435
0.6769399874910743
0.41983937591726594
0.9024741972800189
0.8262318318584514
0.9239101007036117
0.14800690501227254
0.36316113233496183
0.7992115837639886
0.7144222039746774
0.38573231734104274
0.07674062893310096
0.9470540544720076
0.44538331587343516
0.6650011136116429
0.08844526589386226
0.3114393873820931
0.5815604817591111
0.4758980893893231
0.33463784395409557
0.07644507747738838
0.9909737473611261
0.16503429383690416
0.45272418596738395
0.23466623377757245
0.7750387796488857
0.3855378136041838
0.27738878927014987
0.9137784393668104
0.7911437017211598
0.840270491009205
0.15966778073001042
0.3068567416751561
0.2770759436488158
0.7245565317070142
0.5985739808873923
0.8168664155985076
0.00947150074325065
0.11583140075151399
0.7712564438171651
0.16377378487485306
0.8812185387349741
0.4443705939326381
0.19632278713639884
0.36603960658731394
0.4071431850494911
0.5209659964243921
0.3138552068948345
0.3731025964066982
0.9318479479136744
0.800954730601284
0.9645436360647367
0.04715008209178917
0.7659080137535622
0.7859788381692787
0.1798512045989935
0.6664289098237093
0.015456448402127121
0.6779407371458891
0.8122137006666574
0.34715786414851735
0.1401242086968314
0.8432123443793661
0.9680490874840533
0.6317680003450383
0.9554737020263654
0.04115088090396324
0.26685930889200027
0.6205437759643725
0.45086734275822715
0.4640295811462468
0.7272500725680958
0.9183091492668279
0.35698548702514066
0.5972725412862865
0.7925027920679618
0.20168677615471353
0.41640608404870216
0.7472117909424342
0.3901620911976986
0.842682349265263
0.6958319701855133
0.1995983687692674
0.8279098237231292
0.32179892161960744
0.03187328079793672
0.25864857196398205
0.6572086955933426
0.4637968901808831
0.2014567512206744
0.46166843937244195
0.6935714748646487
0.17787274266107755
0.33328947989850144
0.7277035670944887
0.011311993426885603
0.6672413608142165
0.16251234659777847
0.699190603111613
0.8244724638089769
0.5385482979862097
0.38290096381321903
0.8989438567504127
0.41828067493092724
0.02119535136361661
0.763564733180011
0.5413942936597719
0.8792148035113045
0.2535382681010562
0.6006167097178139
0.7566012379570668
0.9786240230747966
0.23701238201021357
0.5128749881345979
0.842264270945957
0.5122508309515444
0.8607712103755699
0.7721000180360924
0.7271882143030758
0.4012566169679651
0.15865395992323905
0.9130767697622195
0.4008078498675174
0.5692955105720279
0.6894480380123313
0.4970999319285425
0.10983265700792544
0.6263449567853927
0.9824485186229166
0.7742500569094545
0.439743158994914
0.8085937662327761
0.05707207387455271
0.22629727236347819
0.811550186799124
0.024755598017597635
0.6894785238676485
0.8650812126773558
0.2693377164260595
0.09435029202555067
0.1683798575232338
0.431601091502114
0.533340380345516
0.6662872774990494
0.23100605767647997
0.43551044961394736
0.29491828032208534
0.25527379366575553
0.7490263261060339
0.7514733485490234
0.576471628823593
0.37059868787529526
0.252398422561971
0.7249392216363367
0.5902441780045202
0.549559407393745
0.6205486396512772
0.397836067006625
0.45403543972170457
0.7861822963369708
0.40218830642899994
0.4084204607086409
0.8000704769072403
0.9047285590378835
0.8683048484173241
0.43989452032085274
0.997615566279158
0.061854825538117275
0.4599774671530612
0.4503090579216156
0.9377851429092743
0.8025753000854473
0.25736135820757133
0.0073717170982026126
0.7483645141188333
0.6342429881492769
0.28707094487064944
0.7732596435255975
0.46175843226493074
0.7671820265457135
0.4150670488821142
0.1914384016861309
0.10103788370714206
0.21171442197171186
0.9158754766606053
0.35849980903150613
0.9742953021806093
0.23238521809057688
0.8235248435333854
0.657200430710491
0.400517617204168
0.06362969871269075
0.37123226337410775
0.4884739550702345
0.14480621702512264
0.7035636420629937
0.477350963978429
0.956448314609547
0.10379291441449223
0.2054594694786417
0.9544464973730961
0.43412078070779236
0.9867422474027528
0.5875508279046131
0.13941698799345004
0.45243004471892023
0.2852143353193378
0.8093300551738042
0.7904439580560458
0.21762105203253423
0.6053736500435907
0.05386473177057949
0.48841249286340604
0.14782764318287067
0.7173506919630928
0.6024180038970031
0.02789239343587957
0.6514810424383188
0.8308923223597143
0.8489888920095108
0.7120354675538026
0.0765762432461985
0.4004065240373573
0.9991319375253255
0.37206060111671024
0.6917095732174061
0.8758327864336362
0.5464030078936343
0.38594280217672083
0.9693165544141229
0.3642166412152287
0.5606117526402249
0.41439780371292434
0.06314609282924011
0.9764347582702132
0.4835454450919221
0.17738575483168517
0.958213022520794
0.5320516798220145
0.7917994839478095
0.9512148368278099
0.8077611616337612
0.9454067392771153
0.2308329037250646
0.19950703981422047
0.29461211430317413
0.44705716072278934
0.3455480709767417
0.31125057945179624
0.9170692749506708
0.8326290943096664
0.3822100113886103
0.7683807438592695
0.8883584160854605
0.37733859521151636
0.19785069563276603
0.25858432716382707
0.4658127245698809
0.2197459828775531
0.9670918043336877
0.197661187896774
0.8384683236426315
0.5616494312229763
0.4239458697304115
0.7724674150516091
0.3120630166880344
0.8644389460643935
0.16473566328185385
0.2889463216257401
0.9905095597728926
0.537791544214757
0.4361064069887659
0.6390088121002799
0.606607691439333
0.09814654998409089
0.10956113082685837
0.17162783710324436
0.12548251471778304
0.6195031408469688
0.8536297346760395
0.6846406367150786
0.9489339762855734
0.23449974468743784
0.4862523071314845
0.6406963936894184
0.8531284378702688
0.49597666523497574
0.4898182702216288
0.9540658840939095
0.10228474534029319
0.4293038474958043
0.12636699403818774
0.8859821918773763
0.24375283381195423
0.40390573949032693
0.3142825262953217
0.2125910415694664
0.9687779845258273
0.8805477612633857
0.5739662715772955
0.9031905716447446
0.6876005687762025
0.995092816164517
0.3549398058368076
0.7355799394140635
0.3266622337240317
0.5453736519989902
0.10219601521652855
0.3185391973993228
0.6853554937149947
0.920489694204558
0.7859713619177187
0.0913238947673286
0.2794138735473608
0.40403990232732623
0.5181188426719552
0.6109986542150264
0.5218983915605565
0.9983620770140081
0.5511954159026416
0.29519720185287157
0.12316796139873964
0.15659752568466145
0.6269084006114863
0.5019209653045114
0.14736389120168092
0.5876812446354629
0.4254240976274133
0.22218457518888501
0.8389792965912131
0.10002550534863985
0.23457269112713564
0.33223137155225957
0.7947986508205213
0.8134604602477908
0.9858078650099492
0.25135307289021847
0.3368412827935041
0.1804751774985741
0.9042244301722603
0.569233986462302
0.48558170436124537
0.0422816075962682
0.1229033202994746
0.25599837739683196
0.4700911311677328
0.8154940273358973
0.5069349315636693
0.28581119173488845
0.36067784959928895
0.38380842521437875
0.9545586954452718
0.05792033612465508
0.6089367042105129
0.6387605832471688
0.7695686981740194
0.27724175768009995
0.1776586621580536
0.034536973729437315
0.3207965096209455
0.5107873308542611
0.7571090488831455
0.515814164855114
0.5696170399049638
0.9804077017063858
0.7520168903300423
0.7670855894153485
0.43229052004916557
0.7680163450279357
0.6322672008466136
0.9435779178710912
0.5655332156207104
0.12685586162688844
0.8659390233844025
0.554669253469561
0.2501084487853983
0.5150400916252756
0.6153672928620672
0.8032360183022522
0.5207645691742894
0.03966764706197601
0.6716657875548118
0.3621459130491783
0.05201430151394415
0.7459545476986249
0.4700572277783813
0.05211901792650453
0.9646703677477941
0.6604321160380182
0.291903450523217
0.7057830669755728
0.5030733287603405
0.37973827673564453
0.21025805841013068
0.25051032190368305
0.11907002551075485
0.4541685979393051
0.9467732291248587
0.7817029179790317
0.5794443663738627
0.29094235850350236
0.1475956044491713
0.22239224987655415
0.8301201507795174
0.3913598991857282
0.44334264845650273
0.06654941210908027
0.33950308102212723
0.259786377949612
0.5718175437935428
0.8992594248076908
0.105746354496706
0.6393418656962953
0.7611191022811402
0.19492694762410934
0.09805583082113123
0.6139681484709951
0.43343175974490866
0.5947954776782021
0.9203248722458031
0.5786960853768678
0.4808760509402843
0.5976034027285083
0.7146051853540742
0.37547745805495947
0.8726860294350142
0.56611128547675
0.6003490510620907
0.5448623756956913
0.4765691919391877
0.5913554268459785
0.12249999947405665
0.02203395458056101
0.7319591802011478
0.20993761074617412
0.1950443150872555
0.21162578808188048
0.741662679657826
0.5798808453518475
0.9949422726689588
0.22730361037013713
0.6254149982741313
0.5562622050407162
0.33387274298211245
0.8612059139218349
0.752065546438201
0.13219217281776718
0.056150920745083766
0.7149447288346852
0.19379774583693554
0.7510755091641033
0.48309402699988124
0.37757401689219816
0.7734805076063365
0.20226055285970468
0.2360927150545804
0.8212904744531956
0.0242130622004747
0.27188124818447057
0.5297825752759945
0.6354744036927185
0.559110758332027
0.405670666651768
0.4382403377430325
0.0663096058779098
0.6392389752485843
0.9448829048746684
0.4472820181087599
0.5943624238604016
0.912336718340569
0.5863593628647115
0.8649698946130456
0.22875344973453438
0.41964828186333847
0.3261579920042357
0.7000920045493865
0.6096961777512011
0.0861251009518702
0.3327588535963546
0.2395477823244604
0.08875016444202344
0.4590152929950755
0.3167569963468784
0.34868283792767263
0.5208313353856439
0.6117637194845158
0.3489771691314699
0.20903542879458592
0.04712894124723077
0.932203075829907
0.9147634962306413
0.9620488610916652
0.4775410536016401
0.2702445025828797
0.18348287191330281
0.01180308265006813
0.7264620760274811
0.3611359792882203
0.807694931165755
0.4018567446327608
0.010974614074265365
0.11756572598205117
0.1272308259532816
0.004128301352598895
0.9135226170258259
0.6536481601574127
0.5626671768188292
0.5575698885255915
0.7073835052065852
0.05078888135116455
0.34258777029149357
0.03006086180116463
0.08095612149631115
0.4631173895583436
0.8527446572669551
0.22348824773388376
0.41378166352224677
0.43091680604378424
0.8444335516290211
0.7029339017303345
0.8876361304581482
0.697555268707223
0.5872967987465633
0.44918817354454876
0.647203869795218
0.5276780751550265
0.1346890088611976
0.632070819674873
0.590157650534863
0.34090036453258
0.036591851126227426
0.11925691320129883
0.7862183511813421
0.34422150373233507
0.6456317374770768
0.577961554258845
0.33818692720038035
0.2862075571185362
0.7810201203431205
0.822167503185467
0.4866037197605395
0.011152347781426042
0.23674306888955587
0.3512123147815327
0.26757936435463625
0.9233514606641208
0.1695748347616005
0.6938702573003774
0.3062046909654459
0.030444061575244152
0.6030511264806547
0.7800581039607632
0.7420392821386195
0.14036212904747203
0.9329871312265178
0.7420061529308826
0.881674155833538
0.015020515215364849
0.38572478722624337
0.834277884624212
0.9691822107392255
0.1506193864793487
0.5873635522266465
0.2242430148648885
0.32999207709773193
0.073802233849518
0.29940766976097277
0.14845065222789688
0.5725335509492042
0.9890225809390844
0.4317557915637389
0.45796494840459534
0.829422625382577
0.9038149859649349
0.6499715334784169
0.33366598072215226
0.1646111490461889
0.09044379949731751
0.3984844641883929
0.2826946498723071
0.5321038595275902
0.811295053154344
0.30556861826649584
0.8416138266532599
0.04701946676996116
0.9001176271708302
0.5205132382739085
0.6560283650365586
0.775673824545545
0.4702790731928196
0.2845081833004922
0.5759355014515806
0.7298914083917505
0.5268461915400537
0.4095258233898219
0.21702448870512236
0.35859641366383677
0.8522489483576302
0.8162665436997697
0.40285617250789496
0.7448279911511072
0.45845407151622286
0.12545047519388974
0.8205476079606414
0.9691508939287654
0.3720451320274867
0.6427439383916387
0.41832073698368144
0.48259941334667367
0.3202584045826491
0.6934372093609878
0.5287035837593252
0.9187285864294343
0.47197433652834064
0.1294691942607049
0.6220312084018782
0.7008935676144806
0.26295209419496224
0.4071437652223494
0.40764691092937544
0.7559141756485399
0.0718235759763064
0.7775848474911272
0.8301124152807529
0.6919419619201979
0.9637095702819028
0.45092449974889326
0.5881519896466998
0.6209371321269356
0.5408864779758322
0.26858995130819563
0.3285047599801554
0.6565774310405302
0.4917514713477502
0.03116378449870305
0.12859584678056246
0.6621897460265036
0.9100787953614855
0.1439229000784671
0.009879087792896812
0.32538791837624625
0.7562291528031024
0.4661429152103662
0.2060811682707996
0.16401350212693366
0.10707665833097768
0.34017747008626487
0.2557291190323052
0.5579136240545083
0.13264227194797595
0.8018166025896789
0.3191806477556467
0.3104172420215584
0.5010421267791475
0.8224794920083012
0.14472316477580127
0.23936296586391725
0.7418344981261082
0.6580232455066793
0.6514897054700731
0.9254200709985705
0.40805310550467866
0.09333980444798806
0.9846813073552627
0.5744583719947038
0.574911922378654
0.6358788765668987
0.4546238926656716
0.8533308684233909
0.8796169156850472
0.011832507587301588
0.5483885827541264
0.3701213494685547
0.9799316583464766
0.019867094420744635
0.18549153063058232
0.7592206924002513
0.6722007077582263
0.011908919400914542
0.20842284664807653
0.760645058443169
0.5163504792048962
0.5057566280899394
0.881666594712318
0.21406257530780048
0.6028405895808979
0.7696619790458369
0.49761860977130545
0.05796270304617723
0.9636660683351647
0.20651745633891438
0.009720016215602478
0.44145667522734067
0.6921039963710888
0.0794458033084734
0.963432185316145
0.044701387545352245
0.9762074666612777
0.6674572415004478
0.033612109178886795
0.9959289351704723
0.2640775748326607
0.2927245987830893
0.8289935974906282
0.974776398004122
0.700340401269021
0.3512379592304402
0.7786261914485076
0.4177385672530868
0.9707037525592636
0.4445397991138714
0.12274863117376555
0.29253081915821977
0.031283469932037566
0.558131041222006
0.951769318071422
0.5889317432908863
0.5500431218445954
0.4868913446502452
0.8737646992839401
0.885579701864066
0.8887358292176669
0.18897436218414465
0.8094268044613452
0.6424644965245232
0.19158859331432265
0.6281496265841204
0.10833099333971463
0.22913467364051587
0.8034498828453274
0.6580955878418792
0.9726081081791467
0.6495479557163506
0.5872956247863128
0.8442160271149161
0.7330676010933089
0.17012552877266007
0.49539470665123464
0.3325041731825148
0.8608868147708366
0.3685670469790093
0.3691305036952126
0.8589204990445295
0.19759364392044076
0.3883452695828924
0.4756929119386891
0.9128112328438905
0.22424081953128328
0.12289938593575689
0.7610574244140582
0.16025281711130523
0.421938996819583
0.5646373380797847
0.18342368674013054
0.16300252897597323
0.005290647727106523
0.2175247757297767
0.6079812236215124
0.4909609786580079
0.23693650328203608
0.49202259289428574
0.37102992051588723
0.20869376859879052
0.7140985088535567
0.284309960217227
0.7308814286970152
0.9836478118150829
0.7438626379851189
0.9074482094183898
0.011953154390795584
0.627510851273924
0.40352197311816107
0.3345110675803149
0.24915110477133462
0.08899505494822313
0.7364167875854113
0.6875465587453948
0.573033345548151
0.06895413132276274
0.24133584658494345
0.4970054819554227
0.27962448195275036
0.5060991944943626
0.5797591054849651
0.7298800746694992
0.5160274922718271
0.18907131448511993
0.15146865443960955
0.8008634009824583
0.42733631014232965
0.8838348895848198
0.7377020706910349
0.8169042470645731
0.8330907827155174
0.867892074692559
0.3724371404383876
0.3617426204406595
0.08280201498735573
0.149377799214241
0.7001351897762937
0.5879219469918374
0.20416765976848616
0.5277433678681889
0.6839841532430146
0.2782769704015442
0.6078978734569846
0.7393444244818983
0.40061822591100615
0.8833661159641609
0.3742251472681267
0.162380237124791
0.09537443346340568
0.7771561473272105
0.34901244303789136
0.4890139429643222
0.5905243217436258
0.4904016695680924
0.44918498165275034
0.6435237566192789
0.6101458560772933
0.23806612305858277
0.3488372787503148
0.587697504950786
0.48940354717714596
0.6224607662613955
0.8786196767103015
0.39926685924325467
0.530658908163365
0.7414674374050844
0.5946606370316881
0.030432372995536805
0.4096446674277089
0.08872726708401613
0.3520684208033533
0.3522055929896556
0.3263700905394936
0.17914347657595686
0.12097244963827913
0.5400326185061775
0.9509790076303515
0.9339866652621351
0.3435435505156721
0.26963383598891144
0.5104119068415693
0.5444265618620391
0.6511486786348957
0.02293226746596355
0.12950518107651754
0.4888549298676146
0.3025151330340936
0.9499470300892068
0.9619380685100054
0.3837537018750954
0.8447246920892901
0.056575299832753445
0.881016194199317
0.5655458573519195
0.021424142256770917
0.30938860046727246
0.7407726263936525
0.4914377534834953
0.6330115803188117
0.37921197186098876
0.4583861171890754
0.8278552956418227
0.3820432577764844
0.7218391907344641
0.4283353911708866
0.2794890880810377
0.2691107115459287
0.9969088138492566
0.5642803320300961
0.9458905286207155
0.9774318786879129
0.4545740439775259
0.7373861889821332
0.396876773370729
0.9235997818350035
0.12190061167774369
0.5675339746447697
0.7564056913847785
0.7875314698476414
0.4831158114255566
0.7798748863603867
0.3893280118516781
0.24976814460287855
0.3456122648870442
0.7563994706055748
0.9887550073906811
