128 1 3
0
15
1
113
2
99
3
58
4
94
3
5
6
38
7
62
8
116
9
49
10
121
1
11
12
18
13
15
14
112
15
24
2
16
17
35
18
96
16
19
20
58
21
33
22
126
23
34
24
124
25
26
26
118
27
54
28
61
29
107
30
99
31
44
32
109
33
98
34
119
22
35
34
36
37
95
38
74
39
99
32
40
23
41
42
75
28
43
10
44
34
45
46
76
29
47
48
88
49
55
22
50
51
113
52
122
53
90
54
73
13
55
39
56
57
98
58
120
59
93
5
60
48
61
16
62
63
86
32
64
59
65
66
83
19
67
16
68
69
110
70
125
71
91
72
88
16
73
72
74
4
75
6
76
40
77
78
113
63
79
80
112
81
83
76
82
83
116
10
84
85
120
81
86
87
90
43
88
88
89
90
101
7
91
21
92
64
93
82
94
28
95
96
116
3
97
98
106
53
99
60
100
63
101
15
102
99
103
104
105
39
105
100
106
91
107
18
108
39
109
27
110
20
111
9
112
1
113
67
114
13
115
108
116
112
117
96
118
96
119
109
120
40
121
100
122
74
123
60
124
20
125
40
126
52
127
0.9898459705224463
0.8789869636069592
0.5065339870222837
0.4228385181041232
0.5398714136700616
0.3185532979103912
0.4489549204364873
0.07896373246675881
0.48598937699623457
0.5208235577381994
0.9895049147903081
0.8566224291358272
0.23767395423664128
0.9362329101223694
0.6317831225636116
0.749879580422072
0.9493955794432511
0.13245132917979185
0.7035524985439064
0.756477902240854
0.019799832594133093
0.7895001239753248
0.48393718785148265
0.8665332481945882
0.23541742929120002
0.20214037298262721
0.24733106809912608
0.2038411121216379
0.7050932451641918
0.8315546094178384
0.3358513739871595
0.38315578917921744
0.614646504951606
0.2813397945326559
0.866497934177868
0.10147212818847284
0.7675633764649453
0.3490519913107999
0.9015244737510257
0.9963939758760109
0.4008030355979887
0.35611405013813
0.8749556654066534
0.5785496681473108
0.6081525149023314
0.146183697369078
0.636997687863388
0.04154932354688179
0.09937772480222606
0.2029854049756592
0.1107598409924816
0.5485635749351878
0.08045210186260143
0.2122021609754997
0.1367916037246999
0.6622075905667658
0.4857043283001279
0.10917462620611884
0.12938659202513514
0.5642300674316219
0.8208036087766857
0.9258283098473381
0.8402028886961245
0.11076307782145722
0.6645278494853876
0.6816831655173945
0.4931107777386169
0.45422034860336613
0.2839333125322846
0.4427350834606608
0.3045610967175648
0.40685559806987526
0.8006155731308057
0.553865061970803
0.4538566908296471
0.11249238138896966
0.07859557007364593
0.4277063145458926
0.7539273243790136
0.677320878725209
0.17967861802295582
0.5115281715026101
0.6420773252780781
0.9806149283016704
0.2664871333949418
0.7608881700763857
0.7465700215409771
0.9406178242720358
0.2974454287727858
0.5165851713423373
0.8708639709649652
0.9931436849406071
0.5231404151280965
0.7896303803635522
0.575457919294626
0.5182602280463504
0.26194147397684453
0.8239390641828344
0.5875788859974823
0.8641430616760741
0.7180780838189601
0.6517098061927334
0.613110539471573
0.46214186343210495
0.8627089152137954
0.745025382080641
0.9285344249300995
0.31483691325450947
0.9833324741568371
0.835094462184022
0.11334273913525295
0.3538473830500064
0.6741877733035605
0.5982060857754786
0.24139535367542875
0.2280520709432865
0.6569336610508321
0.6025422523616273
0.5496900838015741
0.3484149200426496
0.12384421594953399
0.36433695696093915
0.5413472208519211
0.15820730254263204
0.30731736688203726
0.6464716593470737
0.4455803572241974
0.5612098853620929
0.3672398456638942
0.9024717103545716
0.3757533402557065
0.9851034971923514
0.041635344496351534
0.7736559046083049
0.19768631552127336
0.39347554257035366
0.05936587914472824
0.01616566419247012
0.23439938497370205
0.3754389686747638
0.7967733633769721
0.9080210252737676
0.026030675789483704
0.35748493068456844
0.22454717617624997
0.9107083163049079
0.4472895975089781
0.21233813061868123
0.8301594675271171
0.9668227979299914
0.29293486202674324
0.3330484442830405
0.5727015023523109
0.15905041062681502
0.08364543282345027
0.4346961202767958
0.40678989768837615
0.22143240480327198
0.5035778744115437
0.11124034932687266
0.9378066816551467
0.36734531539879844
0.6371177464375605
0.6623592033379925
0.3068876626449393
0.16882691432962316
0.9209457771293087
0.5708217074869274
0.1986655778327695
0.7183341018476743
0.2942773610547945
0.6101835050075662
0.4067661494289052
0.6455498141542647
0.04013501259294794
0.29298729732045026
0.8040642146369277
0.5256436006263289
0.11477806241367094
0.06202146699583522
0.295254447032427
0.8925344972262863
0.9815289157165343
0.4180997787790073
0.0927749392345053
0.22995275670952497
0.44178433350924873
0.7186102264795451
0.4472272837300685
0.9143016705100433
0.9332732738365258
0.025741605629997055
0.3299637691036169
0.7626673830245464
0.6803525627956861
0.4598435543701722
0.023213442338201107
0.3215325767236542
0.1349704822162595
0.8448009967695307
0.8148714756638595
0.820943925175363
0.7993018951986064
0.2888010813363008
0.10881174982099173
0.9365392412480492
0.9084398107877746
0.9256218875186287
0.6537865323706912
0.5734731750114389
0.7479942346184502
0.2295230664828667
0.04031979565435606
0.9949782857662747
0.6772731928134574
0.33518510018640935
0.6316189804090792
0.8339355324387098
0.19670696951272393
0.3845778430434752
0.614156310571328
0.7649475945777944
0.31585062679313247
0.22222843395105463
0.03727105015052001
0.47997738967896963
0.13259340120795315
0.6935331398970025
0.9759580953161857
0.7616067546265508
0.9808869495130113
0.14047521606653457
0.2525667049524468
0.02680325140902795
0.112877643268401
0.7047208776121933
0.9139104189228447
0.9549335568958762
0.3116081088292234
0.7182111626342115
0.35792360766877385
0.6601509660188759
0.00570832371428287
0.41173437622058184
0.42528289951244713
0.6543152600143652
0.5357966387480888
0.2868638458096183
0.840411859081685
0.24587281055600518
0.8362335802772635
0.38422629422090604
0.9416370492988262
0.4811487688735562
0.260047837164759
0.19142649039258297
0.4128139856525769
0.24352247167070729
0.5880413798778183
0.8335331673435317
0.712139503304235
0.41272567708150665
0.6926547001205956
0.061709229294056755
0.842081376390113
0.5051131252878661
0.9115471254144006
0.749806923153006
0.8706097252760514
0.8609958764915314
0.4240271196321942
0.6767318544464448
0.5672474443973904
0.7843716279000672
0.31508414885216685
0.24514797894622575
0.3135305005496837
0.3211254898318927
0.7703147394519457
0.9943253926290008
0.5028490710887601
0.4567474310098293
0.795344228329086
0.1817800141249003
0.23685233356464208
0.6859239608800313
0.42090691458662455
0.25061564225902644
0.9792846009268819
0.10335091760461645
0.4413208583679574
0.9314858119798809
0.7088778028658539
0.2255732457812747
0.6912988771657574
0.8146474736821422
0.7127679043125714
0.7431009116867687
0.109144221127504
0.07682564827612348
0.40565151251907927
0.666994304877062
0.8107677432042151
0.1334114920253715
0.6603589216334798
0.0008246782987758605
0.6648175657851806
0.462986649446708
0.0504006965049949
0.7480161902786993
0.2026958377426885
0.007481098324989555
0.7852317948372851
0.9953364152704713
0.7972648556561862
0.7697899688181182
0.8051339264039993
0.9556994307555754
0.2929730137093337
0.6972622201138623
0.18408450980881075
0.7935570545085565
0.04924605984935426
0.3407324420739316
0.709988908655928
0.8528250119265977
0.3068507101769806
0.9731905993425256
0.23234825792665526
0.08095629287385708
0.895401005837218
0.06447171024081488
0.019879106268575475
0.7510097770935847
0.8878680853361971
0.6148733306195329
0.8472621884996753
0.08948607674243836
0.8306270879728157
0.4639342325991227
0.05836955242963193
0.1813184546394926
0.6767504327706525
0.4566776321783217
0.860775168164725
0.13635260624955847
0.3403966462560918
0.2169246305638507
0.9013996536654036
0.41992729084542835
0.24109889347312252
0.37756824212120244
0.6212034683215654
0.21039338543955888
0.7903273269556027
0.2511152942485234
0.295250586728637
0.9763090095391416
0.7039464938481039
0.5872247865842731
0.9401310065091135
0.6071740704154797
0.938093315648036
0.2190553052028703
0.5628612150707135
0.5182281235002733
0.2416056095349305
0.570928871475052
0.3476693060698258
0.3235273918975403
0.9854552673485049
0.6152853334975349
0.21087282447652966
0.32639474190562767
0.30225037660024046
0.6286918076284918
0.4628167678405085
0.8945896947824216
0.7253417970188831
0.6359942146491646
0.6906510831191971
0.9666158061818644
0.9097038242860146
0.9176892530897199
0.9596737817408376
0.3125849678804955
0.2284929760920289
0.1105791365470653
0.1202914751033538
0.09293159923155392
0.22657953950706244
0.9300351599552813
0.9072365872220131
0.2420369506259087
0.07164071957384865
0.4351020025913733
0.9853748760692438
0.8325963979629094
0.05713703824111194
0.7932613743360993
0.49207420649364897
0.9474626609791711
0.8694631017993067
0.5347473931792803
0.3534734675273504
0.4493120897728987
0.6713581937676886
0.7972151347878067
0.7876980010191991
0.33591631788382326
0.09778349641688733
0.09038789913508449
0.14980455969201212
0.8309613085367945
0.5255201009649234
0.20530740219391397
0.7228959329130474
0.898245935594044
0.7872015739995392
0.8561393038734982
0.35267628824457686
0.8106183202776747
0.0033231772672267512
0.8654565070115521
0.5903768510742937
0.5407120400058562
0.47490058683594694
0.26477111195947156
0.22671384736124844
0.02007012173106304
0.8856923514637431
0.0020456600163497596
0.29097754398042586
0.9764476300175694
0.5146231483752686
0.21088641748961157
0.7579507731745112
0.22131094822013575
0.9632768340834942
0.2965943813112224
0.455501365449127
0.15591913197090068
0.69277887937777
0.06946881013438888
0.4623629899925279
0.05417516875714079
0.706776484653358
0.2915411522075698
0.30255592758993655
0.5668215751657976
0.7525766353599728
0.15036819101025922
0.7231328678187885
0.06201485498462822
0.18835264516076378
0.07864731863962704
0.6916992772594125
0.794361686976732
0.3437851968442469
0.40859181935288535
0.17923435334333304
0.8140071144585143
0.4065181318915503
0.7326053377701978
0.7928770342902121
0.8594308171332182
0.23676863091635247
0.37045057334488596
0.5752683901996523
0.8387687163919088
0.8007909576642057
0.029231742946447148
0.22299470384552333
0.6923536548777417
0.6115409197580178
0.04900020949443218
0.3671082828767436
0.3318091456335558
0.6881097845988118
0.37909073931021475
0.11405100127483447
0.14793661297732652
0.1890455675653696
0.9759171909171326
0.751802469125374
0.21363459880819913
0.08967823620592452
0.7597206149925244
0.20640920542790264
0.38284511855385017
0.9397726303695009
0.19175559292889988
0.6045100774938498
0.057175578676734506
0.2861884113880385
0.4641759862839858
0.6850608753540609
0.422726213983862
0.6447227785366871
0.23339914835588782
0.3507795282474051
0.3251259290367763
0.40475774007342225
0.027737678318684122
0.8694251287482546
0.9114371855891193
0.112151022285775
0.25502090346841977
0.9952687662695491
0.37097083040343426
0.9046973120778776
0.07328432913606986
0.4402735695253954
0.523515676992547
0.6039034812833225
0.5715512306570212
0.5771968993310912
0.52522565880332
0.24516458916557016
0.9758991317040427
0.08285142993872074
0.025976744116664396
0.9606941900918032
0.5979163667021833
0.2855130546065012
0.9632747998908715
0.4781705945823531
0.992129641123312
0.3514210621645796
0.5349094626921542
0.8887371761299968
0.2688972385360022
0.12804329504172596
0.10220236943764482
0.24229467233159352
0.7176309351479988
0.4564886377890198
0.3551060791979538
0.8123924877038469
0.9476176199148649
0.7529563967305397
0.5179416564757526
0.5946199412810803
0.5473805684167068
0.1412105070031061
0.7591049995566619
0.469464473436752
0.4853317414692635
0.305301819025678
0.5250965158920238
0.43868953376305553
0.5322359410346847
0.6728899975851514
0.7221969416501982
0.2264798804053666
0.5283231866565575
0.5653759954565686
0.173094650607862
0.3928206905363575
0.32100027756722116
0.901464016652476
0.15337595130249815
0.6248343394001213
0.5299154098367096
0.7502651537644924
0.27788690584731723
0.7363412364141558
0.5017767772961423
0.13206213290577518
0.15933551186388606
0.8883929746076239
0.03852981032166369
0.7150494509310564
0.5639213805081675
0.0904588597184659
0.1201786136703541
0.21667914439186797
0.20968092953301476
0.5825822626710626
0.45442214489958077
0.8209603805195769
0.0886943181001375
0.5476553152860031
0.9515818691772507
0.3930983590978776
0.029068386549181535
0.028091153854103657
0.0030131171944250967
0.9309328072757784
0.5636784766031031
0.6283038576920399
0.3879275052712925
0.7796699193767651
0.37612901294383294
0.6057760879204177
0.26617483557267474
0.48757489555809697
0.6064349731553398
0.5077410336740633
0.698227930299788
0.998504599947717
0.9031527493558296
0.5695662626127997
0.9376778590493532
0.6445281548444688
0.4462327918883605
0.6764498849008462
0.8674305260965639
0.1747773981666304
0.5779363677054928
0.8605412141643524
0.12326063431509404
0.584074600958228
0.35580068972544665
0.8630851863267376
0.8498958977643457
0.8842107937302536
0.5254861294478931
0.45722506813679276
0.30428745255008194
0.8046729489119803
0.44948772518434355
0.78499243179924
0.25433872768718313
0.7264918554187972
0.9880625420046563
0.11965683846465791
0.941911777901376
0.5574477760867174
0.1285347528027666
0.4195663146356351
0.045802065640813905
0.6494069261845473
0.02447584828390381
0.14981214255922892
0.8802528908245799
0.25462151310061043
0.21073993537434177
0.1313590600908091
0.14897262028441938
0.7416340309775009
0.8362710987878175
0.1564535696360495
0.3501990458677283
0.5498499936370149
0.7383858102620324
0.03105839337019123
0.426539280912001
0.225568167167583
0.2660584358031072
0.004466160984023637
0.527643279487424
0.71396625667718
0.4220491276854105
0.8935034534807313
0.2769857853633104
0.9123516519201249
0.12570296549947535
0.24358529598754497
0.4490839751667841
0.36814195183686615
0.8122063838615262
0.48236409870783925
0.4613765281912656
0.8942304939170919
0.3013762282257172
0.6623973282760397
0.5605033927028702
0.15230664987879716
0.595015860646933
0.6420453120062674
0.3505150569500609
0.6085760875472961
0.0018411231930089977
0.27251712502083836
0.39355425588587867
0.12775980338603998
0.5746523208145583
0.321985305066691
0.1765673517034957
0.7854441203788323
0.08662377869392579
0.3259572134933776
0.047682872953869304
0.48182049025640106
0.2948868935656268
0.7231695731876568
0.781207636491962
0.5208846807555704
0.8333222466091668
0.12705462572122483
0.3657150514233337
0.2188284545058613
0.1812979667958894
0.5460519724652813
0.8671059342968509
0.6704679361114236
0.7659095654147888
0.6803075841957796
0.4934546827911195
0.4983699675595272
0.85536662655905
0.01576269562368149
0.7631217963951037
0.014244062682242431
0.03216713275116223
0.42179456523596115
0.8617659673308082
0.9136665636849531
0.21226352109263458
0.971305982070153
0.5000303603195564
0.3450271782972497
0.20994587448387847
0.5766748908150925
0.9221528992629074
0.9932245887702725
0.6242767914043234
0.18870485677044424
0.4291095538549272
0.7043980123642675
0.7000802834300627
0.6716102831021882
0.99713724363902
0.7040944396532579
0.9075766321253684
0.0005690675186155181
0.03598878142455786
0.763842328372973
0.4880919817778726
0.705635961723206
0.17151547948881263
0.8036278015825292
0.9959501072997067
0.744668966415507
0.4296492925021197
0.9022045683528571
0.4811097645015414
0.9835035459769266
0.41841298986859154
0.5654724207193698
0.5191255202242733
0.9046539369917435
0.3590761410810137
0.1356783551656503
0.7244088566894641
0.47376331043262043
0.7241674378831462
0.21303151881613902
0.5008357092960519
0.6618834052039292
0.06234489407037669
0.9548526230852726
0.954697794491721
0.7651675665659299
0.33683041739715647
0.6519435113429983
0.6086955715273198
0.5948811682545596
0.15627776075965294
0.15092745694786802
0.7843103598353888
0.6684898470675418
0.2172828934948432
0.8971621042354441
0.15081039268799679
0.3208729560621634
0.5515988767665962
0.9298310233470148
0.9872878618562992
0.5099098576953572
0.22694176294015767
0.3337420402070326
0.14425517486895678
0.7926833197801771
0.5796751951365555
0.11904521810995294
0.6179002633860337
0.7389319648889996
0.16853492197757836
0.11338733582088789
0.6483129098201765
0.2854968871428176
0.4122679468726026
0.17413791279216184
0.009061836064188533
0.24859628225312524
0.28400992036410744
0.5477786522399591
0.07456198526015312
0.29261558579178826
0.6440309093121255
0.15187007542087838
0.6317500850202962
0.3584036342086556
0.6611368139020085
0.7907917656719143
0.4342919524589015
0.01776348802678296
0.2220297263809965
0.7027213910178942
0.5557206176861894
0.8049693745525122
0.5260440288677078
0.4655357808179087
0.5270324723804585
0.366761336618057
0.24200568827763147
0.6402123807055846
0.6168785411081275
0.6375977268832325
0.9439636524556653
0.7475405426572891
0.7187718648309334
0.21840589151000478
0.553946309032264
0.9178948557740977
0.5862287721829663
0.0010692408238159867
0.5241309941208708
0.028279998521643646
0.35173039079738755
0.0818397159305283
0.9555549274824197
0.17510722923862754
0.3870081471350264
0.5031135198139742
0.23472050873315953
0.1594387475535416
0.9971184867619066
0.6810391642289114
0.8991332147299635
0.17890031175752008
0.9101920439800771
0.6402985484518432
0.9563735099589793
0.023662263970898767
0.07772444028573977
0.09303023989906012
0.4525362253508618
0.11045978156005731
0.24097502843358587
0.906474405563762
0.9735962848712804
0.36436938140454234
0.9497999315942867
0.39334895919389135
0.9671067936719807
0.02887914540694958
0.5260092619477218
0.5401031135344805
0.3009669446607848
0.6158696097036502
0.45214171296922745
0.6078208604230486
0.8932306382576914
0.4987057983393762
0.03969143878447501
0.3367371056451499
0.964644118878723
0.07237488114672597
0.41792033541189333
0.13315463871305855
0.6932053419186859
0.7918394738066463
0.21025693522654598
0.19971786778426726
0.3641143428862085
0.7021139269329603
0.6008833981153815
0.6156598721280426
0.9024312499065529
0.46621619304056106
0.13012957330745978
0.5643295569624449
0.7866942207968216
0.3852254318739793
0.31702739094079146
0.30637559150437077
0.5807462733678203
0.8097212798081855
0.5066445270845015
0.5715847564992202
0.5819302728676483
0.7378268748313275
0.04948095739274039
0.8062000534735647
0.3752766288164622
0.15553278285922145
0.31936331611507374
0.9104885654007843
0.25108234313575906
0.13288792681111605
0.5275765741544213
0.48292401091128256
0.4704990326009193
0.4829551311277186
0.16684693460282873
0.16072785503929266
0.906680008501831
0.7952294457210168
0.44460964439834283
0.19763488667684248
0.31578300824242556
0.8689830055103323
0.25380947172343005
0.2020302316734941
0.7371448613803041
0.07819092154280649
0.7389965360896001
0.22874108361806378
0.606375414419963
0.9043883152445712
0.4430647532495945
0.1700904681968669
0.9782179693496804
0.2098585764132338
0.4307834217081966
0.8638040692036543
0.5644903836270264
0.16345380558596
0.7239129887336518
0.6219127620186428
0.5464732093064452
0.736313124414439
0.17822464343294409
0.5768123282262407
0.9147672616076912
0.8564014685158571
0.5706377701734247
0.3787222461811659
0.7618199898950192
0.5897385326522596
0.8108253067520275
0.5141762077073736
0.7669400211462372
0.7646487404455778
0.15432393982952486
0.7331060430228089
0.8077162149387637
0.4316724950836047
0.9035403162863034
0.21196890856195383
0.5063886999450983
0.6315077385943313
0.5969814386614161
0.14457239928171428
0.35561099493337234
0.8401425256891326
0.020050598352948312
0.7034275396338536
0.8617244353596745
0.6692516868170569
0.17757715989395573
0.3420867923520743
0.3831076480325949
0.8600599457959947
0.22312341899399202
0.44957846353529685
0.9213476839359955
0.2862163225493788
0.10735291971197203
0.709129840792596
0.8961240817729373
0.8078861251790392
0.7703787497679468
0.9943849067687986
0.25322181550693124
0.8786367575258222
0.3399089502719551
0.7366580890310039
0.8331727153141464
0.7027316365774859
0.9559208221833704
0.48896137574325704
0.25211377252899325
0.7826615686295565
0.8178899942530214
0.8355911699866507
0.4763277834668923
0.4469624112740376
0.6728719226339342
0.7805282312915952
0.8780458162151902
0.6635811936498635
0.3998462771946819
0.02756149485313808
0.7918099369712621
0.44792057965119614
0.8636012546456967
0.9846239601289452
0.6765369263140628
0.5986595850699531
0.9059616825982921
0.6509410389251198
0.12740040932764551
0.7733684131521011
0.014953520599741754
0.8065930218314392
0.04257325660628397
0.08086416959394105
0.08750120484786028
0.5283766785205191
0.4799563427938688
0.2460952641018741
0.5329787622765976
0.6657935019847988
0.613792284042673
0.33448232701522673
0.2946254235665702
0.6047084465530541
0.3389411705439742
0.8159889166107044
0.8328292847373331
0.32334754931458265
0.5193109648849994
0.37082499884158715
0.4624260828269805
0.19270635237371747
0.6331720561981663
0.5863298341242885
0.16488161189724926
0.5364324349019236
0.9114108685711573
0.14208945168421816
0.39918600653054603
0.9038600403704545
0.9828747755631936
0.37745376124935937
0.8865597814821926
0.49251212943465006
0.8174571756913387
0.1878693499438263
0.043830070492097084
0.5089345925686656
0.6316898451025772
0.456408757757093
0.9697923356453713
0.4559871652744769
0.2959459242298298
0.2268898048380501
0.9966371781337228
0.5278030229540429
0.8457518783520506
0.5303072987117764
0.07916931812785821
0.8104712211009366
0.11536118674527351
0.5225485044580814
0.36006197067148105
0.5181276123275236
0.9861938982420132
0.3312350564103911
0.7374206182068973
0.9118647737486484
0.48161617504343157
0.4409351552070938
0.29594072907837443
0.7965859083587509
0.45040497126778267
0.10816512346911011
0.7385463599185808
0.10185928111973441
0.1827642139450063
0.8611033140090406
0.5354949389718048
0.20630148730880382
0.9617063273865775
0.2729026316950781
0.1723012648927491
0.0031049359065644655
0.8777926957912054
0.5332804630632408
0.20193808698452265
0.7389692485009991
0.8467345597989443
0.07028765810565663
0.019491767865024823
0.9744658629437309
0.571119563150744
0.18382032152669092
0.999667291165945
0.413199516700846
0.5172681436013168
0.31873738105199567
0.215788423800501
0.8470250461937899
0.2965937587644806
0.3351852943246101
0.018661900067922566
0.4435790567279252
0.9159978991830349
0.24129084398500333
0.3309471576261931
0.2727960890458604
0.9413135021760471
0.906826083212702
0.8813073789825018
0.8578235730077494
0.5552600465375895
0.6131108302528603
0.00012516342513824164
0.9039091142683797
0.23313788603448282
0.3498322899365961
0.6630669311774585
0.6264740039980857
0.8299717327365955
0.5847585975350197
0.023478697627750678
0.0061390571206210165
0.42532645678268466
0.9150273577790267
0.5579738724881756
0.964070281539553
0.44440100284564754
0.4895816936843147
0.4684561546214461
0.24762151816729727
0.6077670703949231
0.7289935939711671
0.932946190799016
0.4207549848498011
0.03185791464558607
0.48757757827846426
0.5438634309852817
0.863826864138062
0.12931856937470343
0.7094831495463921
0.3981720493271871
0.1483766890803423
0.0044959536218852625
0.5255921960319108
0.8403995010323007
0.8104047266362698
0.731291255362955
0.8038857430678837
0.22404246443422804
0.12209233172319833
0.36747258748391454
0.3499273639644531
0.23977460887683433
0.68115335865956
0.10035689813796145
0.9933491393370552
0.5456830395787489
0.7249014074013811
0.43128155177247895
0.8876183064623038
0.23915579579311363
0.18177540973159023
0.5893621217966108
