128 1 3
0
18
1
103
2
31
3
42
4
6
5
26
6
88
7
103
8
88
9
86
10
47
11
20
12
116
13
42
14
88
15
105
4
16
17
96
18
49
19
54
20
62
16
21
22
63
23
114
11
24
25
111
26
111
27
29
14
28
29
35
30
75
31
97
32
75
33
44
34
64
35
103
29
36
20
37
8
38
39
48
0
40
41
70
42
99
43
44
18
44
42
45
46
97
47
76
41
48
49
54
50
105
15
51
52
109
7
53
35
54
40
55
25
56
54
57
58
66
4
59
35
60
61
89
62
75
63
110
51
64
64
65
59
66
34
67
25
68
36
69
24
70
64
71
30
72
5
73
55
74
68
75
76
126
50
77
54
78
15
79
80
108
81
82
61
82
61
83
84
121
85
127
51
86
61
87
24
88
89
113
12
90
45
91
22
92
7
93
79
94
76
95
30
96
97
106
4
98
99
110
3
100
97
101
102
120
10
103
55
104
102
105
39
106
72
107
62
108
81
109
43
110
45
111
112
117
81
113
89
114
114
115
87
116
60
117
69
118
28
119
35
120
121
123
66
122
109
123
47
124
41
125
104
126
50
127
0.6375033987979741
0.0945204740113822
0.7644085918442486
0.4157583138626021
0.23463682135610386
0.028776939873502827
0.2851197951423854
0.9020587235505168
0.7199781276653388
0.6608896037015616
0.5847844514520448
0.9335602716246151
0.4438854898067154
0.07802088300786425
0.39640809202738514
0.38247487726506646
0.5194941589027087
0.5107734272071013
0.8778412390956796
0.1357849245971714
0.9385262053363785
0.5191970734231928
0.40559090438500345
0.8418489759934841
0.0715601679742095
0.6517156952341637
0.681770105654977
0.9619890761573882
0.6058954151400618
0.9121175404220409
0.3747030245298467
0.13727016061668518
0.4602682306059891
0.7237930246784502
0.27821900086211127
0.12259868126960272
0.8827966110873343
0.9116009511484087
0.060550972370985945
0.21572441614893823
0.9255204100309654
0.8023585434386966
0.25565694890309343
0.8480750018509446
0.6720081806211698
0.5554125102207847
0.4193634777668941
0.14522844293162562
0.32973006249754333
0.2792382383028086
0.34794685264736747
0.7606152602733349
0.842204786100509
0.23128534350389007
0.8276659118479679
0.8150990827270921
0.07499967666679741
0.2143791610301421
0.7056795626154089
0.7344555160526961
0.5543602174115791
0.6344293778488664
0.8030096587539807
0.4328074188215336
0.7413083024011692
0.5096444895335166
0.05495769043547827
0.055656726551751134
0.2697227487449241
0.03798627753826578
0.03600472884203543
0.06610517440960395
0.47259826457523346
0.6682300602513546
0.03702382708520191
0.6252242403540954
0.36611671041207416
0.4172530216624888
0.2692828803464459
0.28723501989807787
0.8085764622931295
0.4931378152760537
0.23923210402245332
0.5188315455902467
0.03962002310487356
0.7647078954397365
0.5424772194354454
0.5632615149272281
0.2629558982773892
0.12104023579733925
0.6335989930685982
0.08092342208268055
0.11042880277412759
0.5485340652971814
0.8456405911307177
0.825075178050483
0.19231014039587446
0.0439244930328776
0.15675153077663495
0.7507646792270646
0.8403080915038551
0.629926182713586
0.8062471906836716
0.8660247233220054
0.3655682521475151
0.6087586010679369
0.9549313412093056
0.3463258187702898
0.7325402442934582
0.89030341318055
0.1797691993749415
0.28092403506413843
0.4283879233964576
0.850484253021887
0.9621928233589475
0.043486946573971785
0.058106745664914916
0.8785602679510938
0.1829686521268583
0.6178971458378472
0.9905444225931923
0.3680526505839755
0.3788020215229604
0.2511607706501533
0.16226578039340744
0.49267424155372297
0.9237408462427024
0.8578710780054585
0.669759477671742
0.7739350083078553
0.03293248622648437
0.019199498088334543
0.2366451759426853
0.5416188713935026
0.061213865180862026
0.1153638161050381
0.6393727990540041
0.7739406245103502
0.3423243321377799
0.5274652958285292
0.9918808998529801
0.8139546794155958
0.5350493987787209
0.9830482706559437
0.7464861515407315
0.100155611614543
0.2907010455261061
0.6702024666864064
0.8004800235885348
0.26772309060955435
0.2866886177895447
0.74007744945372
0.21169897199144183
0.41893099806364853
0.4137501183828186
0.850046620040169
0.4579836321608648
0.44991585389160127
0.4310853164550251
0.8637067876012483
0.9429386075053933
0.5619065501919754
0.9781789990807775
0.10686894110593903
0.283344666257615
0.6907998012673481
0.9766133002079552
0.735743260360813
0.8710160224917912
0.021700788415952355
0.5903696572089862
0.1836957804821825
0.4021962971194586
0.07737482802349116
0.1288708910242623
0.6766802091026237
0.12909741829610943
0.3358191629869258
0.29351974907941003
0.9130255647190367
0.23367560156743472
0.25572041235767806
0.3801438646566522
0.2452739051851387
0.6219684267361454
0.42619109488651286
0.810630805891731
0.7771294223005455
0.7192039723612259
0.02800069183464926
0.36611710150752186
0.8412581049822733
0.7837452586081143
0.9117935085536139
0.9582322025011487
0.6918129300559575
0.88746298598918
0.976602591491202
0.42212359912294994
0.8009504328392149
0.8315426922762074
0.12360625723683727
0.37329874051956435
0.43569717926216556
0.38063503872406834
0.10191114402685253
0.7075801188291889
0.594080588427753
0.9804912084628911
0.581139205330512
0.09586091328957558
0.48321742741480933
0.7916608649433748
0.16991689537205557
0.6946232939873912
0.4560586733920795
0.26332529326984777
0.9227899403904745
0.5610676198802717
0.5497250764077192
0.7818137385505978
0.7092446569894421
0.2964794336897314
0.4028850207831296
0.8379560700612523
0.6058709605687829
0.17840525202299107
0.09103541702860507
0.22441938407843376
0.24119656609099926
0.8161111664776126
0.9997545027570677
0.8505833671089792
0.595196999473135
0.6637926484218625
0.24848876830942956
0.655492765762128
0.9180332674155958
0.5868030697112029
0.5714835206001249
0.4222228443618946
0.17283089859040401
0.9573647038661788
0.03630644808569328
0.9496226521814596
0.8683105858659678
0.26181662353426605
0.852167268260176
0.06697824663440632
0.7295961625836725
0.4832350649169104
0.8339270087501397
0.3468452977292703
0.2736725972492233
0.7219195590148137
0.8753567926860368
0.8894023816850583
0.1429277304789507
0.29324957203269275
0.5709259578555994
0.20528084191261642
0.4002074523183474
0.18408320461475525
0.762516107144684
0.32701980731195035
0.22939981377989171
0.01402727375611379
0.04189924732252748
0.6443799821884003
0.7765019636775001
0.8819585484986067
0.6845861417974167
0.5098645834445557
0.890735485719503
0.23440215147724408
0.548415387241028
0.782613275027716
0.5851580135218414
0.4028509862098427
0.5494952237968456
0.0539493541178222
0.7766940665333
0.9628917794385236
0.10014994291800428
0.8068768863437651
0.8166774410186742
0.961535761312014
0.022589434887689386
0.5930247097120298
0.7444073115949642
0.8417131655982587
0.5680609580618939
0.3205493331304785
0.4238770708998887
0.5514244733801492
0.6491176833593187
0.7106611677490335
0.5815297200178675
0.6987525787027608
0.1377977628771695
0.9141551135843388
0.4519360996102423
0.5314477898430343
0.36264536219468146
0.6334717712612127
0.47643095019551174
0.27719831909202997
0.7553003856854766
0.9523680403990361
0.8271170477967784
0.7159603876956461
0.10458312464362585
0.12087205352659802
0.5785378777906067
0.23995423325099752
0.6900175153831533
0.607985527676046
0.09741134789493999
0.08780771554852806
0.03523823931300474
0.4035007766538169
0.4232906015642963
0.5056978567037312
0.6720948675050307
0.8691316176350866
0.9644007681311183
0.2517444270354262
0.9677602908721443
0.8008419468959342
0.8097335616028639
0.4680662869452952
0.887780592385348
0.45996494835619073
0.6049348430361932
0.4677680031528456
0.9026334352070556
0.20986320489114063
0.4894870944783676
0.0028030499471751735
0.5784767555079092
0.4005810734686871
0.09377036494527102
0.6886924508072069
0.5862436478631972
0.7456145059971486
0.8988037542282046
0.6866008717498652
0.684939372215646
0.9662958086641746
0.4210008555855925
0.459791129485019
0.8907951312683219
0.20114911037357197
0.14577469447194502
0.08230320935409241
0.5080131171618962
0.8952907626976201
0.7625130589797388
0.2779357508185518
0.748234213706144
0.03981207657608521
0.054267163653939576
0.7499795239864777
0.38752207359698576
0.2131865061316235
0.030741622151037706
0.5951759823330401
0.7519826827888756
0.05551265473409439
0.06260083326573873
0.6542049717219455
0.8650942010554215
0.6175959224544946
0.6002062926227149
0.17932373000614743
0.018801033511822718
0.5318599048686339
0.5167455468443183
0.40662505373014113
0.7257688393179853
0.30902266098567643
0.2403884968706833
0.2001939564330324
0.1728052650541262
0.2838095428347832
0.5639387514667704
0.26571602751472423
0.33308684974705505
0.22934364072682645
0.007444796572906642
0.5408033433491565
0.7188084178304167
0.5417405298824144
0.8028561548487998
0.7093409827197865
0.5869545126360626
0.5970543947916107
0.1931238154909184
0.5070808882750661
0.20774216744658058
0.45751324422795936
0.34953525038792976
0.4671834993608982
0.46093175181182033
0.2435829288266559
0.3346386362848618
0.5692329224934486
0.2337989896573487
0.8880639950302129
0.19942613543266008
0.30137876682882503
0.14538392340011508
0.9707764967352189
0.3957767693014135
0.17832783076801584
0.9654655626949139
0.39477014050404935
0.8928392730905619
0.9827800537585518
0.2688628418496104
0.18947836474021418
0.9875449850314699
0.37769702072281497
0.5160888297135667
0.9516675158293676
0.4385083576925657
0.8406042269715636
0.8499819580563217
0.4976681367260697
0.2649386684545846
0.7829919254432849
0.48228538663306675
0.1788918464286562
0.6021557554925164
0.3601258178867405
0.19409174769809256
0.01633044884886603
0.3864773725586429
0.7786781462254915
0.14498954925389185
0.0876910399203712
0.341758788993629
0.034954927510759126
0.7589669155797562
0.25486845394402435
0.8249695393697394
0.1683175112659313
0.7947946174727939
0.7245638709647524
0.7782504067696184
0.14588017496854144
0.5584745830004965
0.3318553353347561
0.4902771498471621
0.9446236984456743
0.7986861709470581
0.2677681106799622
0.707375258154201
0.08720114793804923
0.025630803448558948
0.18702355614772992
0.8178313356191818
0.8911611616338749
0.10485600199242084
0.9322408385476137
0.9605412052128216
0.7464297683467771
0.18238132950265074
0.8756821246763558
0.9699630182305097
0.5800065978493766
0.7485496554956346
0.5856257831001028
0.07714465516112057
0.9615961654272316
0.30991635147805974
0.9406213055388069
0.21220695718235716
0.030998662915121544
0.7493446563086662
0.911936358063989
0.07544431751244085
0.2559548775559314
0.3847722704223321
0.5902416754085608
0.051406266998813455
0.9112057431084833
0.5166459401643986
0.6540084112590738
0.2731914251032025
0.7406725106325848
0.5432184388775326
0.7314246189121444
0.26121996915521983
0.9804154220618049
0.22959937555052057
0.06805187874156482
0.7068248220366513
0.2024610438122888
0.12179757277935743
0.3570826249901685
0.450794000090289
0.5269691904961309
0.584815424861272
0.5425095370217154
0.8171004451209685
0.9589772904296923
0.4810100293751439
0.6712422956371235
0.3399104847766452
0.13858096519613938
0.41165742343387446
0.4414689159245919
0.16848383551429047
0.7182097505604254
0.27712820888428824
0.3862953821869063
0.938231222946254
0.6437607112249992
0.4812722929426263
0.48932191821678706
0.5100472969359443
0.4348072179273931
0.7753157325389882
0.4729979047484658
0.4720390832349979
0.5159626712107944
0.48468534483624415
0.5445771549584573
0.006836928738904735
0.9845378031312755
0.47806341003595965
0.1127646713047491
0.11098400638455674
0.1799015204998411
0.5712611124687158
0.9641857534410847
0.08267682024842382
0.3305197857284665
0.5808851487047548
0.25727116559105734
0.827568223769018
0.45621650971514593
0.7128603397585002
0.7607185986276327
0.3973317547686471
0.6403793224396531
0.6583186630650822
0.46188266584379256
0.2966435956337349
0.9020532910656892
0.19621964724558438
0.5287599947955158
0.7663600089384903
0.7253393248857748
0.088753722061928
0.5102732867757607
0.49017396357833
0.2951123161689697
0.20972397010300936
0.08553833558656554
0.6030510771297444
0.09615043152454616
0.959859433311272
0.7443149100616216
0.5942680049512998
0.7036549595538935
0.8795856523546088
0.7745195611436003
0.9310400331041929
0.12541668821431362
0.11092977235076718
0.18145705818024438
0.23918155205853253
0.23420048175178076
0.9159617231067693
0.479619719082485
0.21166836858533034
0.7492989228577329
0.21470290718366913
0.7840894087087645
0.29137676088428666
0.736024631742182
0.47572762363474563
0.8874113415970066
0.10607299374699752
0.25255091597218904
0.04537922226758295
0.7944272076451829
0.13917637914944725
0.28770707000978324
0.4270441427964863
0.756081143169504
0.6846072987395795
0.061665049690131646
0.4105194252844221
0.18493309622525755
0.43890159085088176
0.9745748596739857
0.6314545999264873
0.035687865191305734
0.8473598122305503
0.28387642097880816
0.6620679911940575
0.9982957334459662
0.4112490848705921
0.9970392010137549
0.2462298267069154
0.3587469055718474
0.33979237403167695
0.9232014856982538
0.7286025843025653
0.49473603921669973
0.2366728306762187
0.4528597053262825
0.6673294385314531
0.34753901752241334
0.38128246320129755
0.5725155785720573
0.7739535320456824
0.8149992032350969
0.15596120543731395
0.20178441211112141
0.9714988186680522
0.20118822103616318
0.10381563810511729
0.024488532927680273
0.7568845854971951
0.5944501259831563
0.4822561009086008
0.9514694188630403
0.06268993519011234
0.4078408075931065
0.4858836439395712
0.675754413737169
0.6073764222577807
0.010484532714368444
0.34955771514157274
0.26472846545808815
0.8167711707068628
0.030796291595249103
0.043014227699326946
0.6780214059075796
0.5585757508369614
0.3905793279672374
0.24363126416991343
0.12841609593835757
0.39167961351045555
0.02384245809696417
0.3369478847388091
0.2168474448551675
0.03722676388691171
0.7015924574096216
0.3960795972657185
0.272242064942097
0.0614973519255253
0.3176114244627891
0.372331706183578
0.9283993111143787
0.4344657260311541
0.6686551690417878
0.5029869145667617
0.6581822263373428
0.2165260521182948
0.6782611650456924
0.1681244172281986
0.3668829345952983
0.14794005950058708
0.21965740231096698
0.4028197768644989
0.5363486359925792
0.8973603322067637
0.9434513382566404
0.015880437246060475
0.6564416653987619
0.3193034516396087
0.11504506478457366
0.5579676851246487
0.807873612539885
0.5767292234272562
0.7594810368921725
0.6803508911403369
0.5867387933340937
0.5523325237762354
0.38211140288153844
0.4912693589227727
0.4216929969355515
0.8535982555887275
0.6803535012652532
0.867323746725261
0.2878088515788255
0.010046350671873094
0.6991493228543623
0.13592854745992544
0.14040565730630306
0.8884576411497254
0.008656253430057825
0.5838771956748738
0.8587101621178898
0.052844104069506015
0.05496703012458248
0.34794733484090457
0.5259201359241086
0.33747076964031775
0.10055653369816797
0.530956134676256
0.850399778303172
0.565705481698288
0.824873133339262
0.29032751560609904
0.03109509195862903
0.08929074989581376
0.867834743478426
0.1251353912730867
0.29645260160005793
0.15574009420155366
0.21590867102860944
0.013885323176498598
0.04765239551354972
0.20090167850385665
0.28653976814479365
0.18205444591867248
0.5040454651584095
0.3846028460820562
0.4600976716273043
0.5529504524205398
0.23463452116621442
0.9372123822177683
0.8026952574492676
0.8786895346639716
0.32467164297746964
0.21186230037587817
0.5436383064571221
0.2593154045157501
0.7035898514660299
0.4345693171471614
0.7478580587776246
0.23815493957738754
0.499559057560768
0.018645964697329598
0.8669488231167529
0.7542938611700879
0.892135164338116
0.5655633476374482
0.7084456971326607
0.7327819543327838
0.1359590091236239
0.7339213020112487
0.6470545325821035
0.13255104477183632
0.1523273527734038
0.00891875184837243
0.7127500057705412
0.9586057293392727
0.8389006625020552
0.6713589823934697
0.267898323298308
0.730396109739511
0.8628818207132367
0.7410813303782295
0.7341200670200447
0.37173362725210035
0.4202096111625795
0.706918528335155
0.27374376649619614
0.9640624799995084
0.33099881312517454
0.13749433068145878
0.25735839635610214
0.8784390736895401
0.9160709933454347
0.011567930666527837
0.6967773827189774
0.4749244860179459
0.6997696684575685
0.3576858846661748
0.23290381198953858
0.48164812050277916
0.7296251388700118
0.859145350725111
0.7600890194806665
0.8803250539726534
0.777909789735965
0.4165033787836929
0.7786007210413246
0.15593114236443384
0.3946659186397602
0.33502322442240395
0.22741184009060877
0.8754858923634028
0.23748977293782958
0.7264278343175606
0.5411741235891652
0.25066008833639175
0.10990083768636394
0.8601224360023788
0.903020949334479
0.915612171629809
0.18002414026185098
0.3799899767100663
0.40873786678560853
0.14554007169327
0.2813096615443996
0.4150457875570407
0.25671753137084075
0.7486116152332488
0.03910499055863492
0.4409381509967406
0.9631118325346597
0.9412242066893153
0.5923661379541895
0.006577312355312448
0.6084134953583124
0.98406176469063
0.7525493045028865
0.01206202868985884
0.7481075428694675
0.021569125137353318
0.43725167662894804
0.7321953608133389
0.9573287863437591
0.08260870478298643
0.8584609030598108
0.6674694008501358
0.5092406509048286
0.8917205446354067
0.9138229083566477
0.522664719772841
0.20453808426269582
0.450247789865344
0.47799509512454474
0.9396325708743175
0.686489556630062
0.6347193952592707
0.8962778055039525
0.2759748603339144
0.774670080070829
0.9794645617931567
0.05920617431384456
0.3115978027408933
0.2882461793472417
0.12678104266205614
0.2762310630514482
0.010515187571608076
0.27701776648742327
0.42910515120082326
0.7443391647846841
0.7504304159827587
0.7099544200422734
0.8924843548232398
0.5430904456195977
0.12208585928327609
0.9520938835348997
0.9812383127813672
0.6259473554059115
0.06400803610647443
0.9060030799775848
0.5804605747003404
0.3911042666513116
0.5171070339146813
0.3676261750130919
0.08333073486275722
0.4756396300206791
0.03811645177698375
0.5003067774124375
0.13605094758847336
0.8570545664840735
0.09317958571178131
0.3451488981479084
0.4535097337351601
0.08670836500433776
0.7775008899816406
0.630379926475711
0.21768896610220734
0.1938320182834099
0.3064739489035243
0.2712178435234486
0.9978507980916688
0.2819861655505732
0.4814307337694368
0.04272612068960191
0.5111701020981301
0.5033649524261875
0.3572825588516392
0.781816719238898
0.504655825759053
0.7632086398367111
0.2188634376384525
0.9346940291580461
0.040278700443798
0.08815911984626101
0.08720420872692392
0.0010619549374707438
0.9876954570922357
0.7306728224411669
0.8568915965758805
0.4948758173617034
0.28157434627078604
0.6100283617568588
0.7604432531233313
0.20690162547838242
0.6529299552621043
0.09148936542278052
0.31529875968105614
0.6787592537512577
0.893992782677203
0.9653031566399121
0.8108691442598359
0.24006472714981586
0.29338013361507653
0.6296591704769783
0.6360416692678753
0.2547757015876033
0.20586978034646786
0.7521030625845442
0.30754054978213985
0.6503482912964768
0.11729130476851646
0.6420679663573365
0.14373506934306046
0.7350512661253757
0.20501200316563073
0.6477409922680591
0.3021313450875349
0.3790167808913636
0.08719168307704006
0.6247481903802488
0.18367757118794725
0.7616399043180331
0.7358786057415696
0.5309912210811403
0.6070870236372641
0.8627431539563633
0.5333250810747854
0.1399714191306336
0.31473076449660464
0.8598520730207088
0.5461837931427133
0.7377331666948488
0.4373025277059356
0.4654694474937784
0.14313865907749512
0.15590292333189137
0.8501756003885236
0.6343897927840382
0.6803314500898711
0.6677906238558544
0.9551490299694059
0.36625249427351625
0.28352940213953626
0.13800449537466253
0.2967001994842303
0.9988337430608188
0.7945194710312844
0.7824570278149177
0.03339382239542443
0.5181512498490607
0.7039576293926344
0.11579546978907718
0.3797921611034305
0.7633945229392896
0.1660441055040377
0.26082496733972405
0.02281746930735007
0.4603221690971768
0.8793845210142278
0.3938260466621675
0.038446385816861106
0.6526392687521226
0.23488023542601255
0.5580964828253492
0.7909687314082676
0.9471221139120225
0.0008919018029941439
0.9817946660402518
0.8090334787331889
0.05431080353355
0.6608358613811672
0.404398050906287
0.8534801903667315
0.7011156610885747
0.8664782369853532
0.7013617841162973
0.19169114551193212
0.5917627166163003
0.051623662063330134
0.7676952647931692
0.6946991266991247
0.9040597462045006
0.3654051398221422
0.9583319972874222
0.40776649356659
0.03320225544751332
0.8062232819951796
0.22854224089648778
0.9633168397584688
0.46563589267005945
0.726165012117895
0.2568791733492999
0.35742097123680905
0.7005490054032644
0.4054241749049574
0.5520374477539615
0.10021325473897746
0.34519755563648313
0.16481634123384425
0.796263584427675
0.41225624876850153
0.22518923209067532
0.2812087756636854
0.884651482190311
0.8105615509292403
0.9311874496574222
0.020236198953725415
0.5975737873618008
0.8479145558703052
0.04544452617752959
0.9804355772407974
0.21394127693993037
0.5794087654791026
0.321535975265857
0.05633806301398647
0.2421013892099012
0.1289204675523843
0.369299416227297
0.8983942941794604
0.21962045156476862
0.29514914561354166
0.007297415378975991
0.4610366669442981
0.2009619419733304
0.6591971400833185
0.41646044595829246
0.662964191270858
0.7711204274645748
0.06603684532239229
0.9714579863180354
0.6513294679365839
0.9109687815873964
0.29041823527757893
0.7218271158749443
0.7720827593456514
0.9399280502317648
0.7303665886250421
0.34885055835537004
0.5563139376898115
0.31678384171292195
0.1261611446308094
0.36752236807492233
0.3138603147784701
0.7575803545111971
0.25081191282210813
0.38332140542935333
0.8707937897204684
0.41049875017678905
0.21026646425964435
0.37329351364109786
0.7417664435585195
0.793378468771862
0.24645785111263374
0.8384201392145715
0.45120345291278374
0.8119271891536001
0.11860112835885728
0.711570826882178
0.10284120688991749
0.8597595262228838
0.9124188058599405
0.5213425458665719
0.4859272725799242
0.33949199771566474
0.6355699948160759
0.5922847979111504
0.8991112242925788
0.5336100454697704
0.48222724841625897
0.24578998943844532
0.059200937612217897
0.25718454726932405
0.23410848383965666
0.4329018331972948
0.38705224065112076
0.7945613079786792
0.5649319670579172
0.7964183900558061
0.6851681766701793
0.5033473935474955
0.18387588348461115
0.8099708038265452
0.6209080349767986
0.9442677431660869
0.2914040756740993
0.8078148603802672
0.009951497235101026
0.8043476128259959
0.5335508459728582
0.8207104903846333
0.6502275919131297
0.8426964055879598
0.5664508948645306
0.1405831720231111
0.6520121886169725
0.7213997878094152
0.36185107968562025
0.5409965357211282
0.7485396731944964
0.05721070240897286
0.4014819652690066
0.14943081266989378
0.9003428615742696
0.32584015775038644
0.6295753624863057
0.9456585083456267
0.18921642654580495
0.3608186652768931
0.29766614348091536
0.7343450661745075
0.8166533120885611
0.85151363533668
0.647281345773169
0.31157670080149125
0.5565387723159586
0.1474797401701251
0.8155953557219074
0.3194229361105765
0.5971648950535433
0.11316992415646787
0.4639560334797119
0.23909940831023024
0.7368917113674063
0.5749045500525403
0.5651225172266169
0.5328607645532911
0.07912932734202582
0.3099932096919654
0.16679508197481108
0.5560784257166126
0.9953828208548618
0.6026556953861715
0.41917795397220503
0.796695146805392
0.8750399828781363
0.8714859762130154
0.8255874484691771
0.680184881416806
0.538251526417516
0.9913023239088757
0.805247262588881
0.9497793277217429
0.5765177939108841
0.5568398245325882
0.7549552665686432
