128 1 3
0
127
1
6
2
55
3
75
4
58
5
69
6
69
6
7
8
73
9
105
10
89
11
51
12
17
13
107
14
78
15
95
16
123
3
17
18
113
19
111
20
111
21
91
2
22
23
44
24
112
25
53
26
45
27
78
28
76
25
29
30
106
31
67
32
59
25
33
34
97
35
54
29
36
28
37
38
110
33
39
40
77
41
51
15
42
43
60
44
70
45
67
46
55
1
47
43
48
49
50
50
75
29
51
52
103
53
100
54
62
37
55
56
124
12
57
28
58
59
121
60
67
44
61
24
62
63
72
39
64
52
65
66
124
67
80
68
74
7
69
57
70
71
87
72
106
73
111
74
120
39
75
76
92
76
77
33
78
44
79
9
80
69
81
82
114
48
83
84
123
2
85
84
86
87
123
46
88
89
116
90
121
91
118
92
112
42
93
67
94
20
95
96
111
16
97
84
98
62
99
16
100
14
101
21
102
57
103
70
104
14
105
96
106
40
107
29
108
108
109
34
110
58
111
102
112
32
113
114
127
23
115
110
116
47
117
86
118
51
119
0
120
66
121
22
122
30
123
8
124
10
125
12
126
68
127
0.3803656399107944
0.880922026147341
0.5748329335702572
0.0912652310847255
0.940104717569814
0.19072544568786487
0.10855494324613701
0.8931733398625483
0.5240901420993457
0.07897974705026334
0.9465788678623035
0.4855399864915968
0.8134103809534525
0.9643058146816789
0.39623717745344367
0.17898847960577835
0.4831026775290902
0.03325373033067103
0.3525543007930254
0.8684593565098456
0.8344006405768083
0.1925103930514238
0.23834697608276445
0.7898953271838983
0.6106398058806587
0.40592954106102275
0.4345444574945768
0.8940410207752282
0.09091894463341998
0.9071304851986485
0.05646420504004879
0.261764653360978
0.35409508897736186
0.7070898457388137
0.12379297866148342
0.36357542288882516
0.9460154169895951
0.2753185735663406
0.31090044787821713
0.8002222208094525
0.5719705797383389
0.4581469021518203
0.4637221601824527
0.5148689568197559
0.9150789969873342
0.24639133164488325
0.5522172637789337
0.252123240671281
0.4089394530939672
0.14133896008681535
0.6644844361302076
0.7767423777264673
0.29105947233676843
0.4048830541391959
0.46955250584037256
0.11944869741707576
0.05690512767906453
0.21389284482414572
0.5232890185915269
0.8501819071341968
0.5051728043438631
0.5587199377582559
0.546068401968529
0.028002613377722363
0.28363971224969375
0.07451117984553257
0.30181561631731824
0.024603392370829535
0.5102504595857275
0.15720100914382695
0.676506246871457
0.09506009260326831
0.796606831030879
0.8970862888929545
0.7399213948584056
0.2925552487746441
0.8585405675932939
0.18249057516723766
0.7797808962555061
0.48168467530020553
0.12822197771259713
0.6829243010732761
0.6646031681793108
0.3526741325018208
0.9444583181136863
0.12692605607155827
0.6755969844016316
0.74926995165094
0.27804896878044294
0.48851786696723853
0.5030064802555064
0.8022133128584051
0.14974996844830613
0.7140947101919591
0.4188700703277398
0.6595530155783385
0.0007130853335359788
0.2438366903750624
0.2763037394309765
0.8903577658587227
0.08714029924154121
0.32809534988753364
0.8077322922687308
0.1944915355071729
0.91605229382779
0.8656178011566976
0.21416858827079144
0.42672976850542177
0.058013205068642604
0.45035055971099225
0.3388588372130126
0.4706775384870401
0.48803734499460694
0.5903164771785985
0.3266104080152811
0.33698498779809305
0.008341359591220843
0.06395058550557886
0.2126666524173132
0.1605462180774816
0.484535916881198
0.3071447267466211
0.8884895244906609
0.003266747623444588
0.8207221377770627
0.15558516397205113
0.7293950580789713
0.46108890483962883
0.8339912382943858
0.8237311581934671
0.2836039027660383
0.4707878788408546
0.4351368778871513
0.42092811955819875
0.051217448640974994
0.2841856615857401
0.3591799970135563
0.5525829590123533
0.3828815347405684
0.7354104224165111
0.5402760835230799
0.6450826226409945
0.7494410963438135
0.9751976940532022
0.28029869777280536
0.03429493001767647
0.8058110110173743
0.9352080737203552
0.08678990806006726
0.2533654546024844
0.22671185803440452
0.6404347895631267
0.7759776085245454
0.6015947837870471
0.3258268419972826
0.6346257643848295
0.3661947767895658
0.8041167746601912
0.1726032127589826
0.8262867536863616
0.709094360304194
0.8263803426790473
0.9730288280228789
0.19619698149987375
0.9830533039017972
0.40652035889852844
0.7590124830336243
0.243946925060732
0.787177754161094
0.4676125633135777
0.39309916953090773
0.5436831198106765
0.7539619065919738
0.22660542583496568
0.9096222707161016
0.4209223461127024
0.08378686325722906
0.7754725551675101
0.8009892590132641
0.441149673263482
0.17554983608891284
0.610281688143779
0.806445177629265
0.5451115919875361
0.6053300346924011
0.033325937407608586
0.961865404373723
0.8747028644451875
0.43224110816252903
0.3216695119035974
0.30191866132036405
0.9706055717309777
0.4336556490986533
0.11082846972933902
0.26835359814275206
0.37662299469523197
0.555262618042936
0.1959082723765727
0.997559972965192
0.9807910364540849
0.8607299310006987
0.488915084521496
0.28677437369372705
0.7104352266054231
0.16733090790844074
0.895208016229589
0.8818269040693388
0.13135161216319347
0.6052233925212687
0.8969918811514385
0.3880575273282455
0.1701895352675189
0.19569807547757745
0.3184470145346674
0.20992168183526838
0.6049634915921223
0.07725109974606692
0.13031207195223093
0.8719787342304238
0.5526155043162754
0.3598539986312357
0.5038120667551599
0.04828191221842093
0.5532227208200554
0.2938203453290529
0.3436377451039223
0.6703076660273073
0.04914786432054108
0.5163383696583447
0.6105013741353115
0.4089047443323923
0.18523240234133742
0.9204476287560303
0.39532214178413316
0.09990855039830326
0.2257165896097162
0.6601802319050791
0.03379067595463281
0.683150322201821
0.26734336052986485
0.26975046344037446
0.9767213237171956
0.9071081460484904
0.5730149333716759
0.8064103093126724
0.8472072753957098
0.8889337815032123
0.026460660822409054
0.2758926330322623
0.24834637959513994
0.8914101041522262
0.6371118615102396
0.5120944598636467
0.6884983473673508
0.5446049512359223
0.06138850871750634
0.5725592961950197
0.2330723988563218
0.05801471059349661
0.9620797772863834
0.20904270895843624
0.14665949591662364
0.034164721931958075
0.9511119030976648
0.6531438235832253
0.8292622724701973
0.11331811287371185
0.4797100200591802
0.8128702467770796
0.4964533128490376
0.3292617170008256
0.5278066742540831
0.9212902303511288
0.542376832745129
0.26588274534640544
0.7912173794191156
0.922234449980679
0.9217079302812408
0.9571236153394754
0.0025049892772459614
0.921063761240382
0.39681697259337
0.779453946526581
0.1571584876880051
0.6870421704216115
0.2904099590028082
0.7513341596659123
0.7579050493913178
0.9182012752695827
0.25483992476358686
0.5723825560202358
0.47858454678523477
0.5556848713359955
0.7826008436873375
0.8766966724505333
0.13152918941382963
0.512401895124918
0.9379804831842281
0.33588594980363584
0.20489835692379077
0.08334035600725687
0.18610367776826375
0.27102512362972564
0.20663699749044695
0.8058578622143462
0.10494346216529815
0.15765276996032596
0.390001262977824
0.2783536044084951
0.41826424462712986
0.31529012676602386
0.705185008417864
0.5568097233996446
0.8993600022054202
0.7239712921450012
0.3453486109293349
0.2874151619159765
0.18498275210132686
0.11418790897723119
0.8752125127104633
0.7272521695767626
0.6388041045994198
0.7724839673084543
0.7333858438056814
0.5362178860262179
0.2889336884711591
0.6335082915109035
0.8438823212585637
0.1929691938620256
0.46796630596091215
0.966879618605153
0.6356380935411675
0.5978659453551934
0.16089843143660565
0.9147677135162908
0.9667584262346623
0.009038964004870031
0.1255708866048062
0.37525591243272005
0.1525545014364189
0.03139051280113703
0.984246411049471
0.19844098607702176
0.7300204062061275
0.883477675938855
0.11008902734663417
0.5981804923700349
0.9845058624877263
0.6012663554372235
0.5843063490989024
0.8974018159364547
0.8306680874054801
0.7528411019009357
0.8755717107109063
0.12135198166455674
0.42556581644920344
0.5934532645846445
0.7059305607323271
0.6242035361667356
0.47004163704183977
0.3153405593402341
0.3615250761188832
0.7277488610362914
0.0867974762905146
0.9154864674736537
0.6079839819982227
0.1271298280414661
0.7837556277565171
0.7687011138374472
0.47815956293823036
0.39860242071448226
0.8421020023214301
0.719568987599309
0.8962999152553308
0.40663180403204124
0.7281895312696549
0.44244666805905253
0.20564371676007476
0.6929315199856598
0.9133922188762598
0.5081221682256679
0.5634564054233395
0.9558863931070744
0.8961051116051715
0.7529596120086774
0.6977426327647593
0.22321518874140622
0.00114429693524698
0.3762141337660059
0.3811915115772835
0.8990361731776648
0.8157981832340578
0.4896729208118066
0.9018637775348085
0.4886147486520157
0.5443987044444665
0.9155296260868391
0.6119886040658801
0.7862888327428269
0.7937270815566656
0.512485061042227
0.7739148420609502
0.6612561495099395
0.35939334187942473
0.24012875878109063
0.30736654624268156
0.07709914981321198
0.045661678349788626
0.3516074213208994
0.6153557782975968
0.801309007301922
0.5389919905396308
0.923109352201535
0.3238181224349791
0.7159501099699971
0.5822040007340348
0.7902796030121878
0.22021604337399303
0.16846862864764311
0.5620222056444678
0.09680122348481146
0.7589823664540717
0.9911516516874331
0.520054917127195
0.3064870013278911
0.058080246945976244
0.34685545820039854
0.030377383557015136
0.11681313743792099
0.2622111051613091
0.4567408581522733
0.5961731431165437
0.5173085611388671
0.19968761730744367
0.2415577237127532
0.06630530105723531
0.36541696843741556
0.39658522042837496
0.09124689642609862
0.19607285078697045
0.598201296248517
0.1942758583477452
0.19591912897199149
0.5919364431223869
0.2782083549378769
0.5986072585937829
0.5994151894396214
0.7555732709392883
0.6462520289636501
0.4668633419439785
0.9476499641352916
0.19531674165007973
0.7755143186382446
0.9069410965973544
0.7892638688438461
0.2589590804759677
0.23603239252661612
0.5784601385132023
0.3548276716901352
0.61677546094069
0.3029379776983224
0.5477292737606858
0.02776841917549333
0.6277086248194311
0.5736530231047446
0.889284683428257
0.2644569960744789
0.20195876995451845
0.8493921466416144
0.3369254409445035
0.6646220540122456
0.22375936284869968
0.31477243152297363
0.22203861860066598
0.8652070321142351
0.6970053871154817
0.9370098106253504
0.5103992502857007
0.4131191134098633
0.07701878390903061
0.6389005306903824
0.23732125864170484
0.8159711289075924
0.8331208232622972
0.5981589688243468
0.289546447228199
0.28147340835413415
0.9144752916796965
0.8578754330513769
0.8379546938512267
0.7226108220487857
0.9315389625079622
0.9380249232641672
0.022499186539989613
0.1273524802527386
0.6532948944854688
0.8292722595572629
0.9036004954011692
0.5131858980584705
0.1474417050474467
0.4081039542904247
0.602111170875076
0.42255449978871473
0.5104961467099856
0.7045673038373177
0.9945498086076384
0.2420491537042876
0.48408994768048896
0.9469678814130388
0.4420910439452277
0.4336139478448302
0.7872914292757804
0.526761699584334
0.8368437753698796
0.02068765822571017
0.5263522157219827
0.7049225784148435
0.7674228111668713
0.5192227406576942
0.18119936404071302
0.6484139988682261
0.7868066658120684
0.7888911013610111
0.24917387322577655
0.621949332415272
0.003563514167372772
0.40777014845036874
0.3526722317335552
0.469972497953994
0.8399472324915643
0.9597057234881916
0.8941409467714355
0.19606594251687504
0.10020081585639218
0.5447996358761324
0.41386679784222424
0.24750729663483795
0.47416489044345433
0.4582841027944441
0.6705339000823335
0.22502467439420826
0.6964199605673072
0.45196632617897037
0.7926040869956794
0.8383597254672032
0.8058322215541769
0.8347851974875847
0.1608163798968394
0.5629549810549045
0.10958895702902272
0.16260083985443885
0.5983194626468734
0.9952752908914568
0.9462943957550656
0.9637002638782194
0.6116821592859564
0.05510373469797214
0.8563413761924997
0.3507528533748473
0.6762713822680186
0.29099348799280933
0.5433380280289477
0.3045150572726727
0.41564675609836155
0.21105918961494308
0.5347385258110793
0.9381905711312309
0.407246061452329
0.22010606540550937
0.4623104652896777
0.08890182140392822
0.43316529052276775
0.30053005786940334
0.5106442106602438
0.05623398897653997
0.5200906571808154
0.9407352293774646
0.7202129441800541
0.09826007134424442
0.5985730619433199
0.751158885600529
0.6834781205697269
0.4599062046133102
0.8371549136505977
0.46091625536228376
0.4834285485744253
0.8419963115907484
0.7155176527820366
0.6041706700739955
0.9745135483163145
0.20144581043170762
0.8854249220475593
0.6252427859896259
0.03819582902998975
0.8574113276793437
0.3334947628100594
0.08359021045151083
0.8023413183036778
0.49950343513053364
0.7080460989943187
0.30003890571256797
0.817172302373571
0.014117315821232546
0.8688686829219047
0.07026388103519066
0.41812201774628355
0.693052555224482
0.6338060156639593
0.3047536505634145
0.4016560460017319
0.1393894532276957
0.38235408495192835
0.963558616673568
0.14923798007241518
0.7845250811246666
0.18396288957493834
0.4820035246535004
0.09481516305285687
0.9744563302648819
0.39141739955545196
0.6878185387401866
0.18368845575117088
0.12696428798836934
0.40001272620870754
0.04144947638027818
0.9080585404229176
0.46814190023890534
0.2862832268432146
0.6368643895599151
0.3857136700336783
0.6742406635328119
0.12790153731700304
0.022845183900652266
0.6727599466599197
0.2644405244966169
0.576871863098342
0.7194876906474795
0.5380273642014306
0.5110091674525717
0.6746967181118949
0.7192092396165248
0.8487876864935865
0.047895083218504886
0.7724943114481398
0.20464458774909877
0.0935243520718243
0.8889876746221075
0.397546327165085
0.25611242709057447
0.9170157085570836
0.24015798257823262
0.6632215029429059
0.3446268790473207
0.5865191907406129
0.27047426849600276
0.35169833286310614
0.5308309646248879
0.3244737143898213
0.8843294431018309
0.3592378061880106
0.4258052052094913
0.06994761842388086
0.0004993058862042821
0.3852195444453138
0.7246744463594751
0.2742991227963254
0.3664317827144834
0.9629642338976847
0.6497035310935323
0.9010461217010394
0.6279098148573237
0.32514038651541366
0.2261182090838234
0.9714130542280117
0.15679732996927853
0.5937975529958227
0.3540516533024336
0.27832857369945796
0.7880727952775314
0.9791475219124348
0.8302618143632688
0.5835074654486279
0.5861657807064105
0.7993576201204424
0.9227822062982679
0.45709285109068465
0.15121062629557935
0.6861830952942753
0.09912308874389975
0.7401596422791459
0.13420727517150577
0.6576442218154146
0.6004411927780827
0.5774682057216323
0.32147837234262666
0.47514735305869316
0.45591618362221575
0.7840795704416025
0.6178745781570546
0.7148913342474758
0.19175336707279989
0.15082107975445402
0.9115037116515651
0.09157433012540961
0.276478143691807
0.42994612536752463
0.12959251056133791
0.7305211041242645
0.37600847623012135
0.017753766084629863
0.49038200935281817
0.8128950826151053
0.03736600141618185
0.28334885333236226
0.4044944133059205
0.9636225577538039
0.2239379904681893
0.07174561974859195
0.062263517952533265
0.19988409548235708
0.9759888315225653
0.1585396776227167
0.1715372723595079
0.4322495778751614
0.5972681831607969
0.6425834085208737
0.9174538541361532
0.6555950423509148
0.9260515451427564
0.34617275529839986
0.7139513966900621
0.3913767969582539
0.07147360655762625
0.21910857790467508
0.9414572829357299
0.2721702334504851
0.8561647623370137
0.322391222530958
0.46715542897456186
0.8373259888602176
0.019277726971947295
0.24176291327367105
0.7137197101515991
0.729835362245909
0.6748560302832922
0.7288896466069549
0.9450953337750243
0.40115601399943335
0.23717746815219976
0.8777026774623212
0.31509463789287884
0.3193209525513485
0.05975386379836711
0.5979189084518237
0.4143589675688265
0.17579445602006583
0.22465966181325436
0.05185731888435119
0.9938137894504594
0.9006601742718048
0.5992681448215122
0.39290638379290044
0.49361170056580794
0.6404435722935939
0.5560809008017493
0.36745864397104655
0.8767376499947067
0.41895843044182146
0.40867497898783833
0.4656624533901844
0.7893967207431712
0.15618554878915536
0.9115058499824327
0.8113885566235937
0.7011793067312556
0.310765979870504
0.4103512759175899
0.9089709587321593
0.07498645308789531
0.9712203813234773
0.10335624260776943
0.55468772507245
0.9291511034811333
0.7255219085545035
0.4848265130645907
0.09803037011529492
0.24887109008871577
0.944574986061089
0.10942986404013666
0.8140613421509351
0.13654130819496368
0.5694351224745772
0.8506603029426277
0.7594839766623386
0.3939473822385654
0.275912452120311
0.8835359038508648
0.4018212218008278
0.41459712008515337
0.39274310200691853
0.6744585834788079
0.6573862558707262
0.9786716410355802
0.6634060001224312
0.3163707602330035
0.5861522623719593
0.869629411371846
0.2489710512315677
0.6215912008358905
0.2077714467432702
0.83743866907953
0.4669810425782127
0.19157728651904504
0.8188173555588145
0.22721189616996218
0.2375303633071062
0.9385607763297499
0.6925231003190043
0.879448901420897
0.49776755527608485
0.3722428685655933
0.6985281061173927
0.21624534518574123
0.1606943450704006
0.01653530073598597
0.8649418125525256
0.25125643740540893
0.9920862523764752
0.43343102142190193
0.3044345865727969
0.11189649875155705
0.02637433576017434
0.8293517662080296
0.8459842371551608
0.5288668701170598
0.03556746834676272
0.6348197119130825
0.05190861916808376
0.5627651870706132
0.8778810476234301
0.1083173017689325
0.45523156914197416
0.8879289690065267
0.35939645362057215
0.8000166464041834
0.04218870749093784
0.478236659409623
0.21566064598064982
0.371681487352558
0.8558025035941922
0.7878503084208225
0.24440480893090732
0.6985363347556488
0.6248139713564942
0.3925030066902905
0.5877191503635718
0.0312009966741289
0.7574347864163701
0.838231045788734
0.8291621209811978
0.6188472036732969
0.8833287692164978
0.11624792890432623
0.5935320738587955
0.2324557324844756
0.041361358440294316
0.3116910222527274
0.43928313771813976
0.9844225063708377
0.24073065908839808
0.6348111382613152
0.7081751413330118
0.08411389984176854
0.46720035168150664
0.653979321555728
0.620564512245584
0.006663411050359169
0.2831117953498882
0.6991328598212012
0.21257254711291218
0.6843922671324717
0.48595273534773153
0.6254494016495435
0.03322289046557003
0.9787006398909804
0.786331905038603
0.6277179326089743
0.6444975330261287
0.8851781287455378
0.8920374415689166
0.6084345768232726
0.7218600192788206
0.3259009571871837
0.23891794086417284
0.3617849972740248
0.35669232870924394
0.8952594856552499
0.1594508573092388
0.11615529492051269
0.13197177154883244
0.31075637179078197
0.7463807156153185
0.5604593873811511
0.7520391064152956
0.5459642531476576
0.20189082868635433
0.6959794475902742
0.7746448875669734
0.9388407869163362
0.9406471920278875
0.8916958315016705
0.7350988057559307
0.3834352575306099
0.9150429407603582
0.496530501421398
0.1173940965255843
0.9612333461984379
0.7014784296981612
0.8180507163712376
0.5950372000380042
0.6342715573845922
0.9706986101089836
0.37110751057512137
0.8888815833159954
0.8861519844502054
0.09873228616969676
0.6987541257951007
0.23905353400096918
0.26494231072661756
0.7336240016534635
0.6015372365881084
0.940920825995561
0.3305913931232114
0.44072830669776786
0.7949361427988023
0.1349168560231936
0.8187072645956293
0.5562941611068905
0.027854393804624733
0.041653072231040866
0.937237506455297
0.4667966284884757
0.21078387928375375
0.7536798614610694
0.6304308872962489
0.5717376498301044
0.3451045488110388
0.3111004751081139
0.9342071195915403
0.5232437679932438
0.2425021827965702
0.15330673917920412
0.3637376106840503
0.2925926433662258
0.3506767847176928
0.3176512563209688
0.549278436571574
0.7992381867491669
0.22261085463570462
0.8836199226183029
0.3042710228341605
0.9258116999194592
0.8229133590985664
0.2740957708612053
0.909181646591663
0.7667609460256388
0.38317280034251844
0.08550784953888557
0.9406465718519651
0.03189333045569309
0.24215796277067791
0.025896685324363844
0.6877601435347184
0.28063156113456067
0.5086440400979546
0.5877896374026509
0.9018857414552447
0.25254103096074865
0.41956756895203595
0.6345265286020387
0.12516822043770948
0.6170797693227298
0.18549133283655628
0.0909665205794109
0.31027264324244075
0.3646044135125389
0.11591108141060769
0.054759542566713226
0.6321918086195022
0.3818694519732856
0.20981385230495198
0.015251652584940434
0.9241916569239528
0.07218113754147781
0.1353521334511948
0.8487877880299723
0.24491081412358695
0.3508161344303906
0.2142953047087769
0.8174368316906759
0.7883043314550672
0.9926623084644782
0.28041587509493193
0.28991567237431737
0.19223735216605453
0.3048395652523943
0.4924829466965973
0.28115484812315195
0.6776600554352461
0.6247193325148096
0.4547956852507724
0.6362585831049058
0.11574689629541368
0.6165425675234072
0.9838709656452534
0.811985961534919
0.10472069207786061
0.42183335593851823
0.7822533419227071
0.18602935950236799
0.6332077897203496
0.15975681564418964
0.05703428756634921
0.9812922921787997
0.5124098058434662
0.10290500488170673
0.28403688526282844
0.2510165331710128
0.5048039826909608
0.34922869555857083
0.7884803134856572
0.13233706342478835
0.5628621334146404
0.9173288299958079
0.12822676542737244
0.2096833886375662
0.47062666591735947
0.9051589394231889
0.5236907212540842
0.9369928587748372
0.36403455597463785
0.5401883972194936
0.6434902357831276
0.6593867442863143
0.5988037574691233
0.9915276057681376
0.9912751035059725
0.2044715711425843
0.7520809881172283
0.5344758028695009
0.4010344488382459
0.5922724613736706
0.6479733574823554
0.9075768079449785
0.9779272975249241
0.22719561316277803
0.5309259198358169
0.27489779296128014
0.8587599374483085
0.086086558079849
0.5078197655305801
0.16525915616261488
0.7242468808877217
0.5800345652212715
0.6700812784679301
0.8249907657829734
0.5380345518600295
0.21364240621175856
0.10136775848149815
0.874289051271475
0.9897327650679737
0.5250304288565224
0.24216611371046315
0.19132805756232463
0.376526816130352
0.16268730688173116
0.6087198811069291
0.2909656117874274
0.6959898954217121
0.09829605569410116
0.537972331737404
0.31432444570476015
0.8972313077088674
0.5912187366359342
0.30729865037978676
0.42437524971454743
0.45935300187452455
0.7404007272037829
0.8244405269104046
0.8606446205271524
0.7491500055474688
0.3119896906452696
0.7124857638453721
0.9042937805435466
0.5068289776195489
0.8666464594246138
0.24444218801627404
0.6921095488308229
0.9387705905477837
0.28868640873828477
0.7184020342380892
0.7038734329994385
0.4204021870235932
0.7967850225436497
0.5939712908204877
0.7799262514089744
0.5366312950108006
0.676261037782209
0.6822341230814911
0.10931571465607093
0.613225669386483
0.2456008441922739
0.47521339399462204
0.8796841925610653
0.16900405371485283
0.23042346128197122
0.4218520915536558
0.7852731331594627
0.6537380734249085
0.7426348586867706
0.6756584564291666
0.06117424177256525
0.5616712074075181
0.35375531955571227
0.1570897125701849
0.521340040542046
0.737826664868838
0.665893858136244
0.20332792299747104
0.6204667440040993
0.5973774419208997
0.22722188808150445
0.4572777690987807
0.49337693791010484
0.3667498820398746
0.21456507577952721
0.5281232522101131
0.31466997697607824
0.0026884667862180356
0.688638280280769
0.41693054787241146
0.7990304496958854
0.9990102683892004
0.41864893615072163
0.7411850454905965
0.06849148593445398
0.7199579499155331
0.163090408605443
0.4916095220802631
0.6388687196401572
0.4214395685002178
0.44950645859110816
