128 1 3
0
56
1
83
2
105
1
3
4
16
5
55
6
78
7
9
8
122
9
114
10
51
11
122
12
76
13
17
14
60
13
15
16
43
17
127
18
98
19
35
6
20
21
23
22
111
23
102
23
24
25
70
26
28
27
60
4
28
29
104
30
32
31
81
32
34
33
120
28
34
35
121
34
36
16
37
36
38
17
39
35
40
31
41
42
120
43
125
18
44
14
45
38
46
47
49
48
115
49
89
50
127
31
51
52
108
53
107
27
54
55
86
32
56
57
64
28
58
7
59
60
112
61
118
38
62
63
114
64
85
65
118
66
105
32
67
68
119
69
103
54
70
71
110
72
110
73
98
35
74
75
81
76
103
43
77
41
78
79
97
80
118
21
81
49
82
83
126
84
89
85
124
74
86
87
99
88
111
63
89
47
90
66
91
86
92
93
94
6
94
41
95
46
96
97
127
98
117
99
112
100
121
62
101
102
125
103
121
104
124
67
105
51
106
85
107
82
108
70
109
110
114
54
111
88
112
58
113
64
114
115
116
86
116
66
117
94
118
62
119
103
120
87
121
100
122
82
123
85
124
53
125
23
126
14
127
0.6674734038650555
0.08733256924945154
0.8181327580461942
0.013787482140932172
0.7316690021098391
0.020599842709750127
0.4572382382690744
0.772488616640112
0.30658986455639503
0.4512347443483756
0.5151540966051587
0.6361816610549383
0.34579089708555233
0.4387722128575846
0.018174604040355535
0.8310811817311382
0.5228885537880956
0.8350181806648153
0.9113967722727494
0.09484303956137241
0.1977216221706285
0.19968847204649898
0.15895105863282843
0.8363654185227166
0.4289832170827339
0.3478589611015739
0.675145827222891
0.7915993178305263
0.0020273118563426396
0.6400689940242434
0.01381712654869327
0.002207670709418408
0.7181526760848621
0.5855359514783997
0.2216589488184697
0.9380712111276098
0.6791699082022482
0.7463920459163599
0.7080511069133059
0.34659974560098217
0.4408726994364369
0.929552793738445
0.8173965891239505
0.6515885333054456
0.02181635134721205
0.14902819818550428
0.7765297155944253
0.5747143085726258
0.8811685313441705
0.9283454610155042
0.9169821518228496
0.6362533059542208
0.7750804178400675
0.5242980746760199
0.8429273123061362
0.7954626195530193
0.8330048054495373
0.8778646226024898
0.28532913958299533
0.7055099641548529
0.9384537407108635
0.29962178789356697
0.3629460889690763
0.9972382537073549
0.3745052785904073
0.5705907997503924
0.29642184963204554
0.060756522916485145
0.36570175393425863
0.6209355107396887
0.9726016747248203
0.7600914806370348
0.09194665473564356
0.33205037058828524
0.08187433554333645
0.548374553443276
0.5634546496428318
0.9108137110460865
0.5354718910196475
0.2617187117757718
0.04042414785903303
0.8601083324570475
0.5317618127718888
0.4904699133188847
0.9508545971721372
0.41878788728657657
0.27297710911184647
0.2774422716120325
0.020728051819566384
0.16508029968585025
0.9134818646826753
0.5119948967235217
0.7871763563100194
0.8507901001165793
0.332983759053638
0.47971784015392993
0.7311020265667281
0.031885859773746694
0.07778629890191802
0.7958585507277602
0.08567997597607091
0.7435794439060044
0.39771710790023596
0.4099640824124431
0.7086477547379068
0.3274599318412552
0.6063981633854633
0.5904807842317541
0.3050478417420116
0.4341541330268879
0.11451561930521137
0.6031082606899416
0.010815413074062974
0.303839509688108
0.8950935760662888
0.17193877437732463
0.29103709465464567
0.3279917612643075
0.17366322718809069
0.2150662967344752
0.4622840488473938
0.09417401059026098
0.592319596099644
0.6236598430034447
0.8725938707612859
0.7818046280609864
0.907873537246243
0.4477245385395412
0.2603937763699594
0.2750151599394708
0.6455449391044122
0.8074272876155726
0.42202499139020844
0.6674475247504014
0.14730127770906842
0.5192465348273764
0.6273086556115827
0.02486420826685498
0.833951894782883
0.8989390753669401
0.13941848119622802
0.26180610370020585
0.23665977529125748
0.7557767477151531
0.9445471907023253
0.001641737257936482
0.6028796812451185
0.7159996760867038
0.6886941465449161
0.06830429784111935
0.5848911461806653
0.42614903565786943
0.9346815116108573
0.9304080625077066
0.9307488955382587
0.5872336120922481
0.3201454510104844
0.2605593097173755
0.7696839918298354
0.051549262388461914
0.8706086441286259
0.8331787708101703
0.5287861425110699
0.5434651861410182
0.8605186184977371
0.6146312113936366
0.45805814378623577
0.8096390962464262
0.5216752997339471
0.98688131425906
0.6523656471466281
0.8259711552021881
0.28491331497995565
0.8295401909941557
0.375393372923404
0.3791521281566501
0.3843891684536924
0.7319813588376827
0.9943088758280736
0.31531868248129125
0.2163153385300136
0.356148530043049
0.8032216916717366
0.6081026563160101
0.04595965983207029
0.45081370052359027
0.29109099695277163
0.9467682366642007
0.0068935047509889325
0.9333532227785523
0.764445624857003
0.538024946012932
0.8852314578547404
0.3872458172904205
0.5308448179017553
0.08830249036578441
0.8638589290356785
0.3623032365783113
0.2617884868520832
0.9919264671819268
0.9683985382473427
0.9224205773275519
0.5617733672693811
0.6078492506953452
0.7442510769351844
0.5502569136498524
0.43495275810236467
0.43849826030809147
0.3026876865513237
0.3315029541557575
0.7892336587018529
0.7263313414629308
0.21667764505918308
0.7850651377078073
0.06805602471710515
0.5341168030068328
0.5151500814313871
0.41865881775101943
0.48316005904548065
0.8048855876464064
0.8212551399470288
0.7064952366036493
0.8109597798761465
0.28090773725711404
0.7416516922469245
0.03640086272918963
0.7021916118065608
0.17178729486090927
0.04690519034982177
0.9494829882892493
0.8547383038063762
0.384938446183425
0.000538695776415743
0.7036256253992675
0.18648236498856663
0.5039566588409999
0.9159557957428195
0.8451648618093557
0.19123370322141142
0.9474021015077775
0.8682359098315253
0.49305099425300813
0.836460620652896
0.7690511947204421
0.4109960264234479
0.6042512056398774
0.6364971938123493
0.45049070862831386
0.8444687291945584
0.27566427334494914
0.15792031946621254
0.7280553097121644
0.1276564826671912
0.5094375393230001
0.43945937558534476
0.7072660140037773
0.7249288632201542
0.5796733241617911
0.34508431484451807
0.6483116078971777
0.42224683951077946
0.5901992836361781
0.5221386323895297
0.14008502287193914
0.47987690131897687
0.2443460446369048
0.36856177158327064
0.7654821862306705
0.6059755843951423
0.5719811800447473
0.3760807735698285
0.5441699704994435
0.880910396552635
0.35706064620274547
0.31667048304799206
0.14723110614242718
0.27382851407758424
0.035075393885146355
0.8911623113338425
0.010312627250535389
0.4103867100960874
0.5491287924540078
0.06854964151828435
0.044399865419633144
0.1987906293579923
0.20663120392547207
0.05694090257056306
0.8123214514807233
0.5937075777333298
0.523177090634639
0.08201421905714001
0.2836244849400904
0.26367331163303465
0.9400996441931361
0.3162833519136228
0.4009680418650029
0.28379370589221964
0.6842208327608124
0.8591059009169701
0.15190952539724245
0.2902641435963861
0.10430825888432482
0.8712583521518489
0.5740960273610107
0.6705960703508314
0.4066864485575469
0.3361789200615459
0.8814257782592476
0.2847302601720495
0.4854999369112054
0.3458984888868669
0.5451326303050326
0.8847620227753378
0.15923423333254694
0.7641801026512549
0.331680432345249
0.4140212348252673
0.5580323409971935
0.7271801787448774
0.8129690055297509
0.2923954504327768
0.2500401074785791
0.3866876980165004
0.094681439205211
0.9016234948604497
0.5374479930909701
0.987620337126925
0.051566322719906243
0.34209294953270764
0.7894612673735857
0.42601459471403025
0.2958832198071154
0.34122147592087404
0.5001131726367603
0.9824966577598113
0.5910896373690149
0.391711703667052
0.8944892588492428
0.03469542101433298
0.4570618870832741
0.7658069276062893
0.43723329216037354
0.4840915286750619
0.9151851965157205
0.9284863967996433
0.5259781834132
0.587328355859002
0.6571150328584093
0.028037741334606903
0.2626845439531985
0.22136337566163944
0.8685111089933942
0.41920200313596634
0.7879610134877288
0.8467237179109138
0.6161621322871468
0.7979881264200777
0.5634255597086805
0.6202891553582578
0.4446397388224943
0.9709343760714434
0.7228268037768952
0.5175299076061219
0.20735634592890861
0.9053392550924724
0.42866357349452977
0.993226469206404
0.9718458176484327
0.24204746589772874
0.35228293131829114
0.8699243435840219
0.9870382254320939
0.5849287649455396
0.3549379402853402
0.48332276155158727
0.6537314435958438
0.7037968407598609
0.7042328363126286
0.6912571225642544
0.4536640538920961
0.5798440957096022
0.3188563163928506
0.054154541286109525
0.35832074055178786
0.8099939914656842
0.5284700087003156
0.17337552302080705
0.09716602367339044
0.6454926052017342
0.18724142437138103
0.09868416184978956
0.2222759433488395
0.3109714691046097
0.6927810924209272
0.4722503388132233
0.20601303287274209
0.276354379962661
0.29033949997137076
0.39595072406806664
0.19761628501244877
0.5609150373407249
0.45776951690772405
0.29711650650227484
0.6326777347417782
0.20026807198306362
0.1990711257767641
0.3630056801932685
0.9843322048462791
0.26907656486403797
0.8084841281672774
0.7212173038863541
0.04941432374850596
0.8983858269247469
0.6528536349722449
0.26313418558069823
0.47152673990630367
0.13083040642534438
0.2543161650645501
0.006359604261182983
0.9774351527407008
0.35599158674900044
0.13708709018527976
0.43029755602389796
0.7005379616926074
0.8025127068518395
0.2069089727868768
0.944065529620432
0.4259751130480831
0.11924551963200969
0.5939433175235445
0.7588019402850711
0.7778222514614148
0.5877606326231336
0.3007751503462802
0.6047664965637276
0.37876017904244297
0.39150058172259905
0.31228674019874236
0.45243222458303456
0.8058703236957642
0.29109028785652336
0.8971061999764596
0.3878410258292302
0.16719799277720127
0.5745856542908777
0.8812862603872085
0.41896192931345577
0.8288212924133589
0.5408310157437666
0.9876193622241722
0.3542500555242116
0.5186215632450005
0.02341826808582037
0.6405391467925212
0.20626881211488957
0.5312883059958982
0.6738967340033634
0.31518009364723953
0.6919883679990071
0.3119750921385258
0.2923511121524851
0.07159025797350105
0.12322035870170267
0.5929575490881688
0.22238850991524994
0.8982289910722602
0.7861037275990795
0.293952811259943
0.4220651231302971
0.29253450488835653
0.15121696535961338
0.4254865670136222
0.1865760707390801
0.9945617366698988
0.4483947495565346
0.7610176754392612
0.7268805686561959
0.03572962267140123
0.41390977863055256
0.8128706239710415
0.14768834911704531
0.9346448160347788
0.14109697497744367
0.4099702823282908
0.4939958134137954
0.565613172792598
0.5847860005849379
0.010834729393066733
0.2854344353247884
0.8430032508908449
0.9684016036320927
0.9448553294990657
0.68731144370212
0.26456441972430467
0.0487479625985624
0.2662366320979793
0.33905522607471283
0.64996363879818
0.5302972845073057
0.21603658244447654
0.4468225663799632
0.9504098329921433
0.8565265793029748
0.8758847468187186
0.7999786730155863
0.007122675412041812
0.013348830793975197
0.571927861098411
0.007698122246334149
0.7803350616180398
0.1580906708877483
0.21548805883245092
0.6274278441329929
0.6284460770490901
0.667359168503375
0.6179505359036308
0.7951935833060485
0.022824820800377288
0.9554523232365901
0.992073396213801
0.3548974311930212
0.7194315041144809
0.028210497725930428
0.39951614750564035
0.471934717841349
0.305691315299628
0.79993917645166
0.8777063918510384
0.17720590895346933
0.6446484775990176
0.4615683040850149
0.012627579273014167
0.495773935122768
0.7608170690500253
0.9284843695886369
0.45909172334258896
0.9390060094496014
0.4608776581507692
0.8941849910468199
0.07619864864461656
0.43969622864680935
0.9219309973360961
0.0833431717117118
0.4564945548855357
0.5506472999882658
0.33219826147577525
0.10273944967038795
0.8672869289951018
0.7779720959259278
0.0506111287119545
0.40481559989105276
0.7851753642467829
0.4761700377626136
0.40187721742821614
0.3212464926477343
0.7695987722435909
0.12365383190166834
0.18553189214087684
0.9033399926352413
0.2031482404775362
0.897944620069532
0.546903502195446
0.15849781372957328
0.3259546564025988
0.28530595793470404
0.12300199473088858
0.045631748093400204
0.4562790280300373
0.053713491780968514
0.3940658392186195
0.16385205913642242
0.9520417373223056
0.07131608652430144
0.32871236222375044
0.32268181300138254
0.891351460799628
0.8994397693869919
0.5930600848644251
0.9038925638570411
0.05536868213304136
0.1962657520755623
0.9391911553058805
0.8211119993541449
0.8276701312428868
0.22913128407695849
0.5282679507183579
0.8168336674392086
0.6893285356854165
0.5754326108653779
0.29483415787337997
0.6277594822018258
0.8929205921346137
0.02554347946827107
0.8503385254463549
0.9477708982466979
0.952951201113463
0.1377711699829962
0.4578584962534932
0.22102341940654668
0.22760784904241693
0.25036949807905706
0.6869086631053037
0.9387390480362621
0.756867922494684
0.8099601416286962
0.12469329406772944
0.9138690966984838
0.7598764053587286
0.23409038879549482
0.06647474870960768
0.2870016853129891
0.39060679551635014
0.6840692791386757
0.422495759881085
0.46148836132439075
0.21678923666905137
0.9481504124608396
0.5093586915777882
0.02546638626649178
0.8747446840044096
0.15204125131095847
0.7095267482214244
0.7147663903011306
0.6549799691462224
0.7357391079338528
0.5988704293625652
0.4885326990612432
0.07837383518942809
0.06532958037655179
0.3172481826179868
0.1691100097305822
0.632447676110326
0.25793713489770487
0.3180579398816149
0.04574190332972139
0.9335281396612113
0.8433528495388591
0.6703447220059331
0.17829937956576425
0.09339350773989952
0.810101244555453
0.92058288789735
0.6906962422209806
0.325464396407819
0.2793354232009122
0.7059728042822399
0.2904899876307534
0.42324339785937437
0.8770428759364393
0.8125228373293946
0.989263813643946
0.9186810872055321
0.708711855575178
0.9487443003588582
0.747279665897847
0.9828677832495873
0.957825250417633
0.6852037754860711
0.5339987178845184
0.3699994567691349
0.45815183923023883
0.5457830797158288
0.5580149604130885
0.18209411144827914
0.16235777676332408
0.26952733677046925
0.8666404694468768
0.9762506601035532
0.03608252660472
0.3338322435612011
0.6857773526032902
0.29544156149937106
0.21701408622607188
0.4334954971902696
0.893723811751161
0.14617077729346584
0.06295736416625242
0.07735320025096326
0.5103868850570311
0.6316278599258984
0.05617354915174677
0.17797867477633333
0.8814348612291208
0.9037597893027152
0.2999289148072827
0.224165174067663
0.6859369444861131
0.1987525699606998
0.32027454213612894
0.13634162140112183
0.2685105024376738
0.8845311102403344
0.750993867387742
0.6383697233677609
0.006543734787118449
0.21552194011182813
0.6228945701416475
0.41048349941381457
0.03896888191462711
0.698302627402802
0.6661551541515486
0.6833313189241809
0.34230009118762705
0.3408607394162667
0.4845190505039815
0.17943023595306862
0.4592326571908135
0.47435308173369506
0.419763283187052
0.7498191243044718
0.5268494318666112
0.7465707513794781
0.7654745456700699
0.9307561140445836
0.18238010801338966
0.16748124581366963
0.4171320067244648
0.7235858223070059
0.4719587836023711
0.09037517293457487
0.5889800545118966
0.8789347053209791
0.12284115856432054
0.6182853001904458
0.1550190554391332
0.7146667035540575
0.3630806687745187
0.8225505259253706
0.7970498018167708
0.7361026296810089
0.1833293259354547
0.680171310477685
0.23307995270370874
0.9046424590583443
0.8988237934402574
0.8146522298937908
0.8036052233173734
0.9119284660357682
0.8042167255439966
0.9041841724724239
0.9022638754463094
0.7257330749065514
0.14610054724683363
0.10530486779694492
0.06655161505927065
0.506314680765706
0.7765312169304439
0.05942499254463718
0.5404747551183936
0.09492234369355812
0.12603957616880035
0.2410124818118491
0.8054314947567692
0.22371580730536766
0.4845862029926119
0.1953923374040486
0.7076398988217593
0.34528067161365383
0.9858926500204566
0.4368975744096749
0.7554161856204873
0.21113399552339707
0.35853743624093626
0.23199763265085915
0.388686588842736
0.5843685641357217
0.09917302216239354
0.5759008804736738
0.142920146102807
0.5554699554736636
0.757662808617233
0.8277841367669729
0.8066343580936841
0.43575834138449643
0.19994498667275795
0.36517941481904237
0.9090284974229704
0.5330066918464534
0.7932382911306947
0.8313243718579186
0.375873930140842
0.4065651298037839
0.7690113275507605
0.8773895882912693
0.12488424784972796
0.7890829535277072
0.96157991976221
0.06388664906400066
0.8155123965985688
0.2421980489088973
0.8427469211069841
0.9902349278890819
0.7591865955809146
0.5860462004413987
0.1924558788299664
0.11950371960131123
0.25861902574198425
0.4961599572000127
0.4180844514272728
0.9742795595772213
0.061605538570915996
0.4715020844180494
0.5902014642453743
0.017572584345188602
0.5336148507158546
0.5855265129699995
0.6196050778944726
0.27123317388464474
0.865418843700462
0.4575501780728418
0.25058306843756883
0.9120017535074296
0.10676225135827855
0.5740213434005847
0.18464154912827568
0.3269966849909026
0.5673021210526935
0.752396590802129
0.5347501284050006
0.4956266610051909
0.45928766413068844
0.0027470950576454767
0.17102749854030652
0.009515762760315738
0.9901517910539818
0.4366252498631119
0.1141493991182605
0.2726626050959621
0.6345742362378386
0.48120796071171834
0.781563217952908
0.7883421960463802
0.8042244574794881
0.06251529990501015
0.20702053599453785
0.06336413988269707
0.08706968822790573
0.8825135589397066
0.11880584447950604
0.3252835675558585
0.6934648856738472
0.40614723748389536
0.9465995495470529
0.03666027605840627
0.8599694080652903
0.17670294266516895
0.15193789609000163
0.8296041516929011
0.3045158074641051
0.13084411555150421
0.8332640572659561
0.6643469018527509
0.03955148406713238
0.6594261326016754
0.8974493793707826
0.6764839300212158
0.4090502291922419
0.8976861272032115
0.7937758425308723
0.6113725476060055
0.3824401742125638
0.2239733303958038
0.2488883886074006
0.7184633095611469
0.08023907060486624
0.76194916156239
0.6005436995156802
0.8164563394790495
0.19881797324830608
0.49844799017458874
0.3218322187685233
0.9397753966425758
0.06171577668129169
0.06747030293047729
0.7329528097788637
0.24641244219422442
0.1978153064751359
0.7558036256664162
0.4275868488062181
0.5605315455606887
0.7276628117112086
0.2524589510994826
0.6402037303772856
0.8282357310972369
0.6824383820442378
0.035048872010335685
0.930958069036555
0.8013682963045279
0.6181810353398409
0.10171607838772334
0.23899372557179188
0.7782127613438923
0.8223793382696261
0.10959985568610608
0.4244614209255644
0.11197539907123633
0.04136917837699072
0.46946498085592403
0.4428869529984446
0.7714922150690038
0.08961613443388583
0.5887845258361946
0.6094713452632874
0.7711937852202663
0.5545847468362864
0.6347240413760507
0.7484847993761867
0.47679629436088455
0.37047526748704784
0.13373410323558843
0.4230543347552299
0.3874136281154037
0.20545359123984797
0.03678575526896177
0.12530073258832009
0.79505367891005
0.2759683640045253
0.3702764252313532
0.6583878754015391
0.847605215341323
0.30734368291748837
0.18927586496388538
0.8006778688367638
0.4075026702550414
0.651679966016488
0.018515567333098115
0.8358652267094482
0.012216692414099284
0.4055752612979775
0.017522700354186238
0.3841423069922282
0.22402222019288198
0.13531715032916514
0.5376226881269447
0.9170447504690092
0.6519254613506055
0.6725467150523172
0.6989071145355402
0.7278186220633048
0.41148472284995563
0.4023103915896954
0.3094159280522286
0.2924488727154071
0.20028806003606536
0.08081076719459779
0.6839290600551381
0.1199814696649435
0.9178435609523862
0.5968486916654158
0.8017375281582496
0.05507553947947619
0.4757049158583825
0.6832345126225672
0.5196887559596766
0.20921929831917074
0.777826675689434
0.9804481713752347
0.24034282706866872
0.20189255806309303
0.8275013345642412
0.17410270914018056
0.4811677199671739
0.7365038092957578
0.0700490614426238
0.9645187756047477
0.792543626889009
0.5923555767194975
0.47702267357813977
0.897937150753799
0.5293491543187216
0.46226426768502527
0.2004483402911259
0.31951482386518915
0.7934562640882005
0.8694438239977006
0.42192620444791573
0.7850968382365571
0.18961680840559236
0.365684550134976
0.7716752354948652
0.8885592409114619
0.1454684153734359
0.11258398036029427
0.1328442664383086
0.776660672721907
0.15048061148653047
0.0351023724191617
0.33207285921657514
0.1575589582384056
0.5343809531614483
0.3149198868316513
0.40981173781589886
0.3746651730113725
0.28625139495007224
0.6364151755541801
0.49452059023524797
0.7015703479173926
0.2234000395386132
0.5691692646528062
0.4089191681993224
0.8624789959158937
0.6127488042204109
0.3403388335000467
0.602922338827651
0.6609050413163453
0.18818578201172087
0.8119685209741292
0.09876578469520692
0.9706282583701583
0.6893061315825671
0.8454080111776627
0.700442284890389
0.2683302021852041
0.9087471436696533
0.7572655250888218
0.7142843325552345
0.24360779629464624
0.7193355615129198
0.8280273827567877
0.08165187262308427
0.8221285588004085
0.1911665122393592
0.2360129090273424
0.8589552318798199
0.021789647589214867
0.026208353070509283
0.6360467851715995
0.8032502789293462
0.839122709184219
0.762348458030642
0.9083825795650902
0.9276786345130106
0.22827082119773034
0.6386334190783961
0.58229312625317
0.6404193179448628
0.9927954385741248
0.43569593633785586
0.1962539249435944
0.15298283372806332
0.8289799877340495
0.9346684421135835
0.22926346660616093
0.8034024189029524
0.17192329760779812
0.7198882808711652
0.7325643477245152
0.8461960442395636
0.4627465663377003
0.35681535032398026
0.1323172324413625
0.09214285067798678
0.16453153483572946
0.11635803883047935
0.0997142368004923
0.8245329279539441
0.5918293609064977
0.5918369194547507
0.043629265354357405
0.10753209146978615
0.3687684764140532
0.2667691763059056
0.5211684476984232
0.4022689261602299
0.17831549294013005
0.8013193231258386
0.6459559949043377
0.9244611036042711
0.8204430192901705
0.05257610007505931
0.6921293044303128
0.5425971196003077
0.618566042582072
0.20434438475736771
0.7540683826665618
0.8161537939798402
0.2538346205212558
0.012178293786523353
0.14727769783616673
0.15597413324822929
0.7143438848482603
0.0007468449494889562
0.6872459761102323
0.6892380279775987
0.30757731903926855
0.32896699001700247
0.6313567879789447
0.6306943686769013
0.9720044364657402
0.9194005179114282
0.3847683033251331
0.5442158630015289
0.21021756326012242
0.37211012473929306
0.7026874378753557
0.5582981876328655
0.17205664198803428
0.795078635432358
0.4622768733616103
0.09330902202107849
0.7244179028380877
0.8631030958418838
0.5361193608674394
0.6257241840414992
0.5812675461429869
0.1556085939491343
0.01857153606148021
0.3272342754214813
0.5137786962695842
0.4698149898471127
0.2380845900057973
0.0016304793796980688
0.35393555780350916
0.513451613993869
0.4998279023394032
0.3163572378023167
0.19770352312857586
0.3962739700778438
0.46862082111641035
0.6927521200545906
0.7538243405180448
0.5264011721581501
0.5756044432896539
0.5857619712151502
0.06695146900453608
0.8451301301691423
0.5242777315597932
0.24774982051576244
0.3371798961428224
0.9694824979397763
0.857210349020349
0.14175159363423717
0.18159146763311196
0.2195895232035857
0.8403707053613116
0.6689764539598305
0.9052758277432238
0.6432755567787453
0.2384084813684305
0.726360138811479
0.9517451835388122
0.2004081374287333
0.023789084871400856
0.7010158791452729
0.11833111496871618
0.6650439732130692
0.16849143416666446
0.9179719581495358
0.5115986609884413
0.47018842795286386
0.17882377573830044
0.40989649564766306
