128 1 3
0
101
1
88
2
20
3
104
3
4
5
80
6
117
7
83
8
88
9
88
10
26
11
55
12
87
13
113
14
124
15
30
16
38
17
39
18
31
4
19
12
20
21
36
11
22
23
49
24
112
25
30
26
127
27
88
28
63
29
112
12
30
31
58
32
66
33
83
24
34
35
103
36
127
37
125
38
97
2
39
40
98
22
41
42
103
34
43
44
50
45
89
14
46
47
65
48
69
49
99
46
50
48
51
52
107
53
76
54
118
36
55
22
56
57
92
58
96
2
59
60
82
61
90
32
62
63
126
64
76
41
65
34
66
14
67
68
74
34
69
70
111
71
84
72
114
73
91
74
116
75
114
28
76
30
77
78
107
79
109
80
85
81
116
59
82
22
83
84
101
85
94
86
95
68
87
22
88
46
89
90
117
81
91
92
107
36
93
60
94
95
108
69
96
31
97
65
98
99
118
58
100
76
101
25
102
103
108
71
104
87
105
71
106
67
107
108
112
52
109
49
110
85
111
8
112
16
113
112
114
2
115
111
116
76
117
11
118
48
119
73
120
75
121
14
122
14
123
4
124
21
125
104
126
19
127
0.9788017527595445
0.8510770769448317
0.4564225956789184
0.533631970585437
0.3875484704066191
0.5525449585711368
0.5176199320625718
0.3927702597648326
0.8418812756458967
0.7573508710862383
0.7474638037403447
0.41115015425918244
0.9807082907918679
0.15621761384371258
0.8925812517925833
0.654933198159103
0.5306877609189912
0.17231591207774788
0.7100590864023248
0.7526179643273032
0.972978039909432
0.15009611304802684
0.2831544472023584
0.8288537680775118
0.5767148656613624
0.41309418779564244
0.3585034003028946
0.020056795935922356
0.07176654961182838
0.7920878262202597
0.19859994472651687
0.429745565515525
0.22801564133693042
0.5174659341430925
0.5423828353040413
0.25393631945447004
0.17954858241803695
0.9227264522509571
0.9622898060108191
0.32042346115478704
0.9895766695923769
0.13823811914352158
0.0075711580249336885
0.1339598931506526
0.8657990597411319
0.23749099555996678
0.1892441428553736
0.8432001460127609
0.5620808190475212
0.1589304344949486
0.11791440617382143
0.26159931089074784
0.46646137726554726
0.6046484395560952
0.029975530329265365
0.07118723548252714
0.008271561808159023
0.020289792073653667
0.35991311670288206
0.1346206677300159
0.7616754334206152
0.8515753157602673
0.23209785276477146
0.17321979707766777
0.24775305711562168
0.8221227974129702
0.8377099185243794
0.9782992517000167
0.09320225580296981
0.8939436260110041
0.06243528552400068
0.5240848386665404
0.3090205740987878
0.5587548788374466
0.13999650280810672
0.08957066797430391
0.39872885798809454
0.5898446922869109
0.9549561028156379
0.4352280961529973
0.5057510575443336
0.5593618806495531
0.1873939635774391
0.8245534747067929
0.9945095414539338
0.8743693020087047
0.1037607705446364
0.10329081644956539
0.9134178616841676
0.05171340936169544
0.38111109318339886
0.9599687054911135
0.2509546440165502
0.7867164282505541
0.04588897884650278
0.6064412321591163
0.36207850448440126
0.8581980689938725
0.20930884181111753
0.18268893504624906
0.02646633709818147
0.031325915765853085
0.0745465118691605
0.8686880513153378
0.7616449942676786
0.9590593547630436
0.6038962138661322
0.978670592569054
0.7635192372928019
0.6576715037869061
0.6156007351952505
0.5638939113084542
0.02019477199068609
0.21904566593499886
0.7487548078705102
0.0017548411990686574
0.11459200026114613
0.3645782735695562
0.8661706311632925
0.8349944572512248
0.2602983539074327
0.9171546263263238
0.12553008504062457
0.9297249809864095
0.847397500983843
0.945469453732134
0.6065598695005661
0.7551436619463838
0.47491309718102814
0.6814360731073906
0.3750643961386243
0.07137144940638052
0.23308175305468481
0.24123799211477903
0.5715855769974466
0.16094338324273072
0.2809585557725456
0.8977359158951449
0.7168899061882377
0.026189673092105625
0.27196195072744567
0.2658912812126706
0.9701500394558759
0.688040503520825
0.053118454153816996
0.5034387864632806
0.607628894390858
0.20443248471565545
0.7608196426104541
0.4730278576432393
0.13223881169539964
0.5739503541436489
0.6848403147904226
0.785450699272758
0.3297580738858865
0.3121302843290452
0.5181630257667945
0.9904911159301526
0.5075326339649437
0.6595338423640847
0.03994616805866058
0.2629959974972641
0.3362430720623971
0.9967568496981563
0.973217179897463
0.3008996793547374
0.6821909323044514
0.36934823093726254
0.5073686453704299
0.1887910718472543
0.07552361909036309
0.825225654653936
0.2455417839068893
0.9347328864927338
0.39441392616504534
0.4576568643326774
0.06721836739997211
0.6616307945055754
0.15740625623184124
0.0789466089363905
0.6699163212401567
0.08821733137827392
0.6810161800700791
0.4195869892624742
0.810463513387463
0.16041873171795207
0.440859338232783
0.7681190245018186
0.6871692782711384
0.009577559558200943
0.5107655819593703
0.7690057860317405
0.2012590337732333
0.9546971500899449
0.5303821451010453
0.044407863410284576
0.8305174920902051
0.5787456924896411
0.8587630562294813
0.38552103478501376
0.2880352894802205
0.709658000191313
0.5674882928280047
0.6135601749687363
0.7282345139389061
0.8022606314928358
0.347707061773056
0.7809936456132591
0.5708537393559329
0.4504737256164715
0.34820327277381313
0.3398013633554202
0.851889904941057
0.3071538034840118
0.6689520089628025
0.6328542189287625
0.4456925789139604
0.20446366932538584
0.3297516215851587
0.455395109880936
0.6193610612607181
0.9827712350324614
0.4179110192017421
0.9680578557866473
0.9019445954660563
0.4974601285026867
0.016292117883907276
0.28543744265918114
0.49445919914810255
0.6403069353665342
0.8188440278533008
0.6516383968361373
0.9234885102844796
0.7864203757727675
0.8550711981231758
0.3737127094728645
0.3409543898189016
0.33703423244129027
0.12808868260440032
0.9095578108726594
0.194548020776119
0.20564028208605722
0.7579023705786592
0.7053160490952446
0.12713063816472658
0.7330045164743724
0.8518444378668736
0.7650005744002102
0.18575161755753566
0.396657036065732
0.9139984191083907
0.14187563844161732
0.14328481697480977
0.8540087771966678
0.6432397127212408
0.2998345664283576
0.8266032306458837
0.9621031768135501
0.5113050366179117
0.6075182915385066
0.25101311893789446
0.48551414875274135
0.661513913424917
0.36600686172291397
0.07421158099699576
0.25896477234454507
0.5026867737815367
0.23552932494265055
0.34416658112557397
0.5569228184803264
0.4912598124289007
0.5350955326236397
0.4032454454716684
0.9267897190000367
0.38247210600658654
0.6686818130717095
0.5346141368900242
0.294290517814759
0.08280673083571866
0.29527449883344314
0.21048798601698815
0.021723756558197915
0.40402151635383665
0.4043014896324899
0.9103571633564586
0.7310951699977404
0.2654661771305048
0.6276708213528778
0.39949871946768045
0.22919609123565488
0.8450973144039509
0.6959779968200523
0.9981850984323931
0.7987189028420337
0.11857675518148725
0.14747744486600622
0.03560757690295702
0.766086371567589
0.4044087701331335
0.10996433598442457
0.4272831965841283
0.16246300476759734
0.0798280788536202
0.7584190767737888
0.3317038143657097
0.5406981192854098
0.06742105870844994
0.9223966929934376
0.16568113190694556
0.7662788633519931
0.7437633813077025
0.3753437822565917
0.8314260171364608
0.9335320634922725
0.1327365126139729
0.6871879252837235
0.37936438195334465
0.26254087300972995
0.4340519591755728
0.9137616274254052
0.5687004843840859
0.14007743967616548
0.26448101904473376
0.9258125999974828
0.3039936796788981
0.7836103205601118
0.8293678878567132
0.7660489877622075
0.04524120331162418
0.9412262266951789
0.8157891510927533
0.813080493291303
0.14140619685333566
0.7690295884141233
0.9561761515195786
0.5527929592187082
0.314248690072122
0.5706086086377471
0.8613773006285503
0.5946754023802093
0.828025981661963
0.609035784618366
0.21878846187239653
0.7310421303786844
0.7513424420856205
0.45687809379234867
0.7716249025154656
0.8438762453736577
0.8209183939192551
0.5646853788256214
0.2138135568241344
0.5970710827623603
0.5079962239779544
0.6080316121024354
0.8496444359546105
0.3301952639718454
0.16220559286859348
0.9530797851809489
0.6314602906536017
0.45711254394811174
0.778339289146141
0.29781840226244327
0.08862224196806168
0.3480250557170995
0.7751734514956966
0.02078276975465032
0.6050959210367106
0.20210179744849743
0.23269536299729932
0.9603580573932491
0.2578263452552134
0.6737575809739142
0.8534481863861609
0.015087683386212913
0.09833707364784716
0.4238913441226112
0.8021668291188443
0.7434685514174386
0.91484127225014
0.7734331026273009
0.6827756791093494
0.38550500513247854
0.24597445469828727
0.18813823407793284
0.03836791911305926
0.07921861256486962
0.47232620652515145
0.2748866389988802
0.20659627937091185
0.3838091740621695
0.7077646522023386
0.39557174552496144
0.27074927590033004
0.4463054838493371
0.24067927309858173
0.7603441692783923
0.3229715689582714
0.2603857243608877
0.15045568855046643
0.2761580825079427
0.019988235641469898
0.4426728618804251
0.796508414715162
0.4532379111872925
0.21319498013408644
0.6154234439590621
0.17371256178084638
0.3135460769114704
0.8378571920300578
0.08653073787228915
0.5425773140155872
0.43380356799488917
0.9380623795587124
0.6569344808547142
0.8645016671910792
0.06308976098096963
0.8168585670702452
0.2148338008756453
0.019776368092925045
0.339230095372933
0.2661903447802132
0.2158506432203552
0.678482546723402
0.7757651369300067
0.5739783764356249
0.18633445684525352
0.2244065467845603
0.6121472450884954
0.39309347853073673
0.637043367398157
0.8783515755823315
0.9382483849924664
0.60311933304752
0.9088503225738992
0.8524661536796516
0.6427089606538333
0.8537048054970602
0.6085937447115853
0.9755009726635824
0.6237750130662679
0.2731828770910022
0.5800111992672257
0.1989626321043999
0.07615618179592132
0.36066196360993374
0.7286425228852261
0.34050458831961594
0.5399152115693033
0.2948910093067193
0.8356257257549812
0.4237436013642768
0.04789395103858152
0.17489733638159466
0.5306523647518989
0.8679889563651011
0.9088748427305071
0.6329958069245466
0.39625949301517316
0.9871545164552231
0.18732968797450478
0.5527354637366318
0.5370071180443724
0.5922756279506427
0.9979137997843616
0.21342427127069752
0.31554351200214803
0.6571423311819126
0.4477292428040949
0.04282333154318396
0.03438735287741257
0.29146901363706657
0.82678950704576
0.489467816787717
0.1525564557337037
0.2222561710694677
0.2994094796896718
0.10417663372069741
0.3139455133642931
0.025907529694103038
0.5540727082098211
0.428944576611167
0.1916892459152466
0.4122183791359171
0.6906270919239237
0.5057091528195905
0.6633887394951086
0.2027881408451071
0.3706269194958738
0.2875604453073276
0.15752389265084676
0.5258133651775581
0.9395631655896105
0.37463754953017814
0.6301032580852389
0.17899819089762925
0.027652794225847654
0.2665732950067562
0.46627154399804827
0.19994206650264357
0.19736263608993587
0.15507199936229987
0.2387861177961228
0.7604393141903607
0.2796715751455213
0.018006989703860277
0.5404842677475247
0.8233492008895855
0.1504304630235872
0.951059618069475
0.5508347926296335
0.6952993539316507
0.5570663173509101
0.4176208445916737
0.4006437196185203
0.9834968677565503
0.5481611861892627
0.09077242062298208
0.7341023171133648
0.9558856080495013
0.8953432719045625
0.6742236395257004
0.6872535769982147
0.39289778873347936
0.1293059526190069
0.1602855893572871
0.7411233619707709
0.35835368407577917
0.7811375048224789
0.4865670244624709
0.7863596115999409
0.7961116899809194
0.6839478839779669
0.021728381774700267
0.0411855890540348
0.9355460557971503
0.32445897574370886
0.4358589479565099
0.4439961390592344
0.21099710788982107
0.25679217720363345
0.35076458975348
0.7288377906133983
0.4845613185499519
0.7039837345234036
0.7346649903198617
0.3713746859340189
0.19370627604015378
0.22983158576290919
0.43257535023719895
0.6661880463048965
0.06564005146187346
0.6524889164091473
0.6109658747293331
0.4083477249809402
0.10981768855954177
0.7687329270723472
0.7399113846652158
0.49916997426920895
0.717653744684361
0.9932252973929947
0.6097008748391258
0.1260480772402539
0.5321793260073103
0.8902392058880682
0.4704952453437228
0.399781195768914
0.003675943442630669
0.5538462851819411
0.9050641921308724
0.27074778808676847
0.5416149970386056
0.8569578390247488
0.46489373935432554
0.4495372293586678
0.05388733508938259
0.7763624637166179
0.02814543882626319
0.06008322210897399
0.29855477753362114
0.5166158692817192
0.6944649703732692
0.3048652920913246
0.16687726246954837
0.892269340588439
0.748321053401364
0.09231686206421919
0.5788256368551116
0.7352892965361787
0.8778053821422619
0.6974590402935714
0.5655160385250151
0.9094518266478019
0.5811568188841296
0.37195392737875077
0.6026284511494068
0.9942654633112197
0.36629815078710204
0.007487188627342878
0.07528483932638519
0.5846035217787945
0.1612206466196241
0.9584037926812025
0.2569617784763536
0.66450921076605
0.8237357156030443
0.993945159530674
0.6646038398452491
0.3109501110009585
0.6882650839176385
0.09704430212254245
0.285273000123927
0.7122937909724292
0.14564040857435434
0.8669460283542789
0.46621951790530514
0.2493055212386701
0.5825190482189986
0.3988548206655127
0.04252429467300245
0.6726072388888342
0.9462401546832676
0.5882183590634197
0.6160320271685192
0.015565245105592984
0.5615400698048403
0.9864759147798814
0.09189877583039774
0.6997707868316039
0.9265167163159144
0.04464787590793218
0.17624722171485396
0.4181183860558857
0.8030973319192151
0.8584609606537342
0.6027729372184832
0.27574742383453277
0.5440063648392959
0.0791447583344852
0.6587539645887682
0.12390076630692348
0.37478154478702597
0.07569603802664315
0.4843100486546269
0.5804075997948351
0.40960078411858514
0.07460896153303576
0.08333939817051417
0.5113299367824564
0.8571763502774402
0.2206982662037662
0.002988088112317322
0.9454472096668038
0.9324686878800511
0.520193208374774
0.682079384221683
0.8232900196193064
0.766725868861551
0.07430087309071398
0.5452439726805137
0.28380546869938084
0.7756588217973654
0.886328853967959
0.6865385221425654
0.44789363674092286
0.9729590247670199
0.37640132585744623
0.4246747953982257
0.6729837977000759
0.6353104623189753
0.47741063436723463
0.3845052220483619
0.02159173324576713
0.6577215638333455
0.06121254709116064
0.19059373231905652
0.6085252817732557
0.03274652993059424
0.8786179530028709
0.8171402807567367
0.3276209844604493
0.9291454396631126
0.26860131243841
0.538450695587133
0.49635746695057203
0.09069434529174847
0.3016203821025901
0.4935673502122917
0.9011464635191921
0.19669374880032842
0.805911681532841
0.5523456519301595
0.4443718185906449
0.5406050119748335
0.9945121974840071
0.3517291120088908
0.29674497607825123
0.5128298850319526
0.8963199440883172
0.9149242044030258
0.4661567807500091
0.3056067809015094
0.8681306407515038
0.32956563254248483
0.8190374217666987
0.8150150331857322
0.6345851597703218
0.863663478765484
0.5260716066867684
0.4733366875619749
0.6817213446689565
0.5412037936794788
0.8485534644510405
0.1672337224880418
0.5574145060631732
0.40097502632849435
0.5237677358071486
0.3325372821507724
0.5174644869459974
0.025817055552457946
0.7043035622069777
0.34344323560205037
0.25802737025401123
0.36964541043955956
0.7289639732673019
0.4436533993550199
0.7149807486813066
0.45000337688161995
0.32447138228964045
0.29885794422478484
0.29328774592586704
0.10354592552054986
0.8895231542742619
0.4626403695835355
0.5090312943501888
0.6079985679589677
0.6422597779283484
0.009137329851836129
0.11842862257083486
0.6092947447329162
0.8101548585092923
0.4709069087568505
0.8092063139781057
0.010946258487234406
0.343371122989115
0.817761149069041
0.5181623683166353
0.8366654415857282
0.35338988786248204
0.9934324564824352
0.6002052150977102
0.8346216844043364
0.3844491765645225
0.6783511042577439
0.8213451888342137
0.011033929253625674
0.22204767480206067
0.3411618169271444
0.874499964826102
0.7666897974840299
0.4824684267719638
0.5508379924773237
0.4314655775088495
0.35073571014893157
0.738229535936935
0.3117900570332326
0.27325541443077916
0.28086432587778787
0.3053240989407914
0.9853746130037059
0.7120227501427278
0.8626710251053483
0.7471724577257878
0.16243371511732607
0.09629840297982772
0.8681463964914494
0.09396307258494763
0.03688156313276836
0.14360460306262557
0.6397443320415884
0.5317617026195112
0.1590834478068025
0.3916793314015916
0.8524747384973098
0.3619974374602327
0.41233823649432333
0.5839553803184943
0.42110541200184737
0.8854428236778152
0.08714227764481564
0.12549862207306817
0.6087366277321369
0.27659150320526993
0.06561306831294966
0.17574169693795494
0.5777313803547569
0.39496071952178724
0.375671585953647
0.9378711893753332
0.8041354159374919
0.7106555799048583
0.6097549870946771
0.5293948268608506
0.967553699979599
0.10859660691892459
0.6451833235532973
0.9625263844820355
0.7700116136825774
0.24048343543629758
0.8181611460739098
0.39948551791470743
0.5902221751342905
0.6646950099004594
0.4767641762583772
0.8734840972104473
0.5763494584042104
0.4399113187190764
0.379281215969983
0.6142736025664776
0.7998241647718369
0.09646074760880097
0.7651186356146715
0.7369448245220265
0.40842643893919106
0.4293960227269775
0.7913531588425756
0.4330957509196338
0.039288969115326866
0.5165537023946133
0.8811358679502541
0.5778646394138512
0.9276651786770865
0.6361017747365032
0.9675653238385922
0.4670063276423869
0.5731360101742489
0.9316632904953894
0.8667446735253257
0.19796632921520096
0.9332061642888658
0.5111413002582949
0.44047682010841416
0.9607268591146296
0.3609815851248618
0.9946715507034568
0.895476377523174
0.8521924451097556
0.45021811183212146
0.05198765665694183
0.7070542016437824
0.5214700568970504
0.2772797490939889
0.6276763361518028
0.7401006475091689
0.7333538373671978
0.5167203839923399
0.6010377305726491
0.7381026527471185
0.13782700125524328
0.9503874958179734
0.6296751919213849
0.39040272574809753
0.4608436569959443
0.5965226473876545
0.42842375018221235
0.59136724485475
0.5854829249609226
0.4946882662296067
0.28016196933890214
0.910250839766633
0.3866515993081111
0.7711894762803083
0.059171660311093666
0.3331348288521164
0.32012564670611177
0.07875559349539774
0.34439816930774536
0.1454231549509477
0.7806634549193315
0.7749676590821649
0.7774296325275744
0.07539646817951251
0.5645214348717303
0.6449257619795122
0.6581544430550189
0.7710361639753459
0.7396409655128758
0.847753205860888
0.9035325656899075
0.7652405327493754
0.6417217973058809
0.9423004506770931
0.5766140015066367
0.8348199815868479
0.12213632247863526
0.085643940500859
0.9255539629906803
0.78381358439449
0.3046960832150212
0.6013567812054288
0.39606336677602416
0.6828078343589048
0.0804900160314056
0.4108408964909621
0.06137303318093201
0.5054148384243213
0.633970478971233
0.286053737540904
0.5125954745621294
0.2024373523772096
0.5234681225442847
0.9582451344951513
0.4311411843347721
0.4357824689179569
0.29712656228294043
0.0503960623794778
0.9015329141384271
0.8651257195016213
0.1619862492571712
0.3705790974465777
0.30639271063357576
0.37255824935020987
0.38101890518947445
0.5654066048925851
0.27335398914874875
0.2705136942288564
0.7087183713548048
0.19993115594000666
0.3385846957178401
0.1180590786392528
0.7781429239050386
0.09752762431817696
0.8180774392078947
0.20357064157926508
0.11866979591088012
0.9182902809075256
0.6840545225647118
0.10912901021615284
0.3068171874324762
0.6373806152643055
0.8542237430801661
0.3687164567985983
0.7354337416073172
0.2197278884793067
0.8995566195303497
0.910561891844661
0.9604753031349594
0.7422328511860588
0.41341024978806884
0.2520023894300085
0.8597646681781138
0.8412831237385893
0.9890448447327169
0.8530280587325737
0.629176561640254
0.742724992650886
0.8033641882339265
0.6041096270285107
0.31844010001438516
0.33384840228598667
0.8074636580897501
0.24057416352187067
0.8641394697061734
0.43521541805765107
0.5437968082477519
0.39987316358794267
0.3860337842486593
0.9378802884899181
0.9302099050184588
0.9545382375607833
0.1436970065241825
0.29186631612538827
0.6294914035247257
0.9938898347281252
0.50851057301033
0.03027800083752119
0.39412482996521825
0.8157399027597545
0.3231059685500902
0.31339049184252077
0.9303700375384321
0.37296029505693795
0.4476957296581767
0.5784130579727998
0.7606265605749444
0.4004973979530164
0.852225089473449
0.45066563151378225
0.9009770317239756
0.6099396414519349
0.04959964511681958
0.5576708965051914
0.9669307013566324
0.7110964995980567
0.10713438546312481
0.181721654110386
0.39075959644022296
0.6704627490079638
0.655582624574432
0.6541388982596222
0.3298295736863318
0.3116881042494596
0.37030345780686924
0.6654265553808906
0.07035844167697591
0.2961136584300108
0.7779726833090191
0.9236456386425713
0.8886144605535974
0.3125905454965592
0.4038395667563758
0.2406457639462174
0.7139895689697819
0.35446611705883835
0.8678835392087192
0.8907564741535905
0.2521338335164195
0.7183498846148568
0.03849679172505316
0.9358505379282734
0.9262096307301974
0.5389841420762864
0.014440218592555953
0.14740749763441152
0.6413734038885305
0.21967358257216574
0.1636321778374712
0.0656310595754307
0.4137760244906592
0.7821963112429301
0.8791109008441313
0.45106203854155
0.3847317246941476
0.6343687335646492
0.9375473802347858
0.5000053172635902
0.5139201278591802
0.4517832230569002
0.17473773701168094
0.09632591879749974
0.31787574771530314
0.0020075243538689724
0.3982299512008973
0.7243148581272741
0.4073145502646449
0.6977776170752371
0.7443196987188947
0.08942831181661126
0.26287206621646164
0.507117441302227
0.891976889064633
0.25403522287545743
0.7646181172882689
0.1578856318032258
0.9688987394249803
0.6585290473050889
0.827820492164781
0.8107350935920522
0.011514243276278258
0.9858713907930178
0.040877015085654
0.4407188571238311
0.3504367810087118
0.30167818483173225
0.617705832653709
0.19615511493553572
0.03657748594583743
0.5834111958869086
0.4225606533998518
0.20954561591448218
0.7175044728091675
0.35454726126191627
0.7536517695041632
0.7784360748648648
0.2347236892546425
0.08587153607499864
0.7454065205739392
0.5397401140010295
0.7326277210228145
0.3710704989472998
0.6845580813110353
0.12371744190646616
0.8537188272745545
0.002064036454634599
0.9073746088117385
0.25159395587117506
0.7183807127620477
0.4434267960041366
0.3341548284236481
0.028247123643838967
0.9375283734219899
0.12590828024027545
0.08309620774878312
0.35711213604885883
0.7551692475659276
0.5403208417015404
0.7141676051284293
0.008004754627105148
0.19635394210368873
0.21221959745100905
0.5363724958614384
0.4147993744137185
0.06834791793667849
0.9076073449179012
0.5341024181357239
0.17427059804108125
0.276157948200368
0.2894060683885945
0.20141433732214564
0.24052143125444225
0.7098379500996784
0.9517350592203758
0.7025347480075141
0.5616441125639715
0.489326556055524
0.24916221664320026
0.26387473807600637
0.7726967250893841
0.9012610809517582
0.3442652440199776
0.2356705858523761
0.6069117319146844
0.015086585313616396
0.021669835276708627
0.051564929492593836
0.29372752501891264
0.1399408308660235
0.04320515054444585
0.12125654265043861
0.764782897458075
0.11155596225774023
0.26138845827306534
0.32501425366079284
0.8489285212391545
0.7947117205510627
0.8962396960731952
0.939757822742156
0.9377026618466606
0.39781743188259544
0.8653702508220403
0.19398447629229876
0.4269160919966023
0.5523885633406908
0.9891296699195463
0.5940882665277015
0.7607341722079276
0.5651597751344533
0.5860025739250988
0.40279067550548986
0.1715223006719392
0.9843392010211155
0.1981592429282223
0.7235608029589362
