128 1 3
0
30
1
35
2
78
3
66
4
97
5
22
6
76
7
86
8
46
9
65
10
21
11
46
12
70
13
29
14
65
15
77
16
26
16
17
18
116
19
101
20
116
21
99
11
22
23
100
24
91
25
116
2
26
27
66
28
75
29
71
30
46
31
124
32
79
33
59
34
93
35
117
36
113
37
74
10
38
39
85
40
67
15
41
42
127
43
45
20
44
45
65
46
66
47
126
0
48
30
49
50
72
20
51
52
63
43
53
34
54
13
55
40
56
57
105
18
58
59
94
60
109
61
96
62
121
37
63
64
88
65
122
66
106
57
67
9
68
69
89
42
70
37
71
72
102
73
77
74
85
75
103
62
76
77
103
43
78
79
104
25
80
81
126
82
88
83
95
72
84
32
85
11
86
87
98
88
92
34
89
67
90
91
121
37
92
50
93
94
123
95
110
16
96
15
97
72
98
6
99
85
100
101
111
14
102
52
103
34
104
84
105
89
106
73
107
55
108
83
109
110
116
65
111
79
112
1
113
114
118
7
115
17
116
44
117
55
118
80
119
61
120
42
121
120
122
18
123
12
124
34
125
68
126
34
127
0.5392082799246976
0.689635013609607
0.07894410041181155
0.7355574821328559
0.19624929859597962
0.7094290109524378
0.17628839867784352
0.31016369749771044
0.22781916919777034
0.46185666608441756
0.6023341392675261
0.939671819338325
0.960299475100332
0.43972020244776555
0.7042097088509742
0.4409072573994739
0.6953544936322668
0.9298335697719727
0.9843456020192135
0.5541751159377316
0.5820025081975193
0.9206982194328743
0.7409915858764847
0.9211002883929801
0.7830681383496599
0.339291269524162
0.503043136422365
0.7148410101953011
0.8126945413031375
0.6966444568129683
0.5069589297908538
0.5736078090928165
0.4368433699754536
0.7928619339675592
0.14491921584373524
0.8463433117534732
0.5635406892455673
0.4878863764308835
0.9315868887069539
0.8707590845035453
0.8914490078915295
0.5180156598371316
0.5908538865821952
0.6621975698049979
0.6953713837046648
0.2573703159842561
0.7685060782901911
0.16484681403843615
0.436568143288131
0.5848287720084681
0.48630927779560873
0.0941131183177657
0.44636814657097157
0.10849072671323023
0.3074752837710626
0.27857681756926955
0.34096503786126575
0.49556979943699964
0.32970477586980906
0.8282284799484042
0.8389603862826123
0.2639140213728508
0.04439915677270323
0.2150755174031338
0.005834231488394237
0.7506968347911782
0.9853863546915821
0.08725052703194647
0.5181196204734057
0.9908899596509163
0.4401423904480207
0.7284647811741982
0.007370651577517262
0.9198876604458962
0.2853831284453969
0.861379382785642
0.8029554545940668
0.06537334971594677
0.5954021399756099
0.052092857899728395
0.8454622917753374
0.9216702985814613
0.20788375325042097
0.7161198298395781
0.02252206378527133
0.08894155515292679
0.41413030201245205
0.8292060049433146
0.8513200305185695
0.2454518408728421
0.6739257829925017
0.7745003199518131
0.06977222876364386
0.8903185645474125
0.38359724217189384
0.888968253502747
0.48576768541672166
0.4017710856466038
0.47303186690588284
0.5580076185701611
0.5627191032527626
0.09185813802374077
0.179866341956331
0.37695074491412395
0.6202444215187101
0.35372498904996064
0.17699069958199154
0.41966868095245435
0.6056564888824323
0.2795317248831579
0.6210534565822214
0.5926952713058178
0.35457883299478643
0.490933190492188
0.09541452913847892
0.5704448674395545
0.253652478348269
0.26016966160329036
0.3108884955790596
0.3616627535858655
0.885465293001018
0.6541391661304322
0.6507286420121033
0.3240547102864244
0.6991713231385799
0.6517451838379759
0.9893819784989825
0.06380316720473689
0.8987304939535343
0.16893526565424766
0.284409470916973
0.31393551860518776
0.11466351431993138
0.12467508576439335
0.48254818708076397
0.9860985699584567
0.17066232287223748
0.6870919439698193
0.5293647114945029
0.8775204447831486
0.07323482385146951
0.453714153931286
0.4121248023176797
0.8687293709328404
0.0021193265287791085
0.3084132907297793
0.6670307526080386
0.9728931274280358
0.7234412094184384
0.9489698465051213
0.027086934253678585
0.33406711435696856
0.12293164919092026
0.000706099740650945
0.8902246091924952
0.9582120653331365
0.43510345333871303
0.8378682398001305
0.27768177997711563
0.31376173114300243
0.5636925096169323
0.7606227679865378
0.5101748856227077
0.9257128061053956
0.5562608181323971
0.872677467625038
0.23961121248558892
0.9693575051196275
0.28197549881318207
0.5156228611359116
0.12872835125157267
0.857368835565778
0.35600242948250915
0.2214995184233859
0.7972511688567386
0.40483662313573365
0.5166800619185874
0.3244967251537978
0.6144630872985759
0.99447133965894
0.17273417310075467
0.5209034185185535
0.8388821436053485
0.03924128237960556
0.9350736901877003
0.9273574971849854
0.6950361846418309
0.945690379410208
0.6421934122972456
0.34836258602807746
0.20565169425983043
0.8862250638628096
0.3791450055897231
0.18366134090305664
0.5059415399893318
0.44227153533640373
0.5716877793010225
0.7318538366227382
0.7677061388389259
0.701809734749971
0.4173491464914697
0.6732241366328354
0.4171966900647397
0.6374042257574078
0.3110300139487804
0.9557840280731501
0.8266165273802751
0.24130297720446403
0.8693834321107605
0.3232893680542124
0.9349329417266846
0.5650865914134852
0.47476698010210916
0.4702498375157881
0.81897609191665
0.43112320287301753
0.5079419409067958
0.42509413847689403
0.10615470588523024
0.32434524604218173
0.9857376406407541
0.47693160872189344
0.49660734880759316
0.987617648284805
0.33852588393444727
0.20610167305964355
0.5099597863333356
0.9468404956497465
0.09343994654512389
0.9352841539995164
0.9269633437373352
0.6055000200183712
0.32532031618549817
0.4584387981738284
0.35132833868404867
0.6311132032509738
0.09959464388629702
0.7143353983285132
0.14689451250699626
0.7008068483664739
0.1692892440284025
0.16389283524556053
0.7330870461425499
0.6324353675081177
0.3452806006376986
0.9895450079505581
0.32318309842424675
0.11945305270102402
0.9624948297967097
0.5065344199923512
0.461491007767143
0.65105957190523
0.7138625211612117
0.14555252304331756
0.4020031001893699
0.024507351274488554
0.7198722295756748
0.6868960134573904
0.05564110183452964
0.29366860583695187
0.53120927636638
0.8765967186740378
0.3024681882356718
0.3245189508594746
0.9780965214561567
0.4516574217588527
0.9352684691091089
0.9840713525633588
0.8212643638636554
0.8601705551169243
0.8712365646988078
0.4817353572311249
0.8492273376534633
0.22264157422643616
0.547479748212629
0.8277613257590555
0.058414753292291066
0.2901539133941933
0.12297597339595034
0.5030480529259155
0.5761566082178159
0.7089728517828654
0.4480749264833347
0.05947151239225701
0.0773606466342659
0.12676394974584326
0.24288687446641455
0.3266491378094867
0.07163908412125497
0.9035734960001567
0.9255239779857041
0.28541063107056786
0.7414731477930665
0.4460118308514388
0.27844574151908574
0.0896610310035092
0.7990688666836314
0.4137308827825906
0.5827538234296611
0.1516544366340703
0.30188334405338
0.21309187168655297
0.14827764740086713
0.49878309884990957
0.289423584341465
0.40840938758030254
0.40918337677365835
0.7966960994006793
0.3379909163220536
0.7395713368111112
0.39026369279900774
0.9901360356625204
0.8078112320792101
0.3535037671568618
0.0077355882538775456
0.00732518732302867
0.6614377510865866
0.18485274310878697
0.7891764810881449
0.8666061253513302
0.23721631711149604
0.6600409123583741
0.9405721380307669
0.051559287631750106
0.2838565814378763
0.8400958872907922
0.7553651520746325
0.6034316330769968
0.6596054067480662
0.6203211398130654
0.7221077248613461
0.34940431954758366
0.9597075845415689
0.6704008582249684
0.3103921787678706
0.07278531192222859
0.3747591751464582
0.1622866883819165
0.545043358266637
0.6328303663067875
0.1997635206818007
0.9279512225202836
0.8797865140273061
0.7960725842947601
0.4490490961504269
0.5565663359709964
0.040335954067165725
0.16204288999237404
0.7815164644640092
0.4409161935443925
0.1675785274232484
0.32324878232996146
0.43590263854517375
0.19104658619793446
0.6637557628186684
0.24412323275067316
0.7066340163265376
0.823710341968727
0.7275040255326696
0.8223992204004605
0.14050628518133124
0.8950877264748094
0.3156455533186875
0.2559280441012869
0.17049109622840875
0.012160457210021014
0.8374343733930408
0.09778264218078547
0.8662825991449802
0.21383009663528652
0.051658717034678725
0.7092160674166982
0.6236997870362492
0.857186795456476
0.19587320418762744
0.49692644879720316
0.5885027414127096
0.3436415825838157
0.7923790218725171
0.2380091090122306
0.3310560232913661
0.29203433189999195
0.4754400529989925
0.12150292687352171
0.935220591608486
0.899262997935699
0.33971422598651113
0.32754877235022084
0.6912266217967354
0.9855054053356688
0.8788699386064808
0.7413410313105001
0.20246980962533445
0.6453827315777098
0.5240354973874525
0.27135890614773317
0.3351067293315595
0.7342609819608762
0.014026647192637465
0.08523546436518037
0.48491576895743993
0.010091944923860896
0.7744726454393186
0.07643474886260926
0.20281346870035089
0.6767271217566542
0.7890721901286398
0.6885648759390885
0.517327698908138
0.5066108392176478
0.897892890446792
0.5167600292267691
0.2408095767809485
0.7310846039563051
0.7597405813778942
0.6556935153977365
0.6343210213676117
0.6500860569891926
0.12464432241762691
0.9004770876278765
0.5360825064640179
0.24668901252485964
0.974013478230591
0.841131066034672
0.642699558214949
0.05857140199325961
0.08675172204066417
0.2270854987992733
0.5620620490539665
0.1588893169183987
0.12736597618090117
0.8762945541748399
0.3744942922004172
0.8320255721703692
0.19235468655892374
0.7636388208316932
0.9764497139312343
0.3449135252883433
0.7765760911222086
0.530310755139372
0.5296864510366411
0.007626863566612463
0.21864376980500255
0.7162434063805119
0.9892170729074363
0.347470632012413
0.6594562939445303
0.25264650479640627
0.42009205739066113
0.8141679172679485
0.7079770957794651
0.9269726127412922
0.9203802305418689
0.6414945876137673
0.12067894583331085
0.30055072212589995
0.8841336912635421
0.9143188008905402
0.4058548498296569
0.9335776097563391
0.7539054772494154
0.574187250893299
0.15472775290073393
0.9731051019938041
0.8646777642411947
0.8675618218153662
0.7308086114597223
0.05976366228564667
0.12181823400153713
0.3884139796408206
0.6565130695365073
0.06329328120579458
0.7673731620791753
0.06277183252165608
0.42755520879734166
0.7135363071805557
0.15193156918147455
0.1993077285307896
0.39365585967850325
0.29903286210815117
0.6045546965542843
0.8545633155862489
0.23308693023584182
0.556252330941945
0.7865743019641974
0.6521593866458991
0.5417502468221982
0.8192948723407231
0.12284154618915077
0.7579045842676313
0.3021282140325393
0.582641439561457
0.6755571742519829
0.8634203998612826
0.85935183128467
0.5184959985070928
0.9787011927557738
0.2930557502053318
0.8193252232112432
0.4784967713784186
0.14095559762691945
0.4080341400403764
0.1108583946963877
0.09850400454838915
0.2521335089063811
0.6076865024211366
0.41758013775273106
0.6453430233762972
0.7328451649840081
0.3105332370653988
0.3545658394826181
0.7176029304812355
0.19885430628648992
0.1747056854670872
0.9079836981315224
0.29327160029312016
0.14856713293791912
0.5665300793374168
0.6155950431243313
0.981906117419298
0.8121861459756535
0.846435925146011
0.3446216209560967
0.05992273339006016
0.6587791152741658
0.23339419093889346
0.8574873400550453
0.41966408902176866
0.4944108149918438
0.9922014523619044
0.9027490785639232
0.5898298206725233
0.445102427169086
0.018672608698949267
0.05116141672259922
0.9095024151446944
0.40214480261250196
0.41878669847612027
0.9679782985656548
0.8971925912816793
0.25365795908004096
0.07174714280315442
0.31587469506443
0.6369249347672915
0.0824551526620988
0.4410640817744155
0.13133244266970823
0.6631991661101047
0.9776030028840408
0.4558716338686948
0.3346928358599697
0.7249428066123256
0.20561642370027777
0.3618908632415223
0.31502831193196457
0.6681433420815608
0.40517853048649055
0.07448344298231102
0.5741721602748545
0.25331510581906536
0.713444100430777
0.24070061004751475
0.2255861556505675
0.12283985215228266
0.3894354481886685
0.7502935763113505
0.06359526848507036
0.15206642421114946
0.3072814875960782
0.26857044782584816
0.7330145521092697
0.449972411146358
0.7357278838443327
0.10763045727305476
0.843753207814171
0.39643423317531357
0.6076497598130723
0.20359674643512493
0.14910252870366603
0.21024021217532296
0.6844987068269015
0.8450470351102125
0.2686006825639131
0.9148176140183203
0.4988236727646641
0.7082019986982226
0.1404038735607398
0.32171736260118533
0.6775405988155963
0.43345871793309887
0.5244420059621484
0.1518869631918207
0.6130216708821515
0.4041253360505147
0.8799579349336928
0.7250089685412194
0.6290806493642231
0.7595876367839145
0.03945993042028717
0.5378229761468225
0.8728876090781389
0.4761623605134102
0.23462263749680623
0.7441454588580724
0.40359649918903395
0.34666632253634955
0.2247852674849078
0.020633110921355002
0.9147825888582943
0.09280818673950009
0.7313255981376094
0.588343341514407
0.09846931783446111
0.7507815983461944
0.16573893477826585
0.401999069925992
0.381861749669699
0.8107553472436624
0.08785644163435635
0.2653697997569383
0.7359796462344865
0.6527202254025967
0.8817806146960772
0.15104819881338216
0.9182668828774179
0.9696995066126031
0.26388904504036326
0.9791992158347156
0.9822274399837251
0.5718659484690255
0.7388255008892262
0.7850259577712342
0.10257793080740374
0.2727432346480746
0.08411514016224197
0.30506397775642113
0.9618635000193245
0.3466469368468069
0.5515204017945199
0.06810580948760847
0.06723044815128376
0.3535663208904185
0.6607829938151827
0.7238837593835095
0.04825819223022865
0.2662871233539753
0.16980631337691
0.31277176352915237
0.31212944026359934
0.46113685820316275
0.9087178259588171
0.5967043635067769
0.2596896745268438
0.3178623005549628
0.22071567881445153
0.15484926876454508
0.2277999149979043
0.6952629008188459
0.9030522870008278
0.37655095319114584
0.3977190539490091
0.32497931994288964
0.0615825970637488
0.48134236799742336
0.503170846115293
0.1752133341765676
0.18295121569859696
0.024063162943286476
0.8151693833225357
0.4695267625538522
0.5828942062216499
0.9110471463812813
0.4241725553372456
0.9310013115795424
0.06312351681702522
0.7179265744800409
0.4785176296641417
0.5876295712821499
0.9879716846239551
0.15289183920834648
0.7858582491372648
0.2698616502951553
0.9954346136030775
0.2919885476259486
0.9325723197645791
0.9126637254875696
0.7021963095417834
0.9630167153771977
0.12247955494335083
0.2677128203749579
0.6006478700660526
0.5451299178956488
0.3747370086895644
0.8716639596729128
0.9292678332204117
0.47324354352550047
0.10384575863052248
0.8856384175754572
0.3447330874832013
0.648993785227247
0.4595105942177363
0.7070850940148066
0.10358686227450242
0.44766225108514823
0.26986329168111345
0.5245276152703929
0.8741735264812621
0.8156925822593213
0.20519557382542475
0.8236036380531837
0.48607957142738334
0.6193607255978333
0.04327845437411504
0.8548211758232199
0.4834064596304364
0.49349502240547394
0.41973842422238183
0.25614705955176975
0.01615511799179259
0.598960807119176
0.4193525331418252
0.43969038358713375
0.6451330818767188
0.8457915954102464
0.6371352022058957
0.1910054326625118
0.7488664013225786
0.03686072654626671
0.12972188635470372
0.8246830731568068
0.4426675011464358
0.017209576891771827
0.4040671750789301
0.32221396524525636
0.07052382088610154
0.25033175700671484
0.9089525121455232
0.3727581979994087
0.16880551356759976
0.9833157673604799
0.20006314119890356
0.9952067753717524
0.3148113521619429
0.1896282458666393
0.9359523995077533
0.6486143789878641
0.10075356264289193
0.1263550418916487
0.804817982231492
0.3265871510141499
0.0009753621377438515
0.9513052354070392
0.23486418671184528
0.703506741229185
0.03561063410456755
0.2661584469883711
0.2417947258068318
0.07435824490841425
0.5933751572099265
0.3737118948633291
0.7100089727470159
0.712232476014802
0.6100614882665788
0.07860014549735961
0.02255182766672348
0.4254740917375257
0.9376877083869594
0.9018308010573932
0.5538493438137332
0.20413253794314712
0.6452083290541706
0.7968315280127972
0.9547518113162706
0.8121785900841934
0.5439789268112407
0.7932791947455535
0.04601789030495307
0.10003719564939928
0.06470099894964476
0.5131253678322977
0.8705775823680638
0.4638484925844497
0.7939012308010426
0.7493194985222098
0.8288952317044331
0.2270316294439816
0.5270574789646681
0.17562528237098374
0.8468533907780784
0.19687958638348535
0.2178669503823656
0.7101863144884204
0.39191661590194193
0.11393616831157094
0.5483568578238746
0.9829495628505693
0.6630511667346203
0.7683035742974974
0.5865282548847879
0.6938334795367916
0.32637675700265534
0.4008595289811532
0.5357070570705883
0.41536602561616687
0.25826560411198085
0.18569586379649639
0.9473446977010528
0.11173119802948217
0.19659234610673793
0.28308117964987345
0.8071452539546434
0.8097232550257815
0.3586673900188361
0.15781005905780165
0.12450495795711958
0.8239603606978899
0.8421486772038199
0.9037216159188761
0.9389490585900974
0.2129578834889556
0.05458552527170446
0.9788270519053573
0.48262373685661997
0.5815529435877234
0.6869194515008609
0.7157808622779172
0.0628309407716543
0.373353760725024
0.38273572154265734
0.609765238976185
0.6685058515847462
0.9531421383378731
0.09395283646912256
0.3577235510915523
0.9621098679367907
0.3747378020248213
0.3922206316208393
0.5213367220163463
0.9001928982020692
0.31205074226371143
0.4633149574805585
0.7406200757200607
0.6885133282961463
0.39381615829429206
0.13998439283896968
0.01076204656082358
0.4605916871204776
0.1053302441959223
0.8496935737140777
0.9072925028801772
0.8021066574290303
0.983146057949099
0.7544871882979829
0.3783310106107153
0.47330175649854067
0.4178129549132984
0.7252572599439291
0.22257691870912721
0.28070811371972015
0.8917008259156434
0.026676031179764914
0.2981465020317281
0.07712124288751132
0.34266557835999967
0.662746951204643
0.18774541617930374
0.9715143495979063
0.10871268592522765
0.8801169124912563
0.6330307693803172
0.134216157626602
0.5237590327690654
0.7494985816671815
0.6958030314734062
0.32223961637210763
0.3839290834075856
0.3501515386748334
0.5000836194379055
0.9329899479750161
0.008285095709164914
0.40280384942507474
0.7785799093070207
0.8713539561656914
0.7238745955928185
0.8480265522647613
0.8719552912788068
0.46916047539100414
0.8022889488634509
0.9725330453414512
0.9018916957947407
0.8051434961712174
0.8238893826288346
0.5589007686013964
0.2945988903308808
0.8903818190667028
0.2811491088834508
0.08119485333514265
0.2542561451407903
0.9358567410334127
0.6870672283936404
0.5700292818763759
0.200349209576548
0.4019319034500125
0.9537227269639369
0.8790699215493369
0.22768931228114342
0.4725545320331326
0.5771721984675754
0.1453182900803508
0.28612786191060957
0.6858073754394737
0.3301790327554992
0.26366690259894265
0.3941469382496099
0.9693720621595833
0.713363735140154
0.8552178914468304
0.9007858666412808
0.2678210642565281
0.06641662446009544
0.05530635657005889
0.22364495981899213
0.501347330044939
0.017428807177347738
0.9702938230256262
0.7734120690311769
0.18360957895292418
0.47246475806680444
0.7005983002764857
0.47576124076675164
0.8588415917949783
0.8237469949816049
0.3887707419394223
0.37842079198816636
0.3807684780326943
0.1340704539108365
0.45090380907498206
0.13440524083870098
0.703846080312978
0.5124978586388023
0.09625179350998192
0.1757153351434626
0.5212169938400203
0.5754205588772476
0.21117946682174038
0.4616194424569172
0.5444708212005634
0.37919910905445375
0.5037910839507639
0.1972177904137713
0.5635928191304341
0.9988052498801452
0.2710303138314948
0.2844734909649663
0.7751507599315328
0.1036262596070453
0.1082841491534513
0.06891677811957853
0.931840326631367
0.7733461278214518
0.5993793875462807
0.5885468598708553
0.26032133912506594
0.9034560624711843
0.7729561825911699
0.088969676131048
0.950157475074383
0.6264941702553455
0.04000973925890183
0.7977841761473622
0.4668730544963784
0.6305236606314935
0.20341029764013907
0.26865856472966676
0.9387462987815316
0.4524313889325714
0.04422226155787645
0.5498130763175212
0.14477635847741577
0.18767123177052492
0.850075871329747
0.9134538857988
0.6793188430375036
0.4345139444814753
0.7288211530834505
0.3399798940461456
0.08446773183288414
0.4188922514237118
0.12640050047907336
0.0905000646430012
0.5098665379519872
0.2786521057379915
0.96613271128166
0.17261826060206686
0.7432347705319043
0.14196635281028358
0.9104720349430416
0.3700347756604201
0.3113545703210123
0.552465688255468
0.2786574470693709
0.7842183146374804
0.7630929360145455
0.9164132200157517
0.10753964987630937
0.14775208422859665
0.958004720464
0.13439132734292836
0.6980567830160045
0.5956182062158917
0.7276571954129958
0.7850245752700105
0.4124557996909637
0.2078226048323537
0.943768199524366
0.7338589487430109
0.18368474938402712
0.2462168386293092
0.15248446760075784
0.7259128004266677
0.5361367383711625
0.2777333209550865
0.968172035862655
0.15262568456940317
0.011430077501367264
0.38001230832432553
0.52969241192107
0.6692755993723327
0.544007322205083
0.6021340689889029
0.24323573200783033
0.5952762943168858
0.24161348512902947
0.5258164142034516
0.9338146816782548
0.1476127854285253
0.8047818103643144
0.05088874844460556
0.6011970009425213
0.04255754326992822
0.7233685128077367
0.9573279043587659
0.8294405466820348
0.030768642807710633
0.06523991880761315
0.73727872430025
0.08566921382744175
0.926808133247349
0.8082434743937966
0.8185263158291319
0.7910325152829731
0.5398074624172537
0.8635024353740256
0.8039523110681068
0.2955434409274751
0.014073758156487592
0.6459480198507535
0.7489507138092704
0.9277090201989643
0.9071545978668197
0.7782898413245817
0.49329922642642077
0.7896845519409208
0.7768403038030405
0.8608894288844942
0.9664140241217207
0.5264767690625264
0.9217403210995307
0.9588292620428168
0.9862399073058112
0.20498455052695708
0.49665679319359857
0.1345864368032249
0.700155493280473
0.5632884669749934
0.5488040330035855
0.47638530015307734
0.7215075116756733
0.20823133387162385
0.5632637301321963
0.9579468134239626
0.5038486125997285
0.7743258609885177
0.14311088247276083
0.8396345111859079
0.21089269022233958
0.9372472711678098
0.6372477524501309
0.9704324515088043
0.6845349891834565
0.006582848937783714
0.4235130093401338
0.7072754738402252
0.7851736070395342
0.6259555421424181
0.5261182379576855
0.24243442622929468
0.16269206459484387
0.840645473733511
0.7780131470077378
0.43865882074362317
0.2670203787170772
0.0454116062249762
0.07648959353716067
0.14924310348715353
0.7185575922753615
0.526628416591504
0.30683661216176983
0.4146724712661066
0.29255220559321815
0.3397434945434925
0.6443625438485191
0.7347362773743459
0.024917485334495004
0.8955506940475332
0.8822633410465476
0.27481597910619004
0.4167002708511163
0.10645540175725143
0.7094373644616416
0.30953417043466336
0.21524408533121486
0.9662713217213464
0.16479360020281286
0.42420062134929226
0.9607152888305546
0.08428643205906827
0.7801211208885228
0.8075667729961505
0.5123972996975971
0.7920562348114547
0.363809430577018
0.601094645428964
0.7541055107472102
0.18074222800018913
0.44508404465963747
0.5284354282331322
0.7790728817443958
0.1942974352277046
0.6467729483360326
0.5661875878280366
0.8417092074921798
0.6853428605380599
0.968682287261917
0.3793999408606459
0.36113649996753516
0.1346278808107082
0.4552151128639459
0.4533989171251982
0.21080802598805048
0.5745781810223867
0.022396606065853253
