128 1 3
0
72
1
90
2
127
3
108
4
57
5
8
6
107
7
54
8
109
9
33
10
124
11
39
12
46
13
26
14
62
15
64
16
97
17
118
18
45
19
92
20
112
21
98
22
49
23
44
24
127
25
110
26
67
27
35
28
67
29
124
30
94
30
31
32
93
20
33
34
76
17
35
36
86
37
82
38
59
39
74
13
40
41
49
42
96
43
110
44
76
45
113
46
84
47
104
40
48
49
90
8
50
51
114
52
53
53
76
22
54
6
55
56
79
57
117
2
58
11
59
60
120
13
61
62
73
58
63
43
64
65
90
66
114
67
98
61
68
2
69
70
119
71
76
25
72
73
109
49
74
31
75
21
76
27
77
13
78
73
79
80
85
51
81
15
82
29
83
14
84
85
86
11
86
87
113
0
88
64
89
90
110
19
91
92
108
93
126
3
94
89
95
81
96
75
97
98
109
99
118
40
100
31
101
73
102
25
103
77
104
39
105
106
120
107
126
108
122
45
109
110
112
80
111
111
112
66
113
114
122
11
115
9
116
100
117
55
118
23
119
73
120
55
121
114
122
73
123
27
124
96
125
13
126
49
127
0.4973774771592808
0.9665560095352601
0.34809337606457724
0.2850934228174784
0.4068436664700764
0.07741247122940342
0.14042509786370638
0.7498065573761008
0.9482494072200393
0.750394335040785
0.08805592326140887
0.49841462885623344
0.5570700667490056
0.03607751482765198
0.43644696339998934
0.5731767696095784
0.9976515157517889
0.4928057072730865
0.42009160164035975
0.8265931888425367
0.4957050885052011
0.19931571955115723
0.8602580657529485
0.42330102060121777
0.37901349021864783
0.3939293843984525
0.9948088273890421
0.4737262057876873
0.8931996243835029
0.43524919687903196
0.232954380413804
0.09560386416816091
0.3247938948578045
0.6439319426989466
0.5614363876543168
0.7055386332777484
0.24242410911389245
0.1719529965830925
0.5477243594006896
0.7118897856122204
0.3006600517185699
0.07997360831134537
0.9992366090540171
0.0919011261728645
0.2281276792331135
0.4277403629156924
0.9696975912984541
0.28325968708094096
0.17124141875186705
0.43473153328523007
0.4131262780795847
0.5518587644545446
0.48169545657690727
0.23528432729476523
0.19270207400263795
0.03760287501494308
0.8607225413811259
0.4362142517331514
0.0630819998007589
0.23157555968691035
0.7845674373558
0.6491834355760824
0.37970281710370146
0.7693740667553294
0.9038071809168475
0.11745836235591334
0.2992406238178935
0.37923273476569763
0.6502090186319429
0.6118354339091144
0.1528448028492525
0.7822590246229649
0.23826768212512428
0.8245776707690021
0.11470118190331946
0.07207577484840333
0.5866606104915566
0.3231028107690682
0.1943103453880709
0.8119930521505805
0.5076959486627828
0.4102239789550278
0.2194584048411088
0.9349614909088246
0.12675883415411393
0.3073912476197299
0.17035207497258642
0.5109313719840198
0.8816121636641647
0.06708648973692488
0.9093509660011806
0.0322206506068734
0.7442179773555425
0.40203297505680036
0.9911399621289324
0.7367348967430696
0.07526956511739202
0.9135855820752093
0.8308481320887788
0.9844174047490758
0.04788475923217539
0.3940335630275684
0.32701329210416186
0.35098245869147315
0.4026955184846016
0.04535427169873807
0.7097428307339447
0.9397126222732198
0.830337940066385
0.4578526812860808
0.7427801623070417
0.10021631632512251
0.8083262590096523
0.20669871691774555
0.5404898636800562
0.1512910088183591
0.2719744779350034
0.5479053107157277
0.85511028201456
0.013064113545524059
0.6961240662782898
0.3730852084564449
0.8860350197182385
0.38633358599890877
0.18925931011118768
0.7329055326125857
0.6868900458173437
0.22374552836462136
0.3966099506992232
0.19843917473633943
0.7822209440641639
0.35105418736221305
0.10532092392394177
0.8270727904174806
0.14533352290061285
0.7259460747813129
0.7577411374096459
0.4131875538164288
0.4999003371984707
0.3557042911963283
0.8498876683299714
0.9069679654233224
0.8931829476941435
0.9724548272867393
0.0994954810329397
0.171000101565012
0.2843969976828703
0.47503244189216365
0.015591347233653186
0.5778452690851463
0.9050470240586826
0.7229450128515952
0.6845708104252807
0.8338365833386941
0.26843556488346754
0.9443645587281239
0.04127645376440492
0.931218359378876
0.059349874412219505
0.0585171926332646
0.47042893389125906
0.6506542848133454
0.23519610067824936
0.8034223668314839
0.5079645247902155
0.7244152182249854
0.7942558204457244
0.848494010347002
0.5270660279483208
0.08381479530828484
0.21907015785655326
0.019978687800331962
0.5291847659004245
0.40662645097004624
0.5135172407186798
0.30736438140193234
0.40693299846424125
0.41669553139034543
0.844754876650025
0.44451801663160484
0.9268459617426004
0.9818524118719726
0.4333368727556651
0.839254400586897
0.8735615080704308
0.784316148474796
0.8036331135725548
0.5990434356541398
0.8296432364538728
0.07217839837928719
0.05528453412929457
0.9671079226425122
0.7023615439157066
0.8666447069506589
0.5893193475164842
0.7227644594682536
0.9536537938681774
0.9549288132085044
0.7725054073718719
0.16091863008344354
0.5143872170442486
0.33130791363912415
0.6447837452075279
0.7650216143800491
0.4513847106305655
0.013711321801856524
0.4556300088559444
0.8798337979490926
0.548942929340201
0.6194929024359754
0.4100998919374651
0.10932381969160188
0.18508523860805848
0.86917134970933
0.5759156065723102
0.9724327806126591
0.09013696828124151
0.461512660884415
0.22956665461883385
0.7768728317240873
0.7100916983246148
0.1986589698692579
0.020958610130539568
0.2919061308187898
0.3978157604493423
0.2545861750513869
0.22868241701605652
0.6061438847564296
0.9192381896136606
0.25917977717407836
0.35679324485067565
0.8898926542393725
0.530210095994109
0.8077183564522354
0.9753163769283769
0.48786734367185713
0.24191960157039638
0.2867709017029709
0.6482167504342787
0.20606570137879343
0.360516911493175
0.4775591836904477
0.17983991941351818
0.06156105804181966
0.2213416783941442
0.19331908936461706
0.3560780656340935
0.176700894094995
0.6386626937675233
0.9141181233075638
0.5922411497153
0.8222633238210475
0.5162653174377048
0.5638381548188482
0.8938215152395284
0.2335024344243457
0.05515384312159333
0.1012839937264497
0.12952964609276685
0.9019984677955414
0.3044354923494289
0.5206214211883301
0.4592149215731367
0.0265235419761658
0.6513930321772495
0.6901820722272228
0.7700554278051578
0.3923953022889156
0.15365011082168822
0.12502039888605776
0.5095978994008138
0.9266942222074139
0.6543230292807583
0.6349307823099247
0.8298367548013875
0.375538684622884
0.661402702585068
0.8521383315341408
0.838845296288167
0.11563389375778022
0.2827300562030023
0.2620223376403955
0.0640116843285995
0.9297649557701733
0.6232532182892784
0.42387255133865087
0.8033864681822506
0.11968772752732793
0.337768375038745
0.08535898854806145
0.13430625766907556
0.527192822227087
0.9799211395129952
0.3489962002301832
0.35264355587885765
0.6147821033563518
0.6626613654489448
0.21874282616516683
0.5166285741004735
0.964450353726758
0.11874839398132908
0.8725255121211416
0.32989695895675764
0.510648828988835
0.9023542354013497
0.8641528058266547
0.5565344512786058
0.29342959769426724
0.9398281858439426
0.30118639181739015
0.9219311860091307
0.0795867016970293
0.33764119649931756
0.957012270527942
0.7279806142888889
0.7769839847092761
0.17552845050004628
0.44406818026909056
0.7217914535224613
0.41557294345506723
0.6980064511423888
0.09706312384262594
0.8561674757813617
0.17898637447678822
0.9838395247061285
0.6142453137356152
0.5496179035363057
0.979191854715867
0.7682573398294831
0.3564498623882998
0.3150214487163808
0.7395117679154233
0.4294905278662833
0.5740883159602026
0.6713681035497594
0.7080066834344783
0.18983037874168962
0.4983802596125736
0.7197334621908545
0.24907526049700668
0.06725913688657437
0.82863714813588
0.22300489548971547
0.8669387873253147
0.810958785726472
0.12022040511328858
0.6486812110834547
0.49166629334781553
0.9750346900827256
0.5270747720538602
0.05008581852360461
0.6550209085827722
0.9329764118943865
0.355506154296906
0.035268093333415074
0.5295892225198353
0.5285321629822689
0.7349417642646251
0.3066890246163656
0.8167790374732194
0.7783159820081839
0.048370426961567015
0.08640710730063939
0.8543535807176426
0.6669338206330356
0.5043682222313333
0.3301896976672368
0.2102117580173266
0.42007813125136595
0.9284251337489547
0.24629658416467304
0.5396368259260109
0.03691514232006965
0.22583120208513774
0.3539073940378724
0.9960790401344541
0.029045137734140414
0.6094787208363072
0.7399231095470407
0.604305991814177
0.17282362538710572
0.24859871074134576
0.3621448414618007
0.0006702066748172086
0.573888020538235
0.6669183251663398
0.4502276908893087
0.48088842443720325
0.0928969854426438
0.29895206422030873
0.2799477795433072
0.6195352665537277
0.9400892950629421
0.02345561543534469
0.9228429925928036
0.7572214244285178
0.9190872751339044
0.39192041568278435
0.72863361768351
0.8904284924114805
0.43876895445398423
0.7397543601984902
0.20913420021157492
0.7498269895146539
0.9932164228503167
0.9537077475844191
0.9405609872212116
0.09398072399757817
0.1760473883909487
0.9238966664093468
0.1532615447755974
0.1496493605658813
0.01761238050218461
0.682614188610311
0.0698633838263788
0.3077773001076596
0.09689997027814778
0.4399879213163851
0.9229205221994485
0.8402559265046387
0.8825713767653959
0.46313160029088185
0.7133208442841867
0.867107927804984
0.6212193126497719
0.8458300539954918
0.8176089482600591
0.23926857754510755
0.7289987205744282
0.8689220681303578
0.13154059711100674
0.26271852179094446
0.11297466108967824
0.27609558523002165
0.206688648230282
0.1471495723442836
0.4513690983089993
0.8765320754344005
0.9861302247132555
0.18079578852696077
0.8084933579899823
0.037464269728349264
0.9057500350667603
0.5436168145681939
0.09937975832668511
0.3722286590611874
0.3965843162797864
0.02891645994190073
0.7592827546510382
0.5255525517557034
0.8962679672297792
0.5426131999312374
0.8738674589896581
0.9231901933563328
0.15963674781230652
0.2183399379492732
0.21033307414256575
0.60006655467725
0.44966408479106856
0.9905148133856654
0.7089639525125855
0.1931936579069884
0.6465303706703924
0.5208230997452435
0.11478414706769768
0.6939372769334792
0.904327666660838
0.271005936881175
0.39495570969616844
0.45885712293704284
0.48188144316144355
0.44958819480297907
0.9958539764842366
0.3854315960944503
0.25386544275942335
0.5186216291532171
0.3361375779284105
0.21633919615831432
0.020375947797561578
0.5757216601913667
0.6287483309082289
0.7918437118190507
0.3538456518776888
0.23206134974646275
0.5338532265047705
0.8330438769681777
0.7239691856059272
0.9010906091852264
0.8954165986119432
0.06943306522788761
0.4902193958297383
0.7314129335583076
0.4868884301969778
0.10775867830887242
0.709959173096633
0.7848738659119691
0.6702617630882283
0.3098703303955994
0.30762304871636736
0.02952664434075214
0.7493231806999722
0.6058094982426945
0.3774208756538331
0.657388663316884
0.7997598635670373
0.5286413438820897
0.09129501480818547
0.831712338334811
0.9550587551752817
0.29313481588291335
0.23911688873089998
0.43763170590524714
0.6315768196761731
0.3714056520093818
0.4503435168351074
0.0270445054669477
0.8552742478576706
0.7881093043574372
0.2660430448026122
0.850057990435132
0.375067097848498
0.5952761213156387
0.02632735110145701
0.943133826624055
0.815363594008234
0.15653427253406704
0.144632048878913
0.5561986402777597
0.9415164670484465
0.4135308628880834
0.6020916972298672
0.2757294487436799
0.23232414445516092
0.9440663389271416
0.665874978095463
0.7212619736515261
0.0351906934330124
0.4221713850347807
0.08629817746419033
0.8822581475286887
0.7493044903555346
0.678482345589766
0.2909032411375819
0.7522166495359669
0.7924298267592926
0.3480235758407415
0.8747871513321991
0.13612882763330336
0.15200518843452204
0.5851844903070179
0.25505957304158466
0.018052477105895415
0.6537847829582116
0.8138382122017004
0.07551688876016738
0.18391066163690617
0.46706977620481827
0.6826021836797989
0.9370865870482814
0.15772639263939148
0.7631276028247062
0.5293637864333538
0.998844938922566
0.455296990477985
0.2090480257740598
0.8854225625647638
0.7118820238829204
0.49087046350171537
0.5301064095088864
0.30043339210787
0.8341162444877601
0.10974185988240792
0.41776582734839174
0.17331270537428123
0.9693900785656687
0.13675362710541106
0.2087875923589435
0.2835140348940236
0.17089781612565969
0.5533931376876661
0.11702807153023398
0.7092343505247525
0.08103021713242442
0.0040628258698324204
0.8269432370023865
0.4723848860955905
0.3879771251637213
0.8535467209774776
0.10819877570616143
0.5387072673690007
0.03576591984816535
0.6976846104703157
0.19487488320093094
0.2168636621192459
0.9943787867865308
0.9057610432320825
0.9661535053172077
0.03893208750247046
0.38998665135600163
0.00840155486122951
0.09167700449200844
0.8253860944229526
0.38411731504438373
0.7677401463652608
0.0941948243737245
0.08498215343258086
0.7348778918881851
0.4089256397986507
0.6763585191018217
0.022178414342144626
0.4792819121033254
0.9997517386811873
0.8731458840725329
0.537289798781802
0.4998051395695683
0.34073228140819667
0.4116011977256936
0.6676559380025133
0.6890501543532028
0.7430320449381675
0.6534971075094873
0.6090841788301633
0.819756699257104
0.4372028072756968
0.03639243589075547
0.8431625572464063
0.18688985772761812
0.569525078376235
0.5683464478530811
0.9551358761207499
0.7892351467944579
0.265386152570965
0.1295363320203341
0.936628910913697
0.7112299260437978
0.16150036918987887
0.1875747208335259
0.5964537319735841
0.24476854505426016
0.9453523853150018
0.8940708706100466
0.44316596292782506
0.7891903268555716
0.5113487012863478
0.16932459658080745
0.8237861765332058
0.08464428688403813
0.610309827780328
0.4731391260698866
0.6772205635248076
0.8894443002885264
0.5527315830398999
0.3739722665814941
0.34417765655363486
0.21347460326291323
0.8557736865393418
0.569785499054429
0.04502581221995017
0.5780096377219207
0.7237263401835832
0.866728382337461
0.7889723115128828
0.3026724825667785
0.5948072476693018
0.979813396512072
0.07493271251878963
0.8828827936203169
0.5998515654067978
0.2191986717079183
0.566218309584747
0.8660609375560288
0.054876310705188946
0.7124926653811935
0.3437912782621946
0.9341332699310045
0.5032675622058028
0.09309737227536874
0.4659742653056568
0.9966920264948285
0.5074555288400021
0.9941633120944222
0.6177985868719172
0.780004129198269
0.3502385703972295
0.5750516331525797
0.05975817655302096
0.3246280303389715
0.6216337307282181
0.2969311671993785
0.9899558145323538
0.40378476649150896
0.5007159689752294
0.402689844811029
0.46105713877263266
0.7119747140905568
0.7380257906782122
0.06888045946814525
0.41115511304054264
0.3420175914336119
0.4205736318579123
0.17903802953641068
0.5277409749568044
0.589357175803047
0.7205325000773
0.6057061371993416
0.4744244168884304
0.6269562555721925
0.2224752668181118
0.30391338087420017
0.0824931015978595
0.12036132055685989
0.4947204805724916
0.8722674795234463
0.16760001497614785
0.797744148455493
0.9394969094616192
0.46372156873884707
0.11719272294390926
0.3679704603905556
0.4336363141044891
0.1898337514796974
0.5834247288598126
0.05638774221908782
0.868512544181955
0.00531785103374105
0.3077030546544174
0.40862198393406035
0.9833757941020479
0.8744292491462056
0.41816964371629795
0.21865430213734816
0.9888220070821602
0.907264214932659
0.6776553451266877
0.8493831588587459
0.188652225671595
0.4216930076315982
0.08846083968576124
0.5902246227600825
0.17582190169552725
0.6428114187336024
0.31623848194811766
0.9442787633064121
0.8193888959239155
0.6454501622481895
0.9536911725753416
0.34600489936083
0.1593945721388903
0.02221460980284584
0.5638671482661677
0.1655950349580716
0.8220650957250472
0.5641908369405996
0.11460818322401811
0.009725821555974234
0.7471565262454227
0.7444200679264726
0.9685611646684927
0.9090398986395628
0.36983384592507484
0.8920139382805539
0.5607212642793353
0.9783194901414839
0.7254063357966699
0.5934225047100179
0.7576933274192071
0.9627892525646121
0.4847475913401267
0.597841165041646
0.36011967084057583
0.8184790784507096
0.8046514468726361
0.3561153301803488
0.2265702784140997
0.17354494450361446
0.399016738703471
0.9230030782674045
0.29265723488041184
0.49388474519581427
0.27218802826814903
0.5888594648391612
0.8611217476150254
0.7256394902035969
0.8508370491476981
0.37136871039482333
0.5851946970423456
0.6304857917904869
0.4907971388001974
0.5432063096249301
0.4929522677494288
0.4625745549770808
0.9815759050873712
0.04907009306476573
0.26796610947152477
0.44451940348388863
0.04405025947167662
0.411769227551012
0.6794478138320532
0.7383244783947103
0.38863467096068793
0.635055883973911
0.8164404757330463
0.6881187524028878
0.9397946779324756
0.8128324586339006
0.5770204378058166
0.3959809327356133
0.3655587270157966
0.8894699258195871
0.3359187516348682
0.630107409654376
0.6546599032655169
0.4406486040598774
0.37238550482975996
0.1459382971640859
0.038361120672122495
0.11698336332721071
0.47844301063015615
0.6807332897484211
0.9915695050720235
0.13065024084040278
0.8496895530683454
0.6052226111013288
0.8051675555286527
0.6928459057537548
0.043023094358862424
0.8703152435657379
0.0760507523793601
0.7686719271647178
0.8547903294837089
0.8255568397227947
0.6293981256549838
0.36888429174947646
0.5180013819432912
0.8018052517715563
0.31168745111628926
0.7526964464972983
0.44885798461080906
0.06799312103308686
0.9189207867285231
0.6677965086804591
0.7254195321643796
0.6703575439020416
0.842345051767128
0.5777881718734657
0.6401541334995666
0.484488773039933
0.27750725039690993
0.46187027048252705
0.715717854384524
0.18091073835232985
0.8567775855015267
0.0946675505065181
0.3835171761001551
0.4397169794352892
0.8897295473917801
0.3868492592162097
0.6267573575723288
0.8849752262870441
0.2564134067631949
0.7743036759241434
0.12826040881790912
0.4721996977439189
0.48070798261889724
0.7014451605702069
0.7934193383837732
0.610542001085516
0.79271664218819
0.2962680271027892
0.19803270266791606
0.036851300146982346
0.34467604310904076
0.8778262283272612
0.8806325905850663
0.17666555868265443
0.27903930758976103
0.40253091504087757
0.3511543817636352
0.15567823203739728
0.7184758142897207
0.5545978129416204
0.31284613471113165
0.5477199723819781
0.01276690491603738
0.9648786268122296
0.8698104723107664
0.04050907897811995
0.6097503494840917
0.5560352754458621
0.273946582217675
0.8806335851026372
0.9045033375482809
0.10316039512863773
0.26202105798640996
0.029180040510631722
0.018421369476859684
0.07719622269771198
0.3374045068167928
0.7173605966393719
0.7182890054459008
0.9365609487313956
0.5912219826917022
0.9485788765192712
0.42264209623479554
0.04414312041606394
0.0757394430281002
0.6716612489527589
0.49530431380212314
0.015306540433845828
0.17486170154703318
0.3870014032355952
0.9627427180428461
0.6272334036677353
0.08196798218033596
0.341949776247075
0.5520230288081822
0.383895499827156
0.7254592668929889
0.7027428146667285
0.27539434345349767
0.8251968907595453
0.35760734529564064
0.25265600233884555
0.1943275678114018
0.7689921922788687
0.31202950527409135
0.2055037375107328
0.2685616846351122
0.940091618198879
0.24899175792985095
0.9008101267014541
0.5228534825825376
0.8309405038610501
0.24167885773217057
0.4364925030592324
0.37750870861926544
0.6925244975747924
0.08402430858641707
0.23700218450316723
0.4799637608370635
0.6190834240337003
0.17399237224741104
0.8838920163475485
0.4335741283771648
0.1037836399658445
0.2731303865381687
0.9957390683305074
0.07661115173522837
0.3096881227115099
0.9671047801611099
0.16999839554304175
0.46085487510066614
0.8007701246165103
0.46032624198044325
0.8601911542265622
0.1612279189724719
0.7587680655266044
0.3985700492905053
0.9650767903964795
0.8454623529050789
0.8878996427542478
0.5833868879190095
0.2295792247718933
0.7824134795063669
0.9656753287004747
0.7828517482117692
0.6738446735705924
0.14924694753259082
0.1186461347973794
0.5096615972081732
0.0609644745338086
0.17348026704440433
0.6278598404664016
0.30096527282187524
0.4699297750751469
0.6366124016264553
0.07409074311718133
0.9614994953810465
0.1473190596195234
0.367461805344523
0.49570756809281225
0.4113417949224524
0.37833654214331114
0.05734735717993833
0.38460567284311387
0.4976556180703259
0.9649611966336706
0.2639675438512471
0.08895471624907247
0.8742266829340926
0.4464954564237429
0.2958481728319261
0.8149107418922817
0.18562188745325836
0.04729324652575406
0.9773147588489938
0.007892126872223626
0.2776031268641217
0.6148726561799643
0.22755980923326558
0.540231455188911
0.9121508582851857
0.41068920361974703
0.5862732407045161
0.49161024831849076
0.4250375865869781
0.0917424969096341
0.9878171724712377
0.11243100863022992
0.07341243883593918
0.5931339344040548
0.19788774224233652
0.16665021803158475
0.3717411111361133
0.21883465194063834
0.4231830755166195
0.1595925933285839
0.8429774704991916
0.8701511556320327
0.7892584524106687
0.11826587044323666
0.5191064903208029
0.44434957082262316
0.4711962944372221
0.6440790461974925
0.0392124745452187
0.4518380875524065
0.4762297063502856
0.594664874236634
0.8910804461168338
0.24759065165333294
0.699385561724341
0.27888561147226043
0.11025398315253909
0.9555514167464008
0.3462348393239507
0.9511237468449164
0.8090905470589221
0.15943271458601238
0.9450419923341107
0.29556082060861677
0.158995618590822
0.16591181943908395
0.3632568256889738
0.6942494418451739
0.3363849645584168
0.8980855487704482
0.9267393431022165
0.7631826101000068
0.13738832411665902
0.16563424104196733
0.8346704582301191
0.49194016270019025
0.5576968912794307
0.99233547264407
0.9636543793798212
0.023565442756417587
0.2146158410687804
0.024438709393569513
0.5808487157754562
0.6512909347872056
0.8840133445200749
0.10035931570124812
0.7267459806667217
0.1269349881501326
0.23474798003880493
0.21033116497983761
0.5833422045037187
0.5740606085600107
0.02479134968486174
0.2809506597967456
0.352602403301726
0.31647540773118243
0.39882576132839553
0.2115127414567688
0.20618313133501842
0.5678808557779456
0.13338019424151037
0.9859767031253003
0.4360595111419293
0.8879101646647658
0.6324606282942704
0.5157288919919291
0.9884532370095919
0.2757143687189477
0.7239382630756029
0.9895118810642869
0.5784368353465787
0.28363072306541937
0.9934354888763514
0.650908581999265
0.43857927286565046
0.3335033589304439
0.10083837342543644
0.4744767613576857
0.7303353580697269
0.5511133647249356
0.42476157244965373
0.5877055298374242
0.5378818988016387
0.8759888339153525
0.017768866548186768
0.6637845739914816
0.6044630937481725
0.1641218735557166
0.053929489543102394
0.5687023203997609
0.4500686731035083
0.5607607369505697
0.09775969108941851
0.5701667227430597
0.44779191835859944
0.40843830066223774
0.09956956770369607
0.30998857225691734
0.6848483275071762
0.030947855510389477
0.0706422818400404
0.449736369968576
0.5615747592702852
0.6825562539243033
0.22461276502687455
0.34039585986980525
0.16223654173788582
0.299531283701284
0.2638043489489377
0.5654566275946039
0.7755138569399227
0.11697867737475098
0.16286817689919697
0.5549044900648072
0.06082110022881648
0.6731200549756439
0.3314569873862889
0.9167310236477463
0.5436734239125124
0.5814897928962902
0.33803650523180573
0.7438667869763503
0.6003800542549633
0.2259658536838146
0.6214919426662714
0.8468052335911479
0.9599694640770786
0.8486486215132949
0.41977587394731763
0.5696814557767503
0.8521398587452775
0.3141952084191615
0.8685012832691085
0.5419718853995482
0.4570960286021103
