128 1 3
0
101
1
87
2
46
3
36
4
102
5
72
6
120
7
38
8
102
9
19
10
55
11
106
12
16
1
13
14
83
15
64
16
113
17
59
18
67
17
19
20
78
21
34
22
70
23
127
5
24
25
57
26
58
27
86
28
125
18
29
30
59
31
80
32
121
33
73
34
87
8
35
32
36
37
101
37
38
39
86
40
107
41
88
42
44
42
43
44
103
45
65
46
79
47
120
48
76
6
49
10
50
51
112
52
101
53
83
54
67
55
100
40
56
48
57
56
58
36
59
60
119
61
67
56
62
63
86
64
66
65
92
35
66
67
112
67
68
23
69
19
70
13
71
72
96
42
73
74
82
37
75
76
119
77
125
21
78
10
79
6
80
68
81
46
82
28
83
84
102
21
85
86
119
87
114
19
88
24
89
54
90
68
91
56
92
87
93
94
105
95
98
40
96
22
97
98
102
99
112
33
100
12
101
14
102
103
105
20
104
33
105
27
106
41
107
49
108
9
109
2
110
59
111
62
112
31
113
112
114
105
115
26
116
30
117
91
118
109
119
58
120
116
121
103
122
4
123
44
124
124
125
50
126
66
127
0.04126010289502424
0.7733806196709545
0.12702097172406912
0.731831592291498
0.07101135682289028
0.20638768021967568
0.2770637593097589
0.022452868126847214
0.9507776734044109
0.9869745549730411
0.8652860035938801
0.4703938050055321
0.08727793766374425
0.013636958496714535
0.7238522621620281
0.3308897960350965
0.5092492477475871
0.3074642619869128
0.09956431557538836
0.5024163578518434
0.09415619300158096
0.03660330082661778
0.13573676263667023
0.11040608244180705
0.05940580789550631
0.6262772997307042
0.39752863751218115
0.9025089293348302
0.9410675259189308
0.35754767069753257
0.14122798300203798
0.7211541550068279
0.9868188730925189
0.281025356314925
0.5713608139500747
0.8183714798630928
0.06947406091320496
0.28203715770307336
0.7501132702702932
0.0003008913032240823
0.4591404045619397
0.9036042646152355
0.22253240164151344
0.33647209087664665
0.06250463096348535
0.758127630728564
0.7280961788176776
0.1543483713840178
0.8307780782509283
0.8325683042065456
0.33554700286005223
0.05181697411522612
0.8228654735522035
0.9564375039874641
0.2367789615635223
0.7010548259146606
0.489019035072625
0.9997420035786926
0.7822632058071117
0.12246932775015773
0.5850821085229978
0.010939986562301551
0.9139158730647404
0.97811009975985
0.10893108962531517
0.14932106224486574
0.8421380745677124
0.8124032969591982
0.9123966674623644
0.7204058573481008
0.7105138673112406
0.2104610620713595
0.334365252953995
0.19343704674939244
0.25709207437423964
0.2923573456345838
0.5367483562088546
0.6996299423722218
0.17526495871494396
0.9503780913445622
0.3104478695768528
0.8791994759917611
0.7540576035661369
0.36254725728993353
0.8165721516150952
0.3606021624336003
0.1834366780096276
0.2288953902209414
0.4066830674888706
0.8179421628466549
0.8745021331450907
0.2782488417359755
0.29492657242287357
0.5857529668064962
0.8271269305997759
0.6174203105323927
0.8107971570156932
0.6967469699147856
0.9758525694832394
0.665825097634071
0.9189640919345762
0.5939889165072547
0.43914636568137555
0.7038062443896725
0.8775052398888457
0.11806210177785925
0.5850395436095224
0.8874640455707964
0.3296030190783418
0.15336465202865712
0.48011969982676583
0.5216181939625352
0.35411976153655955
0.49673798341074493
0.6293057880542964
0.7948920377426818
0.9728546957344428
0.07440445888883995
0.09811107304567024
0.06501603038506676
0.5823226057685689
0.9507212765574238
0.7100496635233504
0.6132994125778511
0.9407018747358719
0.16481923454265135
0.2289889045720569
0.8532465551556904
0.9934025485907169
0.9538120346047373
0.40043855389052363
0.06954317290955903
0.3679356566940778
0.9413163748437368
0.44279389378778744
0.9584031898522866
0.3637168896081715
0.645802033564829
0.06370553335508822
0.8202866936991772
0.48883391140851873
0.09297925281469166
0.24722698089828
0.022387415530132238
0.44194718584871384
0.48275811091549725
0.5692990210469803
0.8837295728133088
0.6970330795303734
0.8750438532006087
0.027032900626030476
0.24932376153896807
0.3147742804857582
0.004698272991702113
0.38031772464910407
0.9596784878467552
0.15721974063727562
0.8716099627662612
0.6125250598932822
0.9317591206646341
0.3721835408179094
0.27507352914577676
0.41058564398389885
0.802958155360136
0.7024561337606411
0.38786606889585995
0.4477655696108692
0.4579421682831152
0.3025717439198208
0.08224290468493267
0.14593786730702485
0.6782731358741401
0.34518733390031997
0.06519333296043739
0.3790729959271376
0.36737051157854517
0.8148952454711859
0.2870204825014745
0.676657093937206
0.8817107547571872
0.13362712972996893
0.4725580137866927
0.18464259401563454
0.6163297565640586
0.578216396412402
0.12528235907791652
0.8726181638801787
0.6449879101711506
0.7976334976245943
0.32284018909107637
0.525411797824582
0.08104801455601374
0.08016319225671686
0.039646046496986886
0.56206247096483
0.4632052401047063
0.11682169978622248
0.2716175650159455
0.8807001511757707
0.7906762407935738
0.2934858923807899
0.02662187829777618
0.7364345845721332
0.6802744961674313
0.44847377073012995
0.703269406865328
0.6117085712978795
0.072757297939258
0.16595605634289123
0.5161721251190297
0.25446389789536383
0.9501505917328326
0.9717191234072965
0.5372950693977157
0.7194173976094203
0.9881260613416009
0.04554323914529668
0.6860386815612673
0.7801579364803728
0.34426063077174496
0.6435356707152308
0.060628345648888415
0.3493425746797477
0.5185998757276143
0.9831360967112945
0.9681086717698048
0.34938377589996295
0.15049240160082689
0.8290829974724182
0.6005146020863236
0.19591552566504133
0.4472080176319687
0.38808417558651576
0.7566936297328921
0.5694335737437326
0.20265695400510086
0.9793916031425595
0.9643925017259353
0.6230787753894586
0.02424693394671329
0.9646448733019383
0.09026827238877821
0.9146927596368434
0.06884993693151686
0.15225730165974605
0.3167812961792781
0.2590720491683628
0.9156814700991469
0.10373098807442205
0.8929087071297285
0.9904226911770483
0.10394027542362994
0.9950972991940832
0.568823649221561
0.721588444270976
0.7543194084832949
0.7676154325045609
0.9204730982181212
0.14358094046385472
0.8897395243922326
0.8887128583114778
0.5335749529706857
0.9379460671656333
0.6906731838302493
0.4333214713149871
0.46247218549323155
0.4465030244329441
0.5150542899815104
0.7708198612432388
0.20996269429449355
0.8392662963365174
0.3700435432891652
0.19508036584961264
0.6644004425040339
0.3810577684271417
0.0484530967701825
0.8566720634719465
0.4746558711650437
0.01737501815675402
0.5886527506790605
0.7155821731859782
0.044140766294664124
0.1903497395084892
0.15502805137194864
0.46149215288080425
0.6494170174689424
0.5300384757237464
0.4401119788624783
0.46047281452264877
0.9980869949336522
0.12240596920183
0.905283563206143
0.7025123014054936
0.022126157474635977
0.6896228648850614
0.6384021591849435
0.4835105190808271
0.9119756439316575
0.3554096296250604
0.21852571056518977
0.7679365699303516
0.9304394777908963
0.8014816929650092
0.2623315510749221
0.10961321523326051
0.7982385542936743
0.9949493704763179
0.394025662594335
0.8187246282475527
0.6780092371003257
0.24086085465041274
0.4903382237732873
0.8161562229999668
0.6068669584692142
0.9323479074612023
0.18549484414101103
0.35720328667208656
0.7671028877391791
0.18920710014545805
0.8690943964572376
0.13784583789945382
0.7435806242905886
0.013426985023834548
0.21343015370558538
0.20103119238073663
0.06081121605650641
0.6403351379111571
0.7278761819472508
0.09890561787553864
0.22484887242902052
0.27370564109679707
0.44680164890856766
0.15255384227144841
0.20396756188775822
0.7235231622918251
0.2820794109280149
0.3095786333840047
0.880490767158621
0.7847932567764201
0.14330395621925862
0.3456002020631387
0.10710236122452177
0.4597820591564765
0.979359710095978
0.22594210008355853
0.07250590291842485
0.8172125125668256
0.3075663123133383
0.8149339940255619
0.021866440888895333
0.538686410119431
0.15469584591499774
0.3525461452028007
0.1591206396357312
0.6153068828212529
0.08705400704375177
0.052429374056401135
0.4444354857392977
0.14986894957351848
0.6279395833815954
0.05952122486282463
0.1819471431481583
0.27395011956318005
0.39036057366372623
0.29822102074641754
0.6735790969265639
0.9072240684186028
0.44116410332683775
0.8727666274618617
0.4738689705599649
0.45425161743399556
0.5740390195604134
0.7742107302832854
0.8694784964714075
0.003981108800479305
0.9996376414485447
0.9227118408076552
0.19423628778180424
0.5177575257026344
0.0350756369848666
0.5007690381095597
0.5548455483074425
0.888389764701393
0.39584326619086607
0.8818050151173736
0.4667515024243375
0.42260795224007885
0.029810256686094605
0.4302325056789843
0.9694734435955981
0.23742519229190429
0.10946105712396859
0.3958068110352235
0.8648536419662488
0.1355155984745512
0.5937067684488534
0.08506753600455286
0.5477906741957281
0.19426308245492185
0.6593301413143466
0.03697340159958673
0.035241470766594896
0.005920599999556964
0.1346560045748484
0.8059853359542523
0.5766981958138536
0.011880389316004547
0.8163151906086583
0.46359459788772195
0.4366039677658723
0.2857637738794586
0.8798905061638109
0.06565680270663488
0.17222778664907756
0.8373832818325485
0.7020812298933422
0.9305381951502179
0.4431760777017463
0.8747380708585805
0.4245418899421034
0.5541075999742087
0.16044240698274204
0.43228239739882024
0.11745076333453552
0.5179191362647586
0.8048090125584557
0.9723239941150532
0.052479119926806206
0.43352094026723753
0.826566112045727
0.6397111057753235
0.48906173000553943
0.2884327984201853
0.26330495135070475
0.5901028804525112
0.5897698655145414
0.23291631291973036
0.6789484467200871
0.4044202155394274
0.4158865601822921
0.9254106650779446
0.772337451913733
0.34407562701731087
0.9819442737692652
0.8028468710054418
0.7919346278894079
0.4872446616757704
0.5319051691416836
0.6834898680455935
0.7644003639653818
0.2675065510552359
0.5140403185464798
0.10640328191799009
0.3161465699866325
0.9607843727521187
0.8164651697827392
0.918530747464227
0.8963495678223266
0.07813826002627067
0.22152020681907425
0.2935087343618976
0.8350335428704867
0.5652674708043134
0.7028440366502519
0.03125817194596814
0.35832355521649195
0.537176793756584
0.9299336646136912
0.9141785626269315
0.04524285943630657
0.9697216870807694
0.8733813572339252
0.6365761293827096
0.14377951166920844
0.4154729343395719
0.46238640878374127
0.07118777899066675
0.6848307016309573
0.7905313782183423
0.7564713052135216
0.3969628482665072
0.9792646806734766
0.625013719182271
0.5704211167279446
0.6288729949335151
0.17168795054813413
0.2513415110107231
0.7839504622033948
0.22746657935036818
0.9222107912162584
0.9551172678089718
0.24578578110867844
0.4454512047027661
0.6261786344436766
0.7431901279339546
0.5262919304068407
0.5227497471122471
0.4530039584087078
0.27262403199862983
0.3294659467332449
0.7347027919829996
0.512995120530261
0.27318537587018854
0.10004448686192924
0.2971966192976341
0.6278679615485803
0.9510146691228687
0.7859168494819484
0.7939634941322665
0.48073405660898505
0.8289348971447498
0.885441923486217
0.16374423021383233
0.06712253091116671
0.6485292701093328
0.7831372946742859
0.744093003993532
0.35932780472968784
0.7317676095864027
0.5867446326741701
0.7746243943900463
0.10702211010999418
0.5847988833233112
0.8280914063084815
0.9170281739361223
0.12663594617341256
0.9533388397622716
0.27048048065796637
0.13574353460647304
0.21619742195898806
0.6160729898453542
0.2905577924602297
0.3921022718696404
0.9377999140984864
0.5461656242293748
0.6659026401198607
0.48867655224111917
0.5983014096706966
0.24386755590035825
0.8649588282536751
0.16320153182403752
0.4437483899093684
0.15259601826551283
0.9585193734435764
0.008275644819162542
0.47769575354390426
0.5334636587461278
0.1767738791064054
0.6079940244722536
0.7686741944959096
0.17439007678486984
0.9523645932471322
0.3841037105620305
0.8067050577976809
0.7196606943181759
0.02111998858805575
0.6414676941985457
0.08398604681246802
0.12528426800908254
0.5992261230035908
0.2278591378931999
0.10233568762765344
0.6576306889348515
0.26806447333152983
0.0022264918215986196
0.3109765626703014
0.7980954640551967
0.6324161453531117
0.40165868437783403
0.8986656215543541
0.389500099963201
0.663122146411853
0.33842967528124424
0.06270654494703831
0.3213729964846378
0.2598774519732103
0.2546775293612308
0.008002309186112888
0.13939146569420202
0.49375448020010215
0.6003946764032949
0.19427871870629487
0.5879063215986129
0.8442513794209323
0.37607976243611363
0.5251280832567586
0.6474075120180766
0.22297873317014205
0.8912662579580106
0.24830913438921076
0.5712845630837909
0.7717298325101292
0.35773308896802547
0.8733587917130523
0.15457128680165955
0.5036770817661773
0.9436910007271603
0.2390808725725001
0.5199189031050793
0.9741441681336656
0.8492832480021569
0.21742564165794276
0.819056835035523
0.7436567532340254
0.581528323650775
0.18339453408493778
0.11604733282387636
0.0413985426569049
0.9597519251574362
0.4595124086572179
0.7447774798107543
0.8682137582244963
0.3483516341082913
0.7847819476832096
0.6962967611201658
0.017237316593769036
0.11821811146432615
0.23640784969299944
0.2110981871552483
0.8343600788405287
0.19469320873222173
0.401830111650485
0.5066059671453114
0.7841135872403394
0.8374990612469614
0.8237026917458907
0.2591030844734523
0.0017970109317460015
0.6100756972430746
0.013130236055846956
0.0595749949765515
0.48245089149163567
0.15413724727018407
0.09084966413983886
0.543210250605302
0.5920132578219637
0.8764668928656106
0.5409257485799326
0.2904437052238956
0.37282423534091913
0.9497958272256477
0.21145677478933822
0.7527263351488417
0.8851911592444532
0.2598068473127637
0.37048201737149367
0.9164417236763235
0.599982948213255
0.3124391200456904
0.008480979213607576
0.538664734468107
0.5712946644132013
0.08757440728006827
0.23260511360220137
0.0656952130735281
0.653746383949391
0.5950151284367191
0.9365854419931916
0.8092378145964784
0.6763176327550493
0.1889930286187569
0.47445869997021706
0.06429144257092023
0.2520245654270079
0.7925207384843492
0.49491226436002667
0.24585991538954766
0.8761757310741503
0.15153649665978464
0.4945536244388924
0.983952090241025
0.5917093505901243
0.4010576088033875
0.4547506555571148
0.6842674137023644
0.2549703154108205
0.35475040250435175
0.6933351020264424
0.31691902938872085
0.43595454360596086
0.26368785371176606
0.48510223108576045
0.9150983849958119
0.5608434614904481
0.008663559315659763
0.021675568387927835
0.5056104784678688
0.4064654933833243
0.5651731864583039
0.7250924313664796
0.46804596851606806
0.28931243188408573
0.6635764787280904
0.5080878301843563
0.3373287512452089
0.43936955049657966
0.7013040821382484
0.17945942974996187
0.6643085711003949
0.37811312393846286
0.06138644485193234
0.29773685292022045
0.5749100261172699
0.27120498632538603
0.9910613045295239
0.24066918056379882
0.8141368625364453
0.771940178221925
0.30237190411972936
0.10288312876483663
0.6514761931496456
0.952967705837793
0.39391223813969267
0.0965635924670406
0.0031027437328344787
0.6796348096496891
0.8613416580483509
0.1230058103677305
0.2071702182070757
0.1988465622094846
0.611446967076561
0.6900546644771925
0.11248521758832364
0.47387526364764065
0.7779222615871283
0.549792986628126
0.8207339685047865
0.21600206137995392
0.6699890684053351
0.556644810914004
0.11687028987154646
0.19819517016485566
0.7280198416093647
0.9846204608228702
0.9832145115566394
0.22370225656116827
0.5920504405841738
0.6444191338686371
0.20440204234286086
0.4476811582945719
0.9970356221691603
0.06100833498143854
0.04201013315270241
0.04471269576892101
0.7235421152635008
0.5523305415983552
0.37730673779758606
0.31531407775730447
0.9532987119175723
0.234931667371998
0.4333758415564952
0.7067198735092823
0.7811868117456479
0.15668190614292932
0.1646471181415241
0.4087867337178095
0.4188000549186873
0.6342302395962016
0.19457938764467164
0.2588555544284902
0.16635965227576055
0.3506606219618331
0.06296775476766558
0.46979358538973026
0.356398713035341
0.15912755716189853
0.17433433971409917
0.4473671500763643
0.9247700012990868
0.8489975241530059
0.6637096964948477
0.970695400183919
0.6165265855646613
0.16241843832890013
0.38110998084539394
0.891301552970138
0.5537744952508781
0.07093555949544117
0.03611608839627589
0.8693824257055096
0.39134903273513866
0.7424606533848722
0.6065766255326518
0.2596376064371626
0.2922909070210281
0.18602944042635616
0.2950601987882199
0.8983821448656489
0.7404865618069995
0.25223279049250336
0.8895533543478171
0.8011814015920743
0.9393797472315799
0.4055402305426963
0.9227701577602466
0.9046659583791011
0.6892647135588141
0.9606025936404611
0.5511502702916387
0.7063156572297578
0.9109055366797681
0.4757454727540963
0.030984457051990377
0.8171440826205101
0.5720299651460967
0.14144142826404016
0.42990189597865813
0.4671134733809811
0.5365826589995342
0.17196421416863883
0.7402466975729531
0.746000979903767
0.9357655141477216
0.22750960452266888
0.5092180172385744
0.24144841150060847
0.25958789011129224
0.2809759136295805
0.7839857101025557
0.0068992384724885225
0.6024572468577772
0.5459122064334863
0.48164743124285336
0.010994590870516574
0.06275380206507075
0.9558612053501311
0.9334143169072808
0.9582158291507655
0.9429476617196915
0.8408492844898432
0.5522636277968712
0.2691794195851216
0.9066783457574724
0.12014039529189902
0.4790204444315074
0.0916882115833928
0.358934785777866
0.7225551248006112
0.3738242358848637
0.6315303452629465
0.33766782373047477
0.1810593555940334
0.9852006634568058
0.38539320937561317
0.3564971084313824
0.7694286583591732
0.20315088211110832
0.201048024731443
0.32046630882164817
0.717683504550966
0.41963948714525756
0.5943268019170991
0.01200898645189441
0.18884151010374672
0.8188088285241232
0.5965797104673137
0.5366660473825945
0.9721835251684984
0.3938198843738804
0.5938197333086722
0.8003833520892014
0.26994925057603714
0.944904776609716
0.0935984526231246
0.2610215481358764
0.9375847820463518
0.463670805124767
0.055484088660612385
0.8144748200916855
0.01138373308171814
0.700693072535148
0.23740377326981554
0.566615005579221
0.7260677713367824
0.7541662317569237
0.3415610582865555
0.5991599600244614
0.3437517769812515
0.11491332188721504
0.2568840364406495
0.5228421434857257
0.9279915586930255
0.6185401511995546
0.5593344514878751
0.4542731168729651
0.9419142212029277
0.8141428148261578
0.9180263176530391
0.07406352380603332
0.22007560381766533
0.732698010221096
0.8830526321705636
0.09654095086380432
0.8237823903461599
0.4066230523886232
0.4124991907743403
0.8634482401551923
0.7417928894177515
0.233545334497692
0.49811272811524065
0.8470064465889499
0.3592452304272229
0.1676687207732619
0.7063699947646446
0.06212529665202804
0.39943268419317934
0.7710966583421566
0.24962547372694532
0.4066918625418695
0.3646824570013737
0.44514204814210456
0.43758039262157666
0.6123006645841312
0.32998936179254934
0.6867198303184328
0.7069316540434887
0.9185378529111713
0.517330006351599
0.30634797096959454
0.051632328044714404
0.9839846556069374
0.6131710624561356
0.3020263914836785
0.027695641478311273
0.3188101791058996
0.5958005168132682
0.5303925249601291
0.13118230318829993
0.49351018923741363
0.8784809368136394
0.7700519157662693
0.30031806341459766
0.12644098420380778
0.9006587942431844
0.09763109270352155
0.3975273478368879
0.6979298926393159
0.25059319523539225
0.8723644756339572
0.6169424160060459
0.8901132286987213
0.4506215588790965
0.172628138569619
0.8304951705057837
0.757652257059698
0.4607512601321956
0.01962611283117155
0.49528386461035734
0.3978229583868744
0.17091895345310215
0.26417313105915763
0.6253705951090034
0.08046783870390495
0.7263972206001263
0.6268031014184422
0.37675641851701436
0.9250471536763143
0.3937852897551918
0.8163076156977915
0.06335981246274136
0.05491554463316628
0.7270129034911147
0.7703887822895579
0.7637538859676216
0.7987340368661647
0.26421825828816325
0.30614133122095843
0.667754473416519
0.6866450180491346
0.9763581633290495
0.15402352291630184
0.34690435477970893
0.5846499922738745
0.817960072195055
0.34397933411424964
0.46377748267484054
0.9066678385517114
0.6853241289508731
0.27073020190133235
0.30507927062449003
0.7391932150525499
0.25933341969790413
0.3932306812062718
0.8344041903162771
0.530080939793614
0.9217388203488348
0.25298367309459746
0.7644875432740015
0.058578642217961274
0.3691302191335387
0.41551357795798294
0.7331791359421393
0.17573737676002887
0.50988380926589
0.06815795968433536
0.04960064939918918
0.2689866808504895
0.20353594918526896
0.3541077392930533
0.7200101442553629
0.7975056477158642
0.6789486048510249
0.47010684403928005
0.43838143762625614
0.6699194196751488
0.8456935092618275
0.8594513571214459
0.40929154782280486
0.34174232261050497
0.6390649470286308
0.37745098403238186
0.01418315881915666
0.24917947995757384
0.2015825579270769
0.6725097116308637
0.6436971585543643
0.7541945371907152
0.9345429641051863
0.7130268908022218
0.005135600772815718
0.26513889542710245
0.01557767705421731
0.6924616243180921
0.3263733261161458
0.19600368434534532
0.44979083445296564
0.7263497909121928
0.7377220883185551
0.8532657218341176
0.4310320319063986
0.5194566849048465
0.1349640487474777
0.5751683264190027
0.2858775139755546
0.7780386992609061
0.2569537909685389
0.9972647163647934
0.15467110113636762
0.680839399682384
0.7057970802925659
0.11095184893702892
0.9379345831948309
0.26174709583872613
0.3279385531863609
0.4506377795455493
0.49422095092409357
0.03001338436962442
0.05716929675021987
0.19274753424720648
0.9733824762408436
0.5360306132526843
0.6239644315835753
0.7374094433578134
0.1585694771060998
0.5830635768073649
0.9244843070881551
0.6178396668424473
0.7755165121954465
0.5436070519955015
0.12373525098934146
0.38838353363401645
0.608248393178893
0.06631792283622062
0.899316346261854
0.8850450097020134
0.6566084974572729
0.9368593794092144
0.9116280873609508
0.07764809775515757
0.45184839343487904
0.702716054626758
0.596702435897306
0.5271652856236044
0.24042493208075344
0.5168231864644516
0.3187201225464331
0.4979498780195537
0.9592961475377326
0.57378782036987
0.004598296398824364
0.630762434557147
0.43818712485003375
0.8901381178409301
0.8823213917862046
0.841298270654532
0.7792384864127747
0.1795651881365633
0.12670263400107085
0.350854140903354
0.11342720964144926
0.8769652072869341
0.08603769988916266
0.8766103371870323
0.0699485833728195
0.6119071926323922
0.5754255130183594
0.9829354489193006
0.90156691407145
0.8323104946041014
0.07576041743660311
0.34037287058432775
0.5513112658074796
0.17231446727234523
0.5460416702380824
0.5764756782187831
0.16961163607712948
0.5345877717965524
0.7481116443424243
0.0912368204444225
0.3314175827557687
0.7036683378602627
0.8825178176243722
0.9720597115400054
0.33295881286117057
0.8598929070839847
0.3694584418274156
0.14310665296097724
0.2577817030050238
0.161242763044936
0.1657612624319521
0.4985898486194933
0.9090250308182912
0.8014140679246048
0.29320087443393494
0.10380740636341534
0.18185495035380916
0.14776609710689703
0.09603090925965818
0.4082178646065495
0.0980846128726196
0.7329084664612303
0.44912293039209905
0.2664333868829395
0.8264510689332745
0.16229706573832714
0.6568113244789587
0.8534363382348128
0.6283542459491637
0.23225859394718507
0.8862078008541976
0.17036429257188945
0.11755065878034454
0.17977657326783203
0.9523956687555063
0.7540540878564647
0.7455120922414522
0.09124410773860514
0.47988383659171996
0.26433821822618575
0.9255828942964424
0.6772824242753972
0.9682853748382271
