128 1 3
0
127
1
66
2
89
3
117
4
59
5
74
6
18
1
7
8
35
9
27
10
123
11
14
12
26
13
74
14
20
15
122
16
62
17
107
18
115
19
124
20
31
21
30
5
22
23
50
24
30
25
98
8
26
27
68
28
70
29
75
30
102
31
119
32
38
33
65
29
34
35
57
32
36
37
75
36
38
39
99
40
122
41
97
42
78
43
56
32
44
45
104
46
51
47
85
21
48
49
118
50
127
51
102
52
90
53
118
28
54
52
55
43
56
50
57
58
70
59
122
28
60
61
69
62
93
63
95
57
64
25
65
56
66
10
67
68
104
45
69
70
92
17
71
72
86
59
73
47
74
75
102
76
106
68
77
4
78
33
79
80
92
81
94
82
113
70
83
84
97
85
91
86
93
48
87
0
88
18
89
90
96
32
91
75
92
93
117
94
112
36
95
80
96
68
97
44
98
96
99
100
118
21
101
88
102
103
112
99
104
7
105
79
106
65
107
80
108
100
109
20
110
101
111
64
112
113
119
114
121
31
115
58
116
27
117
40
118
114
119
12
120
59
121
58
122
78
123
3
124
87
125
92
126
28
127
0.6363593325102583
0.006313771064501483
0.4522598921943489
0.8152089761767635
0.07048700305062783
0.8150901833388682
0.5654018336375383
0.7293944046463762
0.8931569011995015
0.23310395646704718
0.36247375029707796
0.17154792601641322
0.8466250839961665
0.17895083367989228
0.6831096135551068
0.7804881163929481
0.45770625745869487
0.10209526981790018
0.9617336440198931
0.18226113331580007
0.022949534838374364
0.8957186436379745
0.47732032522700496
0.24647452758798427
0.5860060374274272
0.4236780085165296
0.697275104663113
0.7285567357676342
0.37907751192831174
0.6312464039981889
0.8279283755298301
0.5461753423929174
0.18346625592397903
0.3665343686469015
0.6427044554255916
0.48766854600967957
0.8363360776508065
0.1460878683036677
0.639772509916261
0.810728877622259
0.31705615467923953
0.9784704261300721
0.8597632174647266
0.2443995207035402
0.45564336003954375
0.59402390695005
0.14423567337563792
0.6723093083264365
0.8586427780829796
0.7838225670478236
0.9135687549299983
0.3818206205917323
0.8640678108556926
0.7409217619206812
0.5632414152641356
0.6542857898077101
0.14096038273676914
0.01466940987324783
0.9319027697726827
0.666015753343508
0.39544313855778135
0.748415973873184
0.7341247098485223
0.2041322585278238
0.058796114518483766
0.4569668977409358
0.25380576336874117
0.1273344454666554
0.18077709940415043
0.2569555964647856
0.4123614193305728
0.7051525093671344
0.9229693954558468
0.3579797490421517
0.5851533327262007
0.33051252065669245
0.5759793768646636
0.14309172639756196
0.09376075820315133
0.020595774440439696
0.16902573251466846
0.7293047655819228
0.6156060637887522
0.18366830059443318
0.5483879921000212
0.8852098359862992
0.7165742636496183
0.5774960148340755
0.31055366688053754
0.7390667679763985
0.8240885395643782
0.46856759422442096
0.7494052727900546
0.407590849807856
0.4899553736110416
0.5279020205617203
0.522227498388372
0.7398895980757535
0.6067999304103956
0.7160501227671878
0.8957335359816582
0.9019959433542081
0.48175097986903836
0.4863222816843371
0.4611826996848889
0.13362769905494476
0.6195284083352656
0.7640239147656764
0.9733076301173914
0.23964604492728758
0.7850510894471592
0.2893950118314902
0.27573284188425096
0.2944481045110853
0.3674854920112799
0.8344001823766531
0.25441404670756773
0.6774534730512847
0.03759710486315937
0.2311328218032508
0.11173101639922955
0.7513516159750511
0.09825300629586897
0.19839632670547236
0.9617125647484863
0.1922196574044116
0.6350161821062694
0.41458486575514375
0.6498099008684098
0.48262172292203365
0.2522189950248307
0.044450083486075376
0.6597393332654188
0.3275481419979497
0.509384341457159
0.4205045059910669
0.4211119406690055
0.9334070519830729
0.8967711453792346
0.5820109956709865
0.594826602696435
0.7097957687693246
0.4406273944403618
0.5097083113971412
0.1031844927469373
0.17666023970997924
0.04005540760899384
0.6871037997729186
0.40235602444772656
0.06955589194477063
0.09167811366357381
0.26984401863778973
0.9423141886916707
0.3763406033269744
0.26485443618905047
0.9494452680013069
0.6402206705373468
0.29360780151514
0.11137172513793603
0.4730252778191705
0.14854615159222917
0.11510969683847194
0.3070053127168838
0.7993147774222064
0.097441944698209
0.08901584846060229
0.22312895583658854
0.6914228592021533
0.7446569092399123
0.759443160276012
0.025706185482659127
0.0038976612724866966
0.8814501614631329
0.6388034828882106
0.9747792061975796
0.874912939355131
0.3528536236332708
0.08682607670423625
0.7609006195628752
0.10428421501971663
0.00815283235476294
0.1917140658275751
0.03465733395098636
0.19156307790458382
0.18453342790905414
0.741155305792144
0.13150941365514024
0.5946704527335659
0.2956621955829347
0.8444465291202278
0.29077328709423733
0.39250678841166364
0.010319600383490335
0.36630505043051687
0.867643452455175
0.7188850204145609
0.8964706845908024
0.9611862233080676
0.05901396320294339
0.6809594953194967
0.6211887465823398
0.7285223732710391
0.3213612916124674
0.5759086016105797
0.41628536370196256
0.7527979262647578
0.057348139206176874
0.6417024755965799
0.2568627374533441
0.7124419946050068
0.12691755543019345
0.8286578029164414
0.817173921285873
0.8590909966016356
0.5527871631942874
0.021255655282841013
0.7673992043995642
0.9009390533418534
0.29400018776368275
0.03282804457662525
0.5299512607713425
0.2607593420715547
0.549853939715356
0.9412363973848438
0.6487058262578648
0.2267104858839064
0.8333058278667803
0.9202162649796625
0.0913909282223746
0.2272548585566324
0.7260306135753329
0.5154684026101406
0.8925308278693175
0.14602612262432124
0.8754986215337355
0.03633743297933423
0.0008181868138837922
0.6324686955346809
0.9104442606580694
0.5825397075539562
0.898992607000553
0.8185103791826713
0.16273468231720412
0.7655091637623823
0.9699052814412635
0.7268766719139106
0.9469802183358479
0.631615517384024
0.5058506138025324
0.3717759884836589
0.9892348296026627
0.9185499310346402
0.3330721187137575
0.3115980263772923
0.36328428950161484
0.384630551354336
0.8222085319288981
0.7638931328668245
0.12919392610321123
0.5531220810784011
0.39035191639981337
0.9579922979872921
0.1209923347462688
0.0536459730763037
0.107294609680058
0.4717097864592008
0.2911462254598792
0.7727832950695127
0.052287956675443725
0.43156935954575526
0.6519357239294968
0.6904329282916808
0.0780951120820721
0.9343468754121063
0.05386380748813424
0.25585747395383074
0.6432804270837404
0.3316066780855972
0.7118768406212345
0.4103866433231752
0.2799684404293732
0.3416509765967495
0.9167817603439005
0.5241111599861407
0.3722690848068363
0.7802464647091887
0.1633080811824037
0.3714103685335559
0.8591835654100487
0.2922452326598095
0.5224819499746128
0.45792803724402265
0.25627446963979394
0.4242954327471117
0.5150380125859567
0.41367138865202047
0.10610710637624943
0.4989628428453162
0.44910041029231007
0.18176851392360738
0.9864807869140727
0.5913303356251791
0.7838265538604852
0.8307332922097657
0.5416222993402872
0.6703857001143285
0.3492191051036634
0.5276409654223069
0.8910131561426523
0.3325451004181339
0.29636418104993756
0.35971885325233466
0.29651300181848905
0.3189766292246403
0.15479601244731034
0.8105108488305917
0.634700258218948
0.5051615055631689
0.5720857325048444
0.3935857187660121
0.6583254542163675
0.9252227352997597
0.3212911497835843
0.7781828330792193
0.2799946040397959
0.4734122077695663
0.9006992451711566
0.3379125792750983
0.3344729373561032
0.13613772701402305
0.27531982827085144
0.6028910852772074
0.857702584278739
0.5989849998359268
0.06988068657427826
0.9353110295983627
0.5553037496350025
0.39720479607412296
0.9977332907499606
0.13201201559526954
0.4476095086157382
0.12606163109439494
0.7226464722786444
0.7248189871912285
0.4861643722315643
0.33386880759242665
0.6003040166174405
0.7102717194329227
0.3521350405749749
0.38255615571595303
0.2766816346193801
0.6438005374747933
0.30222090011630953
0.04514816204625116
0.3770962994405137
0.9338780082534329
0.826903421888614
0.23159350382671662
0.8128233879454531
0.5495782063381227
0.7686735028018176
0.6169951781083076
0.007948714864597473
0.21461244199788876
0.5162895724913725
0.1727970018917968
0.25729628109006863
0.7386118618085145
0.8540345571481762
0.9692356282052207
0.1217299357168844
0.024137383188735928
0.060948942828915165
0.20321365811032377
0.764973367089234
0.7176550823163854
0.12006839539078251
0.3171095213468398
0.3137065091690998
0.8373645490031391
0.38493613630494816
0.8874900044495639
0.0444316119207514
0.8333875026092756
0.4543751732234679
0.8987957826235892
0.856921986290817
0.8068156900980104
0.3986890712562904
0.03281353137074294
0.012972734275514708
0.6022328421972468
0.2232537458065449
0.09270254449250326
0.07955096299528497
0.6576148636065715
0.09220024794861692
0.8150676096807467
0.921641416451717
0.09095857411325081
0.012490024304412595
0.6523793529183068
0.10253682177999923
0.4588473005144591
0.6964897340504991
0.09333349921939915
0.7555893582105077
0.6349244568255644
0.7259430495795939
0.9352288148102637
0.08454941622141265
0.4290638704227566
0.84589681431941
0.6371795509006362
0.9040106879301617
0.5988528976021853
0.403047703076178
0.10448128335982176
0.12091765482334194
0.24878023589577425
0.796488251163697
0.40293538787802985
0.10768984906689838
0.9134816016328865
0.6320763275440378
0.2666323437732484
0.9215056319395205
0.4799050178426295
0.929579228345541
0.47860530826079917
0.04691956143133136
0.9052703910817422
0.8426436416516366
0.22128872510646025
0.9803285885404365
0.06346907211409203
0.4319787806283536
0.0771896909166151
0.714320781604262
0.004195067020681731
0.616321352393088
0.8375197464967771
0.3214336764886112
0.2322317546463737
0.027684664496769873
0.29957494506099325
0.36393601719160773
0.2274261205525816
0.5327643815450945
0.15099000092574377
0.9286411035515281
0.7591625250901529
0.01524635866548607
0.5124706169512215
0.06102910435089148
0.4608390084089251
0.6611798949969377
0.7171799026096842
0.8578899186557719
0.9538777404255622
0.6558183097836988
0.2512987839977058
0.2671335536499281
0.6788653630926256
0.17643901809841067
0.7117613995998769
0.3996776791502099
0.6592704853218272
0.506059009146846
0.5678869136617057
0.5470646985528548
0.9713684239745592
0.13019014984813748
0.15986927540848928
0.8295601561391123
0.8113417482664755
0.4130499544339329
0.9663366656639404
0.8828358739315666
0.2968298391160463
0.47440819741868345
0.8859808124098497
0.0483609768615062
0.8070829818420702
0.7223745613189397
0.1263510989671207
0.8633753617581295
0.7940077215968446
0.9601301167790922
0.17681214553528424
0.8585307168605059
0.494516757648515
0.7334524058536162
0.10749784239084748
0.7745284598400602
0.050447666747818865
0.2168628832560262
0.8081471930835307
0.288486342658007
0.3951221095942915
0.5383652859248244
0.40123298102351346
0.8036045392488218
0.06369268328402511
0.6028456345943578
0.7062212305844362
0.1595560793858558
0.07690361843686144
0.8080242331167339
0.17127166221183499
0.9473933087508895
0.9275653436447728
0.9759785633080515
0.06367689742692761
0.6607163651093451
0.7429704410765737
0.5166694343950975
0.11384452959012326
0.48591633321702044
0.5612605294283386
0.29888570520241786
0.3398539558468764
0.8923533044765178
0.436667039385894
0.954256467688071
0.24364251012631566
0.3108935901190715
0.9381947629462601
0.4682055418120957
0.20144308003734357
0.9033249902388876
0.9545191420798983
0.6401131557927244
0.027288971111680715
0.14425387322949557
0.13629013819503855
0.6861086480715731
0.8436624981709527
0.4249706038667205
0.772723187218087
0.06269581374680178
0.9080743501175111
0.4177366968479129
0.8192431634647019
0.06381066538961422
0.4969894720697291
0.5923845820397328
0.19544272932910622
0.8699001884306653
0.46253254959257006
0.6034240131586542
0.009194332470180866
0.7034023603594283
0.4620519354592082
0.7287114402706569
0.26030985742862134
0.7536243656437381
0.4215040477724722
0.0063403075983146095
0.30363153624585426
0.8412567584698392
0.0320174356991767
0.1903892158827779
0.30896490311418445
0.10210735199740006
0.13422398773095223
0.9374719667280117
0.7547237348721655
0.42220458905886016
0.6970512326614006
0.13724564683005813
0.5128043228589356
0.08234587486142086
0.1917539886574281
0.7151010623402244
0.35464881699934614
0.8784370239489422
0.7497891849858225
0.6977425041881483
0.05221574656783223
0.305692915838347
0.16498249894069983
0.5087095172226818
0.5271138039125441
0.8341076182883
0.8592384941936169
0.7339671621271989
0.054680413725865185
0.7109492453638181
0.3514077089346114
0.07683061184193818
0.38219367103103663
0.06534795495800627
0.5898570055309912
0.5944008968296555
0.839497044405643
0.014064160437775142
0.09254561291645746
0.8017932033802202
0.3153997382949002
0.07549105383191645
0.07267141880378869
0.516024403004939
0.10236464602540274
0.782396620822505
0.4657505668764399
0.07026302933693329
0.07424136511300772
0.4235838670243679
0.7186126625333941
0.1450364098021455
0.3131070513285311
0.3683639460422805
0.11543275226965666
0.49307159741449835
0.20518822891794897
0.2960639612203192
0.21171904324996216
0.03380900576915935
0.8302066229421995
0.746136737883934
0.23543259667014604
0.8631843454801541
0.595820888728548
0.3069587519321392
0.3126260291101274
0.2447057561590651
0.9634875791417151
0.8056246780709168
0.8247597566006076
0.5916316663242399
0.3085127828763804
0.5797516520316154
0.057690148935758856
0.94176467044108
0.7599647596342279
0.9993700722296653
0.9682878068292812
0.17895094011701707
0.6018285567041144
0.6731963838109648
0.6108773820236874
0.6662444759255597
0.8045717891524867
0.3047353913667412
0.2000373944176369
0.1721566074503066
0.49861610707891035
0.9416117567386654
0.45480311773434956
0.4608118429586513
0.10631370211417424
0.4662945642831159
0.8938794842419047
0.6084415793266377
0.35488610296369005
0.3487929192703364
0.3032531923045251
0.37927897287074663
0.2607833085708817
0.8760637611712171
0.6939138378275331
0.48817803905221446
0.632618489585701
0.8964001725056413
0.9395624631350126
0.04008350844436315
0.5550836953491667
0.24924885653648698
0.40073324552675227
0.23061960076878107
0.01551426639031317
0.14258543268079016
0.11393269398665729
0.18249688873886194
0.43450274921792276
0.9708732614420784
0.4928558804314537
0.5006326166241076
0.25878296043958615
0.07577110051388158
0.7152199758073211
0.8524113820383203
0.29450827237091226
0.7392360412661819
0.47194242850055
0.7499584061666772
0.624303098171189
0.5090977670658842
0.2869066480229491
0.7283985456672403
0.931840408038098
0.1728148897708388
0.37579368256918555
0.6521357406026114
0.9293643859796071
0.172086818136028
0.05619501883667499
0.8439480944503609
0.09291245617510335
0.9265166170811373
0.949588118043979
0.5082957026417292
0.06353251010467253
0.3239322229683407
0.9503069690721567
0.18586466738591778
0.5023592627413542
0.8408869452229674
0.5487305240703052
0.007322984570058755
0.013750325273581776
0.9212387454131684
0.8353614260514833
0.6445880198782308
0.22596732091417127
0.9345641227975543
0.29795659508460315
0.4237928770228572
0.7550144547179525
0.9982204750525684
0.23518566126277274
0.17315228279967276
0.3032389297623391
0.6911201484404185
0.9918562368013799
0.9433336277440351
0.06633155283413927
0.4776863920418838
0.4186658195011179
0.5948019797761515
0.9152013716733249
0.5338238334903522
0.49054142554935654
0.05644804642454804
0.11915854097296386
0.8831439048164921
0.1899489237651084
0.3601126194333609
0.8754110128331374
0.785560835668404
0.7067170719329692
0.008742010541453737
0.2233465768889047
0.050497195443830245
0.042062096632225265
0.49488715317727594
0.6703164798840353
0.7427416114221425
0.834051921803333
0.049644385460472895
0.5227553685286406
0.42973392404539046
0.07293949464770688
0.627555020147959
0.3993055046850442
0.259741021275292
0.378802587143237
0.36357166757733517
0.6808074629168861
0.6113733999391427
0.8533752538709789
0.0318463790136051
0.7659328976633543
0.11162898044659264
0.6094870905358053
0.7058651599134464
0.8280412672005077
0.27694127431447857
0.755233906358029
0.5766853011144106
0.5361530350091642
0.3589002631185654
0.3563087853761078
0.4421952327780865
0.64580234004423
0.9924593966205105
0.028134689057430884
0.6317387847192126
0.5930839056293131
0.7466592505769412
0.1711846600846728
0.0950994028133143
0.44264527988421565
0.41573199325790267
0.7232042874384176
0.9031960157849933
0.9772198943559707
0.8301153887727382
0.11323129482228322
0.5295756595501192
0.10030481172239869
0.017828345972229376
0.8770166023213388
0.3434676750881197
0.7712021469865725
0.9402395741968678
0.17962572145259925
0.31206485137156836
0.1787992487907586
0.44129191898556897
0.5629791275178552
0.46142364433849004
0.6059333654625778
0.4793511356904412
0.6061084280168039
0.24041286831673636
0.9474750116627056
0.5006148448604939
0.6529005866050009
0.06890890513467052
0.6625741392977408
0.6236532274691482
0.1976628427581889
0.28463684995996663
0.9175357125236651
0.6348448817995838
0.6810350205289804
0.09725319792707743
0.5152443734668366
0.10306075565118489
0.9319957794039224
0.990611283332342
0.6454495817780499
0.7150990581492882
0.02467121438018771
0.2980208466430708
0.22806955431192488
0.4111452263017932
0.7233234953194306
0.06739215748077976
0.7309884011178247
0.40119213861239666
0.58185118143614
0.18345837485014194
0.47024251418138996
0.9675840888807803
0.8913053612041115
0.8692921366267
0.749651518883614
0.7901209525522572
0.027399253579504457
0.7886728037620856
0.7092999248102423
0.04981444512480249
0.5512394318958957
0.6101177090377132
0.2670795080460402
0.4553424753721882
0.14483639827065142
0.004373486496497492
0.35743649011108025
0.43676514607645267
0.4615427925121798
0.014637208225652731
0.4361234420828608
0.9463820637957248
0.10443158851903434
0.3196435334509955
0.745691056140016
0.656343960949762
0.4849374877637711
0.3113833395169362
0.16237515939369473
0.8719574280157901
0.7900223912056208
0.7173518906381839
0.9244699494731552
0.10081398350318649
0.23331762378491783
0.22810260782560143
0.8176574681773546
0.5534593835495265
0.8912469570359199
0.9539336412793339
0.1427453824729885
0.25038048319944695
0.8840560534453302
0.4544473353933829
0.05967880187288921
0.7201621668927523
0.03555408974055363
0.0954519755397174
0.621751230107588
0.05622556767437881
0.7587029166611793
0.4808175245671862
0.12303633785160362
0.7953066322962116
0.7545334185582355
0.15732843326040102
0.5483537801227444
0.3854705704140351
0.3993144257829707
0.17528866984174407
0.6532153618960164
0.8686120912107024
0.888645644539284
0.5223526365497536
0.9059847093765837
0.4749762054338711
0.0203385607918094
0.6632520316119385
0.38799663447081867
0.2601374514517263
0.6327281129185726
0.03906166218331719
0.7287141876849957
0.24047420899544403
0.5133137841022575
0.7241905793759855
0.9329425258704671
0.8384786341326598
0.8713751946946685
0.19247942139970609
0.35495416429946314
0.41239999117106263
0.3250216760583329
0.856660526740991
0.8802730402583467
0.8734253474198888
0.20369528308256202
0.6922972408363505
0.06734670251478725
0.8902819324406231
0.2823677805490741
0.6282831021336167
0.7038819337345655
0.5809823519883517
0.49812424344585626
0.7420036221257429
0.9828014523074988
0.13758209880620975
0.6435035608612961
0.7828250788697236
0.8341636890564804
0.7104662389069426
0.6328719842901563
0.72452333252923
0.677326392719615
0.2687532712187789
0.12451061620570514
0.6291778518175626
0.6936213608346526
0.35981299478675477
0.5208066595993578
0.28576746585662294
0.10232615540488543
0.4890614990988361
0.4950733346507623
0.06430549536147767
0.6153394738006538
0.7690576720384705
0.21063332377861888
0.3051640326955628
0.678869771983231
0.17355142423460546
0.17826056569337645
0.46937958242328626
0.6716612477185441
0.9884085224230678
0.9692816290176344
0.9332993424729652
0.2450157626420516
0.3546333050117929
0.7343506601136484
0.1104293584936562
0.8891574455757839
0.29018978749754976
0.1540559769217199
0.07272880251621228
0.5498180948855581
0.35405446310728605
0.27664212823238554
0.08411799168191214
0.8198332694306643
0.8689178313537619
0.34514283562562686
0.9447166854555127
0.7614167602589191
0.17398991352860416
0.6019693813205552
0.7115382451408158
0.12530839127784166
0.6509256553349444
0.11482648045112254
0.46919599641705645
0.9775597775527279
0.24783742481530435
0.7741512064843629
0.3084504728182823
0.8536518257313556
0.12218913918938523
0.4316998519400823
0.619306023186331
0.018899614652614583
0.5202040724531921
0.0668737994750428
0.5430967953860216
0.8870891744119596
0.3302490026619609
0.350843212355178
0.09115344198119157
0.2832992138187026
0.43786484468510023
0.8282988290765438
0.2415875400373526
0.6308710275068441
0.9953040593928737
0.008690192655226303
0.7844070634307707
0.12618723589606684
0.5659695827416942
0.5762523904965534
0.3534674965137249
0.07315908231330759
0.7064586710495631
0.5951966021947972
0.04001165314608335
0.9782993759435655
0.5001122193562308
0.5576473083236793
0.518768445201023
0.29087955339496674
0.6312159313420046
0.4177036353400345
0.4475685620399552
0.047423155830261465
0.47839860112711674
0.44996694472564236
0.3177190321446376
0.1971189567288969
0.8898798299998849
0.447511230117108
0.0682398981904444
0.4875767937238017
0.5213410899741978
0.7574020731145634
0.7439679666482985
0.38311739769888464
0.16137885601520907
0.3136301476275698
0.5182480400451912
0.6684305792034385
0.38332371054842485
0.2162756706294111
0.748192325087199
0.5890739975083901
0.6744675710717402
0.14366507364572967
0.03377485025821969
0.13807878989117428
0.13761156322291734
0.2805969285040246
0.4822382452099976
0.6975453280440207
0.1958117815021938
0.4287279931277048
0.5929916151604055
0.6317289827680412
0.7687537613870798
0.5980916472355912
0.829621364324394
0.9939575570269068
0.9088369233592233
0.6735238669701027
0.08246331789581385
0.02090022344827891
0.11284890935066316
0.1706883600792708
0.9275623013108156
0.18166081477005525
0.84974267299268
0.24539936916935612
0.33250199799724744
0.2201974617345609
0.7140573273711504
0.7992617578606891
0.6140033187251289
0.334328230836449
0.9271522549149671
0.7016363178806558
0.38225717555086114
0.5531568275613505
0.1699439232190183
0.8977211845767505
0.7236362615393044
0.978034462686869
0.12975322201420048
0.22147226414359233
0.665234071339915
0.442544195196064
0.8464015419920169
0.564928827917729
0.8934283409911636
0.23192054806557594
0.1569495125125676
0.15593802021626169
0.5764791219451654
0.12565683441783682
0.09313393603182529
0.544705608243422
0.8471098758373626
0.20399790630005044
0.8204216142004047
0.8497798542195757
0.9692431693804991
0.34980511411473303
0.7315528398374971
0.6881890917300972
0.9535415013311933
0.42219972684093876
0.09356111294602754
0.6276544391062895
0.8711686343807485
0.3103030639142119
0.6844940958935803
0.30156326165866343
0.7110687398318483
0.2390946077040268
0.8674530396244935
0.12441296948207492
0.0647968419497007
0.08692253896571456
0.22968534122720807
0.6149014251964438
0.007971187384833267
0.054858854444036154
0.5834123246754355
0.4084691887729751
0.626087916406544
0.5841849741153528
0.48162973177580903
0.5986666276975536
0.2922217573308308
0.7442552425828419
0.6188481196694444
0.9876424244151009
0.7954918755292264
0.4782330308416626
0.004110732861452693
0.6836357039992076
0.17388890033128668
0.16814051148184095
0.6566607295416135
0.41083844839289885
0.28535140262596626
0.4297317483987967
0.37447844630297455
0.33277386945057374
0.5275458134056202
0.5885114822422346
