256 2 3
0
17
192
1
82
245
2
81
198
3
60
123
4
107
252
5
34
236
6
56
84
7
89
90
8
117
160
9
103
192
10
11
171
11
133
150
12
243
252
0
13
111
14
136
247
15
170
201
11
16
140
17
177
225
18
137
237
19
162
173
16
20
44
21
190
236
22
116
157
23
47
231
24
93
112
25
133
175
26
132
138
27
179
183
28
57
191
29
239
250
30
51
135
31
135
182
32
138
158
33
180
215
34
102
143
35
124
185
36
75
253
19
37
224
23
38
116
39
43
152
8
40
138
41
236
254
42
54
140
43
86
112
44
76
245
45
152
217
46
73
76
30
47
151
1
48
112
49
157
170
17
50
173
51
122
237
52
142
145
22
53
61
2
54
230
27
29
55
50
56
183
57
181
211
54
58
167
40
59
176
60
127
178
13
19
61
62
194
195
24
63
224
38
64
132
65
97
154
2
66
201
11
67
196
68
100
222
69
95
204
5
70
186
41
71
113
13
72
231
41
61
73
49
74
186
32
75
152
41
76
196
77
129
219
11
78
111
70
79
84
10
74
80
11
81
196
42
71
82
83
122
141
84
144
172
69
85
156
35
86
138
87
100
107
62
88
235
60
89
127
90
118
249
91
207
239
1
65
92
24
93
218
94
144
173
95
191
250
96
138
188
82
97
126
23
83
98
3
99
239
100
180
233
101
199
235
35
62
102
103
165
179
15
104
131
62
105
113
92
106
197
107
189
232
108
155
238
73
109
110
110
122
152
111
145
246
45
112
210
79
113
173
114
121
134
31
115
238
71
116
229
8
117
155
92
118
233
3
119
152
34
120
246
121
126
175
3
122
253
59
123
164
124
182
230
116
125
138
126
220
223
9
127
206
31
128
144
18
129
196
121
130
232
13
131
196
132
201
212
22
133
225
100
105
134
135
233
251
81
136
175
137
206
223
107
111
138
46
139
184
70
140
174
110
141
189
116
142
244
74
126
143
19
144
212
4
145
239
146
213
235
77
147
242
117
148
223
123
149
214
28
150
214
29
151
237
152
196
245
153
161
229
3
137
154
153
155
172
40
114
156
100
119
157
29
63
158
16
154
159
57
160
223
77
111
161
73
162
166
11
163
165
56
152
164
165
206
245
121
166
248
135
136
167
4
52
168
169
187
244
170
174
191
161
171
234
109
172
216
46
114
173
15
94
174
60
140
175
149
176
208
129
177
192
61
161
178
6
119
179
5
180
226
47
181
251
121
182
213
101
183
248
122
125
184
18
91
185
186
213
240
23
187
198
93
188
219
109
126
189
73
80
190
141
191
195
3
33
192
72
73
193
116
194
244
74
195
200
4
35
196
43
178
197
82
156
198
86
195
199
79
100
200
118
201
212
9
26
202
89
144
203
128
182
204
205
206
240
33
126
206
50
195
207
49
206
208
160
209
212
19
20
210
21
73
211
197
206
212
30
127
213
6
27
214
74
184
215
33
86
216
211
217
222
38
110
218
43
55
219
150
220
230
28
124
221
50
182
222
93
164
223
14
125
224
131
210
225
165
204
226
48
60
227
65
110
228
145
229
239
125
214
230
101
115
231
52
168
232
37
78
233
72
143
234
94
101
235
17
144
236
50
93
237
108
203
238
102
160
239
153
204
240
39
52
241
86
211
242
169
203
243
99
165
244
41
102
245
101
152
246
176
179
247
32
87
248
29
216
249
72
195
250
46
167
251
111
131
252
5
73
253
50
163
254
63
207
255
0.568995
0.726369
0.775152
0.626637
0.295847
0.431788
0.377235
0.839598
0.17488
0.726803
0.109285
0.700475
0.05911
0.73448
0.443452
0.494896
0.214552
0.424283
0.024403
0.19165
0.945943
0.106277
0.562255
0.908881
0.906781
0.837351
0.599056
0.494944
0.370026
0.120151
0.900515
0.98571
0.372211
0.367769
0.672278
0.919724
0.737477
0.898717
0.659655
0.885695
0.342332
0.085061
0.795086
0.280558
0.733799
0.099842
0.20802
0.333548
0.643786
0.834041
0.127745
0.926642
0.53566
0.319855
0.091525
0.383156
0.773454
0.335178
0.530251
0.620251
0.311333
0.109272
0.354763
0.589064
0.561464
0.204684
0.009359
0.383362
0.519523
0.650485
0.115538
0.949561
0.458599
0.876863
0.945047
0.572374
0.01968
0.115087
0.345521
0.874361
0.724696
0.554714
0.853228
0.549839
0.675909
0.55191
0.625996
0.914491
0.324491
0.433356
0.561429
0.630712
0.25603
0.811422
0.358801
0.48217
0.161326
0.214043
0.656428
0.688211
0.063345
0.032814
0.394482
0.926006
0.712328
0.842204
0.876808
0.046485
0.458245
0.421773
0.107778
0.241733
0.056122
0.789236
0.976382
0.108518
0.065863
0.559185
0.19049
0.099825
0.619767
0.986783
0.630513
0.614524
0.330402
0.749234
0.765601
0.345015
0.094485
0.889206
0.197736
0.498053
0.019761
0.625105
0.822496
0.350266
0.812032
0.598746
0.139527
0.540616
0.718444
0.065426
0.972785
0.059683
0.134665
0.478246
0.570992
0.282013
0.80566
0.063656
0.510907
0.648701
0.186429
0.753796
0.103504
0.125964
0.6447
0.54483
0.903265
0.973729
0.050597
0.123445
0.471679
0.868646
0.482905
0.740962
0.569193
0.206892
0.421185
0.67071
0.39365
0.774621
0.635272
0.263545
0.336369
0.185292
0.041296
0.31399
0.545273
0.169837
0.692888
0.344059
0.30781
0.488989
0.985061
0.569839
0.033461
0.899546
0.487816
0.632726
0.477816
0.51006
0.20553
0.447218
0.475857
0.55101
0.375437
0.816909
0.070561
0.979569
0.804058
0.634055
0.979029
0.550766
0.98028
0.676866
0.540888
0.910888
0.549585
0.809068
0.499321
0.204296
0.968153
0.485899
0.657769
0.129644
0.521422
0.57471
0.018361
0.976343
0.224909
0.961
0.837571
0.759415
0.215891
0.267988
0.462096
0.3483
0.084855
0.519652
0.696747
0.456848
0.892058
0.971317
0.079655
0.062442
0.533502
0.964378
0.701844
0.197672
0.794828
0.654101
0.354624
0.761056
0.507979
0.921553
0.350624
0.228377
0.927316
0.999385
0.923384
0.01777
0.795161
0.800167
0.457346
0.377172
0.523254
0.386262
0.568612
0.874337
0.838454
0.306369
0.770486
0.396829
0.817061
0.320332
0.035583
0.238479
0.004668
0.708742
0.926367
0.860465
0.891125
0.356182
0.430398
0.033673
0.306434
0.042265
0.312141
0.834162
0.08695
0.444808
0.546856
0.989209
0.723274
0.367038
0.66867
0.90555
0.080845
0.936473
0.344055
0.656954
0.644346
0.894624
0.295159
0.355704
0.661035
0.060857
0.19331
0.659009
0.402868
0.686222
0.698998
0.926237
0.111226
0.678722
0.842123
0.06427
0.25782
0.979521
0.769754
0.576372
0.362981
0.025788
0.849494
0.796309
0.899109
0.651355
0.271439
0.618927
0.195255
0.762345
0.682773
0.33469
0.461447
0.93092
0.13628
0.004249
0.670322
0.558808
0.955207
0.998609
0.939758
0.124067
0.425992
0.796175
0.629403
0.677462
0.504041
0.358941
0.033713
0.817641
0.010094
0.621972
0.610053
0.216855
0.956524
0.657424
0.834772
0.813082
0.673131
0.35938
0.004603
0.588459
0.981477
0.669169
0.735861
0.3797
0.483856
0.058412
0.992823
0.189937
0.667526
0.213217
0.145035
0.257995
0.58982
0.194161
0.191168
0.515351
0.640071
0.356199
0.209394
0.599545
0.459582
0.887631
0.39124
0.604499
0.316215
0.9483
0.421375
0.28833
0.213919
0.197199
0.371304
0.298879
0.494136
0.592806
0.697924
0.856658
0.600432
0.845683
0.266922
0.410643
0.155585
0.200388
0.264047
0.765301
0.894292
0.920202
0.66039
0.846515
0.303572
0.171731
0.211364
0.071358
0.367936
0.922158
0.964827
0.149741
0.549228
0.043801
0.948398
0.995044
0.727956
0.083354
0.050872
0.436974
0.055178
0.935158
0.053547
0.376562
0.394853
0.302968
0.784705
0.648564
0.790695
0.15352
0.601327
0.549133
0.675841
0.563699
0.285808
0.062191
0.875058
0.42958
0.735448
0.373394
0.030211
0.98751
0.142876
0.204721
0.334458
0.634731
0.101418
0.111887
0.426321
0.369957
0.555648
0.848963
0.992168
0.812341
0.565718
0.945873
0.890655
0.160011
0.863465
0.911997
0.805887
0.162513
0.334595
0.282636
0.981759
0.500884
0.458957
0.8929
0.728881
0.68036
0.03428
0.355595
0.67247
0.962536
0.496682
0.846486
0.385159
0.086673
0.147868
0.317111
0.917749
0.662071
0.282337
0.185267
0.766505
0.386913
0.565521
0.439916
0.107606
0.453074
0.307739
0.803587
0.407319
0.01901
0.48823
0.03631
0.523731
0.216464
0.656577
0.163306
0.895918
0.749364
0.401764
0.575346
0.660704
0.187137
0.352448
0.417647
0.334888
0.860874
0.651195
0.831205
0.251709
0.867308
0.288036
0.56674
0.151741
0.461295
0.811715
0.129492
0.880443
0.325761
0.573638
0.296904
0.874252
0.79202
0.062775
0.397672
0.572265
0.317428
0.112204
0.92733
0.438244
0.910574
0.596353
0.407411
0.370299
0.690091
0.193078
0.38576
0.238381
0.174302
0.863451
0.29988
0.670296
0.766939
0.760395
0.788735
0.780627
0.685535
0.360649
0.654074
0.381377
0.480182
0.960842
0.712571
0.890938
0.880038
0.564977
0.514504
0.110315
0.098793
0.326438
0.933055
0.150055
0.597236
0.896511
0.102751
0.191085
0.976046
0.109075
0.929653
0.515504
0.852973
0.368113
0.561704
0.728928
0.113073
0.544127
0.571605
0.76489
0.5127
0.011465
0.04588
0.345871
0.965094
0.397064
0.843332
0.12876
0.267659
0.572508
0.734587
0.740269
0.520099
0.991517
0.306325
0.265596
0.250986
0.937324
0.792459
0.658703
0.135341
0.166261
0.732081
0.339915
0.355286
0.917555
0.121496
0.939648
0.211225
0.073841
0.046917
0.114659
0.739216
0.100471
0.552866
0.674055
0.955796
0.186339
0.738113
0.155602
0.874574
0.375208
0.800013
0.972346
0.709424
0.897719
0.297503
0.889932
0.689216
0.019519
0.018364
0.132911
0.596095
0.278648
0.133523
0.337703
0.624219
0.937378
0.538745
0.49273
0.92098
0.413242
0.767304
0.894092
0.394274
0.310801
0.533227
0.600946
0.658318
0.750046
0.898728
0.668729
0.691241
0.930971
0.670856
0.425484
0.518674
0.484289
0.967956
0.4495
0.304607
0.029478
0.813242
0.579051
0.63952
0.251147
0.532469
0.560629
0.704662
0.332262
0.062667
0.648299
0.549521
0.837253
0.471447
0.138009
0.55888
0.450346
0.30108
0.621302
0.069296
0.697769
0.867924
0.442502
0.096279
0.183511
0.059269
0.458158
0.631453
0.741923
0.390285
0.217801
0.980695
0.04861
0.52356
0.379588
0.556561
0.978381
0.592879
0.366173
0.840231
0.512933
0.073174
0.960783
0.168373
0.187481
0.697858
0.307921
0.994904
0.667125
0.721477
0.04835
0.947977
0.261343
0.342569
0.888195
0.870316
0.069926
0.148724
0.380123
0.565796
0.273467
0.772994
0.53771
0.304478
0.519026
0.308409
0.554915
0.848495
0.084227
0.111265
0.298998
0.188884
0.85388
0.010532
0.422707
0.377218
0.733655
0.149918
0.062826
0.4291
0.935147
0.236168
0.447203
0.797967
0.239391
0.55239
0.913872
0.729557
0.690954
0.510535
0.380326
0.137083
0.037276
0.51429
0.942716
0.942465
0.171632
0.460895
0.322961
0.583909
0.863845
0.868088
0.044346
0.733407
0.276925
0.638193
0.086495
0.526077
0.485302
0.825305
0.325467
0.643125
0.100301
0.790115
0.9709
0.645945
0.268848
0.684052
0.248935
0.713033
0.804125
0.074898
0.211751
0.069928
0.89695
0.291113
0.574081
0.054056
0.044674
0.567618
0.017799
0.462881
0.591826
0.367202
0.213458
0.287541
0.614033
0.73549
0.881107
0.893089
0.919585
0.374019
0.95537
0.456779
0.596308
0.157972
0.180854
0.61435
0.112703
0.71935
0.26289
0.167699
0.450064
0.181918
0.144544
0.193227
0.852799
0.572299
0.827841
0.413309
0.978628
0.993679
0.016957
0.028377
0.854585
0.035135
0.894144
0.036334
0.659473
0.506015
0.603093
0.511073
0.551199
0.219845
0.605348
0.951471
0.162864
0.141394
0.183156
0.505061
0.999026
0.460829
0.729584
0.663322
0.890968
0.149881
0.909784
0.06381
0.367744
0.290316
0.083422
0.487527
0.331909
0.253519
0.189052
0.787078
0.806089
0.399623
0.197823
0.994872
0.515616
0.101863
0.903969
0.740708
0.51232
0.086784
0.174401
0.371217
0.688293
0.242082
0.029698
0.541518
0.138772
0.339654
0.710375
0.625693
0.572742
0.53586
0.034425
0.765764
0.94471
0.88651
0.386765
0.590386
0.10203
0.278684
0.801383
0.308547
0.494327
0.781438
0.055429
0.950377
0.872871
0.332747
0.0365
0.549501
0.011305
0.195318
0.311545
0.449116
0.206162
0.848155
0.590875
0.597138
0.977238
0.825635
0.493499
0.230608
0.324825
0.661175
0.114707
0.970195
0.592778
0.544374
0.354677
0.541886
0.932351
0.252684
0.986863
0.06289
0.675119
0.877803
0.54449
0.026143
0.67676
0.970258
0.008466
0.967347
0.069487
0.866818
0.064498
0.458638
0.879359
0.117607
0.738653
0.120758
0.957552
0.945225
0.65657
0.375413
0.593376
0.272575
0.973766
0.678906
0.87974
0.158737
0.122265
0.474346
0.957916
0.411507
0.561023
0.874779
0.121909
0.688067
0.11301
0.101252
0.560303
0.274583
0.735459
0.476654
0.80745
0.453788
0.388946
0.016779
0.76146
0.087292
0.453658
0.998772
0.189768
0.112608
0.609263
0.867321
0.83153
0.643398
0.467256
0.51479
0.798373
0.700896
0.605381
0.855878
0.733013
0.329287
0.859735
0.189772
0.720698
0.904747
0.006538
0.053179
0.003464
0.338014
0.538853
0.451562
0.235155
0.07989
0.500229
0.777656
0.23239
0.490198
0.645014
0.526462
0.40695
0.53442
0.564973
0.538877
0.5309
0.096279
0.678287
0.231913
0.78902
0.923162
0.84465
0.4071
0.048945
0.685711
0.659574
0.928736
0.704072
0.769524
0.743603
0.181125
0.02224
0.777779
0.364385
0.136475
0.028094
0.046629
0.595307
0.647489
0.364679
0.31928
0.251414
0.401568
0.243679
0.963829
0.04952
0.793035
0.696505
0.302974
0.273894
0.068314
0.133203
0.375703
0.007557
0.831284
0.694182
0.810292
0.235032
0.555398
0.80558
0.387991
0.331996
0.462274
0.734718
0.849212
0.981051
0.016188
0.713555
0.981845
0.956109
0.269289
0.558732
0.395521
0.637273
0.059807
0.679041
0.340677
0.841225
0.080454
0.89975
0.481713
0.508061
0.301014
0.182373
0.019211
0.226093
0.916244
0.195738
0.704275
0.204828
0.625866
0.831871
0.251068
0.170582
0.136325
0.516127
0.843717
0.778261
0.624793
0.301853
0.490925
0.308825
0.288843
0.110072
0.548294
0.810022
0.241507
0.693602
0.261932
0.223279
0.714742
0.842663
0.75995
0.422392
0.410737
0.854909
0.761955
0.897302
0.18027
0.406005
0.654971
0.463178
0.274441
0.067684
0.36794
0.403814
0.13886
0.197645
0.145711
0.532423
0.248148
0.836247
0.231097
0.528421
0.910177
0.229443
0.118943
0.827155
0.837153
0.002677
0.645261
0.786451
0.956707
0.390028
0.226329
0.638628
0.113272
0.487439
0.184126
0.236009
0.455689
0.35647
0.676628
0.782559
0.107007
0.792792
0.571131
0.440422
0.245048
0.871457
0.166683
0.411255
0.901232
0.531714
0.832502
0.090103
0.86914
0.368529
0.679073
0.362326
0.259886
0.56211
0.088204
0.027054
0.418408
0.215767
0.118872
0.143865
0.41775
0.705718
0.702624
0.381576
0.028169
0.171874
0.484641
0.46506
0.86323
0.792715
0.104649
0.033236
0.979283
0.068545
0.371309
0.519422
0.335567
0.668977
0.109219
0.393545
0.813929
0.974566
0.196411
0.983407
0.683553
0.616998
0.125122
0.977227
0.181691
0.415825
0.066224
0.810214
0.620752
0.656163
0.93414
0.243065
0.489487
0.43008
0.653883
0.636631
0.237597
0.216449
0.64351
0.976171
0.618112
0.759808
0.606567
0.194089
0.150209
0.208128
0.197927
0.067656
0.57947
0.080933
0.863863
0.52791
0.52044
0.544022
0.415168
0.220482
0.960998
0.347695
0.604244
0.990401
0.234621
0.035798
0.577635
0.673954
0.971546
0.031568
0.148204
0.736356
0.923125
0.417744
0.662113
0.600256
0.858756
0.960772
0.671543
0.375795
0.637346
0.858033
0.214958
0.811393
0.607495
0.714723
0.598031
0.60092
0.1984
0.990186
0.060194
0.054136
0.171638
0.4753
0.543782
0.360679
0.76701
0.047576
0.588928
0.413518
0.959774
0.507818
0.942592
0.07469
0.632774
0.970689
0.021693
0.40998
0.405607
0.463911
0.4678
0.664587
0.075986
0.611146
0.708208
0.363076
0.087613
0.275427
0.345083
0.709149
0.595822
0.626546
0.480239
0.833009
0.446453
0.765127
0.297193
0.645009
0.814234
0.218123
0.131871
0.374581
0.504104
0.8169
0.674071
0.904284
0.465082
0.611148
0.23049
0.336883
0.161867
0.379011
0.701673
0.587661
0.217597
0.396021
0.821921
0.868364
0.695636
0.254782
0.830588
0.50154
0.811357
0.718484
0.981245
0.007377
0.399047
0.663025
0.095206
0.478779
0.750546
0.974756
0.48938
0.497483
0.893325
0.060079
0.781364
0.68912
0.12339
0.576742
0.505959
0.709523
0.14382
0.593191
0.111887
0.725904
0.106967
0.740987
0.266408
0.832346
0.534205
0.285229
0.328663
0.87927
0.53296
0.51825
0.752666
0.117293
0.903014
0.534094
0.498727
0.345941
0.119944
0.999746
0.215791
0.273326
0.608719
0.002537
0.039516
0.16542
0.468331
0.865595
0.412273
0.666289
0.698504
0.442857
0.767706
0.518939
0.041424
0.832915
0.024168
0.410966
0.433163
0.28036
0.147836
0.548134
0.908595
0.772098
0.444714
0.426472
0.644341
0.576756
0.169196
0.185365
0.899522
0.646364
0.138984
0.130787
0.672729
0.517001
0.880352
0.777471
0.349437
0.354702
0.363033
0.175924
0.408258
0.272861
0.833104
0.358227
0.146282
0.938781
0.141461
0.664801
0.547503
0.628433
0.281971
0.056951
0.876062
0.322849
0.992926
0.564199
0.714029
0.679254
0.231211
0.370586
0.61182
0.523207
0.652065
0.73416
0.178399
0.181142
0.620838
0.286306
0.417761
0.439269
0.226213
0.729016
0.132747
0.239528
0.248392
0.748116
0.351879
0.915119
0.728508
0.954614
0.737475
0.736375
0.847894
0.741739
0.970851
0.26933
0.479699
0.72559
0.29814
0.611555
0.33743
0.105792
0.400663
0.179965
0.392892
0.268467
0.683577
0.380551
0.763856
0.101947
0.691676
0.854258
0.356783
0.998165
0.600199
0.264751
0.078747
0.132011
0.433244
0.836863
0.470438
0.793106
0.318267
0.168401
0.816285
0.446186
0.723643
0.105187
0.78816
0.08329
0.896668
0.141882
0.15131
0.247768
0.691675
0.643579
0.724269
0.831448
0.989123
0.166236
0.589892
0.589832
0.626448
0.707181
0.294388
0.107307
0.638188
0.825376
0.070438
0.230221
0.360981
0.039136
0.276558
0.172983
0.276471
0.040359
0.21401
0.089999
0.135524
0.082719
0.682498
0.122987
0.268686
0.313084
0.940621
0.14267
0.886055
0.797378
0.95654
0.958606
0.962078
0.599492
0.271869
0.917799
0.346203
0.085757
0.433535
0.87778
0.571934
0.129042
0.469436
0.976229
0.292882
0.240146
0.446238
0.631204
0.817643
0.514801
0.379058
0.313408
0.607799
0.175388
0.946935
0.996378
0.862996
0.285777
0.126653
0.555318
0.476909
0.908104
0.885346
0.643437
0.643709
0.367847
0.467653
0.954573
0.760981
0.076319
0.795457
0.536293
0.339436
0.755594
0.729572
0.4891
0.829177
0.338388
0.60932
0.607772
0.048427
0.040313
0.804302
0.936193
0.508117
0.408845
0.848196
0.975879
0.678125
0.74306
0.636335
0.916583
0.73024
0.740219
0.912518
0.704162
0.929925
0.620239
0.806048
0.451036
0.558328
0.933002
0.633914
0.768285
0.609726
0.205628
0.658832
0.643523
0.543044
0.268476
0.151777
0.742925
0.624982
4.7e-05
0.344
0.256507
0.753253
0.514746
0.376686
0.767688
0.728774
0.566277
0.50777
0.823321
0.604561
0.149049
0.232876
0.129062
0.157663
0.907638
0.043845
0.239068
0.399573
0.552465
0.297786
0.697405
0.80336
0.042627
0.297761
0.554197
0.062888
0.594296
0.668225
0.597576
0.109511
0.405486
0.226142
0.181956
0.046063
0.60561
0.564245
0.824475
0.699801
0.612784
0.491508
0.3679
0.490908
0.823935
0.902045
0.67622
0.033719
0.739658
0.570398
0.543764
0.165766
0.380025
0.569266
0.919286
0.146205
0.514901
0.799824
0.138663
0.212674
0.025876
0.370219
0.064113
0.323365
0.564189
0.861478
0.443728
0.565759
0.503083
0.228536
0.244097
0.424276
0.896833
0.662068
0.952156
0.333547
0.930805
0.61045
0.739432
0.027895
0.203667
0.094067
0.165984
0.036762
0.610121
0.661596
0.35081
0.493712
0.739385
0.007661
0.529114
0.477184
0.202753
0.085715
0.410902
0.152487
0.102922
0.151863
0.524623
0.853816
0.652249
0.550754
0.942394
0.951986
0.654555
0.01459
0.97002
0.980069
0.253652
0.984005
0.849208
0.063138
0.234484
0.036291
0.471326
0.36808
0.871022
0.536
0.132467
0.742572
0.348543
0.88849
0.943292
0.146136
0.445
0.478859
0.257076
0.244108
0.120189
0.83568
0.333994
0.971992
0.586608
0.682653
0.696866
0.197745
0.557852
0.620888
0.232075
0.802065
0.370242
0.601427
0.372377
0.657659
0.25717
0.936851
0.819902
0.832634
0.599945
0.407986
0.492447
0.929187
0.933707
0.981845
0.483878
0.592237
0.471551
0.613685
0.281301
0.685919
0.486213
0.904262
0.257722
0.44202
0.288338
0.678494
0.017452
0.505824
0.194795
0.147836
0.969498
0.783899
0.662454
0.097772
0.627566
0.983701
0.888019
0.322604
0.342981
0.431347
0.90572
0.86476
0.379184
0.795975
0.682369
0.637907
0.484595
0.689402
0.077199
0.708812
0.360124
0.253222
0.059094
0.705852
0.370774
0.628609
0.909869
0.202976
0.657076
0.880298
0.617211
0.591962
0.296727
0.044457
0.962526
0.370533
0.098539
0.524669
0.477691
0.099177
0.505609
0.397919
0.26609
0.878159
0.14569
0.878799
0.982299
0.856409
0.418779
0.397942
0.062351
0.986105
0.161089
0.449817
0.880124
0.393347
0.002334
0.443749
0.637071
0.65622
0.884119
0.99246
0.01526
0.01395
0.290566
0.35825
0.340027
0.640336
0.683259
0.273493
0.824354
0.045265
0.791898
0.655448
0.82322
0.02484
0.261628
0.757678
0.339559
0.827603
0.208156
0.761622
0.39077
0.232111
0.580598
0.759746
0.450578
0.078989
0.456209
0.364906
0.489105
0.651388
0.489846
0.417357
0.14946
0.729749
0.646346
0.667857
0.27227
0.968865
0.101312
0.236074
0.890698
0.014653
0.831118
0.244762
0.401552
0.580126
0.931021
0.027807
0.318285
0.342432
0.133954
0.28274
0.182333
0.214366
0.931409
0.338204
0.568008
0.582553
0.381653
0.429375
0.190374
0.414
0.100572
0.493832
0.376079
0.566274
0.57284
0.926023
0.180262
0.078693
0.314093
0.627249
0.177976
0.999376
0.977325
0.827409
0.596367
0.585594
0.087457
0.925052
0.254577
0.733197
0.158345
0.243043
0.510462
0.25574
0.873615
0.917472
0.728938
0.191772
0.955076
0.587404
0.078936
0.986665
0.647261
0.645023
0.130858
0.694982
0.897058
0.274162
0.229701
0.052516
0.38879
0.76538
0.017833
0.247718
0.107709
0.693389
0.795224
0.29791
0.853632
0.367218
0.993005
0.928375
0.55399
0.078417
0.963558
0.955758
0.235985
0.234136
0.200412
0.805818
0.678056
0.0828
0.68911
0.271422
0.565402
0.131382
0.330559
0.801304
0.71758
0.314507
0.541897
0.232058
0.646611
0.616393
0.815445
0.949685
0.087061
0.781118
0.3025
0.221595
0.07755
0.698868
0.076974
0.95141
0.246954
0.895744
0.164148
0.216477
0.484386
0.846172
0.716511
0.404967
0.634052
0.963469
0.756585
0.989099
0.484477
0.504718
0.490707
0.502284
0.381279
0.283245
0.378844
0.136985
0.464067
0.619101
0.898016
0.110608
0.257741
0.806198
0.313982
0.824046
0.510492
0.129271
0.503513
0.701661
0.705694
0.165896
0.775155
0.439486
0.838979
0.132431
0.121912
0.871402
0.864787
0.544523
0.594938
0.01191
0.499586
0.492878
0.043021
0.881933
0.340952
0.869403
0.874187
0.828509
0.617839
0.748131
0.078243
0.753166
0.275038
0.137011
0.322811
0.161987
0.190955
0.957588
0.704028
0.03001
0.598742
0.472007
0.904193
0.49729
0.85095
0.585371
0.344685
0.157971
0.794491
0.625407
0.888372
0.278009
0.374358
0.278447
0.477934
0.186341
0.288415
0.695682
0.866978
0.799278
0.363297
0.342115
0.66257
0.371003
0.544624
0.335653
0.304303
0.500412
0.021716
0.977069
0.951942
0.150685
0.028937
0.017576
0.296726
0.932465
0.751119
0.438379
0.482494
0.888684
0.543443
0.596783
0.638049
0.584375
0.341686
0.045804
0.569422
0.118013
0.933727
0.293741
0.650183
0.248134
0.393306
0.374969
0.130645
0.290905
0.432379
0.505457
0.818558
0.836458
0.7505
0.528716
0.198557
0.154134
0.196021
0.003513
0.074673
0.374412
0.072483
0.045739
0.712133
0.910153
0.688214
0.522751
0.164308
0.688782
0.178125
0.733467
0.963127
0.215644
0.60845
0.328153
0.29742
0.279202
0.014119
0.996776
0.415179
0.088619
0.128605
0.594829
0.468936
0.588065
0.547092
0.649355
0.382596
0.681273
0.493668
0.750205
0.757159
0.08545
0.233458
0.527468
0.763056
0.510307
0.796364
0.105425
0.523438
0.017819
0.614608
0.226915
0.537302
0.766804
0.943423
0.751501
0.154102
0.869831
0.475447
0.477077
0.808677
0.764257
0.961559
0.355461
0.241606
0.991292
0.030777
0.785967
0.964389
0.089614
0.894727
0.631317
0.420838
0.607072
0.825399
0.610703
0.085697
0.05744
0.256076
0.230252
0.60999
0.584582
0.11679
0.538501
0.890375
0.364734
0.692533
0.207976
0.467244
0.565856
0.91776
0.364602
0.679443
0.930832
0.593225
0.452594
0.116862
0.694169
0.126694
0.18793
0.926787
0.518245
0.850342
0.681043
0.773276
0.294152
0.197657
0.266584
0.474527
0.574421
0.411921
0.204433
0.610909
0.955907
0.023146
0.392897
0.206817
0.811015
0.007807
0.601958
0.002613
0.466376
0.114297
0.253416
0.774354
0.781733
0.885971
0.127632
0.533742
0.778231
0.122997
0.494475
0.072095
0.689209
0.510523
0.781432
0.36628
0.985951
0.283239
0.403833
0.0555
0.005707
0.486428
0.077197
0.335666
0.633449
0.113952
0.723869
0.838618
0.762552
0.585857
0.606013
0.923866
0.993968
0.94259
0.920327
0.212949
0.873833
0.334295
0.255376
0.428488
0.145708
0.245533
0.913434
0.201632
0.445993
0.301873
0.180711
0.423058
0.798153
0.072416
0.991598
0.491314
0.628617
0.207547
0.48153
0.863077
0.88834
0.074263
0.749869
0.446999
0.408427
0.000335
0.463512
0.033167
0.779504
0.196546
0.664844
0.083585
0.685821
0.525311
0.750582
0.915648
0.895559
0.626224
0.234655
0.504143
0.887075
0.857512
0.203766
0.376274
0.269858
0.969748
0.104199
0.896045
0.046929
0.383194
0.351296
0.79255
0.032654
0.183946
0.20675
0.470268
0.220947
0.109419
0.207472
0.168382
0.390148
0.534747
0.968908
0.39667
0.670311
0.045868
0.321862
0.592921
0.718906
0.745181
0.359075
0.728792
0.783245
0.013775
0.835343
0.472922
0.122937
0.501964
0.67757
0.450335
0.709276
0.25457
0.379924
0.114551
0.479156
0.335605
0.241556
0.995598
0.452529
0.909135
0.478146
0.884937
0.174067
0.239478
0.325642
0.213864
0.942185
0.814959
0.858123
0.334345
0.281782
0.916815
0.883225
0.220554
0.04619
0.548363
0.022722
0.144886
0.223833
0.944698
0.593056
0.248758
0.115328
0.98235
0.975597
0.711308
0.978551
0.978205
0.13361
0.989303
0.689352
0.563478
0.078139
0.813117
0.186512
0.715646
0.3326
0.646585
0.788914
0.251024
0.24047
0.770869
0.147465
0.684353
0.871195
0.431947
0.496743
0.860222
0.283416
0.45556
0.093687
0.973567
0.59399
0.561234
0.562484
0.966148
0.246031
0.652472
0.516449
0.372479
0.729343
0.103195
0.168419
0.926397
0.010283
0.345941
0.079117
0.340602
0.715231
0.907568
0.58849
0.893346
0.967354
0.177063
0.754919
0.597558
0.085241
0.96223
0.587497
0.394327
0.792792
0.008352
0.70926
0.115216
0.529339
0.258689
0.813724
0.172223
0.918323
0.440352
0.855021
0.391168
0.510333
0.186116
0.717243
0.578319
0.019351
0.590709
0.143771
0.418051
0.53712
0.891443
0.538228
0.081612
0.258804
0.289185
0.396392
0.166528
0.222326
0.988371
0.747489
0.64232
0.923046
0.349759
0.752487
0.568346
0.019293
0.950116
0.427906
0.826133
0.903415
0.563267
0.836313
0.643579
0.660454
0.409079
0.308912
0.132263
0.400238
0.301117
0.481995
0.039065
0.440621
0.414062
0.431261
0.681401
0.976243
0.454863
0.233382
0.445625
0.893963
0.691662
0.852154
0.704356
0.313891
0.366812
0.159712
0.435021
0.963525
0.950207
0.892181
0.171515
0.96215
0.609674
0.616829
0.34628
0.495382
0.491974
0.457369
0.271678
0.769934
0.575343
0.6234
0.287519
0.839111
0.749967
0.775576
0.723817
0.934657
0.84768
0.57644
0.316337
0.110239
0.084094
0.468215
0.929291
0.906771
0.835896
0.511141
0.544066
0.580171
0.055626
0.258049
0.910347
0.193095
0.101775
0.031065
0.305569
0.625938
0.98018
0.556869
0.032799
0.272275
0.202034
0.500405
0.630464
0.987874
0.462718
0.365559
0.574977
0.86416
0.917141
0.638635
0.534282
0.313728
0.874785
0.490692
0.046574
0.095781
0.60657
0.411671
0.739379
0.299798
0.381803
0.259296
0.037189
0.629623
0.211198
0.724463
0.881386
0.292614
0.931972
0.174568
0.938587
0.171598
0.276002
0.192223
0.307127
0.97175
0.048548
0.372055
0.220334
0.307976
0.414105
0.59291
0.391142
0.383145
0.321713
0.373245
0.880286
0.26138
0.069219
0.323424
0.420914
0.078934
0.354945
0.221214
0.96724
0.123756
0.254458
0.362217
0.272612
0.875331
0.589525
0.082566
0.154479
0.105361
0.944018
0.224282
0.574832
0.9467
0.198534
0.753041
0.532906
0.568098
0.042028
0.30283
0.486533
0.385833
0.819928
0.385205
0.258179
0.329405
0.919681
0.074173
0.31586
0.819347
0.964721
0.296197
0.322054
0.996812
0.222026
0.244796
0.725249
0.399515
0.572392
0.707993
0.702495
0.701992
0.737432
0.474243
0.540261
0.84207
0.184845
0.02678
0.360962
0.386232
0.251046
0.284954
0.632229
0.31755
0.673395
0.349016
0.052865
0.397906
0.888872
0.769922
0.754643
0.016337
0.014899
0.674287
0.171573
0.01835
0.612757
0.659766
0.925353
0.031592
0.868729
0.465501
0.567337
0.388425
0.187265
0.885961
0.346307
0.305413
0.697624
0.95839
0.008403
0.809476
0.160192
0.565645
0.943528
0.235614
0.539419
0.781186
0.653473
0.329491
0.389369
0.193903
0.45695
0.04821
0.832163
0.630633
0.520764
0.239419
0.001776
0.975805
0.089791
0.371489
0.132969
0.921186
0.010476
0.697953
0.003228
0.049941
0.897043
0.331934
0.180934
0.306746
0.000105
0.169559
0.938933
0.645533
0.099149
0.787613
0.394268
0.508834
0.147786
0.336039
0.371853
0.226028
0.1217
0.174741
0.582374
0.184748
0.086476
0.029524
0.076288
0.828509
0.935907
0.318655
0.791923
0.339582
0.659045
0.270618
0.419938
0.289843
0.432859
0.950141
0.38016
0.787164
0.288018
0.197619
0.394913
0.210462
0.552551
0.960624
0.521546
0.450954
0.338567
0.675661
0.612398
0.306729
0.007503
0.452826
0.570305
0.560501
0.081544
0.932682
0.446792
0.029587
0.273689
0.353956
0.009987
0.8721
0.179227
0.30828
0.684314
0.531651
0.295042
0.842609
0.813721
0.236593
0.199485
0.028774
0.342003
0.876329
0.063864
0.946156
0.893925
0.04667
0.77673
0.99668
0.37757
0.651605
0.959196
0.459229
0.255231
0.85735
0.583563
0.28311
0.590116
0.920442
0.908999
0.438543
0.0885
0.175801
0.817951
0.055313
0.479835
0.262414
0.355654
0.304064
0.599174
0.448925
0.130441
0.614415
0.851475
0.520917
0.873875
0.743047
0.344654
0.193339
0.478355
0.197973
0.671452
0.436933
0.069018
0.447276
0.75828
0.969345
0.66286
0.88489
0.109335
0.212413
0.992169
0.612377
0.074776
0.364541
0.517186
0.916377
0.74209
0.321213
0.905342
0.897737
0.25771
0.890614
0.3568
0.567848
0.220771
0.332498
0.218719
0.02602
0.09539
0.224839
0.065983
0.361296
0.894618
0.370681
0.47431
0.252499
0.860541
0.936436
0.930671
0.679291
0.549143
0.758734
0.189694
0.317582
0.279474
0.996727
0.575684
0.883967
0.472901
0.544121
0.927708
0.8746
0.798078
0.347437
0.476752
0.389174
0.849393
0.78476
0.316383
0.748849
0.340511
0.96092
0.225348
0.620918
0.888966
0.335968
0.095697
0.014487
0.159859
0.184109
0.694036
0.114641
0.247573
0.434882
0.85586
0.980496
0.91382
0.554348
0.769834
0.003148
0.157519
0.449618
0.901335
0.202094
0.090132
0.534448
0.321373
0.647275
0.269179
0.84463
0.62539
0.558954
0.567312
0.465519
0.268457
0.020073
0.505737
0.069719
0.471136
0.322892
0.770961
0.761581
0.552622
0.486942
0.738608
0.502007
0.245424
0.418516
0.957625
0.230507
0.700551
0.676817
0.164371
0.659732
0.540305
0.552554
0.198002
0.782804
0.401784
0.532698
0.481575
0.344291
0.299215
0.514224
0.683148
0.855516
0.996964
0.376269
0.424487
0.233029
0.319134
0.869279
0.58981
0.449075
0.587411
0.196773
0.868548
0.490956
0.582749
0.343781
0.408794
0.463049
0.552321
0.533695
0.510838
0.340377
0.603726
0.913497
0.328013
0.09497
0.633885
0.798581
0.214868
0.177149
0.325883
0.774026
0.132109
0.691377
0.245826
0.925985
0.171193
0.77143
0.350876
0.009024
0.72253
0.069022
0.921695
0.411236
0.607739
0.08717
0.245467
0.359523
0.22868
0.27675
0.552123
0.046986
0.499845
0.860155
0.190187
0.029376
0.94396
0.598002
0.838445
0.030905
0.806257
0.055478
0.137931
0.712786
0.270519
0.674325
0.833789
0.625775
0.190232
0.052129
0.913603
0.698669
0.994534
0.633891
0.46901
0.815373
0.527618
0.748151
0.901877
0.559338
0.252464
0.397578
0.322414
0.708483
0.097781
0.48157
0.506292
0.484804
0.733231
0.861213
0.671582
0.97644
0.628078
0.717424
0.979391
0.635313
0.396541
0.043474
0.509785
0.355266
0.793026
0.968436
0.088796
0.915986
0.816982
0.375822
0.167552
0.968501
0.499237
0.616971
0.702346
0.622615
0.592393
0.159729
0.845336
0.679637
0.555759
0.336067
0.722509
0.350016
0.646419
0.281771
0.323261
0.629079
0.405664
0.091645
0.665203
0.44549
0.636904
0.151128
0.504396
0.798468
0.96834
0.439351
0.895117
0.795053
0.343597
0.947606
0.056608
0.792978
0.933629
0.194355
0.428541
0.756753
0.720667
0.192812
0.673532
0.105773
0.000768
0.354789
0.029947
0.362021
0.289945
0.298606
0.039531
0.586293
0.74881
0.964968
0.377287
0.250323
0.401657
0.366065
0.926911
0.639734
0.471091
0.441526
0.495266
0.314626
0.881344
0.873684
0.171734
0.672726
0.392698
0.653619
0.275243
0.366975
0.950714
0.328993
0.222266
0.746404
0.401497
0.404038
0.705972
0.915656
0.244524
0.444878
0.914399
0.291253
0.110217
0.808426
0.522599
0.632157
0.233423
0.219316
0.037997
0.02914
0.777385
0.110079
0.657025
0.842518
0.566364
0.710417
0.753819
0.714726
0.272845
0.023107
0.660815
0.678973
0.260014
0.857628
0.055089
0.078732
0.706526
0.116941
0.947037
0.951691
0.737326
0.000799
0.219768
0.139064
0.55825
0.700673
0.040647
0.548787
0.590732
0.62945
0.733761
0.010893
0.384096
0.842176
0.888307
0.695956
0.92052
0.130265
0.140015
0.206189
0.971985
0.936426
0.299892
0.126152
0.335085
0.615197
0.544524
0.054798
0.28587
0.55256
0.220908
0.600318
0.190486
0.083446
0.923051
0.370887
0.418784
0.385533
0.477208
0.234043
0.923533
0.771357
0.690684
0.536847
0.128495
0.425783
0.195405
0.182872
0.330431
0.14484
0.457069
0.623265
0.018787
0.647867
0.647523
0.308561
0.907749
0.295035
0.153745
0.230538
0.049381
0.387976
0.545581
0.578759
0.475802
0.975497
0.153392
0.32094
0.690104
0.979815
0.43369
0.658214
0.135952
0.95882
0.391515
0.451984
0.850368
0.894378
0.236803
0.365568
0.713596
0.44762
0.10955
0.532056
0.396646
0.025758
0.417423
0.091233
0.313184
0.663947
0.105314
0.994791
0.722049
0.070028
0.373672
0.460088
0.566214
0.300792
0.808182
0.47376
0.234091
0.599581
0.490863
0.241062
0.674453
0.831504
0.004219
0.111038
0.868607
0.848592
0.600898
0.344096
0.610305
0.928454
0.257762
0.383486
0.916048
0.494909
0.332034
0.457733
0.390788
0.762707
0.541434
0.815774
0.744188
0.942851
0.366588
0.749118
0.398328
0.70289
0.33901
0.465606
0.83746
0.371309
0.366652
0.538267
0.701377
0.816873
0.035317
0.667588
0.13477
0.816604
0.394512
0.808657
0.493482
0.088543
0.972762
0.181563
0.866216
0.647237
0.340974
0.766892
0.306085
0.573135
0.836898
0.449516
0.407528
0.480417
0.151508
0.120296
0.00537
0.987667
0.944946
0.301587
0.626394
0.931086
0.432199
0.901715
0.86588
0.082836
0.174124
0.760121
0.057026
0.809863
0.67168
0.543208
0.338501
0.296031
0.956493
0.852806
0.901529
0.22249
0.249479
0.903696
0.666141
0.776057
0.242561
0.3118
0.119507
0.003358
0.31883
0.293291
0.587738
0.500364
0.983426
0.025401
0.167428
0.946288
0.481107
0.99785
0.307483
0.633061
0.679899
0.54534
0.892058
0.084313
0.631494
0.706541
0.615466
0.331093
0.498592
0.871417
0.913823
0.581811
0.263229
0.601271
0.94024
0.812168
0.848684
0.305399
0.724341
0.743115
0.223149
0.140584
0.233902
0.33782
0.461349
0.122919
0.149411
0.170108
0.01299
0.314372
0.438309
0.24995
0.471565
0.564632
0.800649
0.653868
0.481254
0.185147
0.238696
0.692852
0.105852
0.734502
0.813689
0.104521
0.373082
0.291727
0.631902
0.030744
0.333407
0.599729
0.489313
0.503426
0.102977
0.41522
0.93293
0.380302
0.466698
0.376107
0.583065
0.942105
0.90522
0.078321
0.31548
0.573615
0.416217
0.099393
0.526697
0.364453
0.390009
0.207574
0.21699
0.778584
0.333087
0.186146
0.822613
0.810407
0.826859
0.458714
0.018236
0.177436
0.547884
0.668295
0.572764
0.215616
0.183081
0.306783
0.474907
0.789425
0.560613
0.991831
0.550938
0.715282
0.081265
0.792726
0.875978
0.920112
0.730928
0.855012
0.334416
0.203362
0.850034
0.275468
0.252442
0.861769
0.05801
0.429409
0.439889
0.488744
0.682405
0.550181
0.707123
0.925274
0.976189
0.481559
0.529488
0.106652
0.685165
0.16298
0.360095
0.5599
0.714169
0.254695
0.70828
0.900618
0.243199
0.06164
0.815904
0.462856
0.37081
0.065672
0.85255
0.444358
0.034752
0.229277
0.966949
0.930789
0.392468
0.197322
0.408933
0.366352
0.622684
0.616418
0.183689
0.955381
0.82719
0.475624
0.627166
0.305984
0.944746
0.867167
0.856892
0.920938
0.654575
0.081295
0.010887
0.072802
0.741076
0.240943
0.996129
0.852458
0.626415
0.605098
0.496864
0.958988
0.255583
0.108867
0.03398
0.767069
0.360199
0.239704
0.899153
0.526402
0.768196
0.140117
0.667737
0.395556
0.179333
0.487105
0.612453
0.702762
0.255301
0.063656
0.502476
0.098974
0.092989
0.092364
0.058397
0.168945
0.951508
0.186426
0.299462
0.266705
0.529823
0.739095
0.097606
0.41259
0.279627
0.017529
0.396988
0.425477
0.673063
0.092722
0.79216
0.885178
0.822498
0.496182
0.307098
0.036248
0.747548
0.996024
0.455466
0.885788
0.138254
0.658057
0.153891
0.121158
0.16764
0.154769
0.755022
0.875737
0.402885
0.452913
0.600088
0.846748
0.117435
0.760332
0.883785
0.110027
0.258265
0.520929
0.7562
0.18418
0.015976
0.833531
0.545416
0.470283
0.343287
0.836245
0.341956
0.959339
0.387262
0.400466
0.856509
0.548366
0.843512
0.141665
0.148136
0.246552
0.943097
0.984394
0.565384
0.592974
0.867564
0.719215
0.694234
0.490245
0.01218
0.252059
0.351432
0.797113
0.769706
0.434157
0.668771
0.589921
0.201627
0.728023
0.194669
0.714773
0.610256
0.81603
0.900968
0.216226
0.738104
0.68079
0.111436
0.177144
0.692469
0.132003
0.351738
0.824064
0.221305
0.561387
0.645259
0.375048
0.225081
0.081734
0.152627
0.089757
0.974731
0.383302
0.706648
0.577538
0.999575
0.471136
0.3177
0.139359
0.088358
0.364773
0.270064
0.001716
0.381039
0.523441
0.879118
0.138412
0.150562
0.307525
0.655766
0.675967
0.256834
0.840013
0.243544
0.244711
0.004123
0.176449
0.92674
0.069971
0.242399
0.889946
0.525534
0.813135
0.881145
0.054041
0.86789
0.598325
0.044458
0.215376
0.53757
0.049145
0.472329
0.093696
0.891188
0.863973
0.150447
0.587149
0.340092
0.650445
0.430482
0.977138
0.701912
0.005499
0.091283
0.944977
0.783679
0.511691
0.806474
0.524994
0.613941
0.601511
0.617832
0.683974
0.186758
0.254637
0.49515
0.02729
0.754831
0.950575
0.047692
0.299511
0.746431
0.239349
0.589429
0.460861
0.563555
0.881512
0.578683
0.691005
0.21031
0.616987
0.952678
0.178695
0.342403
0.032409
0.812951
0.913316
0.439603
0.03558
0.629262
0.926455
0.762725
0.337742
0.832715
0.136148
0.508991
0.258164
0.48527
0.191476
0.241745
0.822297
0.464497
0.372706
0.873222
0.897854
0.478876
0.709978
0.444275
0.877941
0.151652
0.298908
0.375927
0.193936
0.778777
0.299183
0.350055
0.881456
0.273085
0.53287
0.05667
0.199146
0.048901
0.550179
0.788998
0.522218
0.82906
0.083009
0.076625
0.115245
0.103774
0.461574
0.067958
0.607058
0.670094
0.952482
0.53896
0.158669
0.613244
0.424675
0.351445
0.921534
0.603555
0.943265
0.709207
0.367736
0.071596
0.504657
0.824021
0.024806
0.3368
0.37949
0.126817
0.218073
0.048403
0.98699
0.655993
0.635139
0.518762
0.088084
0.181394
0.403835
0.270774
0.833581
0.88016
0.121337
0.05165
0.215439
0.660379
0.369983
0.31639
0.469066
0.349948
0.799287
0.296977
0.970198
0.248139
0.705076
0.206839
0.686643
0.383495
0.961771
0.636004
0.799006
0.392655
0.304978
0.298805
0.033476
0.066378
0.898747
0.971723
0.40812
0.357286
0.232078
0.669954
0.220263
0.765725
0.055183
0.682117
0.644818
0.199431
0.120783
0.465816
0.596846
0.145755
0.439611
0.434699
0.833216
0.876508
0.912142
0.458961
0.149438
0.221621
0.872161
0.882163
0.727386
0.471861
0.276589
0.089543
0.921353
0.196257
0.768194
0.129901
0.457763
0.850773
0.780985
0.318831
0.303091
0.694629
0.314212
0.001325
0.885413
0.849701
0.921
0.213835
0.107304
0.930003
0.403026
0.703243
0.610363
0.304804
0.557559
0.925262
0.256851
0.274093
0.090422
0.745979
0.127942
0.115151
0.534718
0.090704
0.809094
0.758952
0.809991
0.779951
0.381326
0.595539
0.416573
0.508788
0.220319
0.956901
0.085901
0.573071
0.882877
0.423143
0.585395
0.422106
0.535447
0.888735
0.866766
0.1578
0.239876
0.018361
0.797641
0.16958
0.587463
0.242558
0.809755
0.014047
0.812557
0.538382
0.842449
0.6046
0.719593
0.018132
0.863073
0.418417
0.005673
0.646165
0.319594
0.514631
0.341312
0.790069
0.101332
0.486508
0.707306
0.177157
0.28728
0.416577
0.865422
0.592963
0.184636
0.127476
0.625103
0.928019
0.797573
0.181406
0.274391
0.935511
0.866922
0.679538
0.166823
0.430852
0.745989
0.634748
0.415263
0.630363
0.119028
0.06646
0.08722
0.795042
0.006714
0.215223
0.941468
0.090177
0.204823
0.518238
0.230965
0.268174
0.417625
0.441224
0.651987
0.413942
0.920637
0.675904
0.352575
0.015074
0.755969
0.763936
0.665409
0.828789
0.203162
0.028206
0.835003
0.266176
0.554362
0.558639
0.049724
0.063736
0.760063
0.772624
0.969917
0.151787
0.919601
0.274164
0.900526
0.200891
0.797075
0.632749
0.02472
0.015089
0.079709
0.028145
0.491234
0.656401
0.938203
0.221077
0.877769
0.702149
0.279826
0.667209
0.643773
0.512726
0.394759
0.557442
0.806591
0.192888
0.544494
0.518365
0.724831
0.71374
0.348789
0.696605
0.867698
0.910775
0.97112
0.124863
0.82815
0.743492
0.643428
0.186749
0.306609
0.403995
0.693673
0.579048
0.268888
0.029779
0.533558
0.942543
0.290774
0.075923
0.10868
0.191588
0.683186
0.537629
0.325311
0.387924
0.809145
0.888062
0.935672
0.37346
0.31314
0.799211
0.813669
0.278163
0.327135
0.36412
0.967229
0.344415
0.21751
0.375616
0.975432
0.793527
0.99615
0.456487
0.341061
0.570803
0.415973
0.952647
0.63671
0.660774
0.069369
0.359074
0.560037
0.287441
0.992932
0.16827
0.827521
0.175248
0.421271
0.816305
0.733095
0.211425
0.577237
0.528177
0.793468
0.103959
0.282658
0.297028
0.114934
0.326483
0.569095
0.866562
0.497812
0.248616
0.513095
0.481526
0.333091
0.549177
0.083609
0.389736
0.830087
0.550088
0.550616
0.484494
0.916285
0.406252
0.503729
0.319757
0.322894
0.593179
0.456006
0.617814
0.265941
0.897931
0.22919
0.099154
0.499068
0.090249
0.828013
0.14296
0.057936
0.16285
0.70111
0.521431
0.121471
0.404128
0.886542
0.959629
0.657968
0.475585
0.028409
0.099817
0.359754
0.389617
0.369652
0.286291
0.308013
0.899808
0.00398
0.793566
0.586788
0.897596
0.68356
0.492314
0.336912
0.178889
0.220355
0.789929
0.588665
0.814218
0.618353
0.503292
0.245709
0.431552
0.41502
0.715833
0.531791
0.725562
0.843654
0.091354
0.866927
0.678878
0.668218
0.421836
0.786925
0.174172
0.531686
0.901197
0.433528
0.233892
0.982313
0.240097
0.455748
0.698048
0.180384
0.0202
0.572088
0.990047
0.226639
0.091124
0.467166
0.620437
0.240273
0.194919
0.084929
0.39372
0.650422
0.242128
0.306147
0.509572
0.638361
0.547221
0.35655
0.022517
0.76527
0.597581
0.353429
0.613825
0.608337
0.697063
0.044654
0.446149
0.137853
0.366088
0.467176
0.626004
0.392802
0.610032
0.365804
0.898439
0.758975
0.358884
0.125487
0.299196
0.320111
0.478489
0.001823
0.588395
0.45737
0.915766
0.57438
0.594831
0.442204
0.666765
0.206177
0.945498
0.227077
0.118498
0.013991
0.1215
0.905407
0.274198
0.283098
0.419041
0.422302
0.144712
0.112535
0.770338
0.985868
0.903413
0.819126
0.023336
0.327029
0.161557
0.370175
0.200183
0.004
0.525051
0.596675
0.853924
0.251902
0.169925
0.774327
0.051893
0.231817
0.302353
0.122518
0.959972
0.158292
0.462534
0.784928
0.591722
0.642331
0.091924
0.782903
0.869668
0.729178
0.767783
0.986489
0.56302
0.607571
0.285706
0.998413
0.417567
0.286702
0.295128
0.977124
0.976395
0.010045
0.382803
0.308031
0.492204
0.102077
0.276397
0.846894
0.292338
0.980497
0.581324
0.841672
0.67479
0.883496
0.31702
0.560708
0.239407
0.934042
0.905641
0.471443
0.474996
0.415764
0.986102
0.581245
0.648914
0.374918
0.603078
0.903722
0.758024
0.328777
0.756204
0.653404
0.996919
0.196702
0.041945
0.21232
0.126815
0.219164
0.402688
0.901837
0.773484
0.551572
0.22991
0.049947
0.424058
0.088357
0.759823
0.763311
0.56077
0.283325
0.264729
0.743279
0.021703
0.548036
0.223766
0.329386
0.102169
0.287575
0.44133
0.753284
0.058011
0.239871
0.096594
0.016409
0.643307
0.250511
0.349609
0.008845
0.46101
0.852266
0.501539
0.305096
0.321015
0.862625
0.398655
0.686345
0.690658
0.55174
0.472587
0.873809
0.041107
0.195606
0.07922
0.667243
0.681064
0.012437
0.395572
0.55211
0.732384
0.445664
0.527889
0.407892
0.180309
0.574898
0.358396
0.722522
0.996747
0.595901
0.350384
0.505767
0.793965
0.145987
0.223485
0.248444
0.104902
0.688551
0.56642
0.175707
0.556226
0.275448
0.097298
0.95309
0.035952
0.80252
0.348548
0.903958
0.939261
0.464791
0.564031
0.8151
0.038778
0.037989
0.388669
0.055691
0.997052
0.351968
0.751144
0.610258
0.516229
0.351987
0.102078
0.825248
0.904726
0.595487
0.583465
0.836552
0.767464
0.004675
0.620234
0.75927
0.157284
0.147912
0.442945
0.132349
0.876073
0.76443
0.847879
0.945622
0.547662
0.51874
0.221421
0.320595
0.426346
0.257252
0.369682
0.793415
0.093804
0.142062
0.038206
0.389397
0.188948
0.512092
0.326368
0.799035
0.284968
0.609026
0.395749
0.509568
0.797007
0.104375
0.345031
0.498076
0.241755
0.323829
0.962725
0.024321
0.810896
0.891238
0.020026
0.350703
0.009111
0.90839
0.499788
0.04327
0.794616
0.777707
0.980134
0.506959
0.265954
0.61723
0.574325
0.177648
0.47968
0.653734
0.867176
0.118003
0.482107
0.716624
0.645996
0.403287
0.606802
0.405916
0.548343
0.941748
0.219932
0.147012
0.244593
0.22769
0.4207
0.790463
0.393612
0.227754
0.220573
0.99731
0.957769
0.263028
0.110647
0.585626
0.646528
0.852717
0.953993
0.038879
0.704467
0.820528
0.505685
0.706499
0.032726
0.089609
0.163801
0.115326
0.226991
0.951315
0.562003
0.741183
0.740956
0.427067
0.433151
0.838346
0.730044
0.575866
0.488821
0.804604
0.791354
0.768018
0.654645
0.36418
0.195992
0.295184
0.319844
0.38701
0.796829
0.253968
0.691005
0.875024
0.292011
0.778682
0.828423
0.26411
0.131521
0.843593
0.189704
0.248668
0.120828
0.069246
0.430571
0.815231
0.26358
0.721071
0.315895
0.006968
0.87685
0.24801
0.955328
0.293046
0.678012
0.266375
0.555894
0.929978
0.934714
0.189743
0.088894
0.139842
0.026253
0.444978
0.242158
0.187822
0.617556
0.513046
0.393293
0.595373
0.062103
0.015895
0.663338
0.296676
0.226399
0.558748
0.035424
0.499751
0.823082
0.518915
0.192291
0.149201
0.303144
0.208071
0.735818
0.032159
0.581566
0.670745
0.655028
0.277968
0.099751
0.862281
0.560194
0.229931
0.406073
0.066855
0.94833
0.994372
0.265353
0.372928
0.785513
0.088455
0.686831
0.181323
0.20807
0.851857
0.462632
0.963204
0.148801
0.939117
0.30907
0.959482
0.297355
0.845995
0.696434
0.013081
0.70605
0.849093
0.855342
0.491631
0.545576
0.982913
0.813607
0.600045
0.966132
0.255055
0.340465
0.984464
0.220834
0.083557
0.685469
0.923569
0.377805
0.720404
0.254507
0.271373
0.496758
0.026309
0.639073
0.85404
0.77989
0.380483
0.260334
0.190427
0.812399
0.39413
0.007774
0.470538
0.740341
0.949068
0.549502
0.610756
0.154766
0.59566
0.257868
0.30148
0.722413
0.20128
0.633013
0.147391
0.373123
0.816789
0.872863
0.488607
0.72973
0.737889
0.834623
0.783164
0.533183
0.10875
0.952414
0.823213
0.551982
0.387097
0.898983
0.440855
0.232765
0.103354
0.017484
0.637207
0.30403
0.427837
0.254927
0.682042
0.473337
0.316715
0.828776
0.404121
0.276567
0.178837
0.978027
0.67602
0.185831
0.054127
0.256293
0.578154
0.655618
0.660513
0.600573
0.779756
0.994964
0.467128
0.501482
0.332753
0.110684
0.376688
0.282212
0.520441
0.919305
0.875898
0.122124
0.436088
0.207136
0.760455
0.32648
0.982316
0.408088
0.098535
0.825264
0.163288
0.359127
0.644147
0.791103
0.814523
0.689168
0.885171
0.307227
0.679921
0.628548
0.362597
0.800432
0.817475
0.761705
0.353753
0.726595
0.753702
0.402371
0.851333
0.345061
0.91377
0.215684
0.03321
0.274186
0.458891
0.330461
0.71543
0.322955
0.672848
0.439912
0.431502
0.056761
0.84658
0.004173
0.316182
0.122312
0.437904
0.78285
0.32202
0.364021
0.862832
0.439518
0.183714
0.558236
0.715083
0.17693
0.997469
0.398371
0.550631
0.697291
0.012731
0.369266
0.148283
0.864639
0.744244
0.206166
0.813869
0.995934
0.155242
0.044165
0.106727
0.969098
0.154217
0.010062
0.039909
0.112554
0.32812
0.735388
0.61192
0.736821
0.255991
0.958187
0.502771
0.956829
0.409739
0.327724
0.380361
0.638834
0.824763
0.449829
0.450188
0.843554
0.765733
0.222361
0.710824
0.12101
0.988986
0.976987
0.009164
0.985798
0.061262
0.192587
0.010647
0.501819
0.818345
0.983362
0.055982
0.800037
0.181358
0.803193
0.363958
0.789027
0.875447
0.21376
0.220657
0.633664
0.908825
0.468329
0.907944
0.087722
0.312468
0.799579
0.110107
0.849143
0.582073
0.741724
0.901091
0.265671
0.431985
0.123743
0.774644
0.116035
0.22572
0.898868
0.950004
0.222234
0.048445
0.524438
0.817782
0.734863
0.021793
0.518552
0.161088
0.024891
0.161923
0.814383
0.101226
0.987354
0.185442
0.851574
0.591846
0.775407
0.573151
0.599694
0.08234
0.042756
0.098101
0.483053
0.238744
0.431439
0.593159
0.412235
0.220908
0.74492
0.17109
0.580256
0.524712
0.057134
0.161421
0.476844
0.737956
0.470799
0.047324
0.022808
0.035679
0.514108
0.589734
0.826055
0.705495
0.345636
0.005502
0.047768
0.536697
0.910431
0.902442
0.257659
0.678214
0.132049
0.962786
0.390323
0.584039
0.799459
0.615591
0.821897
0.752777
0.66546
0.804683
0.248681
0.389938
0.235959
0.55112
0.683958
0.81058
0.229364
0.458693
0.122671
0.903285
0.379497
0.140736
0.029564
0.89648
0.368241
0.190655
0.708003
0.605737
0.405079
0.883569
0.914689
0.261071
0.548008
0.733877
0.089605
0.88144
0.736685
0.795754
0.336516
0.110004
0.376189
0.357571
0.115667
0.391485
0.810779
0.757372
0.608597
0.565537
0.634774
0.345401
0.396453
0.860155
0.248998
0.580827
0.68046
0.933887
0.185147
0.101177
0.648528
0.865491
0.019161
0.52513
0.395689
0.072727
0.393478
0.972922
0.353053
0.879922
0.887145
0.927683
0.280264
0.791798
0.679274
0.08539
0.224735
0.847043
0.649047
0.739662
0.591457
0.581325
0.398621
0.202271
0.063908
0.40711
0.696191
0.470018
0.04937
0.045941
0.477289
0.861246
0.686471
0.497622
0.548341
0.408035
0.711035
0.140189
0.302835
0.642383
0.208313
0.3726
0.874919
0.650336
0.588577
0.231108
0.689769
0.111171
0.558815
0.960087
0.657601
0.258461
0.509718
0.112611
0.499382
0.585902
0.480552
0.462455
0.990919
0.048971
0.907103
0.4062
0.935819
0.107673
0.975901
0.504404
0.715064
0.244018
0.971404
0.720549
0.620102
0.654061
0.175844
0.06901
0.420358
0.28388
0.405236
0.64313
0.497745
0.239991
0.346422
0.365264
0.752706
0.189133
0.453416
0.706906
0.130347
0.151956
0.5094
0.153041
0.254414
0.05245
0.046657
0.22178
0.243851
0.985022
0.471208
0.016469
0.175794
0.014412
0.201641
0.600539
0.023077
0.813108
0.340206
0.831968
0.706904
0.519946
0.015578
0.714135
0.368593
0.958914
0.67754
0.160634
0.220299
0.429503
0.913619
0.448089
0.519837
0.155877
0.346523
0.622098
0.040682
0.807127
0.00109
0.308251
0.487408
0.772265
0.017545
0.986083
0.774869
0.816649
0.894127
0.888908
0.071186
0.96534
0.808128
0.178161
0.04535
0.608939
0.048344
0.268494
0.076214
0.254359
0.581461
0.778745
0.944012
0.3
0.468305
0.383115
0.235448
0.628167
0.256879
0.599494
0.064878
0.447921
0.783127
0.955321
0.136686
0.561801
0.939016
0.488439
0.902273
0.799529
0.488303
0.485217
0.375689
0.557411
0.675175
0.166169
0.595383
0.513576
0.214382
0.073028
0.75085
0.085976
0.891445
0.579974
0.940636
0.93904
0.950398
0.991702
0.01301
0.277617
0.155996
0.149793
0.211595
0.207621
0.243891
0.477054
0.803972
0.849682
0.266581
0.791929
0.948973
0.531567
0.175697
0.965616
0.922765
0.245747
0.335243
0.731835
0.155641
0.35614
0.785155
0.229869
0.42312
0.831899
0.471391
0.75765
0.970483
0.07082
0.168559
0.407119
0.947278
0.601687
0.293128
0.330764
0.429806
0.123813
0.418974
0.523738
0.125846
0.700134
0.520129
0.146885
0.231216
0.38276
0.212266
0.67429
0.911737
0.196941
0.803671
0.821462
0.654159
0.41622
0.155012
0.680096
0.307963
0.3916
0.899092
0.391352
0.87678
0.190137
0.066959
0.59451
0.45449
0.476512
0.621739
0.398272
0.756618
0.921922
0.119175
0.962961
0.941075
0.918615
0.574456
0.533598
0.735302
0.982769
0.593831
0.91957
0.765034
0.889488
0.942945
0.934026
0.839011
0.198021
0.614342
0.809061
0.977682
0.978133
0.837065
0.466928
0.488543
0.153995
0.335783
0.833454
0.330564
0.752339
0.320708
0.237614
0.433335
0.699834
0.777521
0.920694
0.099293
0.552693
0.542931
0.332066
0.605667
0.363653
0.154793
0.657921
0.154338
0.415179
0.881234
0.670455
0.306355
0.930486
0.636978
0.744202
0.624374
0.875777
0.280276
0.800686
0.587996
0.764252
0.884095
0.201524
0.620659
0.048027
0.274437
0.285834
0.272891
0.111624
0.331984
0.969258
0.854957
0.990091
0.791242
0.166819
0.601149
0.538628
0.122714
0.075849
0.561815
0.56302
0.060071
0.097615
0.249964
0.392983
0.772492
0.950436
0.696531
0.308137
0.150372
0.758009
0.119807
0.775836
0.868094
0.378902
0.526691
0.999304
0.063154
0.365509
0.383828
0.040943
0.931121
0.13609
0.162725
0.260293
0.076371
0.979832
0.789274
0.546514
0.662105
0.436686
0.919169
0.30523
0.996221
0.048613
0.234344
0.00967
0.870017
0.474159
0.934073
0.092618
0.492242
0.613836
0.761474
0.21762
0.870317
0.850913
0.124793
0.409127
0.99907
0.111324
0.899237
0.761744
0.226076
0.180987
0.906637
0.657537
0.819309
0.574942
0.290922
0.696917
0.478504
0.40828
0.077346
0.494629
0.286553
0.228171
0.537217
0.856214
0.117547
0.37616
0.787623
0.164
0.115276
0.856466
0.26628
0.141221
0.787323
0.592684
0.741582
0.430463
0.412964
0.829226
0.61971
0.982235
0.487647
0.666838
0.683836
0.496176
0.541781
0.832875
0.303705
0.728617
0.428668
0.193402
0.766717
0.105942
0.63154
0.501594
0.201579
0.522895
0.64321
0.043714
0.084167
0.672815
0.626876
0.353227
0.842851
0.852018
0.569254
0.833815
0.642655
0.957928
0.194227
0.274427
0.604322
0.134785
0.721949
0.249976
0.077904
0.816381
0.867693
0.639355
0.950286
0.386289
0.755716
0.740709
0.826535
0.520186
0.764329
0.342339
0.06229
0.344299
0.405403
0.506413
0.603815
0.16495
0.710339
0.164727
0.475615
0.407414
0.051508
0.122715
0.632357
0.230703
0.393968
0.454455
0.471786
0.37249
0.626342
0.341382
0.244363
0.162918
0.039494
0.034122
0.162185
0.802248
0.608155
0.69832
0.297514
0.105548
0.884582
0.23204
0.062471
0.87633
0.470886
0.859081
0.786604
0.300754
0.363007
0.190274
0.604089
0.903848
0.622522
0.68099
0.009889
0.453158
0.557039
0.091642
0.676597
0.339314
0.128499
0.294155
0.911151
0.382667
0.147392
0.035433
0.526056
0.552075
0.643657
0.738616
0.898492
0.318
0.631445
0.841847
0.860679
0.500828
0.857984
0.552081
0.728662
0.814874
0.387542
0.097584
0.574146
0.052498
0.14747
0.791775
0.639274
0.400118
0.697478
0.161033
0.143392
0.54222
0.61181
0.707619
0.199644
0.745302
0.56523
0.646137
0.413803
0.567914
0.163136
0.345017
0.811197
0.483106
0.345465
0.094499
0.330727
0.623543
0.893932
0.637722
0.728093
0.844096
0.010892
0.46483
0.998832
0.20841
0.635213
0.750605
0.55934
0.306878
0.855993
0.805178
0.015697
0.409992
0.773171
0.720216
0.847647
0.952092
0.826219
0.154411
0.932608
0.608025
0.069407
0.0231
0.000181
0.893692
0.452233
0.668405
0.382424
0.721428
0.56637
0.500585
0.764362
0.0795
0.273358
0.521365
0.42659
0.672237
0.350199
0.443078
0.379962
0.294673
0.782772
0.889019
0.090088
0.143392
0.062301
0.795705
0.880982
0.005765
0.738355
0.541481
0.367641
0.197024
0.8384
0.38558
0.266789
0.482016
0.612487
0.814793
0.183203
0.207766
0.77393
0.046772
0.424581
0.856137
0.882836
0.208408
0.981395
0.598559
0.705394
0.003335
0.733578
0.868376
0.615621
0.722403
0.002269
0.393588
0.435902
0.464879
0.229248
0.948019
0.284587
0.993962
0.589081
0.643656
0.097399
0.867225
0.307405
0.771196
0.296476
0.621799
0.738398
0.321335
0.749372
0.457223
0.527603
0.721746
0.540138
0.107769
0.729225
0.917396
0.554599
0.9818
0.054754
0.233773
0.120731
0.777052
0.788385
0.977051
0.149734
0.281899
0.108278
0.192885
0.19659
0.116625
0.912271
0.854028
0.929533
0.890993
0.284489
0.057568
0.860913
0.32293
0.052164
0.189333
0.16855
0.267836
0.390617
0.803933
0.177613
0.168661
0.384137
0.592442
0.489698
0.004809
0.562619
0.268127
0.316678
0.448673
0.695739
0.986752
0.429644
0.142783
0.418069
0.830821
0.568978
0.718582
0.055277
0.559197
0.097786
0.883939
0.744477
0.42321
0.360386
0.9372
0.046508
0.22481
0.142134
0.169655
0.067518
0.106369
0.537628
0.119644
0.565614
0.512284
0.330482
0.461799
0.537096
0.974914
0.871828
0.717251
0.321039
0.640376
0.679071
0.491108
0.115064
0.863803
0.260007
0.346606
0.908031
0.755401
0.212171
0.180646
0.262634
0.74976
0.34746
0.16399
0.912913
0.595164
0.63687
0.135539
0.056743
0.918495
0.489439
0.058675
0.960933
0.159119
0.103539
0.884123
0.916248
0.638406
0.812818
0.976851
0.671265
0.284455
0.467413
0.975816
0.724126
0.416268
0.211061
0.377636
0.100214
0.116652
0.520779
0.813128
0.1788
0.796112
0.153417
0.331391
0.477355
0.342892
0.857476
0.66068
0.58195
0.477395
0.400323
0.87145
0.563593
0.735415
0.961997
0.475171
0.461797
0.310542
0.793502
0.372399
0.28733
0.278915
0.228728
0.891647
0.734201
0.150713
0.638939
0.915553
0.213987
0.059741
0.906396
0.843361
0.405236
0.915616
0.823528
0.997802
0.667687
0.574506
0.605612
0.441041
0.084389
0.961201
0.824417
0.600202
0.387529
0.328846
0.691
0.695252
0.369717
0.09874
0.843153
0.58087
0.091701
0.407454
0.464544
0.900379
0.975234
0.09735
0.065432
0.349641
0.200577
0.196435
0.005243
0.4963
0.832375
0.257433
0.009241
0.837389
0.892029
0.177687
0.652731
0.139737
0.624391
0.64464
0.741318
0.942211
0.432447
0.083254
0.76481
0.003382
0.811044
0.6701
0.826965
0.376467
0.08759
0.828883
0.862256
0.584242
0.00335
0.988385
0.84379
0.049063
0.311508
0.001086
0.353833
0.077044
0.317254
0.990783
0.08548
0.95186
0.597749
0.641437
0.243464
0.386936
0.371591
0.640814
0.890821
0.614039
0.647705
0.544566
0.094872
0.524313
0.90676
0.250403
0.415199
0.967244
0.036634
0.477276
0.160602
0.433795
0.241682
0.207017
0.137884
0.132119
0.30239
0.985586
0.118498
0.012475
0.631829
0.17279
0.346609
0.475596
0.369726
0.68882
0.760228
0.298825
0.266903
0.591639
0.55439
0.964742
0.200095
0.513535
0.142282
0.143749
0.737349
0.432683
0.786075
0.421833
0.682286
0.227316
0.733266
0.861871
0.988422
0.623456
0.667244
0.434142
0.059092
0.353591
0.713954
0.101595
0.416107
0.944737
0.919796
0.034457
0.467921
0.730062
0.130072
0.541673
0.497419
0.128573
0.104464
0.682386
0.819515
0.094755
0.617789
0.602952
0.801735
0.742213
0.209258
0.840588
0.468158
0.50014
0.155937
0.170469
0.111699
0.273422
0.214996
0.50786
0.108128
0.564518
0.124631
0.017156
0.169168
0.846231
0.466953
0.460621
0.189659
0.472214
0.933214
0.931689
0.626564
0.760771
0.133327
0.935298
0.868724
0.662551
0.172816
0.559938
0.247984
0.516344
0.152789
0.742003
0.504092
0.675495
0.686667
0.245146
0.950696
0.169485
0.955517
0.835787
0.351253
0.179974
0.260447
0.159408
0.689913
0.951378
0.449915
0.554511
0.197197
0.478135
0.996437
0.329063
0.535339
0.070171
0.518967
0.015551
0.198117
0.543735
0.245261
0.375978
0.302152
0.579805
0.81647
0.38804
0.048734
0.178919
0.680224
0.8633
0.372121
0.694774
0.864589
0.643571
0.883338
0.300833
0.356652
0.70745
0.873793
0.54964
0.430544
0.845447
0.076749
0.053991
0.346004
0.412033
0.758462
0.87174
0.482682
0.065344
0.8409
0.167672
0.908203
0.913148
0.616519
0.602775
0.72028
0.958566
0.662272
0.772679
0.222752
0.781974
0.356274
0.822514
0.373642
0.387971
0.192804
0.994983
0.117385
0.517104
0.415709
0.976927
0.625855
0.137193
0.256238
0.173616
0.790506
0.252881
0.817978
0.041746
0.272392
0.402654
0.211285
0.50726
0.713948
0.925103
0.775199
0.185382
0.800915
0.195303
0.768502
0.51912
0.175262
0.082262
0.456086
0.529776
0.954663
0.774044
0.139297
0.910353
0.983541
0.313314
0.24224
0.325186
0.736169
0.383406
0.82755
0.104233
0.169865
0.35788
0.579333
0.222649
0.371903
0.691914
0.648131
0.744611
0.444225
0.499888
0.873676
0.791295
0.794706
0.280216
0.56984
0.55398
0.754318
0.749521
0.166666
0.681886
0.975379
0.897209
0.08369
0.864162
0.741484
0.923569
0.802635
0.458544
0.457466
0.225891
0.765778
0.694649
0.103108
0.178541
0.520096
0.47928
0.236642
0.789686
0.816312
0.094498
0.320531
0.833595
0.79754
0.536353
0.044386
0.244215
0.453454
0.581642
0.688524
0.439972
0.129018
0.799468
0.489753
0.0678
0.587462
0.777792
0.127351
0.384395
0.257471
0.820669
0.443048
0.326684
0.8511
0.288503
0.647716
0.458821
0.372027
0.017298
0.145052
0.996162
0.050697
0.360354
0.852879
0.625097
0.97734
0.184614
0.900476
0.619891
0.295449
0.672247
0.781553
0.810041
0.849884
0.206074
0.846496
0.476781
0.355836
0.187923
0.217878
0.722333
0.953149
0.950557
0.596137
0.367342
0.488692
0.719611
0.34354
0.704324
0.844086
0.535197
0.249439
0.987806
0.090473
0.095108
0.020378
0.588731
0.146258
0.454922
0.84011
0.331464
0.161186
0.925926
0.916285
0.278409
0.322089
0.760098
0.501241
0.144391
0.882901
0.705474
0.209095
0.688107
0.914361
0.273183
0.196782
0.147273
0.985509
0.619463
0.271547
0.906668
0.227623
0.454368
0.445673
0.302776
0.057409
0.698708
0.167903
0.606001
0.86042
0.544035
0.89701
0.632114
0.894013
0.815551
0.219816
0.724829
0.698719
0.311435
0.544863
0.733804
0.879374
0.950971
0.558429
0.883104
0.574001
0.785235
0.917327
0.198882
0.020929
0.623222
0.597934
0.914565
0.259099
0.534072
0.351152
0.939561
0.069371
0.649936
0.092749
0.018175
0.576072
0.478805
0.675359
0.388061
0.175409
0.926669
0.201092
0.453869
0.844396
0.296991
0.830899
0.959376
0.44012
0.416089
0.303159
0.284791
0.428337
0.896273
0.869961
0.094365
0.954411
0.586123
0.666681
0.478554
0.655073
0.187917
0.085309
0.496601
0.980187
0.284116
0.546866
0.500373
0.408787
0.031595
0.732696
0.01406
0.377391
0.260001
0.058243
0.637223
0.827223
0.734891
0.869154
0.898404
0.448023
0.953414
0.443037
0.965434
0.302824
0.299016
0.157701
0.948902
0.882966
0.004313
0.639627
0.877643
0.699081
0.704621
0.271319
0.275452
0.378991
0.264781
0.406481
0.644499
0.803427
0.474266
0.958939
0.188339
0.031764
0.803356
0.389255
0.341526
0.970977
0.003713
0.570704
0.431726
0.688562
0.329622
0.434111
0.046183
0.380294
0.510352
0.278047
0.427055
0.178918
0.761275
0.691198
0.712444
0.075458
0.59028
0.335652
0.844251
0.189469
0.224827
0.293282
0.278723
0.956413
0.692568
0.879795
0.11557
0.896966
0.635162
0.589521
0.315376
0.603077
0.745813
0.49656
0.328375
0.953688
0.363301
0.280296
0.862457
0.44878
0.373573
0.029546
0.692254
0.038795
0.935145
0.531756
0.737251
0.006801
0.374802
0.391128
0.975524
0.824341
0.142583
0.242264
0.209297
0.159324
0.692795
0.372328
0.013633
0.886002
0.789917
0.578899
0.330455
0.631612
0.974705
0.311504
0.77069
0.544435
0.022756
0.808571
0.06873
0.257241
0.167856
0.918173
0.777466
0.376368
0.494724
0.735705
0.155549
0.456052
0.410498
0.49093
0.557812
0.465607
0.92342
0.79222
0.549918
0.118656
0.069226
0.54962
0.186334
0.901182
0.126393
0.083658
0.903591
0.894561
0.914952
0.15382
0.888684
0.627381
0.752163
0.603354
0.983805
0.047509
0.772117
0.878479
0.921684
0.512097
0.000477
0.939595
0.18869
0.780762
0.832049
0.916778
0.123977
0.646216
0.871134
0.0501
0.885767
0.649888
0.446931
0.012192
0.247974
0.654992
0.215603
0.803624
0.649678
0.397229
0.967854
0.047626
0.346655
0.829714
0.404003
0.533561
0.034263
0.080243
0.37622
0.506006
0.065331
0.556329
0.576783
0.999878
0.767937
0.470024
0.289003
0.757784
0.493172
0.305921
0.736401
0.019191
0.826203
0.218952
0.671407
0.974143
0.328903
0.480991
0.286581
0.012728
0.393466
0.88465
0.88002
0.160815
0.6151
0.709237
0.785388
0.625751
0.897774
0.529249
0.714742
0.810348
0.605079
0.839903
0.399405
0.655444
0.010945
0.716103
0.164904
0.054652
0.132232
0.350015
0.723379
0.283748
0.558014
0.49483
0.231783
0.209114
0.25144
0.466172
0.658145
0.164097
0.742279
0.491963
0.698158
0.348765
0.439923
0.466075
0.974024
0.883868
0.134864
0.871852
0.991653
0.184579
0.791441
0.385808
0.950569
0.803173
0.38764
0.649333
0.389823
0.964224
0.076075
0.816023
0.101934
0.097007
0.538264
0.991811
0.25265
0.256715
0.00684
0.741552
0.871049
0.482447
0.288541
0.366613
0.047314
0.187869
0.99008
0.273315
0.44383
0.935603
0.68587
0.477557
0.607246
0.763302
0.561364
0.854854
0.579076
0.68481
0.797897
0.414341
0.045835
0.760348
0.440253
0.97966
0.383319
0.932854
0.623178
0.116765
0.013916
0.017306
0.518095
0.832938
0.56998
0.989966
0.385427
0.52916
0.375909
0.336647
0.98353
0.857735
0.726312
0.320167
0.831937
0.277661
0.078497
0.949937
0.092516
0.311988
0.489103
0.301045
0.398476
0.440511
0.189586
0.320902
0.910808
0.883771
0.24703
0.731001
0.40271
0.792077
0.421161
0.504254
0.731338
0.690008
0.802258
0.497629
0.432618
0.784601
0.587805
0.307303
0.207085
0.51444
0.929688
0.281846
0.814335
0.263559
0.485825
0.491634
0.972211
0.939712
0.278916
0.016624
0.947042
0.498856
0.1777
0.73902
0.662974
0.654353
0.106174
0.417308
0.502278
0.837715
0.642757
0.223657
0.704551
0.833815
0.501592
0.367909
0.072164
0.120355
0.449093
0.02374
0.828281
0.009268
0.422478
0.190898
0.92201
0.641672
0.590262
0.632321
0.219726
0.675117
0.170557
0.199799
0.897415
0.299526
0.523476
0.759703
0.399679
0.638526
0.533071
0.838936
0.366314
0.48523
0.730121
0.769
0.117729
0.14579
0.090732
0.627682
0.805527
0.927404
0.64755
0.94978
0.696382
0.634436
0.515961
0.803382
0.626477
0.943761
0.128959
0.986814
0.12569
0.369112
0.240872
0.83982
0.809899
0.918717
0.934807
0.066362
0.821743
0.101095
0.409055
0.376886
0.577918
0.588156
0.996271
0.355035
0.851696
0.275357
0.063687
0.073155
0.021395
0.765593
0.889267
0.198805
0.778969
0.46985
0.181398
0.098738
0.499035
0.602264
0.16669
0.142363
0.823147
0.714611
0.548177
0.41582
0.832893
0.300235
0.796508
0.278605
0.985856
0.735702
0.759109
0.071017
0.052621
0.732313
0.94307
0.896344
0.281062
0.313838
0.766182
0.152434
0.681363
0.324586
0.82245
0.361389
0.435539
0.691232
0.086212
0.680343
0.46531
0.472994
0.790916
0.912753
0.167643
0.703731
0.980404
0.921082
0.803779
0.50818
0.657273
0.439784
0.336346
0.005957
0.971672
0.953795
0.744011
0.121038
0.829985
0.374176
0.163137
0.52651
0.49444
0.377847
0.281495
0.441438
0.284133
0.442758
0.894074
0.200306
0.429927
0.693685
0.214497
0.523075
0.806142
0.187264
0.532374
0.72808
0.745583
0.203198
0.460534
0.785402
0.927263
0.965534
0.381439
0.553727
0.947671
0.131898
0.160509
0.524372
0.627805
0.427466
0.276492
0.943998
0.97537
0.912793
0.987862
0.909943
0.007473
0.582887
0.443785
0.68127
0.213883
0.06722
0.581044
0.859282
0.473713
0.859523
0.512355
0.849592
0.49368
0.773632
0.082594
0.846559
0.690619
0.03971
0.485404
0.54259
0.198091
0.588426
0.899134
0.014307
0.578145
0.945068
0.849374
0.261942
0.982556
0.598177
0.039572
0.040907
0.275511
0.038203
0.728353
0.697985
0.729793
0.42916
0.339775
0.379343
0.218393
0.972929
0.392285
0.511776
0.24374
0.325843
0.299744
0.387345
0.495369
0.979315
0.636547
0.289701
0.337448
0.942299
0.028548
0.686192
0.721388
0.038056
0.386025
0.014228
0.433266
0.440943
0.195176
0.073952
0.643943
0.854426
0.697722
0.963004
0.189714
0.794681
0.617828
0.655469
0.196036
0.767715
0.277802
0.039972
0.875586
0.011129
0.453721
0.953443
0.856767
0.030868
0.22354
0.60261
0.258254
0.155064
0.333184
0.273292
0.741033
0.74143
0.84687
0.78242
0.116953
0.715925
0.961007
0.810922
0.301538
0.190318
0.634418
0.107811
0.681454
0.181892
0.064317
0.013462
0.596658
0.18249
0.330136
0.37099
0.592882
0.965699
0.111795
0.682446
0.628175
0.044552
0.761619
0.560509
0.794819
0.085108
0.182131
0.011296
0.315651
0.86602
0.502161
0.894868
0.455241
0.109194
0.747914
0.24421
0.796005
0.267366
0.36843
0.612185
0.151153
