256 2 3
0
53
206
1
103
110
2
50
122
3
86
190
4
109
181
5
21
126
6
36
68
7
148
224
8
98
211
9
72
150
10
130
212
1
11
182
12
33
193
13
65
181
14
129
212
0
15
120
16
58
214
17
122
245
18
45
93
19
62
88
20
105
106
21
87
229
8
22
170
8
19
23
24
129
195
25
38
119
26
39
168
5
27
55
28
77
129
24
29
71
7
30
44
31
156
208
32
76
150
33
47
254
25
34
218
35
81
255
33
36
249
37
103
120
38
98
138
39
77
227
18
40
132
41
198
232
42
95
124
43
152
200
44
111
190
45
106
154
46
217
239
27
38
47
48
118
162
49
63
228
50
199
225
51
62
252
52
176
213
53
182
248
5
54
131
55
62
194
56
74
149
57
180
226
58
173
207
59
75
248
9
56
60
2
16
61
62
83
155
63
65
162
64
161
172
65
118
192
36
66
127
67
161
219
68
98
153
69
144
169
70
72
125
71
178
241
72
184
211
73
170
213
55
74
137
33
75
142
36
76
139
15
77
217
78
84
139
79
119
237
80
101
211
32
81
105
82
147
244
31
69
83
45
84
158
10
85
200
86
88
172
29
87
183
88
111
116
40
89
155
90
178
207
28
91
214
27
28
92
40
93
149
94
199
221
8
95
156
8
96
99
97
102
154
98
150
164
89
99
202
100
151
226
15
101
170
102
122
166
71
103
157
100
104
226
68
105
252
25
106
117
68
107
121
108
136
186
109
125
219
89
110
227
100
111
198
59
112
248
113
161
244
21
24
114
102
115
246
116
135
139
117
205
215
118
202
251
15
119
219
74
120
201
55
121
130
72
117
122
100
123
125
99
124
171
94
125
242
126
186
199
73
127
145
105
128
160
15
129
151
76
130
136
45
131
238
40
131
132
133
183
204
25
134
236
4
7
135
2
136
172
34
137
255
37
138
222
139
244
255
111
140
147
7
141
225
142
149
173
143
162
169
96
107
144
52
103
145
12
58
146
113
147
172
3
148
215
149
181
197
12
150
216
63
151
188
66
152
193
27
153
189
12
65
154
20
35
155
44
156
213
73
122
157
18
75
158
1
159
195
96
160
166
36
67
161
14
162
192
41
87
163
1
164
186
165
212
251
154
166
233
153
154
167
45
62
168
94
169
219
67
168
170
68
135
171
155
172
248
142
169
173
31
174
223
44
175
254
176
203
207
7
66
177
104
151
178
164
179
223
126
132
180
9
46
181
24
179
182
67
183
194
145
146
184
128
185
231
83
186
255
80
187
212
2
58
188
35
90
189
19
190
215
180
191
225
30
77
192
0
64
193
29
135
194
195
198
255
77
144
196
38
84
197
6
30
198
193
199
220
32
63
200
70
201
241
57
123
202
11
203
242
130
199
204
179
205
245
3
109
206
81
207
234
34
140
208
99
170
209
86
210
219
29
76
211
91
128
212
213
241
243
18
214
223
13
189
215
20
207
216
61
87
217
9
218
250
82
104
219
18
220
228
29
137
221
0
219
222
136
223
255
13
143
224
8
51
225
85
125
226
110
224
227
169
210
228
229
231
244
56
230
253
33
154
231
163
221
232
35
110
233
35
76
234
110
120
235
32
36
236
89
219
237
35
236
238
34
239
246
39
113
240
45
166
241
179
183
242
118
147
243
84
136
244
54
200
245
131
206
246
59
128
247
162
213
248
114
141
249
228
250
253
71
215
251
116
130
252
87
154
253
22
40
254
240
245
255
0.492306
0.950509
0.523695
0.244835
0.284498
0.017846
0.120519
0.484661
0.070969
0.2605
0.000661
0.137015
0.322566
0.371098
0.971244
0.531728
0.190243
0.641954
0.007378
0.209608
0.028857
0.485194
0.232941
0.395918
0.401561
0.324947
0.79487
0.92032
0.148333
0.143977
0.070405
0.986943
0.297728
0.908248
0.800094
0.624816
0.257309
0.608586
0.493617
0.841677
0.867748
0.056415
0.242955
0.130469
0.767523
0.656642
0.516594
0.205155
0.090934
0.164678
0.504175
0.909576
0.911367
0.278832
0.021674
0.966995
0.900541
0.532011
0.740962
0.248682
0.516187
0.147331
0.566217
0.212894
0.190582
0.858866
0.824367
0.632976
0.380071
0.964111
0.23892
0.438516
0.265362
0.205396
0.32791
0.514773
0.148153
0.730521
0.415123
0.640589
0.206644
0.192349
0.139893
0.444012
0.047173
0.956514
0.272237
0.091186
0.064793
0.841872
0.195927
0.50114
0.599401
0.33474
0.1353
0.869904
0.313356
0.116338
0.26362
0.589256
0.216196
0.334593
0.156537
0.203526
0.091088
0.290095
0.90685
0.229629
0.452694
0.216242
0.132457
0.688475
0.83867
0.699509
0.38782
0.084123
0.508474
0.659646
0.476844
0.253814
0.122112
0.061494
0.909138
0.811635
0.028506
0.332764
0.593321
0.118378
0.383976
0.808961
0.262966
0.894305
0.35926
0.186918
0.26134
0.935326
0.352106
0.947024
0.967418
0.72573
0.399969
0.853055
0.089983
0.805644
0.668684
0.46263
0.973134
0.971593
0.339484
0.225721
0.530168
0.877647
0.394404
0.34788
0.51585
0.149375
0.372105
0.246073
0.495263
0.658998
0.253851
0.495403
0.455813
0.920733
0.542751
0.603747
0.719207
0.390894
0.305972
0.183347
0.731779
0.731304
0.739015
0.976987
0.29284
0.631956
0.139081
0.293899
0.972014
0.074502
0.511271
0.37476
0.682173
0.392114
0.120198
0.177769
0.344057
0.058808
0.82926
0.67354
0.057485
0.367735
0.373783
0.580826
0.001298
0.944507
0.777155
0.356767
0.852286
0.68193
0.088376
0.771674
0.820114
0.993798
0.249531
0.138102
0.803267
0.701614
0.681364
0.07257
0.973582
0.210735
0.187626
0.201503
0.105483
0.769564
0.683185
0.402308
0.895187
0.636686
0.094417
0.713953
0.183632
0.408939
0.245508
0.811909
0.99572
0.188258
0.401822
0.789886
0.284643
0.434502
0.493445
0.904273
0.046216
0.456646
0.028649
0.893947
0.470394
0.767802
0.462195
0.279338
0.385837
0.454497
0.613133
0.116172
0.996708
0.200911
0.991215
0.308056
0.378617
0.532727
0.669161
0.104513
0.329135
0.672442
0.297713
0.757048
0.785414
0.178915
0.186399
0.663179
0.848525
0.401583
0.902975
0.768688
0.620255
0.643
0.019241
0.243068
0.606288
0.709239
0.927594
0.731161
0.240459
0.256786
0.074159
0.011324
0.44233
0.73356
0.413441
0.487503
0.5952
0.466621
0.055582
0.947067
0.918058
0.204036
0.721041
0.36158
0.126789
0.629688
0.663757
0.615587
0.990109
0.009933
0.889614
0.645544
0.094848
0.943392
0.180309
0.370056
0.14644
0.469873
0.006555
0.323392
0.899444
0.919906
0.796443
0.177046
0.92966
0.419984
0.095392
0.574021
0.645207
0.836039
0.815524
0.908575
0.712909
0.220684
0.679594
0.693858
0.295194
0.789869
0.596148
0.722588
0.30037
0.31203
0.414167
0.537728
0.29052
0.833742
0.948793
0.836461
0.559516
0.389811
0.652721
0.744593
0.960604
0.857754
0.909147
0.737927
0.004023
0.919048
0.97359
0.139166
0.216458
0.504419
0.852493
0.402769
0.685844
0.706504
0.463709
0.196739
0.914108
0.912236
0.233812
0.298485
0.55214
0.783839
0.607252
0.511649
0.608906
0.122333
0.893787
0.671934
0.576787
0.91052
0.320161
0.389323
0.511288
0.411433
0.884036
0.483169
0.073116
0.43374
0.803684
0.202987
0.589545
0.651469
0.632316
0.144424
0.587645
0.820154
0.742122
0.501891
0.049184
0.970973
0.735057
0.344992
0.427935
0.077501
0.278126
0.956963
0.431385
0.099593
0.035555
0.157699
0.210363
0.431055
0.678352
0.626681
0.194176
0.910076
0.365683
0.47032
0.805302
0.680929
0.418543
0.358117
0.600384
0.824511
0.236494
0.814327
0.308476
0.114416
0.716846
0.373294
0.815486
0.559492
0.391501
0.860676
0.526221
0.221646
0.656045
0.223153
0.225163
0.052
0.684136
0.526465
0.354334
0.513921
0.521738
0.105071
0.139201
0.490399
0.02625
0.051514
0.475675
0.403849
0.693985
0.217271
0.661659
0.731716
0.038757
0.328077
0.156829
0.757563
0.263896
0.222237
0.511044
0.418317
0.708586
0.54182
0.086085
0.722842
0.344899
0.976282
0.191543
0.801663
0.400502
0.876778
0.733266
0.090926
0.573931
0.415189
0.516202
0.740348
0.581844
0.845784
0.958523
0.269294
0.837001
0.104893
0.240219
0.173358
0.052626
0.886597
0.114666
0.491205
0.879383
0.822557
0.083988
0.257141
0.618837
0.004066
0.666509
0.278586
0.105874
0.19961
0.560795
0.989896
0.435986
0.572507
0.888655
0.594379
0.348199
0.287766
0.718136
0.836662
0.809457
0.171623
0.441615
0.500983
0.834634
0.228911
0.674018
0.50502
0.2457
0.305113
0.599405
0.572874
0.562474
0.606729
0.213687
0.962357
0.103123
0.693806
0.827197
0.683571
0.016879
0.418228
0.106362
0.947344
0.279307
0.122999
0.95045
0.294917
0.553288
0.497607
0.446352
0.362762
0.756217
0.992735
0.175715
0.979857
0.718214
0.211114
0.870004
0.019932
0.730558
0.748788
0.096591
0.033981
0.459114
0.937983
0.939204
0.687923
0.513417
0.509189
0.054881
0.675048
0.228401
0.441902
0.426352
0.531754
0.752417
0.121918
0.195661
0.158154
0.562523
0.224586
0.293521
0.858623
0.349074
0.725076
0.53769
0.995113
0.778161
0.122164
0.959783
0.294078
0.299
0.018975
0.779374
0.886488
0.983008
0.483212
0.164366
0.843406
0.39463
0.999352
0.581249
0.061595
0.008098
0.485905
0.419997
0.843217
0.027881
0.343422
0.839229
0.525037
0.892322
0.94541
0.539645
0.871105
0.835673
0.605684
0.588621
0.943323
0.418079
0.149578
0.55123
0.612784
0.05894
0.933702
0.865663
0.603257
0.106115
0.082195
0.081317
0.524693
0.650508
0.926293
0.755354
0.901249
0.098391
0.863674
0.27676
0.216463
0.617923
0.194051
0.323604
0.935271
0.974148
0.141104
0.51074
0.926332
0.499823
0.505348
0.786309
0.637899
0.70591
0.415268
0.548013
0.278655
0.734988
0.715225
0.502257
0.519765
0.456285
0.561841
0.158166
0.547336
0.037805
0.353093
0.576007
0.925623
0.944427
0.285694
0.45305
0.489116
0.209171
0.877326
0.422847
0.784235
0.828869
0.217468
0.856447
0.57465
0.247599
0.946601
0.652667
0.402319
0.397395
0.141282
0.78177
0.325795
0.200713
0.963261
0.089675
0.950524
0.066472
0.703945
0.838299
0.192729
0.356526
0.480647
0.335928
0.927797
0.572457
0.368245
0.019271
0.555379
0.727045
0.321828
0.592259
0.637579
0.858504
0.729472
0.860107
0.512672
0.008864
0.893985
0.417426
0.807626
0.89085
0.755014
0.463821
0.140077
0.059181
0.02929
0.857776
0.194234
0.568564
0.87783
0.19619
0.270778
0.805928
0.484729
0.231951
0.793016
0.952831
0.429525
0.623077
0.375729
0.447753
0.198167
0.568293
0.975402
0.765752
0.80385
0.209328
0.50789
0.046443
0.792433
0.132205
0.192098
0.245676
0.008254
0.07352
0.309728
0.266914
0.089861
0.083914
0.158294
0.066278
0.69909
0.08373
0.703706
0.498068
0.990224
0.884703
0.950673
0.392509
0.593864
0.022987
0.645928
0.728502
0.420769
0.028993
0.613328
0.561804
0.869283
0.922028
0.17884
0.375978
0.433097
0.13807
0.784368
0.413017
0.683131
0.967212
0.001166
0.839044
0.966046
0.56076
0.18752
0.017915
0.792988
0.074957
0.410107
0.256103
0.28497
0.738193
0.895277
0.708845
0.822166
0.70024
0.2716
0.680333
0.564155
0.505455
0.539765
0.626247
0.31957
0.554358
0.152046
0.823808
0.282583
0.031695
0.137912
0.99435
0.990115
0.946619
0.194999
0.389878
0.759269
0.708052
0.874961
0.112949
0.972885
0.224791
0.540662
0.750151
0.556301
0.244216
0.857758
0.793973
0.179197
0.968209
0.265417
0.924262
0.916639
0.142865
0.328208
0.897951
0.178243
0.342651
0.135927
0.606815
0.464112
0.967312
0.199867
0.28516
0.872332
0.659071
0.447971
0.299355
0.614666
0.142051
0.246659
0.65372
0.610583
0.857394
0.696392
0.840293
0.80242
0.643048
0.213734
0.435353
0.022494
0.071464
0.334665
0.24081
0.600442
0.046974
0.890897
0.928111
0.278388
0.269088
0.422237
0.236821
0.687811
0.835594
0.188731
0.489129
0.321065
0.700537
0.397427
0.025025
0.317873
0.016095
0.322373
0.217136
0.862582
0.121297
0.772544
0.215555
0.781085
0.077015
0.946037
0.520806
0.680506
0.102419
0.147855
0.999235
0.166634
0.982045
0.970047
0.501298
0.734744
0.175256
0.020143
0.103077
0.235388
0.65533
0.885899
0.296011
0.645298
0.549208
0.196093
0.711389
0.462685
0.604058
0.805839
0.55302
0.344205
0.366806
0.894111
0.272877
0.118459
0.041772
0.728966
0.172161
0.52082
0.42509
0.457062
0.525067
0.796135
0.252076
0.948042
0.874834
0.665392
0.009768
0.199449
0.040418
0.014712
0.695195
0.413777
0.847441
0.076269
0.989541
0.621824
0.484335
0.061445
0.501961
0.089733
0.914247
0.289099
0.692448
0.505104
0.428493
0.985633
0.002051
0.070817
0.267608
0.36699
0.182702
0.438229
0.790673
0.957065
0.521321
0.604888
0.311351
0.863369
0.071822
0.614029
0.866518
0.104588
0.25106
0.80223
0.685484
0.244263
0.310014
0.484236
0.106029
0.069214
0.702832
0.206706
0.437051
0.676046
0.171022
0.323885
0.954127
0.350993
0.373624
0.725391
0.194591
0.928697
0.654158
0.766922
0.584035
0.822567
0.874383
0.109048
0.389602
0.355177
0.497932
0.576908
0.854586
0.388517
0.178876
0.664057
0.236648
0.379805
0.220378
0.733916
0.182985
0.213697
0.707934
0.337016
0.693343
0.776329
0.800866
0.979407
0.759406
0.825522
0.138582
0.459662
0.657739
0.503456
0.601884
0.461978
0.057101
0.016265
0.767805
0.623531
0.407187
0.767225
0.196301
0.191555
0.553171
0.150006
0.537553
0.447388
0.820644
0.63125
0.644122
0.851157
0.794458
0.898672
0.85404
0.50925
0.610713
0.729139
0.412177
0.646912
0.397582
0.460368
0.550141
0.823529
0.585392
0.764548
0.195041
0.571306
0.04429
0.487999
0.936619
0.262982
0.922037
0.116884
0.773657
0.943139
0.379842
0.419184
0.683108
0.783849
0.881471
0.931817
0.946532
0.908668
0.033016
0.850519
0.619936
0.572199
0.199346
0.579253
0.181979
0.484937
0.917523
0.371596
0.689434
0.872038
0.418415
0.575786
0.946904
0.174109
0.792414
0.224759
0.477385
0.580526
0.048472
0.158837
0.505538
0.806744
0.549079
0.326749
0.650384
0.286836
0.306417
0.284267
0.229641
0.253819
0.466873
0.893199
0.397903
0.760283
0.259543
0.694147
0.302327
0.682821
0.766811
0.736634
0.924685
0.973919
0.224824
0.54679
0.610407
0.547915
0.7989
0.397084
0.262244
0.397109
0.480065
0.546471
0.433863
0.298552
0.962142
0.36237
0.398126
0.719806
0.833731
0.710002
0.849632
0.533119
0.781866
0.477737
0.956522
0.578052
0.808599
0.590404
0.991346
0.363047
0.529579
0.217994
0.123936
0.282405
0.819604
0.069105
0.255954
0.478588
0.688429
0.462911
0.549153
0.01863
0.872678
0.168953
0.762333
0.847569
0.482092
0.428622
0.892461
0.975948
0.410259
0.482477
0.269197
0.901003
0.856736
0.862407
0.270861
0.321778
0.674829
0.650159
0.224789
0.409411
0.345529
0.612444
0.842101
0.306222
0.979688
0.376642
0.600098
0.155126
0.927891
0.091759
0.467414
0.943884
0.38555
0.740488
0.239929
0.749326
0.494153
0.655937
0.485479
0.029203
0.185932
0.871312
0.134766
0.165882
0.565262
0.516911
0.788091
0.312824
0.676576
0.742604
0.173811
0.897415
0.691814
0.632776
0.315252
0.451842
0.181972
0.79002
0.284468
0.230689
0.490522
0.704402
0.37911
0.238959
0.18865
0.688476
0.379216
0.454668
0.114167
0.508898
0.556314
0.740276
0.246352
0.187521
0.222969
0.423125
0.96516
0.223305
0.002834
0.019424
0.305108
0.558691
0.514846
0.734982
0.001781
0.673496
0.107581
0.072736
0.32048
0.895472
0.635759
0.064367
0.726126
0.44358
0.936853
0.667855
0.823398
0.094684
0.217903
0.945567
0.175831
0.534596
0.581842
0.466946
0.48513
0.383999
0.470217
0.21814
0.161063
0.745424
0.198883
0.490674
0.623772
0.279613
0.007017
0.341149
0.487334
0.860971
0.899656
0.343636
0.083729
0.003092
0.423837
0.381492
0.637936
0.040437
0.140271
0.732565
0.983013
0.466431
0.182809
0.140561
0.444324
0.385877
0.419729
0.787468
0.064879
0.708053
0.783073
0.467258
0.99445
0.883668
0.523946
0.194891
0.684634
0.090426
0.805737
0.447639
0.64004
0.330932
0.861297
0.290478
0.759358
0.854623
0.056593
0.06023
0.793994
0.666873
0.605601
0.922141
0.337028
0.45821
0.419269
0.859574
0.061297
0.871485
0.691411
0.920682
0.251608
0.304219
0.416196
0.335933
0.661161
0.208272
0.737749
0.668941
0.868188
0.346913
0.271562
0.193127
0.334067
0.992545
0.042583
0.529625
0.754471
0.363962
0.49122
0.349795
0.133056
0.655532
0.422741
0.952548
0.664572
0.309197
0.548786
0.731598
0.315139
0.334796
0.872667
0.44804
0.151013
0.403841
0.59902
0.15477
0.650684
0.445143
0.315341
0.365942
0.992741
0.169847
0.714298
0.3614
0.298259
0.322403
0.405757
0.594712
0.379052
0.640795
0.169592
0.664111
0.653148
0.932477
0.043708
0.364937
0.595753
0.90014
0.243278
0.310374
0.265798
0.617735
0.455021
0.854299
0.488178
0.914772
0.856588
0.564185
0.967982
0.581615
0.489676
0.333559
0.769442
0.650119
0.356996
0.642206
0.88916
0.968366
0.696598
0.811655
0.211947
0.922751
0.565318
0.371599
0.418567
0.458681
0.653488
0.162749
0.622802
0.547681
0.265523
0.399709
0.865209
0.333252
0.892508
0.59182
0.220021
0.928979
0.132791
0.355151
0.08435
0.25708
0.283068
0.862106
0.229152
0.507188
0.866186
0.506951
0.720673
0.808525
0.409629
0.933523
0.064122
0.874947
0.400779
0.759653
0.768623
0.629832
0.039748
0.585552
0.33013
0.581432
0.232484
0.617665
0.028705
0.346187
0.620531
0.565515
0.925421
0.490224
0.505616
0.499041
0.072121
0.40743
0.559522
0.240116
0.273045
0.180395
0.914894
0.33643
0.257398
0.38404
0.02119
0.590604
0.265458
0.381978
0.38379
0.963879
0.418178
0.210318
0.261842
0.424188
0.45373
0.72439
0.898856
0.726974
0.927594
0.123198
0.321989
0.348954
0.671865
0.386542
0.305575
0.436697
0.551592
0.798094
0.564199
0.024323
0.74202
0.392744
0.341719
0.268295
0.550644
0.298204
0.616032
0.694556
0.055794
0.394382
0.058527
0.025049
0.7406
0.724615
0.902386
0.187908
0.199776
0.991672
0.343526
0.851399
0.133385
0.947592
0.797771
0.260525
0.60207
0.413908
0.880298
0.346509
0.651818
0.91817
0.205712
0.117946
0.49314
0.142957
0.311461
0.475697
0.381721
0.895179
0.860195
0.864901
0.760274
0.349947
0.353231
0.299523
0.192532
0.122532
0.790204
0.090277
0.420703
0.947071
0.045087
0.817559
0.65591
0.085138
0.293757
0.073712
0.086511
0.529673
0.017988
0.308104
0.358533
0.721736
0.02794
0.332397
0.152452
0.176602
0.122766
0.468788
0.882183
0.833782
0.219086
0.281698
0.11657
0.924182
0.275753
0.209916
0.292669
0.855135
0.012968
0.209457
0.793131
0.939747
0.004863
0.390704
0.317079
0.628622
0.002728
0.47057
0.556348
0.524085
0.543333
0.091379
0.48928
0.069416
0.332474
0.051489
0.845272
0.97324
0.092658
0.712389
0.344976
0.444108
0.864344
0.879236
0.206458
0.417564
0.951044
0.903002
0.827763
0.28455
0.521231
0.524445
0.231035
0.855687
0.91233
0.833064
0.474576
0.677352
0.470752
0.387054
0.179978
0.782965
0.351512
0.166438
0.053266
0.895912
0.702844
0.78056
0.129607
0.658356
0.595525
0.806761
0.118278
0.864666
0.941337
0.82503
0.506632
0.261831
0.941494
0.699053
0.968637
0.230942
0.409717
0.517741
0.585018
0.282615
0.688663
0.241368
0.458606
0.276905
0.992663
0.348855
0.487608
0.964656
0.798562
0.373494
0.011834
0.712724
0.852656
0.692087
0.898021
0.003877
0.584717
0.808115
0.049127
0.110628
0.574206
0.081066
0.068252
0.218836
0.073874
0.377452
0.514531
0.634663
0.122301
0.206672
0.330173
0.68094
0.882304
0.844794
0.879551
0.703032
0.211495
0.028152
0.594221
0.130637
0.338054
0.44867
0.493748
0.260409
0.668528
0.599996
0.383089
0.813112
0.503728
0.124723
0.167339
0.209274
0.191094
0.440724
0.077665
0.90645
0.446039
0.006214
0.161494
0.664973
0.754507
0.48316
0.674009
0.704947
0.042624
0.213738
0.821428
0.072855
0.491977
0.929917
0.248246
0.765972
0.694782
0.13049
0.345197
0.656856
0.093961
0.199387
0.167416
0.651968
0.861929
0.156673
0.961511
0.151917
0.590443
0.114677
0.029044
0.411271
0.811938
0.920709
0.760429
0.465241
0.603994
0.446508
0.55748
0.487727
0.719041
0.809029
0.550945
0.326245
0.296403
0.378319
0.082014
0.845983
0.511152
0.928442
0.974822
0.114377
0.483058
0.024029
0.544064
0.150783
0.356794
0.281811
0.160157
0.584945
0.685897
0.478625
0.079444
0.08758
0.291611
0.453758
0.553282
0.47068
0.604068
0.122346
0.384306
0.45659
0.722186
0.796837
0.104836
0.922087
0.183962
0.374785
0.681535
0.051204
0.642317
0.364445
0.332661
0.296412
0.773933
0.240447
0.352851
0.810355
0.948648
0.30142
0.81174
0.829783
0.400138
0.60729
0.499896
0.107679
0.127336
0.167794
0.869139
0.685725
0.354646
0.587895
0.178553
0.45125
0.583718
0.201567
0.569152
0.192365
0.263302
0.305708
0.532808
0.259052
0.933211
0.566568
0.644722
0.740931
0.768884
0.286388
0.641405
0.474918
0.484262
0.150943
0.458996
0.491035
0.529055
0.73056
0.189839
0.958129
0.620966
0.259193
0.12171
0.124219
0.120367
0.34484
0.367357
0.08577
0.3216
0.980314
0.292382
0.869189
0.125743
0.435169
0.415667
0.498226
0.576902
0.809743
0.931217
0.440379
0.557218
0.95721
0.314146
0.402789
0.268649
0.847161
0.411754
0.753661
0.735128
0.659461
0.449701
0.810045
0.106371
0.239691
0.440241
0.849526
0.537216
0.843902
0.404019
0.966663
0.381198
0.935342
0.3049
0.691449
0.985513
0.21692
0.313766
0.661217
0.634762
0.121688
0.315442
0.58253
0.927307
0.527873
0.861378
0.909493
0.038217
0.656832
0.562103
0.628375
0.443549
0.837737
0.506728
0.758472
0.977592
0.47887
0.821923
0.040604
0.387048
0.04411
0.152708
0.439903
0.842353
0.05816
0.920245
0.846497
0.996706
0.071893
0.250273
0.644861
0.603483
0.822146
0.446265
0.534198
0.832171
0.209082
0.383784
0.422332
0.748285
0.285069
0.49382
0.284576
0.928376
0.970968
0.92718
0.460141
0.782196
0.773215
0.122373
0.10589
0.788079
0.95337
0.109661
0.083181
0.47676
0.461627
0.257776
0.025162
0.812806
0.117959
0.122354
0.778037
0.06871
0.022858
0.409916
0.499221
0.441682
0.579191
0.655494
0.531592
0.267579
0.995411
0.022493
0.268557
0.774383
0.788995
0.137929
0.298348
0.829821
0.471917
0.467016
0.158315
0.142015
0.480726
0.74292
0.295802
0.886048
0.173817
0.44528
0.759829
0.63103
0.555848
0.210506
0.997063
0.883297
0.1048
0.413251
0.400127
0.022611
0.722655
0.04203
0.565804
0.778673
0.200676
0.684801
0.814602
0.85045
0.926045
0.520191
0.585594
0.542782
0.635384
0.872736
0.750949
0.161972
0.295255
0.821236
0.66357
0.545259
0.903838
0.601522
0.119986
0.504575
0.817848
0.928111
0.690757
0.482997
0.781241
0.422087
0.237753
0.108975
0.821807
0.394048
0.666042
0.222208
0.579126
0.803587
0.984776
0.504302
0.73188
0.562924
0.552148
0.68813
0.272878
0.207064
0.61169
0.879928
0.80055
0.352486
0.802773
0.967612
0.795467
0.299501
0.651773
0.712681
0.173329
0.890269
0.551697
0.00722
0.14703
0.776409
0.470504
0.876747
0.263688
0.020922
0.893392
0.125472
0.562113
0.214456
0.446764
0.513854
0.671095
0.649745
0.721967
0.73542
0.468783
0.376998
0.874312
0.123639
0.055111
0.302778
0.38332
0.027283
0.366188
0.152153
0.588498
0.649372
0.833637
0.123229
0.641346
0.98202
0.940759
0.518128
0.192551
0.084272
0.29806
0.887145
0.148479
0.869937
0.721604
0.718196
0.224083
0.697322
0.506948
0.639426
0.912935
0.045487
0.440847
0.5992
0.16493
0.772343
0.162814
0.652262
0.98824
0.235918
0.113246
0.570514
0.825187
0.187525
0.176368
0.466589
0.462482
0.618173
0.245915
0.476521
0.031255
0.182457
0.074976
0.622163
0.634464
0.955856
0.365552
0.487667
0.189872
0.811195
0.143731
0.598502
0.159064
0.645576
0.565375
0.971964
0.002309
0.720101
0.674364
0.224086
0.782957
0.662153
0.063233
0.951438
0.060921
0.685477
0.713422
0.890924
0.549331
0.870934
0.868582
0.267711
0.88172
0.801126
0.619975
0.355813
0.727371
0.867921
0.728274
0.764153
0.802411
0.704145
0.095338
0.009209
0.650601
0.442942
0.605642
0.391377
0.693814
0.845773
0.216302
0.033928
0.900123
0.142207
0.851764
0.060707
0.8983
0.286899
0.299891
0.22028
0.340288
0.244388
0.218966
0.893227
0.499029
0.715258
0.698161
0.179199
0.759038
0.54913
0.278593
0.504055
0.453151
0.217799
0.152512
0.620448
0.560762
0.223996
0.252464
0.30302
0.407663
0.016055
0.420022
0.388735
0.089751
0.778216
0.728967
0.700735
0.501519
0.712488
0.980189
0.228143
0.55077
8e-05
0.008398
0.9217
0.718175
0.014138
0.406837
0.567296
0.659078
0.867201
0.733473
0.946037
0.33339
0.811282
0.47916
0.397619
0.932426
0.241158
0.610453
0.555511
0.89411
0.101897
0.124042
0.10344
0.898446
0.410683
0.480044
0.066187
0.058588
0.166114
0.643005
0.290152
0.300943
0.26124
0.505034
0.581007
0.839838
0.984535
0.36075
0.154468
0.296291
0.600392
0.123225
0.322813
0.861151
0.028687
0.243789
0.476513
0.383254
0.168544
0.420492
0.107031
0.693225
0.387122
0.16132
0.859916
0.774063
0.956271
0.456574
0.47901
0.167772
0.258767
0.476805
0.143424
0.531674
0.786708
0.831425
0.313381
0.260974
0.639766
0.310491
0.899567
0.355463
0.293538
0.418807
0.873579
0.231917
0.24711
0.865385
0.282115
0.023624
0.473374
0.165702
0.47464
0.408362
0.33262
0.919451
0.222481
0.846786
0.438186
0.557809
0.226046
0.659763
0.605298
0.787209
0.270848
0.00768
0.48651
0.956491
0.855023
0.858036
0.388191
0.844625
0.996117
0.477995
0.334427
0.356716
0.748729
0.954534
0.241586
0.59979
0.641523
0.534109
0.490894
0.250524
0.69193
0.55562
0.005308
0.879581
0.658683
0.046458
0.593784
0.634474
0.218987
0.682058
0.564244
0.002459
0.146488
0.417079
0.462379
0.252175
0.07163
0.788113
0.238367
0.33248
0.379082
0.490975
0.818919
0.356013
0.001661
0.534455
0.668968
0.528227
0.555694
0.728828
0.469416
0.730261
0.541039
0.724024
0.286458
0.296052
0.441143
0.372542
0.662921
0.080445
0.089359
0.32986
0.800493
0.833327
0.294084
0.973067
0.28523
0.888559
0.497937
0.776437
0.531101
0.972649
0.92367
0.940843
0.326754
0.86176
0.277347
0.464431
0.960344
0.160288
0.565773
0.453759
0.153452
0.406996
0.848076
0.958415
0.417081
0.338801
0.640231
0.699072
0.581846
0.252026
0.254477
0.289082
0.703693
0.306272
0.65115
0.739678
0.885399
0.019
0.323485
0.550577
0.593788
0.783693
0.815962
0.615218
0.696249
0.398064
0.933891
0.409835
0.102078
0.657837
0.586978
0.956428
0.823379
0.125051
0.061051
0.575691
0.049874
0.323282
0.251981
0.113645
0.210262
0.908009
0.985846
0.933502
0.726522
0.988994
0.609644
0.955432
0.59617
0.370204
0.831352
0.89177
0.52459
0.750739
0.896032
0.872692
0.589556
0.463204
0.605652
0.278697
0.943312
0.072868
0.292162
0.066672
0.502718
0.68623
0.92981
0.2825
0.294142
0.410229
0.332768
0.669943
0.515747
0.240309
0.827
0.957916
0.603771
0.57299
0.700127
0.169004
0.114479
0.807791
0.919156
0.891184
0.829322
0.114495
0.968533
0.873771
0.266601
0.308088
0.24299
0.831394
0.746426
0.840592
0.271244
0.987977
0.380741
0.45211
0.914539
0.100632
0.471519
0.315203
0.403836
0.918985
0.182329
0.087405
0.101939
0.154725
0.416523
0.305424
0.603839
0.688441
0.625512
0.293794
0.456235
0.11138
0.42151
0.660907
0.479557
0.301775
0.351569
0.65155
0.7626
0.192942
0.242225
0.398838
0.378302
0.792896
0.191198
0.926161
0.003079
0.123392
0.016877
0.086391
0.616663
0.128441
0.22508
0.148142
0.545279
0.828874
0.883692
0.106263
0.636593
0.373255
0.68042
0.171031
0.106572
0.285549
0.417482
0.684406
0.701856
0.276008
0.144619
0.447427
0.685544
0.742433
0.628133
0.579362
0.776397
0.681093
0.389144
0.720482
0.731355
0.415556
0.813753
0.227593
0.105703
0.754553
0.663878
0.176399
0.790706
0.390138
0.006788
0.111655
0.997592
0.195298
0.051241
0.289435
0.954924
0.927283
0.855616
0.830953
0.986372
0.140815
0.803482
0.833134
0.314176
0.488121
0.676833
0.331683
0.386341
0.506596
0.965148
0.65155
0.630147
0.964517
0.031529
0.557036
0.263762
0.392789
0.393583
0.610766
0.687371
0.960942
0.316741
0.489977
0.8479
0.221264
0.143604
0.558513
0.800455
0.793807
0.614138
0.635709
0.780342
0.171872
0.867683
0.265976
0.093993
0.840253
0.818917
0.222409
0.253338
0.386728
0.436178
0.179028
0.404063
0.769127
0.266523
0.1311
0.445652
0.589797
0.810988
0.903797
0.537161
0.472759
0.152828
0.576768
0.460808
0.34133
0.286442
0.111881
0.006393
0.563774
0.441667
0.168343
0.895816
0.253841
0.278047
0.481217
0.199825
0.116909
0.661001
0.474688
0.162082
0.473116
0.949091
0.768384
0.567496
0.904481
0.914941
0.120091
0.136637
0.432871
0.679462
0.551697
0.88182
0.516101
0.82155
0.100616
0.213485
0.215629
0.196633
0.511978
0.171073
0.513491
0.236038
0.062144
0.811451
0.884182
0.38269
0.165286
0.173627
0.268926
0.946448
0.986089
0.776815
0.048379
0.24133
0.196581
0.023004
0.805435
0.479599
0.486338
0.229564
0.612262
0.249084
0.142657
0.542747
0.50442
0.059858
0.807971
0.040012
0.857459
0.537738
0.975577
0.86688
0.013932
0.050859
0.420442
0.491279
0.1969
0.027222
0.71344
0.639638
0.096548
0.215071
0.504564
0.321405
0.177735
0.708537
0.782949
0.75987
0.612322
0.581462
0.953871
0.461643
0.311367
0.282151
0.835419
0.138298
0.805458
0.656659
0.590665
0.023675
0.95053
0.557245
0.206181
0.666902
0.600091
0.046582
0.204918
0.379462
0.555092
0.056526
0.246653
0.945743
0.127529
0.796107
0.745427
0.232031
0.481026
0.667786
0.725498
0.494602
0.443507
0.231898
0.098435
0.946724
0.755096
0.10325
0.726313
0.217711
0.341531
0.854648
0.475979
0.350558
0.677223
0.326332
0.169753
0.931707
0.266984
0.46112
0.806905
0.673303
0.863557
0.637248
0.915715
0.281652
0.251732
0.16756
0.252386
0.212991
0.654792
0.027592
0.062743
0.441841
0.304308
0.182954
0.04812
0.780437
0.571155
0.483671
0.292201
0.18434
0.798074
0.9723
0.423907
0.569593
0.006953
0.713884
0.807937
0.847036
0.505562
0.00377
0.34442
0.785442
0.765324
0.440215
0.580505
0.390538
0.258814
0.723472
0.94371
0.149937
0.530444
0.219904
0.530626
0.808846
0.473919
0.182143
0.848621
0.677075
0.342898
0.729799
0.707682
0.650185
0.102099
0.088726
0.654529
0.809326
0.555065
0.587655
0.754686
0.508505
0.736592
0.889135
0.205655
0.711569
0.192002
0.548782
0.188768
0.803139
0.295326
0.752454
0.370866
0.92051
0.47839
0.718966
0.719659
0.332506
0.217094
0.115441
0.173073
0.913324
0.800454
0.841107
0.019772
0.201954
0.487732
0.179628
0.132345
0.069998
0.833009
0.358182
0.403617
0.356012
0.465428
0.435616
0.318371
0.34949
0.297748
0.492204
0.855165
0.581435
0.304273
0.110436
0.641218
0.736927
0.929198
0.349167
0.328817
0.106743
0.146532
0.527639
0.281174
0.798107
0.371528
0.568372
0.671916
0.23624
0.331239
0.547603
0.143763
0.662381
0.53081
0.794881
0.332694
0.322868
0.434949
0.861278
0.601598
0.034774
0.425603
0.913048
0.064838
0.792752
0.844821
0.102765
0.76258
0.071063
0.414947
0.56408
0.346413
0.320706
0.406672
0.865473
0.701084
0.578842
0.738838
0.950762
0.718989
0.105608
0.387209
0.994994
0.565094
0.287484
0.449078
0.212338
0.781249
0.552576
0.018847
0.467222
0.153414
0.914605
0.702836
0.043014
0.687688
0.161138
0.527252
0.702764
0.937249
0.130432
0.798021
0.695793
0.695322
0.260201
0.814384
0.10221
0.287739
0.94457
0.826458
0.227292
0.261223
0.26298
0.355688
0.224835
0.120632
0.368985
0.53679
0.027813
0.86595
0.843882
0.223349
0.891906
0.275669
0.282568
0.625826
0.489254
0.20838
0.172979
0.647554
0.928395
0.751037
0.046072
0.995067
0.192005
0.720833
0.802347
0.136058
0.609852
0.808305
0.468191
0.182488
0.774418
0.386508
0.858303
0.803573
0.089787
0.318692
0.069211
0.376578
0.591636
0.005449
0.184126
0.36942
0.772138
0.333664
0.255244
0.177897
0.48826
0.056141
0.384335
0.195851
0.457921
0.77397
0.517197
0.386616
0.383007
0.244697
0.748026
0.488491
0.398211
0.328695
0.577827
0.103345
0.593437
0.349931
0.162898
0.476777
0.920706
0.146495
0.539519
0.985596
0.726531
0.150867
0.312058
0.174897
0.66192
0.700933
0.205011
0.195109
0.546402
0.752521
0.828165
0.873296
0.705998
0.014709
0.701011
0.190685
0.727186
0.417438
0.999483
0.327119
0.339259
0.988277
0.715845
0.374278
0.39305
0.657918
0.194165
0.500563
0.087392
0.889452
0.881063
0.465728
0.473336
0.103481
0.789345
0.767885
0.185662
0.332746
0.356436
0.871569
0.354592
0.743749
0.983433
0.143411
0.018078
0.42951
0.245125
0.844511
0.709497
0.604055
0.047072
0.493674
0.619054
0.275452
0.551899
0.330499
0.353895
0.867869
0.540744
0.024155
0.348554
0.164227
0.663082
0.833603
0.58232
0.828374
0.675723
0.993592
0.921726
0.272902
0.810191
0.200486
0.361859
0.433014
0.153734
0.887563
0.341663
0.116096
0.150015
0.877266
0.842009
0.831069
0.28665
0.368356
0.534014
0.064834
0.920361
0.264927
0.529737
0.994333
0.863061
0.536662
0.327923
0.565136
0.960906
0.213044
0.645447
0.089644
0.096543
0.920919
0.071848
0.82413
0.095341
0.961388
0.259197
0.769451
0.506651
0.244322
0.830521
0.425739
0.888744
0.79635
0.867915
0.304658
0.614099
0.378234
0.908003
0.406628
0.848879
0.041026
0.276462
0.144592
0.556003
0.71814
0.462964
0.940052
0.320943
0.357929
0.85401
0.633813
0.672986
0.050499
0.313251
0.340368
0.634348
0.208682
0.081474
0.076969
0.174709
0.347534
0.238056
0.519654
0.944146
0.52099
0.678538
0.082691
0.694125
0.498316
0.356142
0.995046
0.546
0.929087
0.47445
0.284848
0.853799
0.042347
0.446584
0.313844
0.422164
0.783131
0.387782
0.531913
0.550211
0.535776
0.344561
0.55532
0.678727
0.125087
0.844097
0.583187
0.831653
0.626576
0.31064
0.365487
0.947218
0.325987
0.207585
0.970634
0.495793
0.340407
0.334816
0.561297
0.383997
0.439986
0.821588
0.310744
0.980154
0.488819
0.296577
0.122574
0.175251
0.593388
0.988252
0.342331
0.338808
0.506614
0.194828
0.337776
0.832955
0.079529
0.643576
0.828795
0.571421
0.982226
0.657404
0.904485
0.283298
0.438116
0.694082
0.731288
0.412302
0.43756
0.712557
0.933565
0.762297
0.196227
0.428129
0.573784
0.11669
0.736718
0.417065
0.403028
0.679635
0.579838
0.101571
0.565327
0.910041
0.91259
0.924079
0.626589
0.819173
0.494905
0.867502
0.591158
0.452642
0.000594
0.602358
0.393049
0.634389
0.099266
0.259021
0.777292
0.600137
0.424211
0.005682
0.249594
0.653688
0.365375
0.364415
0.737547
0.464105
0.653341
0.966844
0.284996
0.538692
0.650139
0.979636
0.551217
0.29045
0.148029
0.682873
0.471706
0.499762
0.902991
0.426225
0.332412
0.531531
0.990925
0.086344
0.813486
0.757483
0.905166
0.243525
0.602501
0.625061
0.790746
0.692229
0.185577
0.66101
0.858573
0.014917
0.880555
0.607971
0.865253
0.848964
0.484521
0.501183
0.87591
0.490564
0.958627
0.297136
0.748319
0.342396
0.14244
0.82724
0.737034
0.504567
0.079054
0.156096
0.109485
0.097083
0.497788
0.575479
0.195723
0.040675
0.716899
0.520782
0.83316
0.133603
0.956643
0.699256
0.623935
0.569998
0.991235
0.810668
0.64326
0.218166
0.319364
0.369516
0.631501
0.868958
0.765488
0.237591
0.822262
0.313566
0.299425
0.8255
0.991658
0.175817
0.980756
0.106126
0.73028
0.559678
0.050448
0.182564
0.048494
0.39093
0.298834
0.349965
0.418529
0.607062
0.111395
0.859501
0.533034
0.000425
0.115467
0.742136
0.677581
0.781155
0.966663
0.653485
0.506242
0.448527
0.129773
0.763261
0.697335
0.40395
0.103499
0.584408
0.396832
0.049446
0.82603
0.212484
0.141497
0.263342
0.056613
0.058789
0.452851
0.146925
0.254912
0.419444
0.512979
0.57092
0.501676
0.423798
0.439191
0.35013
0.693289
0.440044
0.154759
0.367218
0.102274
0.869666
0.330842
0.710755
0.451541
0.248512
0.061763
0.204921
0.306456
0.04023
0.886984
0.561693
0.665423
0.379446
0.579369
0.877729
0.961442
0.937705
0.758955
0.794778
0.631676
0.762631
0.737121
0.104365
0.358932
0.484297
0.185009
0.535984
0.942177
0.232748
0.446891
0.376629
0.111126
0.140466
0.156003
0.344828
0.959092
0.16076
0.070581
0.728907
0.866094
0.575617
0.264146
0.882913
0.584018
0.726699
0.310336
0.213711
0.731831
0.052516
0.389496
0.873876
0.832952
0.605078
0.986425
0.542023
0.069388
0.536691
0.292929
0.574483
0.64718
0.562875
0.109294
0.653515
0.204851
0.66899
0.661572
0.23556
0.560364
0.298738
0.288738
0.220171
0.430346
0.777919
0.980951
0.832047
0.573308
0.326448
0.171996
0.434404
0.510875
0.513311
0.474517
0.050206
0.563174
0.108721
0.303815
0.830924
0.374244
0.451303
0.307431
0.687782
0.854037
0.065732
0.135161
0.452685
0.7098
0.244202
0.935978
0.475418
0.260059
0.347198
0.033692
0.131419
0.799267
0.374976
0.032585
0.548205
0.711346
0.20091
0.754934
0.388706
0.060253
0.938475
0.885061
0.652957
0.520698
0.510831
0.898079
0.187651
0.401981
0.428062
0.492991
0.509607
0.854401
0.579008
0.537278
0.949316
0.27232
0.226455
0.637215
0.291515
0.759379
0.85934
0.525926
0.652825
0.414394
0.724718
0.728678
0.515182
0.578741
0.838551
0.888973
0.167565
0.341664
0.385878
0.455358
0.019347
0.959414
0.110087
0.269246
0.156857
0.696496
0.830397
0.075042
0.194727
0.88962
0.154922
0.026708
0.958159
0.917859
0.68288
0.726011
0.065192
0.88784
0.427631
0.692388
0.186556
0.260122
0.058811
0.808297
0.961217
0.417063
0.552002
0.037108
0.924753
0.215629
0.752055
0.357151
0.842165
0.706147
0.405785
0.926703
0.906231
0.41092
0.278946
0.436823
0.447341
0.014269
0.414097
0.12701
0.046587
0.797244
0.654691
0.438148
0.418815
0.251465
0.703655
0.01934
0.469243
0.804909
0.465147
0.273451
0.021345
0.143025
0.06961
0.922415
0.535302
0.972099
0.197506
0.530478
0.450805
0.281988
0.831176
0.735092
0.325435
0.873236
0.584487
0.332994
0.879925
0.42681
0.725826
0.202243
0.121665
0.330292
0.853862
0.927491
0.823879
0.650613
0.795315
0.591363
0.618248
0.164026
0.173928
0.570603
0.423156
0.205697
0.268173
0.986257
0.032352
0.192976
0.718491
0.858306
0.370718
0.725543
0.192339
0.265432
0.742468
0.94454
0.747293
0.898039
0.996648
0.00997
0.746487
0.51946
0.762004
0.567164
0.319611
0.092124
0.202533
0.490514
0.120904
0.531244
0.937232
0.237205
0.040569
0.343093
0.09273
0.234192
0.546948
0.104331
0.478661
0.48713
0.010659
0.793252
0.02002
0.796635
0.487482
0.66954
0.594264
0.839351
0.428451
0.747222
0.802441
0.131488
0.396935
0.783381
0.380367
0.496886
0.624277
0.536254
0.168541
0.656422
0.563874
0.100329
0.012375
0.161065
0.985938
0.210667
0.764643
0.89326
0.387293
0.519106
0.074196
0.158957
0.956798
0.737705
0.964083
0.078875
0.622258
0.932793
0.410124
0.913956
0.073353
0.140055
0.48914
0.903286
0.345406
0.331428
0.809199
0.334661
0.521016
0.120874
0.88073
0.408843
0.387326
0.498318
0.725693
0.323769
0.800333
0.537868
0.282953
0.254426
0.419868
0.03738
0.179803
0.302311
0.126422
0.542217
0.518824
0.502375
0.082147
0.458132
0.128155
0.70514
0.308683
0.475464
0.615565
0.082096
0.212304
0.546586
0.905062
0.130507
0.620722
0.388417
0.815188
0.303628
0.916614
0.669409
0.62785
0.209168
0.07055
0.85901
0.55342
0.562094
0.779884
0.137123
0.791558
0.586583
0.374577
0.0234
0.381987
0.204093
0.330851
0.35263
0.973278
0.347001
0.963377
0.38221
0.790936
0.985646
0.123271
0.605378
0.426847
0.107521
0.122657
0.008627
0.709493
0.573116
0.999069
0.370611
0.442843
0.060438
0.893511
0.268274
0.352173
0.211334
0.153252
0.972952
0.215266
0.193162
0.192068
0.417013
0.729722
0.726395
0.338817
0.23256
0.95899
0.016019
0.674425
0.712185
0.642304
0.884321
0.543656
0.902857
0.911402
0.642625
0.165521
0.065954
0.165178
0.106437
0.790935
0.572266
0.403553
0.86392
0.891277
0.637997
0.990772
0.765823
0.231044
0.840162
0.53871
0.300689
0.914221
0.67038
0.538007
0.577157
0.148569
0.133068
0.443041
0.389731
0.235984
0.796139
0.047374
0.227843
0.488671
0.73648
0.284044
0.899376
0.125937
0.096152
0.876246
0.152801
0.72431
0.570166
0.264986
0.634799
0.388617
0.029885
0.64324
0.930353
0.147497
0.7103
0.624254
0.104037
0.159076
0.1904
0.080775
0.143992
0.671888
0.097442
0.700084
0.372778
0.665886
0.234861
0.223549
0.177505
0.228847
0.932641
0.596379
0.984867
0.324602
0.429792
0.854013
0.238444
0.874857
0.93409
0.088265
0.212168
0.040281
0.609901
0.786167
0.765334
0.592419
0.827168
0.420838
0.076436
0.634612
0.520714
0.070983
0.281242
0.597326
0.845257
0.888148
0.010346
0.618994
0.408479
0.961217
0.561627
0.520662
0.051916
0.105428
0.213773
0.716454
0.995117
0.487126
0.799039
0.010514
0.269702
0.776122
0.715839
0.79648
0.803985
0.392827
0.396457
0.900505
0.566362
0.595288
0.052136
0.987526
0.200258
0.021768
0.385571
0.715632
0.789875
0.566981
0.847821
0.85387
0.796259
0.235347
0.744747
0.713356
0.496442
0.419877
0.760172
0.343464
0.630739
0.698095
0.820548
0.136745
0.305425
0.1103
0.84117
0.342397
0.8557
0.003207
0.736065
0.6918
0.065515
0.22214
0.525543
0.196224
0.646777
0.88767
0.31983
0.973854
0.672062
0.806854
0.061496
0.691727
0.376278
0.690414
0.595843
0.350814
0.713599
0.308899
0.346989
0.493193
0.25057
0.121044
0.557758
0.620763
0.196569
0.246022
0.636112
0.300121
0.883635
0.317563
0.66261
0.696396
0.529756
0.938614
0.863845
0.32762
0.224412
0.673377
0.655139
0.070495
0.631235
0.213312
0.324635
0.954792
0.650842
0.840017
0.171189
0.964427
0.224044
0.753621
0.144009
0.323184
0.922247
0.470218
0.012249
0.201908
0.988266
0.171394
0.959994
0.254896
0.671018
0.3029
0.6276
0.970854
0.435782
0.880673
0.790741
0.190165
0.236128
0.871492
0.28392
0.371823
0.273073
0.393242
0.549431
0.324814
0.600042
0.117939
0.805027
0.913282
0.283833
0.422072
0.905408
0.317975
0.186874
0.818621
0.03704
0.471716
0.475272
0.69298
0.665548
0.052842
0.538505
0.471016
0.896777
0.750058
0.187579
0.830182
0.005089
0.757911
0.842682
0.733113
0.765359
0.287405
0.722266
0.15137
0.243056
0.657833
0.600633
0.571035
0.678626
0.129733
0.684836
0.323524
0.189948
0.433885
0.664811
0.015496
0.053466
0.055752
0.113916
0.605515
0.923555
0.8362
0.178366
0.235961
0.828867
0.476065
0.126452
0.362702
0.810128
0.568376
0.723007
0.06882
0.079772
0.282832
0.726183
0.060919
0.080074
0.587691
0.864905
0.293011
0.152509
0.282343
0.932731
0.13479
0.256995
0.408123
0.224734
0.536831
0.09354
0.643376
0.158702
0.488856
0.198568
0.17492
0.640816
0.617844
0.814295
0.124922
0.154947
0.920923
0.555825
0.439232
0.180231
0.592284
0.462348
0.179178
0.45939
0.975237
0.929741
0.143934
0.186565
0.409266
0.44068
0.688652
0.634404
0.257768
0.454386
0.572875
0.7969
0.083272
0.117436
0.420582
0.89892
0.004966
0.691455
0.654224
0.908501
0.495083
0.183613
0.942019
0.985618
0.439287
0.835813
0.724102
0.541526
0.625673
0.339703
0.524647
0.058963
0.924688
0.728412
0.056327
0.460556
0.04951
0.171781
0.781325
0.172562
0.115761
0.047643
0.665737
0.108718
0.965933
0.104793
0.991411
0.98664
0.472732
0.451203
0.431498
0.994752
0.552721
0.770481
0.580848
0.51279
0.437334
0.012306
0.799054
0.449767
0.940275
0.518682
0.779976
0.663925
0.328218
0.527318
0.979598
0.998874
0.847331
0.093731
0.594296
0.95527
0.491541
0.612314
0.036882
0.743926
0.71804
0.992645
0.347351
0.620132
0.284023
0.745743
0.182421
0.41753
0.729701
0.640546
0.303656
0.462528
0.792183
0.335243
0.925263
0.570651
0.425942
0.943462
0.514221
0.095087
0.08721
0.210885
0.565738
0.370211
0.586162
0.301635
0.937447
0.340501
0.200522
0.414751
0.63675
0.113436
0.94572
0.858444
0.48355
0.549017
0.520519
0.97622
0.994068
0.943389
0.897723
0.0582
0.062396
0.172513
0.876708
0.633672
0.026996
0.740393
0.769165
0.946933
0.910964
0.170317
0.27701
0.996846
0.800547
0.946061
0.272076
0.938094
0.720734
0.006349
0.623198
0.250549
0.489856
0.953115
0.139957
0.223379
0.186378
0.905276
0.165179
0.78934
0.362236
0.443148
0.108996
0.176204
0.965404
0.953622
0.277632
0.628465
0.882928
0.130683
0.200605
0.583071
0.328504
0.171825
0.585698
0.037532
0.830412
0.703816
0.710361
0.533766
0.723776
0.748594
0.453524
0.686534
0.432025
0.896456
0.421325
0.844346
0.843199
0.934091
0.730693
0.395031
0.370952
0.483578
0.234305
0.578656
0.534839
0.736109
0.305959
0.433922
0.488487
0.820084
0.805494
0.69933
0.309853
0.695575
0.638503
0.537038
0.649046
0.305161
0.488573
0.571039
0.595447
0.144014
0.33688
0.020062
0.057442
0.653194
0.388262
0.89991
0.955223
0.401107
0.05953
0.085826
0.470571
0.283187
0.888189
0.363029
0.44734
0.983953
0.363949
0.610712
0.999006
0.143729
0.565502
0.497437
0.962093
0.927057
0.838373
0.737672
0.242889
0.551987
0.414633
0.265328
0.790117
0.834025
0.763517
0.048348
0.619513
0.886128
0.771365
0.332652
0.278966
0.710496
0.320772
0.08934
0.56857
0.326288
0.685042
0.379086
0.139708
0.955512
0.07534
0.434376
0.052397
0.152765
0.508732
0.877346
0.609626
0.657278
0.454659
0.480935
0.459013
0.916976
0.72486
0.191888
0.209276
0.194321
0.597067
0.638533
0.043666
0.335134
0.517866
0.930696
0.974901
0.715725
0.039542
0.749824
0.450176
0.175034
0.997737
0.096646
0.80142
0.683779
0.629645
0.81636
0.879932
0.448526
0.820463
0.148103
0.458499
0.701176
0.59709
0.827948
0.374402
0.197332
0.91258
0.964881
0.013661
0.676683
0.048254
0.90859
0.21173
0.198724
0.285962
0.205253
0.562861
0.793373
0.596535
0.386946
0.831785
0.552436
0.654909
0.989996
0.060021
0.227019
0.448836
0.355168
0.373421
0.504136
0.747151
0.029451
0.825969
0.914459
0.907551
0.398758
0.48553
0.701765
0.176906
0.450862
0.081341
0.053969
0.806105
0.654568
0.675048
0.98981
0.662711
0.601675
0.035457
0.427613
0.413933
0.803208
0.358062
0.577325
0.712104
0.305751
0.062126
0.017349
0.06187
0.3832
0.295064
0.552479
0.141832
0.852663
0.617382
0.178484
0.755686
0.151665
0.09192
0.544577
0.917181
0.838782
0.611657
0.985816
0.791484
0.71684
0.418462
0.770993
0.535678
0.489076
0.988376
0.965887
0.498075
0.586808
0.223269
0.198483
0.800336
0.858549
0.013369
0.205867
0.403254
0.316605
0.76551
0.187787
0.894786
0.086983
0.394062
0.797002
0.862806
0.26068
0.838616
0.385703
0.344518
0.993761
0.86992
0.941612
0.103654
0.488122
0.409779
0.599844
0.418985
0.531636
0.408311
0.597404
0.194792
0.917552
0.195937
0.635351
0.697861
0.50641
0.855491
0.853398
0.239988
0.439052
0.078468
0.517042
0.244957
0.814223
0.2591
0.689654
0.998167
0.437692
0.045997
0.047242
0.995675
0.213179
0.149583
0.214501
0.491613
0.205294
0.833631
0.469307
0.694772
0.945566
0.975269
0.218453
0.809046
0.256541
0.651946
0.572258
0.098458
0.807306
0.074621
0.516019
0.34216
0.103393
0.666451
0.472501
0.272593
0.419628
0.679464
0.165007
0.145041
0.590482
0.222639
0.181793
0.361486
0.840374
0.113812
0.326209
0.284461
0.737629
0.005208
0.863736
0.917033
0.168627
0.029869
0.46628
0.687307
0.502292
0.131139
0.747532
0.644777
0.357849
0.720893
0.102879
0.180621
0.676398
0.652243
0.46005
0.964989
0.075121
0.904457
0.331666
0.896144
0.422748
0.456252
0.077376
0.420451
0.715186
0.894268
0.96817
0.782811
0.127733
0.959563
0.889506
0.282628
0.127702
0.515099
0.166808
0.936635
0.712759
0.964997
0.844544
0.829551
0.217779
0.887448
0.173387
0.449131
0.83624
0.704224
0.693934
0.447665
0.21893
0.397484
0.231461
0.398811
0.231317
0.662807
0.105846
0.188684
0.712769
0.529188
0.136151
0.646507
0.086668
0.608939
0.083557
0.701801
0.074082
0.981467
0.651246
0.909565
0.654146
0.367927
0.800675
0.878657
0.999606
0.935649
0.658892
0.43073
0.687622
0.192331
0.805547
0.124569
0.55387
0.752396
0.16497
0.190294
0.319161
0.530852
0.791052
0.333537
0.805339
0.296894
0.986533
0.689009
0.30679
0.601495
0.013994
0.446264
0.318642
0.251001
0.24656
0.104439
0.525801
0.185007
0.074274
0.767445
0.242564
0.32016
0.388315
0.633847
0.318404
0.252088
0.617954
0.906885
0.391071
0.763549
0.877131
0.620106
0.792053
0.354231
0.890847
0.284774
0.824024
0.145649
0.928782
0.357111
0.083113
0.768899
0.004628
0.357736
0.66668
0.574902
0.844886
0.333209
0.57856
0.501632
0.236336
0.71448
0.715762
0.22041
0.644539
0.096351
0.572043
0.650002
0.995303
0.399136
0.25213
0.055095
0.412548
0.41219
0.987469
0.515734
0.233066
0.263544
0.81837
0.190126
0.474315
0.427963
0.164745
0.51159
0.745207
0.926886
0.674291
0.797199
0.327802
0.968944
0.639706
0.78296
0.60189
0.102047
0.021777
0.783919
0.746492
0.928343
0.38998
0.107728
0.031301
0.496085
0.13531
0.042449
0.19631
0.959563
0.445322
0.464683
0.304666
0.434101
0.971643
0.624214
0.35871
0.989004
0.57514
0.72501
0.006116
0.858748
0.432521
0.847832
0.797623
0.528947
0.714168
0.287192
0.630408
0.810664
0.04333
0.525461
0.870894
0.198149
0.611244
0.06015
0.291401
0.061478
0.989786
0.703422
0.46328
0.508421
0.590777
0.683194
0.129497
0.544374
0.550709
0.533438
0.881576
0.743988
0.895345
0.21808
0.376234
0.458653
0.47238
0.174941
0.222173
0.540605
0.909682
0.462066
0.092515
0.499071
0.668687
0.653705
0.488161
0.506379
0.83766
0.992425
0.429768
0.569016
0.038667
0.002607
0.775512
0.150634
0.005784
0.225266
0.199623
0.139519
0.126533
0.411701
0.288792
0.560271
0.769859
0.079913
0.355825
0.972631
0.171374
0.984543
0.026398
0.210062
0.572737
0.880387
0.602107
0.921521
0.259633
0.567934
0.744109
0.331349
0.595399
0.776294
0.115717
0.620689
0.553248
0.225496
0.483537
0.286112
0.278246
0.547285
0.595076
0.326874
0.641891
0.947264
0.56579
0.569371
0.139934
0.879471
0.038844
0.039138
0.083228
0.899283
0.688185
0.223
0.41918
0.109732
0.558928
0.780366
0.947087
0.689657
0.334525
0.486473
0.927245
0.776497
0.274445
0.76117
0.771979
0.968888
0.144747
0.635623
0.286294
0.672872
0.542136
0.990075
0.998116
0.004982
0.676596
0.434968
0.5923
0.14755
0.655118
0.916037
0.926128
0.963021
0.524761
0.064448
0.123015
0.005227
0.058146
0.968911
0.193121
0.656332
0.94796
0.196241
0.70757
0.788794
0.0849
0.391845
0.853825
0.547448
0.224602
0.969219
0.560177
0.045973
0.035223
0.492297
0.478658
0.37463
0.450657
0.981248
0.226763
0.439359
0.180239
0.126914
0.704944
0.203443
0.599828
0.627267
0.024243
0.479988
0.021434
0.109494
0.91746
0.862104
0.312316
0.144423
0.111563
0.78436
0.076265
0.578802
0.328545
0.482229
0.304596
0.098583
0.405227
0.307603
0.490132
0.951634
0.460231
0.002948
0.401141
0.945988
0.14004
0.920877
0.252438
0.664312
0.879073
0.98717
0.271961
0.134661
0.587843
0.882438
0.170892
0.502066
0.071509
0.218298
0.359133
0.881816
0.940742
0.523236
0.022331
0.285218
0.31455
0.224503
0.318042
0.641776
0.153351
0.108777
0.734864
0.969309
0.527976
0.925944
0.588146
0.641374
0.665619
0.540683
0.637179
0.576259
0.48773
0.288506
0.721869
0.16472
0.372049
0.913115
0.668599
0.503914
0.12905
0.005815
0.343908
0.092207
0.833079
0.671696
0.081864
0.571728
0.389656
0.866246
0.453363
0.893601
0.421222
0.058423
0.712255
0.033443
0.603614
0.625746
0.32363
0.270521
0.518112
0.541623
0.643124
0.100897
0.632529
0.054994
0.878071
0.96754
0.363824
0.269181
0.741104
0.562636
0.760857
0.771331
0.633618
0.077677
0.886254
0.216144
0.057607
0.374372
0.275342
0.073085
0.834186
0.68335
0.689498
0.778846
0.329856
0.579284
0.493861
0.627558
0.819378
0.708596
0.880752
0.421545
0.460576
0.450044
0.591171
0.399825
0.11777
0.077104
0.596618
0.88698
0.35259
0.411085
0.395654
0.129653
0.963736
0.161048
0.601252
0.915171
0.868065
0.039107
0.98645
0.568789
0.40353
0.165209
0.115588
0.200591
0.704988
0.881763
0.901562
0.559391
0.591932
0.620104
0.734892
0.941823
0.038624
0.732101
0.614678
0.836793
0.280705
0.298875
0.313931
0.653033
0.92435
0.036323
0.662059
0.380369
0.665927
0.997447
0.82058
0.957081
0.176489
0.185658
0.580924
0.146742
0.541408
0.474564
0.358691
0.249183
0.136065
0.370624
0.903272
0.88492
0.781085
0.056301
0.745954
0.34032
0.454047
0.000201
0.431715
0.904577
0.16262
0.5924
0.147702
0.999473
0.017455
0.242202
0.350331
0.765202
0.373774
0.354869
0.562315
0.55935
0.203158
0.655384
0.712485
0.836795
0.913723
0.96622
0.097459
0.427465
0.78572
0.808606
0.005332
0.99627
0.668251
0.420672
0.601241
0.952921
0.542642
0.252351
0.667553
0.801035
0.218335
0.906502
0.501895
0.450462
0.962966
0.817132
0.330162
0.183927
0.391842
0.108038
0.577364
0.856134
0.095684
0.200758
0.88038
0.907455
0.580606
0.367304
0.286709
0.88345
0.873427
0.353669
0.991057
0.867458
0.270966
0.238987
0.315796
0.053708
0.88108
0.777881
0.303946
0.559975
0.845395
0.091388
0.525147
0.065153
0.855156
0.508588
0.51033
0.480927
0.80849
0.344908
0.331096
0.6136
0.20087
0.970202
0.884531
0.952281
0.623862
0.444054
0.019501
0.92344
0.934089
0.761318
0.19167
0.980179
0.933906
0.801345
0.764879
0.816541
0.890163
0.944112
0.496826
0.036225
0.964715
0.114423
0.162727
0.893378
0.028941
0.204369
0.805631
0.351889
0.176563
0.059704
0.610215
0.608244
0.029767
0.760501
0.350517
0.235119
0.956284
0.93067
0.773614
0.679477
0.341945
0.190292
0.020935
0.096541
0.76323
0.292182
0.316001
0.711971
0.418691
0.465769
0.296383
0.283824
0.7733
0.36682
0.425989
0.034554
0.56416
0.440611
0.862661
0.141405
0.454888
0.236206
0.295144
0.35764
0.312916
0.278388
0.219016
0.647898
0.987921
0.297147
0.945156
0.445946
0.646255
0.730518
0.539651
0.021487
0.973865
0.864537
0.745248
0.573856
0.699427
0.732134
0.185578
0.770502
0.098409
0.031249
0.768515
0.436759
0.314899
0.528463
0.481512
0.667785
0.225265
0.335482
0.881305
0.337353
0.279108
0.734377
0.681181
0.403167
0.125815
0.114351
0.289329
0.707206
0.593155
0.763943
0.178899
0.293312
0.794819
0.352799
0.001574
0.137328
0.272807
0.687427
0.417485
0.295839
0.474749
0.851448
0.942252
0.554665
0.703596
0.549022
0.107995
0.55499
0.589305
0.790892
0.406228
0.253164
0.613741
0.367967
0.875027
0.398703
0.014111
0.398413
0.665186
0.788318
0.357534
0.34254
0.337446
0.292266
0.584419
0.381633
0.085343
0.607886
0.083207
0.107881
0.250329
0.188149
0.659265
0.455641
0.859552
0.109749
0.081277
0.85481
0.35309
0.273064
0.829722
0.453747
0.241204
0.984751
0.412779
0.480549
0.277538
0.348626
0.744647
0.903204
0.400384
0.674547
0.541745
0.276975
0.021871
0.319374
0.27498
0.684008
0.625283
0.017254
0.042724
0.687425
0.3152
0.460608
0.758347
0.903558
0.072614
0.280937
0.045127
0.157977
0.035789
0.320516
0.267566
0.886767
0.217683
0.28662
0.201929
0.210414
0.549911
0.308999
0.747035
0.721759
0.510127
0.018931
0.982544
0.718958
0.915301
0.630064
0.604939
0.548767
0.690534
0.951586
0.863841
0.28607
0.122151
0.395319
0.591484
0.611905
0.434621
0.504623
0.828163
0.931234
0.388419
0.429559
0.800165
0.010184
0.933207
0.102781
0.354777
0.365384
0.803285
0.888436
0.510883
0.963026
0.255683
0.850436
0.110539
0.307526
0.854908
0.086004
0.907683
0.891851
0.574805
0.9299
0.350098
0.029793
0.028455
0.550553
0.644144
0.685827
0.559024
0.729283
0.005442
0.994114
0.697448
0.044749
0.617912
0.973467
0.46057
0.758011
0.602525
0.661214
0.558175
0.080826
0.80153
0.481344
0.018408
0.805582
0.956617
0.347567
0.136384
0.872683
0.322692
0.919125
0.08374
0.790527
0.529774
0.968277
0.481598
0.714922
0.180814
0.376182
0.895426
0.805219
0.51495
0.637308
0.639592
0.971064
0.6305
0.285364
0.142278
0.645302
0.027461
0.09161
0.937294
0.352892
0.310285
0.886659
0.30665
0.713316
0.815993
0.362223
0.651229
0.36496
0.479951
0.703659
0.132548
0.100243
0.649556
0.902104
0.777276
0.273336
0.254463
0.147803
0.840918
0.081074
0.067468
0.824288
0.003746
0.255466
0.50906
0.483468
0.3861
0.501978
0.507108
0.502099
0.727853
0.324533
0.679919
0.165075
0.379792
0.547485
0.587498
0.229685
0.54853
0.125091
0.36172
0.646583
0.528933
0.761231
0.586697
0.676248
0.034485
0.155882
0.78183
0.073177
0.989641
0.176318
0.517577
0.460938
0.356801
0.708039
0.932582
0.279878
0.110417
0.585067
0.79165
0.900432
0.102573
0.976525
0.509172
0.724395
0.646487
0.585217
0.278131
0.623844
0.98211
0.304256
0.080118
0.615577
0.039043
0.537599
0.402656
0.092619
0.83377
0.951704
0.353862
0.068011
0.961524
0.756466
0.617678
0.515258
0.556112
0.980522
0.765604
0.368053
0.312911
0.886735
0.060733
0.03179
0.516108
0.048854
0.338454
0.37751
0.940719
0.92418
0.959284
0.847808
0.127683
0.240275
0.577077
0.494893
0.988587
0.33028
0.898933
0.995327
0.492188
0.407954
0.051783
0.390352
0.375612
0.582353
0.784678
0.309656
0.555713
0.80192
0.17042
0.374323
0.654826
0.474032
0.480865
0.413332
0.962065
0.723505
0.266327
0.58133
0.92494
0.781054
0.910832
0.864211
0.724161
0.83831
0.832886
0.090861
0.201545
0.327724
0.006535
0.903189
0.450512
0.095492
0.539693
0.721648
0.569213
0.326159
0.384614
0.396864
0.636219
0.597965
0.125745
0.210503
0.284522
0.741707
0.387584
0.749504
0.528168
0.05918
0.245513
0.992747
0.704957
0.387179
0.987709
0.406426
0.691911
0.370593
0.78589
0.715113
0.212399
0.432416
0.906272
0.889744
0.039085
0.979086
0.168667
0.157779
0.300674
0.872047
0.889706
0.268844
0.137177
0.691448
0.336763
0.117262
0.243347
0.481238
0.900316
0.824763
0.690203
0.786951
0.356067
0.941691
0.427087
0.943539
0.474253
0.675601
0.056267
0.892998
0.922459
0.053535
0.785458
0.083415
0.425046
0.521337
0.973971
0.306459
0.264459
0.864383
0.880769
0.723025
0.183768
0.343393
0.623689
0.97954
0.844214
0.911063
0.767912
0.022198
0.690109
0.447906
0.914609
0.507901
0.775879
0.238228
0.849669
0.340963
0.303379
0.075236
0.174612
0.511993
0.190328
0.697095
0.626205
0.114831
0.403128
0.548218
0.129885
0.572826
0.920366
0.455814
0.081639
0.625359
0.682817
0.319323
0.847742
0.492532
0.076782
0.831592
0.793703
0.931535
0.044077
0.803649
0.376226
0.021976
0.235246
0.888496
0.003469
0.613031
0.214846
0.497624
0.812152
0.469057
0.136635
0.444607
0.690036
0.864012
0.764121
0.181882
0.744404
0.4484
0.146952
0.421823
0.880742
0.282235
0.985053
0.6265
0.645705
0.150438
0.525226
0.622345
0.614967
0.145152
0.616527
0.199748
0.586122
0.018196
0.997774
0.236876
0.161223
0.648006
0.84047
0.51919
0.85578
0.752999
0.680132
0.245735
0.047955
0.277564
0.945634
0.968942
0.948317
0.471913
0.209745
0.257765
0.957296
0.42716
0.679028
0.504216
0.337003
0.299434
0.458928
0.103362
0.012634
0.443443
0.063545
0.877362
0.8332
0.038723
0.744767
0.282423
0.096776
0.301186
0.849527
0.843768
0.642521
0.436118
0.00183
0.461597
0.431187
0.400088
0.87791
0.325151
0.175385
0.953296
0.185968
0.803351
0.89759
0.546177
0.744026
0.754305
0.77464
0.196531
0.851109
0.795076
0.261211
0.696986
0.860013
0.925479
0.808407
0.648794
0.814032
0.248536
0.074625
0.991107
0.23517
0.231152
0.90824
0.606729
0.204288
0.927269
0.341147
0.709405
0.122835
0.684289
0.726717
0.723361
0.467508
0.186042
0.342727
0.050981
0.01884
0.824108
0.836863
0.537731
0.470708
0.503826
0.140458
0.551737
0.25037
0.59803
0.845728
0.427919
0.923104
0.29334
0.780624
0.585574
0.884821
0.919599
0.216513
0.820288
0.124478
0.588041
0.360622
0.580667
0.36681
0.263197
0.205832
0.317537
0.069067
0.240521
0.813633
0.352005
0.222033
0.101838
0.168359
0.131774
0.016863
0.045744
0.422207
0.155933
0.748487
0.134032
0.913455
0.936703
0.499759
0.72465
0.006691
0.604677
0.175816
0.886162
0.61151
0.632563
0.661468
0.689141
0.559127
0.548095
0.098652
0.382748
0.21402
0.083528
0.274356
0.833073
0.857532
0.080921
0.394821
0.260425
0.560934
0.679822
0.496905
0.594399
0.847596
0.326231
0.432144
0.818007
0.125153
0.272847
0.5807
0.758038
0.362133
0.345539
0.772036
0.065803
0.184847
0.7112
0.842444
0.888021
0.706877
0.57841
0.112811
0.137176
0.213043
0.086356
0.869813
0.93362
0.106843
0.987783
0.061185
0.095691
0.016471
0.300427
0.846438
0.49516
0.821315
0.69153
0.641303
0.141287
0.453934
0.390312
0.344886
0.214286
0.263792
0.600037
0.967263
0.561989
0.246784
0.155866
0.602788
0.865087
0.118873
0.893555
0.473087
0.286502
0.668681
0.612563
0.469594
0.85171
0.359021
0.784377
0.23569
0.495711
0.348853
0.633097
0.690221
0.609506
0.509316
0.183753
0.041725
0.433685
0.735929
0.911028
0.757648
0.633418
0.090405
0.665089
0.821314
0.640447
0.65486
0.021704
0.756177
0.5422
0.867664
0.745279
0.372392
0.149729
0.663492
0.999457
0.470638
0.537874
0.244868
0.66396
0.446939
0.805158
0.778717
0.768113
0.558678
0.200637
0.594647
0.071623
0.051592
0.094256
0.885025
0.606287
0.654718
0.601592
0.721234
0.837381
0.481419
0.931479
0.978589
0.625719
0.033765
0.266313
0.531955
0.207982
0.692122
0.689373
0.346258
0.128331
0.834481
0.598235
0.065011
0.485135
0.794043
0.443876
0.656514
0.556325
0.360181
0.182616
0.954358
0.397258
0.173351
0.161737
0.691481
0.145554
0.880428
0.094488
0.300645
0.861759
0.610122
0.044744
0.723
0.63577
0.348107
0.424192
0.895215
0.889717
0.234627
0.253361
0.822056
0.323913
0.284118
0.806323
0.301444
0.911725
0.036337
0.279399
0.188882
0.54314
0.827392
0.680269
0.273811
0.355675
0.068024
0.141206
0.403733
0.974975
0.791637
0.865674
0.923375
0.337529
0.139022
0.862633
0.84829
0.373572
0.013008
0.319687
0.574362
0.792852
0.946043
0.836765
0.844972
0.316322
0.540198
0.291733
0.382095
0.211101
0.617539
0.158895
0.800652
0.019382
0.817335
0.237494
0.510657
0.966333
0.547086
0.477046
0.140143
0.747877
0.29996
0.090867
0.675039
0.894106
0.802377
0.075983
0.383215
0.344928
0.976343
0.69987
0.969213
0.176639
0.733306
0.101329
0.526613
0.099544
0.070512
0.515445
0.107711
0.409243
0.93662
0.626846
0.844985
0.856563
0.541253
0.82874
0.986435
0.902934
0.838404
0.152079
0.493829
0.134069
0.664384
0.061163
0.319013
0.970966
0.172862
0.030763
0.395981
0.453006
0.624563
0.711534
0.401783
0.906983
0.888278
0.70209
0.680954
0.738389
0.528911
0.22527
0.255192
0.466779
0.461201
0.308716
0.097626
0.114409
0.267226
0.253285
0.977062
0.87014
0.568643
0.484797
0.694238
0.470969
0.024625
0.813147
0.801264
0.765874
0.875259
0.938532
0.261522
0.510188
0.8733
0.408771
0.605544
0.613621
0.861714
0.21269
0.965041
0.324869
0.259684
0.903349
0.207966
0.682835
0.74278
0.27996
0.18194
0.019607
0.919412
0.485701
0.417481
0.675118
0.154946
0.428255
0.837981
0.702044
0.71592
0.751534
0.867443
0.949131
0.609331
0.787516
0.25969
0.033306
0.249214
0.210315
0.564736
0.008481
0.640708
0.134201
0.04976
0.830785
0.122257
0.992894
0.371533
0.547986
0.124279
0.786573
0.336635
0.225062
0.418706
0.747361
0.255974
0.644288
0.270172
0.827449
0.39973
0.056406
0.769268
0.756594
0.573767
0.769066
0.036467
0.700348
0.037233
0.928936
0.066272
0.083492
0.42726
0.708603
0.790125
0.851101
0.922881
0.99431
0.251029
0.276376
0.537096
0.155725
0.922684
0.368292
0.756995
0.271802
0.818703
0.321199
0.411435
0.828982
0.201168
0.520783
0.481398
0.2804
0.603874
0.3351
0.814129
0.070609
0.635955
0.836276
0.098371
0.162847
0.923284
0.222795
0.36544
0.359532
0.092977
0.86628
0.288979
0.472056
0.072772
0.405496
0.651134
0.041047
0.36326
0.134105
0.997374
0.386465
0.568856
0.721727
0.280655
0.867429
0.547372
0.790972
0.609901
0.749474
0.868599
0.084168
0.412236
0.399479
0.789809
0.008091
0.369356
0.487499
0.424469
0.595321
0.314897
0.156002
0.264695
0.240769
0.969118
0.540354
0.380606
0.032067
0.749548
0.951488
0.953523
0.980322
0.472466
0.654282
0.518574
0.95439
0.467133
0.104255
0.505849
0.308968
0.72494
0.632469
0.375789
0.464976
0.363301
0.197916
0.311787
0.988463
0.822153
0.640119
0.033824
0.325115
0.012737
0.013279
0.58811
0.954976
0.454272
0.856181
0.949177
0.953374
0.501635
0.549521
0.929652
0.571793
0.920183
0.454808
0.701318
0.515082
0.263949
0.588773
0.794006
0.762727
0.598862
0.907788
0.349702
0.132374
0.256205
0.219756
0.268141
0.295994
0.582934
0.824063
0.508982
0.715313
0.288423
0.650295
0.363373
0.016468
0.395581
0.333337
0.622315
0.239881
0.875994
0.092477
0.400291
0.237389
0.564721
0.422284
0.976395
0.916909
0.173388
0.954835
0.998498
0.738234
0.926741
0.278005
0.66878
0.634423
0.378258
0.747162
0.077748
0.025627
0.013589
0.30013
0.504092
0.797079
0.9916
0.211933
0.38989
0.865887
0.092992
0.004755
0.732446
0.418732
0.687997
0.440341
0.948476
0.778034
0.371932
0.359921
0.033782
0.295611
0.177264
0.365907
0.412422
0.432085
0.520452
0.800836
0.608949
0.381162
0.025346
0.493174
0.454661
0.333053
0.092526
0.114653
0.369951
0.25418
0.997357
0.198028
0.747457
0.609096
0.125955
0.970637
0.00559
0.811441
0.336687
0.842988
0.173223
0.023408
0.107126
0.905094
0.806714
0.336952
0.067689
0.697398
0.008558
0.328523
0.241641
0.757094
0.277391
0.290265
0.713015
0.369941
0.831958
0.34508
0.506008
0.551957
0.890696
0.510824
0.976219
0.7907
0.359892
0.043035
0.634743
0.995969
0.499066
0.442668
0.533388
0.702971
0.719956
0.411692
0.981594
0.466859
0.251251
0.048647
0.79756
0.874661
0.315883
0.245176
0.425866
0.927453
0.502063
0.692456
0.281653
0.921428
0.496511
0.339767
0.585147
0.12755
0.349197
0.938661
0.008241
0.865864
0.488169
0.264334
0.869393
0.811614
0.958506
0.153367
0.864225
0.491381
0.479153
0.719339
0.782094
0.594247
0.418427
0.052157
0.356809
0.875226
0.686839
0.20629
0.459289
0.077132
0.970112
0.440327
0.866017
0.281973
0.620383
0.767536
0.142063
0.422558
0.943282
0.537643
0.19965
0.90758
0.964715
0.535094
0.165968
0.8219
0.44921
0.218421
0.604945
0.56793
0.688189
0.834085
0.410145
0.360103
0.010128
0.906431
0.684284
0.919205
0.831662
0.029419
0.90432
0.623669
0.572224
0.139275
0.092753
0.677402
0.65186
0.499582
0.435899
0.950813
0.350375
0.780699
0.840948
0.797845
0.329146
0.629673
0.331395
0.493491
0.717527
0.677981
0.18124
0.628143
0.485893
0.32662
0.731237
0.903357
0.56886
0.097625
0.496323
0.520506
0.698607
0.556579
0.620624
0.709483
0.990054
0.103229
0.647728
0.916441
0.68562
0.118851
0.176557
0.257763
0.886687
0.800907
0.897057
0.231306
0.759791
0.474146
0.344055
0.726241
0.920405
0.74648
0.072801
0.745959
0.938655
0.703431
0.209119
0.272825
0.221309
0.485858
0.280223
0.068519
0.604129
0.318593
0.372348
0.69569
0.107898
0.328056
0.922431
0.111433
0.455682
0.917187
0.91673
0.102805
0.251297
0.183768
0.16738
0.573454
0.057625
0.424816
0.552233
0.740841
0.177873
0.455348
0.651137
0.267699
0.011152
0.330841
0.619885
0.096048
0.325879
0.256934
0.808903
0.794363
0.817516
0.308203
0.004113
0.799083
0.057873
0.043196
0.689155
0.347194
0.663831
0.839438
0.061664
0.093461
0.389989
0.65265
0.919483
0.495826
0.668841
0.767347
0.370997
0.924964
0.540049
0.70452
0.51034
0.543251
0.969568
0.591812
0.13963
0.249899
0.505571
0.551672
0.265246
0.419849
0.445914
0.242699
0.160574
0.353636
0.676918
0.24198
0.032215
0.319443
0.75575
0.30324
0.254069
0.074088
0.536833
0.499962
0.97827
0.244101
0.858104
0.640818
0.821863
0.06487
0.812245
0.463576
0.402457
0.787926
0.362819
0.84444
0.959819
0.932135
0.542069
0.433107
0.937332
0.201215
0.550656
0.020953
0.462364
0.799492
0.035249
0.796213
0.055017
0.396656
0.394443
0.316078
0.889568
0.120027
0.281592
0.878535
0.550882
0.881128
0.57941
0.360235
0.310856
0.745903
0.909105
0.906324
0.877623
0.589852
0.466406
0.366404
0.339775
0.792782
0.210141
0.892481
0.972451
0.756684
0.280996
0.13379
0.517257
0.23512
0.559328
0.115785
0.609339
0.658827
0.32677
0.649016
0.914076
0.861313
0.866766
0.010374
0.855766
0.798441
0.604916
0.9106
0.890978
0.287037
0.74993
0.853957
0.180343
0.029836
0.569841
0.487918
0.367262
0.920759
0.05439
0.657469
0.553185
0.09188
0.115723
0.107834
0.032775
0.217786
0.7346
0.348117
0.3756
0.727433
0.098101
0.253383
0.244281
0.231848
0.661864
0.395793
0.798224
0.913498
0.692541
0.249191
0.145926
0.025567
0.674058
0.846857
0.689968
0.852241
0.554925
0.007261
0.049251
0.265416
0.876113
0.9616
0.618956
0.021121
0.068657
0.272205
0.099179
0.049425
0.411236
0.838572
0.978035
0.854088
0.982545
0.123893
0.077219
0.324223
0.719234
0.57891
0.020224
0.601559
0.545694
0.020231
0.193716
0.010532
0.81716
0.194079
0.261739
0.194029
0.173702
0.908108
0.154022
0.884618
0.907967
0.738572
0.609609
0.668889
0.994552
0.799031
0.146235
0.586306
0.57791
0.238549
0.468516
0.792243
0.295045
0.400695
0.428014
0.117277
0.791909
0.376805
0.666738
0.687028
0.731944
0.747081
0.035088
0.97429
0.768945
0.709652
0.783215
0.975304
0.839024
0.794043
0.389946
0.283209
0.352278
0.436677
0.393811
0.380031
0.86409
0.897266
0.635535
0.209108
0.601133
0.741137
0.364459
0.016109
0.674072
0.70999
0.920455
0.953636
0.121029
0.877669
0.108879
0.441551
0.610028
0.3539
0.484938
0.660129
0.318242
0.185514
0.072102
0.120064
0.599239
0.104477
0.285203
0.425842
0.344334
0.503799
0.875181
0.78394
0.902538
0.798266
0.198221
0.360815
0.033965
0.173402
0.256149
0.495204
0.964286
0.988918
0.005143
0.875838
0.930532
0.396092
0.916187
0.80472
0.069006
0.653305
0.617895
0.921408
0.782156
0.181734
0.710506
