256 2 3
0
108
175
1
121
181
2
121
247
3
32
158
4
181
187
5
11
87
6
20
250
7
200
240
8
12
169
9
73
243
10
21
35
11
110
244
12
18
31
13
142
228
14
132
180
15
172
248
16
31
158
17
105
228
18
154
232
19
79
203
16
20
197
21
76
202
10
22
30
23
56
143
24
141
171
2
25
60
26
227
253
27
207
255
28
162
184
29
55
145
30
37
240
3
31
178
27
32
153
33
87
142
1
34
242
35
103
195
36
75
128
37
186
233
38
178
249
39
154
172
4
13
40
41
135
216
42
60
202
43
152
244
44
209
246
45
194
197
37
46
120
47
54
182
5
13
48
49
224
231
44
50
129
5
28
51
42
52
223
42
53
248
2
54
67
29
46
55
51
56
140
57
90
196
47
58
131
23
59
114
60
136
242
61
161
197
62
99
172
63
172
229
64
196
223
65
115
226
52
66
220
67
95
105
50
68
188
69
242
250
26
70
202
62
70
71
12
72
90
18
73
185
36
74
122
31
65
75
76
144
191
54
77
111
31
78
192
79
99
197
13
80
115
15
81
188
69
82
125
83
243
252
41
44
84
61
85
107
86
163
223
77
87
97
88
89
115
6
10
89
12
90
208
91
143
175
69
92
197
50
78
93
94
231
245
22
95
188
55
96
135
97
135
146
51
98
210
59
66
99
57
100
140
27
101
165
28
70
102
58
103
119
23
104
176
105
140
248
71
106
212
56
107
234
8
16
108
26
101
109
95
110
186
111
206
225
112
132
231
113
196
202
8
114
205
24
36
115
24
33
116
73
117
177
114
118
162
30
97
119
3
102
120
97
121
235
0
33
122
123
151
180
46
81
124
125
175
192
38
90
126
127
147
227
7
128
210
89
129
223
69
130
143
87
131
208
38
132
195
133
137
176
99
134
228
135
151
206
62
136
147
46
137
191
112
138
254
128
139
214
92
106
140
32
141
177
128
142
211
134
143
167
22
95
144
38
138
145
0
70
146
147
168
225
3
54
148
149
187
212
150
164
242
151
213
234
28
110
152
31
103
153
51
143
154
12
25
155
61
108
156
7
157
243
26
31
158
153
159
192
63
160
233
161
167
199
23
160
162
141
143
163
23
164
240
18
43
165
87
137
166
14
29
167
101
168
230
65
169
243
88
170
176
148
162
171
18
172
189
173
188
224
13
174
255
88
127
175
96
176
220
174
177
214
89
178
215
36
126
179
40
154
180
181
191
253
49
182
211
107
183
194
105
184
234
125
182
185
101
186
249
161
175
187
34
87
188
66
124
189
123
172
190
11
191
223
175
192
254
31
54
193
84
194
217
177
195
242
8
165
196
2
110
197
147
156
198
93
150
199
80
167
200
201
238
247
161
202
206
16
203
227
22
179
204
40
60
205
155
201
206
204
207
218
173
208
248
102
192
209
198
210
242
62
211
233
57
141
212
5
171
213
44
53
214
76
127
215
36
216
242
126
192
217
0
130
218
73
219
222
28
160
220
167
221
238
38
222
230
112
190
223
90
107
224
139
214
225
107
216
226
24
168
227
207
228
255
125
196
229
90
173
230
88
217
231
148
232
233
209
233
251
12
173
234
63
130
235
200
236
247
75
162
237
67
140
238
6
187
239
131
188
240
72
111
241
135
167
242
21
44
243
157
215
244
3
223
245
89
214
246
154
185
247
1
131
248
66
215
249
200
250
252
110
232
251
78
146
252
63
244
253
39
248
254
10
19
255
0.556592
0.956375
0.947748
0.49248
0.304452
0.681537
0.965728
0.176589
0.105601
0.685671
0.206581
0.351177
0.453683
0.380485
0.522614
0.069448
0.98734
0.898743
0.554477
0.369235
0.364413
0.498055
0.16262
0.053868
0.247461
0.504051
0.051911
0.720995
0.050423
0.429607
0.154391
0.670926
0.40026
0.853446
0.891606
0.249617
0.084618
0.587343
0.76873
0.920074
0.436624
0.907919
0.621993
0.687361
0.272738
0.563951
0.792772
0.38226
0.889791
0.031049
0.235829
0.02678
0.538196
0.641871
0.17344
0.287849
0.982891
0.329026
0.951385
0.20172
0.232466
0.096689
0.246515
0.969393
0.940536
0.112027
0.514548
0.439853
0.81436
0.124679
0.725765
0.028677
0.580511
0.441795
0.016823
0.198176
0.905996
0.804973
0.041249
0.358685
0.169747
0.971743
0.693562
0.301979
0.243619
0.76344
0.861327
0.143437
0.713254
0.320167
0.835395
0.539352
0.5545
0.444928
0.200896
0.539156
0.931565
0.505755
0.783371
0.666738
0.032141
0.616301
0.804954
0.372742
0.700923
0.938574
0.14451
0.748922
0.395604
0.857516
0.199641
0.246467
0.022382
0.740067
0.90753
0.331459
0.793376
0.865034
0.003148
0.539912
0.341526
0.715612
0.595041
0.363567
0.960801
0.229473
0.400059
0.714057
0.250162
0.198699
0.308356
0.02299
0.550994
0.031769
0.893944
0.753125
0.893055
0.334037
0.005136
0.410509
0.06944
0.005163
0.090354
0.405261
0.085968
0.185633
0.95889
0.69121
0.768297
0.054575
0.891087
0.222556
0.601014
0.089051
0.117366
0.673684
0.656533
0.289703
0.824961
0.300411
0.86076
0.828079
0.778957
0.0161
0.218501
0.21446
0.455354
0.271869
0.907721
0.917714
0.042827
0.649333
0.895164
0.070357
0.990238
0.005711
0.833089
0.830618
0.844532
0.126864
0.888564
0.100179
0.025321
0.822649
0.876023
0.932753
0.342675
0.861764
0.490832
0.539774
0.170423
0.347829
0.854135
0.131108
0.386835
0.883535
0.247247
0.158097
0.3755
0.966668
0.68793
0.95631
0.304097
0.956787
0.625957
0.979775
0.98035
0.76917
0.376005
0.306737
0.172357
0.558939
0.994095
0.20276
0.63319
0.713289
0.59971
0.52003
0.431786
0.965637
0.566589
0.71264
0.290609
0.238436
0.912107
0.47074
0.9359
0.626692
0.796731
0.464728
0.398306
0.005848
0.390255
0.380797
0.681337
0.084099
0.070679
0.302786
0.821955
0.161339
0.328944
0.454501
0.611415
0.394074
0.375865
0.256134
0.046251
0.49462
0.110257
0.506475
0.931061
0.740514
0.128889
0.948668
0.227001
0.535788
0.240311
0.553516
0.092374
0.372768
0.794078
0.818813
0.691788
0.161134
0.769386
0.039155
0.877441
0.255096
0.962712
0.125132
0.548197
0.729075
0.398358
0.876052
0.737276
0.787803
0.006946
0.290573
0.261054
0.923642
0.983759
0.83591
0.972263
0.667416
0.137198
0.742294
0.557534
0.03424
0.863225
0.006858
0.018664
0.799467
0.099153
0.349696
0.228283
0.126749
0.777433
0.509788
0.044177
0.700896
0.149614
0.543647
0.190929
0.41453
0.681838
0.985322
0.362561
0.303568
0.40371
0.923971
0.648215
0.166572
0.833553
0.568162
0.917699
0.390263
0.766281
0.883237
0.021379
0.211524
0.818514
0.208883
0.257234
0.763002
0.082963
0.608956
0.007771
0.983465
0.866796
0.798598
0.447475
0.87469
0.41968
0.897824
0.032584
0.812401
0.394915
0.532146
0.306503
0.65175
0.89015
0.987245
0.347582
0.420698
0.065149
0.508744
0.095923
0.320447
0.068151
0.115366
0.467129
0.62718
0.462614
0.964413
0.727608
0.433936
0.30175
0.500419
0.563865
0.047031
0.529248
0.647905
0.427492
0.540586
0.496352
0.167295
0.379885
0.326683
0.873134
0.304177
0.783215
0.227489
0.638294
0.84174
0.431297
0.834894
0.421025
0.829318
0.88413
0.958672
0.764628
0.641981
0.319703
0.89073
0.269458
0.756849
0.85406
0.749408
0.570593
0.382457
0.015654
0.511899
0.499577
0.334758
0.252265
0.705077
0.163803
0.756805
0.254488
0.886492
0.338909
0.612432
0.168322
0.156021
0.647113
0.880146
0.512097
0.47543
0.490563
0.956978
0.961993
0.402137
0.296264
0.733262
0.671093
0.184188
0.723153
0.322605
0.85675
0.130264
0.949378
0.140404
0.072091
0.827888
0.063338
0.796851
0.859477
0.962503
0.981068
0.512646
0.35736
0.500436
0.829175
0.246867
0.642837
0.341656
0.529038
0.186135
0.099296
0.412314
0.191483
0.537499
0.713598
2.2e-05
0.83294
0.325864
0.849574
0.428956
0.741948
0.753254
0.594411
0.170107
0.360555
0.032756
0.512311
0.003299
0.431317
0.831431
0.743434
0.179054
0.677911
0.975827
0.154947
0.490288
0.352771
0.50752
0.457385
0.032881
0.170547
0.254024
0.664359
0.340378
0.431754
0.628204
0.526515
0.92974
0.416484
0.140007
0.291812
0.774446
0.984278
0.684188
0.249396
0.631323
0.803364
0.969449
0.320733
0.893466
0.476783
0.876047
0.875486
0.458675
0.092086
0.83792
0.28295
0.737494
0.620521
0.588235
0.933899
0.971402
0.614395
0.499989
0.582492
0.423591
0.807059
0.935704
0.52227
0.091526
0.607293
0.026074
0.555691
0.570722
0.398875
0.894275
0.216131
0.386204
0.50266
0.383883
0.95413
0.123744
0.184839
0.829392
0.526393
0.896308
0.114062
0.411745
0.223966
0.334203
0.082254
0.474876
0.373545
0.927853
0.517881
0.586569
0.029053
0.488339
0.226266
0.150745
0.474458
0.162585
0.759478
0.189311
0.932143
0.30231
0.30001
0.731876
0.468579
0.206201
0.095513
0.845717
0.265321
0.422445
0.510434
0.411907
0.833403
0.378607
0.845768
0.317745
0.941195
0.878888
0.933186
0.07321
0.344548
0.189174
0.498676
0.400261
0.026024
0.579387
0.043549
0.935638
0.97085
0.844579
0.422185
0.955426
0.078127
0.713526
0.888777
0.863439
0.494265
0.981228
0.701527
0.965923
0.773784
0.094661
0.532549
0.560755
0.458712
0.363612
0.268502
0.444771
0.704305
0.265912
0.889843
0.478077
0.851856
0.019113
0.635577
0.578685
0.277439
0.742518
0.973537
0.983223
0.157726
0.27204
0.62614
0.22036
0.249944
0.426235
0.589802
0.372309
0.481732
0.034605
0.238492
0.58308
0.052947
0.839424
0.692186
0.936011
0.641543
0.709481
0.721118
0.025149
0.081753
0.603596
0.816141
0.385546
0.823351
0.69016
0.605778
0.871662
0.350857
0.424641
0.462583
0.961647
0.85141
0.046458
0.549742
0.791857
0.558812
0.498133
0.281165
0.85453
0.645332
0.578
0.920264
0.965171
0.755136
0.080894
0.592099
0.391553
0.414975
0.133232
0.618692
0.617167
0.977206
0.775476
0.219757
0.205336
0.99798
0.117099
0.390758
0.932796
0.152083
0.881599
0.899992
0.051331
0.384515
0.192002
0.199886
0.702328
0.408402
0.09618
0.329746
0.785204
0.932975
0.37236
0.164825
0.255113
0.747091
0.991559
0.239841
0.386685
0.614638
0.733292
0.356685
0.136206
0.539081
0.684962
0.443612
0.765663
0.390294
0.040129
0.797671
0.165897
0.362365
0.005195
0.28826
0.800174
0.927857
0.624864
0.489878
0.834159
0.720825
0.198107
0.383911
0.484916
0.744409
0.904213
0.588864
0.737067
0.13283
0.716537
0.027338
0.234044
0.718796
0.504843
0.062053
0.325323
0.938195
0.472503
0.547335
0.493884
0.391656
0.822308
0.932651
0.994909
0.563786
0.256848
0.977756
0.145232
0.62975
0.454937
0.371772
0.47006
0.303787
0.219216
0.023412
0.620479
0.229006
0.169523
0.915821
0.226697
0.631794
0.878945
0.070265
0.623972
0.450493
0.258229
0.44991
0.932659
0.219068
0.319894
0.39524
0.533516
0.282992
0.018592
0.689031
0.571422
0.715167
0.565113
0.985205
0.244366
0.110837
0.528154
0.072249
0.371007
0.988973
0.533096
0.712931
0.485747
0.670846
0.428359
0.822891
0.196777
0.214753
0.304962
0.249737
0.69349
0.584492
0.493868
0.01957
0.148909
0.717948
0.883188
0.567294
0.233432
0.386149
0.709983
0.876961
0.367208
0.99556
0.259979
0.136774
0.104319
0.129089
0.113714
0.185092
0.669703
0.305465
0.017591
0.773774
0.627957
0.08912
0.573024
0.231079
0.233631
0.212988
0.972959
0.104576
0.767869
0.069059
0.030591
0.032873
0.57273
0.062697
0.63522
0.239198
0.076159
0.42067
0.832469
0.455247
0.561087
0.178244
0.816627
0.261492
0.499758
0.220311
0.215771
0.281429
0.63693
0.90154
0.604166
0.444151
0.662278
0.758483
0.907541
0.43764
0.883583
0.559133
0.052252
0.750547
0.405442
0.96675
0.2325
0.332427
0.837661
0.777684
0.55423
0.004618
0.379712
0.675193
0.123029
0.613638
0.549953
0.074458
0.59119
0.996495
0.381284
0.904807
0.041833
0.822426
0.647182
0.873874
0.532969
0.925032
0.755335
0.430569
0.657074
0.206373
0.510124
0.280409
0.606221
0.865378
0.157638
0.052008
0.290353
0.744989
0.715691
0.980616
0.008814
0.366476
0.451552
0.657592
0.4362
0.264404
0.192166
0.374694
0.128579
0.217054
0.714178
0.809746
0.657745
0.991094
0.821449
0.321123
0.955074
0.937083
0.845626
0.732229
0.05114
0.530679
0.533996
0.286623
0.708407
0.68954
0.169717
0.257668
0.714502
0.339389
0.48143
0.161462
0.510529
0.32944
0.773398
0.457145
0.766864
0.047264
0.939794
0.204296
0.608698
0.769176
0.462347
0.831222
0.309497
0.651881
0.422654
0.611034
0.757876
0.384521
0.866393
0.488868
0.148778
0.956072
0.834951
0.005974
0.986967
0.732708
0.615465
0.293194
0.821776
0.15187
0.333464
0.689456
0.377245
0.660876
0.545838
0.701307
0.454602
0.938915
0.228879
0.514643
0.687854
0.838111
0.534472
0.548627
0.984797
0.468804
0.999714
0.257158
0.786546
0.536032
0.633565
0.011033
0.206722
0.363839
0.965195
0.643797
0.780479
0.785792
0.232612
0.378652
0.723671
0.537416
0.602928
0.94343
0.087214
0.580682
0.417533
0.680858
0.771694
0.061963
0.720498
0.966901
0.76375
0.42014
0.089586
0.57196
0.123176
0.44156
0.072168
0.305419
0.866839
0.811417
0.138665
0.746182
0.286347
0.919328
0.514916
0.531397
0.00091
0.487217
0.069459
0.003352
0.597397
0.893455
0.001658
0.336513
0.127016
0.264069
0.79334
0.557499
0.588813
0.39359
0.86043
0.765782
0.586425
0.53011
0.946817
0.112397
0.154736
0.991985
0.344535
0.854194
0.783393
0.722426
0.330427
0.814801
0.308017
0.565354
0.796109
0.136783
0.699451
0.066029
0.20681
0.11233
0.735041
0.883473
0.812817
0.091015
0.670233
0.792502
0.235836
0.952273
0.362352
0.880415
0.255413
0.222882
0.773941
0.006273
0.771845
0.740911
0.44208
0.130547
0.305403
0.127377
0.900279
0.196577
0.77291
0.255338
0.474641
0.754124
0.745945
0.815717
0.803898
0.678371
0.87446
0.478671
0.40099
0.609173
0.997285
0.028056
0.61406
0.617872
0.903161
0.929082
0.925138
0.678816
0.186817
0.372942
0.750869
0.078014
0.04009
0.013197
0.967276
0.404361
0.177832
0.541025
0.958604
0.560803
0.357503
0.060438
0.467914
0.849214
0.197523
0.68346
0.800065
0.55989
0.903483
0.583431
0.356261
0.85212
0.403498
0.272664
0.238493
0.624321
0.304962
0.9141
0.707275
0.875087
0.864225
0.480344
0.443864
0.213878
0.373472
0.490428
0.820203
0.084246
0.112529
0.258923
0.405936
0.175088
0.386883
0.179984
0.907431
0.891463
0.39561
0.633553
0.745771
0.562832
0.939773
0.149724
0.009314
0.38547
0.217062
0.677653
0.139638
0.505747
0.285203
0.478461
0.944738
0.066537
0.010023
0.786259
0.759704
0.303778
0.87382
0.224849
0.404451
0.996503
0.244342
0.211967
0.706083
0.246327
0.874623
0.248266
0.230072
0.378674
0.408362
0.17128
0.561039
0.49163
0.441196
0.930175
0.462933
0.418397
0.766728
0.268323
0.414488
0.997448
0.326025
0.500658
0.267391
0.720042
0.98081
0.926822
0.829938
0.842762
0.97823
0.152398
0.03895
0.039862
0.885621
0.719952
0.129568
0.603068
0.250787
0.14597
0.080919
0.819976
0.634664
0.200848
0.854102
0.683978
0.34355
0.725903
0.676085
0.229352
0.827728
0.125063
0.070639
0.181041
0.450012
0.684474
0.558149
0.948455
0.206495
0.687011
0.240025
0.941158
0.242358
0.942609
0.962647
0.237869
0.353658
0.009249
0.568196
0.286588
0.707994
0.908821
0.531922
0.878663
0.864778
0.835603
0.31424
0.691067
0.017734
0.147777
0.54321
0.965115
0.628621
0.638399
0.059614
0.145638
0.863353
0.267207
0.925233
0.239109
0.468412
0.875332
0.914218
0.175627
0.089671
0.89718
0.811478
0.780309
0.326422
0.505148
0.347921
0.436221
0.967273
0.776386
0.699943
0.828123
0.621302
0.151817
0.884868
0.528991
0.644745
0.701757
0.500546
0.627317
0.594456
0.133364
0.180622
0.484089
0.712722
0.211555
0.880992
0.927966
0.002445
0.229508
0.586588
0.792171
0.118422
0.006715
0.745742
0.648282
0.977899
0.840343
0.040725
0.245889
0.926056
0.017544
0.094493
0.11214
0.032695
0.46534
0.048956
0.516272
0.794745
0.338934
0.878065
0.605495
0.373034
0.402838
0.37236
0.081447
0.326918
0.125135
0.59342
0.48752
0.592622
0.704898
0.641163
0.03764
0.672344
0.004014
0.777759
0.058592
0.70722
0.320415
0.656035
0.236819
0.573407
0.069913
0.817063
0.488266
0.72486
0.132018
0.15219
0.882809
0.110528
0.189562
0.092089
0.33172
0.30558
0.639044
0.028325
0.159846
0.171535
0.768652
0.74978
0.426988
0.485318
0.213252
0.774136
0.803281
0.074597
0.557955
0.090969
0.845055
0.880115
0.442972
0.117886
0.226993
0.060161
0.95087
0.514534
0.047431
0.342945
0.489761
0.416318
0.523856
0.881955
0.626522
0.697173
0.462489
0.626372
0.273709
0.039432
0.76588
0.788104
0.458133
0.440643
0.955778
0.856508
0.564475
0.22655
0.911275
0.470159
0.666086
0.469134
0.071052
0.700363
0.098593
0.638948
0.613324
0.05173
0.134448
0.698482
0.18282
0.696816
0.449588
0.767317
0.29578
0.441087
0.819239
0.639854
0.785702
0.639942
0.070328
0.606023
0.675959
0.413981
0.501846
0.881386
0.70316
0.136117
0.348365
0.897749
0.431848
0.82421
0.566934
0.036328
0.715355
0.564429
0.601625
0.464927
0.94066
0.255605
0.790187
0.483171
0.688239
0.660414
0.218829
0.09487
0.17991
0.283389
0.418131
0.677931
0.55806
0.524918
0.372985
0.649066
0.730162
0.198863
0.44025
0.113885
0.413344
0.281971
0.254487
0.00266
0.370128
0.840066
0.901437
0.8893
0.467249
0.564582
0.129469
0.064634
0.25633
0.769587
0.437817
0.217599
0.731954
0.74495
0.405128
0.460295
0.100364
0.635613
0.19097
0.60578
0.291584
0.978894
0.674995
0.884356
0.58875
0.812639
0.553022
0.743217
0.728394
0.872376
0.850046
0.041289
0.58581
0.81048
0.3806
0.833688
0.135986
0.99886
0.813538
0.322895
0.892634
0.780303
0.901393
0.937138
0.039734
0.249766
0.359372
0.235293
0.598451
0.740625
0.925728
0.673176
0.421505
0.452701
0.970206
0.858695
0.154581
0.013028
0.222215
0.651514
0.958962
0.887446
0.004445
0.832934
0.843172
0.358144
0.306114
0.267684
0.327138
0.694082
0.530713
0.828516
0.875804
0.045147
0.026913
0.441967
0.977683
0.818635
0.151807
0.111837
0.917092
0.296317
0.349882
0.386055
0.166763
0.674233
0.416704
0.829634
0.504612
0.489343
0.874955
0.552413
0.817191
0.996044
0.664087
0.845099
0.970641
0.317289
0.389046
0.865351
0.15038
0.669156
0.848213
0.799736
0.076904
0.949063
0.678721
0.943216
0.233982
0.193145
0.965015
0.754113
0.809299
0.706787
0.38671
0.638838
0.32573
0.316567
0.806176
0.20405
0.641624
0.398151
0.819724
0.488159
0.177432
0.999329
0.802303
0.816625
0.152547
0.470349
0.121568
0.464028
0.469379
0.808341
0.399841
0.034184
0.373498
0.700571
0.472608
0.895931
0.248983
0.017814
0.589888
0.555665
0.346652
0.570598
0.461268
0.868115
0.815221
0.313683
0.416039
0.556626
0.587458
0.919521
0.275803
0.139102
0.088502
0.952953
0.806561
0.501528
0.974965
0.151764
0.658217
0.435577
0.292769
0.8355
0.258457
0.162687
0.18282
0.267986
0.869201
0.328405
0.01642
0.624095
0.697932
0.192899
0.212127
0.102177
0.188173
0.489815
0.771191
0.508252
0.727896
0.136187
0.162556
0.084921
0.055193
0.022054
0.627112
0.132652
0.733195
0.022716
0.150827
0.218213
0.611826
0.219159
0.833966
0.116552
0.591991
0.589487
0.278658
0.353611
0.055129
0.798867
0.398019
0.68616
0.327746
0.133096
0.826013
0.398395
0.807381
0.981293
0.042148
0.518867
0.982523
0.55534
0.882007
0.165407
0.213971
0.400226
0.947451
0.400111
0.920374
0.335688
0.239068
0.553556
0.452044
0.574829
0.526961
0.727519
0.484574
0.917551
0.146945
0.076458
0.342917
0.110157
0.747441
0.333667
0.824146
0.835305
0.413563
0.501069
0.656518
0.954871
0.148682
0.590713
0.938913
0.362155
0.978364
0.847867
0.404751
0.865819
0.322043
0.370958
0.099645
0.749545
0.139287
0.262203
0.673501
0.310175
0.947203
0.221596
0.058562
0.78618
0.399358
0.724748
0.012503
0.975775
0.295419
0.595564
0.238859
0.462754
0.31607
0.364199
0.918179
0.336413
0.536241
0.811287
0.443671
0.506673
0.259376
0.930154
0.468728
0.560096
0.115665
0.161549
0.872328
0.589125
0.127712
0.553041
0.937906
0.128883
0.240592
0.517124
0.076466
0.420499
0.972084
0.31602
0.936476
0.736719
0.038255
0.640131
0.344346
0.332663
0.818741
0.298729
0.815823
0.489936
0.659086
0.337428
0.417333
0.704879
0.244287
0.5265
0.847681
0.802743
0.703778
0.438725
0.272216
0.631115
0.332842
0.223475
0.947848
0.671924
0.785008
0.576691
0.654517
0.651688
0.257209
0.507491
0.904212
0.946314
0.276178
0.73588
0.156839
0.590803
0.574214
0.826558
0.367399
0.754122
0.857051
0.961449
0.642053
0.670481
0.670767
0.621
0.266769
0.208861
0.469784
0.142299
0.066563
0.905858
0.304359
0.029982
0.447255
0.16467
0.503753
0.48123
0.411246
0.924117
0.921009
0.542196
0.521252
0.738897
0.864171
0.767487
0.248558
0.269632
0.521858
0.949109
0.456392
0.536091
0.888903
0.186963
0.172575
0.294553
0.147997
0.426744
0.293448
0.26821
0.254457
0.332126
0.234947
0.637034
0.279574
0.501338
0.212649
0.988485
0.708288
0.286439
0.835851
0.899729
0.233021
0.461883
0.417995
0.542939
0.490482
0.882997
0.689696
0.039866
0.197293
0.167643
0.565783
0.153795
0.466177
0.11464
0.930401
0.294843
0.585962
0.439215
0.151819
0.766973
0.253198
0.994824
0.891311
0.068717
0.017357
0.190372
0.693809
0.594579
0.905426
0.779814
0.688477
0.108281
0.041786
0.753106
0.82267
0.161957
0.353833
0.070558
0.801667
0.966616
0.333826
0.924437
0.311254
0.755688
0.380836
0.885291
0.094672
0.684015
0.979808
0.163771
0.756495
0.650513
0.94341
0.534194
0.340855
0.535528
0.178412
0.429857
0.351373
0.411299
0.460509
0.841909
0.630662
0.944166
0.580884
0.0704
0.738619
0.636804
0.87934
0.305319
0.15157
0.976386
0.638317
0.132623
0.221493
0.502251
0.693183
0.721504
0.461699
0.336535
0.716896
0.654251
0.704758
0.928681
0.083452
0.926099
0.242881
0.548532
0.30357
0.070707
0.837129
0.307486
0.465793
0.937422
0.55191
0.641962
0.132516
0.445195
0.362834
0.208199
0.449553
0.843354
0.772969
0.037726
0.091281
0.059773
0.170525
0.012383
0.308177
0.898406
0.152969
0.488215
0.422297
0.613994
0.121329
0.320629
0.243728
0.019767
0.557028
0.521761
0.482277
0.025712
0.748283
0.813257
0.094195
0.259773
0.386099
0.824202
0.214628
0.049036
0.315525
0.283754
0.789718
0.361475
0.994482
0.507127
0.833911
0.468084
0.719157
0.957484
0.786665
0.866039
0.019948
0.432332
0.326695
0.389961
0.059217
0.328515
0.86508
0.323464
0.602363
0.152557
0.098589
0.816393
0.911109
0.315514
0.230496
0.901903
0.969802
0.389759
0.914982
0.338864
0.230859
0.208684
0.65581
0.913127
0.436589
0.378521
0.883483
0.470119
0.850499
0.706012
0.140733
0.854177
0.503885
0.661733
0.466865
0.203741
0.412372
0.345242
0.218545
0.342677
0.655616
0.783842
0.727667
0.597938
0.355209
0.111921
0.307246
0.678842
0.389493
0.407694
0.707851
0.14837
0.120352
0.219209
0.183998
0.17194
0.036879
0.992876
0.125389
0.832801
0.197016
0.863245
0.379337
0.072164
0.71137
0.56623
0.135927
0.66704
0.627646
0.189238
0.308135
0.877366
0.402473
0.804295
0.689183
0.897209
0.53254
0.236389
0.7886
0.49574
0.393068
0.459017
0.490752
0.763882
0.901788
0.085097
0.806778
0.467105
0.454219
0.626983
0.253518
0.57013
0.343078
0.980618
0.743889
0.974023
0.168028
0.802812
0.015856
0.895543
0.858971
0.465648
0.594647
0.415493
0.021078
0.07742
0.96635
0.741706
0.591687
0.087852
0.914
0.503948
0.8216
0.084004
0.149951
0.822342
0.931189
0.210822
0.789891
0.266028
0.201728
0.850392
0.579091
0.460226
0.763483
0.065432
0.378971
0.282381
0.235035
0.315659
0.966978
0.847346
0.295104
0.818909
0.373858
0.382839
0.746613
0.539357
0.294402
0.360054
0.579042
0.853492
0.150948
0.972843
0.694115
0.461266
0.342934
0.743535
0.90196
0.428495
0.649202
0.942908
0.164547
0.891967
0.998052
0.307881
0.73715
0.788066
0.275529
0.494494
0.890388
0.142749
0.873895
0.581812
0.325607
0.922003
0.663196
0.308768
0.728326
0.337497
0.222919
0.565716
0.493154
0.003898
0.436892
0.930871
0.125729
0.462252
0.534335
0.943832
0.071538
0.0802
0.544305
0.091505
0.466538
0.100057
0.564459
0.278188
0.747291
0.587536
0.596165
0.399274
0.223511
0.983908
0.858276
0.593544
0.806696
0.113995
0.391245
0.590375
0.248155
0.523682
0.330463
0.259691
0.520554
0.717984
0.414183
0.110579
0.777551
0.66028
0.554928
0.896825
0.394617
0.659072
0.799719
0.071927
0.684628
0.779835
0.905902
0.054528
0.550585
0.464436
0.513652
0.942684
0.235406
0.434315
0.634682
0.484779
0.793839
0.167009
0.159292
0.271426
0.862929
0.171831
0.073906
0.279632
0.818392
0.82771
0.91419
0.87574
0.611728
0.736863
0.854682
0.064842
0.19613
0.842382
0.410033
0.949917
0.535593
0.169641
0.241456
0.960541
0.422507
0.459186
0.080805
0.509004
0.662878
0.462685
0.414563
0.271772
0.924519
0.990602
0.578754
0.565223
0.570455
0.786393
0.565767
0.943408
0.300767
0.937817
0.023959
0.920198
0.559939
0.260813
0.565399
0.520988
0.465912
0.641159
0.834049
0.070893
0.792345
0.177918
0.901985
0.431029
0.414538
0.46945
0.858608
0.586574
0.926257
0.314238
0.414159
0.214182
0.10614
0.38274
0.530967
0.044827
0.261799
0.919159
0.420378
0.457167
0.586914
0.636822
0.217955
0.791183
0.939903
0.916953
0.783626
0.722288
0.669615
0.295326
0.411679
0.613051
0.194996
0.041375
0.824135
0.530689
0.829193
0.155505
0.299278
0.138896
0.400515
0.946893
0.265629
0.572091
0.525258
0.023379
0.144256
0.641027
0.355481
0.186247
0.903989
0.95014
0.490616
0.044512
0.441168
0.155763
0.388613
0.882197
0.351825
0.920818
0.045769
0.655281
0.102323
0.335839
0.941057
0.265613
0.865454
0.155072
0.839072
0.110596
0.642728
0.169462
0.696495
0.638103
0.012891
0.807743
0.672607
0.169712
0.420452
0.458047
0.189936
0.030469
0.963002
0.605437
0.325888
0.354872
0.715212
0.463135
0.828204
0.260868
0.555925
0.755088
0.235082
0.117062
0.754342
0.613635
0.628137
0.364111
0.85921
0.201986
0.168352
0.16796
0.392812
0.56757
0.033413
0.063444
0.432084
0.46197
0.078981
0.881517
0.500127
0.495342
0.044049
0.01121
0.429248
0.6767
0.965616
0.639525
0.742871
0.043478
0.790455
0.218987
0.780697
0.703348
0.621124
0.623342
0.122471
0.529664
0.360546
0.664799
0.789239
0.882213
0.445103
0.611803
0.195199
0.240502
0.640931
0.897008
0.485359
0.975303
0.215438
0.086468
0.344178
0.878423
0.836219
0.769144
0.860157
0.680398
0.829355
0.730997
0.832069
0.851683
0.16905
0.608282
0.913311
0.601349
0.276552
0.11945
0.42703
0.887281
0.838363
0.114607
0.912903
0.846665
0.51701
0.644543
0.362446
0.66226
0.600644
0.64168
0.224743
0.474242
0.672176
0.427847
0.983779
0.755707
0.620736
0.923524
0.589869
0.82342
0.816921
0.332409
0.19045
0.261058
0.694462
0.273147
0.391192
0.272984
0.041057
0.940322
0.927272
0.634846
0.060777
0.850888
0.935435
0.579935
0.174725
0.837214
0.851529
0.920144
0.332365
0.289572
0.661155
0.146477
0.415766
0.372045
0.608809
0.947779
0.964378
0.520825
0.015666
0.340888
0.690831
0.306029
0.182088
0.883711
0.216678
0.152878
0.802334
0.665617
0.626172
0.782825
0.651475
0.045983
0.902926
0.192907
0.731001
0.720842
0.700518
0.863351
0.818423
0.561039
0.781163
0.236474
0.168914
0.264348
0.491977
0.909684
0.574133
0.053942
0.066088
0.616059
0.626828
0.319505
0.191802
0.800393
0.336341
0.579114
0.539294
0.568116
0.828832
0.045138
0.380296
0.967265
0.740845
0.918529
0.514726
0.45757
0.185129
0.132551
0.656468
0.042251
0.281477
0.370611
0.14398
0.221439
0.023678
0.137693
0.871596
0.301922
0.725132
0.277877
0.440928
0.182255
0.708174
0.111099
0.530712
0.843578
0.07978
0.635656
0.001294
0.9847
0.971258
0.885432
0.911491
0.829167
0.517849
0.09129
0.191144
0.055473
0.658719
0.189635
0.584463
0.935382
0.383486
0.801713
0.289653
0.759071
0.266818
0.500988
0.737157
0.22658
0.978189
0.977259
0.874778
0.535204
0.637355
0.733687
0.165519
0.232229
0.664281
0.634641
0.975757
0.736229
0.792853
0.314549
0.38972
0.124597
0.014295
0.561725
0.7915
0.585138
0.780834
0.368293
0.478935
0.155946
0.005707
0.293683
0.376652
0.444289
0.080307
0.865839
0.327143
0.041762
0.567549
0.179025
0.669267
0.754968
0.399641
0.072975
0.003419
0.119695
0.165491
0.317344
0.237584
0.061175
0.086002
0.0409
0.532896
0.161375
0.064695
0.559638
0.846427
0.916903
0.162604
0.007877
0.001011
0.95874
0.213026
0.939546
0.654079
0.517134
0.173751
0.678222
0.017429
0.666944
0.992929
0.277782
0.908861
0.167636
0.627757
0.207337
0.286199
0.598317
0.671014
0.77613
0.790467
0.353623
0.870932
0.111775
0.94931
0.224936
0.892748
0.327596
0.345195
0.738444
0.557439
0.827435
0.661443
0.299172
0.146744
0.912433
0.376805
0.132558
0.110121
0.898259
0.981174
0.890368
0.742921
0.711976
0.304079
0.380752
0.996816
0.625072
0.356019
0.894039
0.385266
0.447614
0.086334
0.906265
0.397158
0.208005
0.973186
0.658054
0.716784
0.657025
0.128694
0.274476
0.800425
0.935644
0.407949
0.832544
0.471065
0.344446
0.308076
0.738836
0.106561
0.933004
0.743822
0.082029
0.973059
0.794808
0.144355
0.295202
0.317514
0.657171
0.493504
0.35217
0.319646
0.003541
0.123878
0.840414
0.100985
0.766856
0.891599
0.77671
0.183358
0.860272
0.522873
0.86157
0.875056
0.976933
0.661419
0.7585
0.379816
0.835867
0.069175
0.922583
0.512489
0.180549
0.398468
0.789944
0.913921
0.922017
0.57358
0.103192
0.244571
0.330608
0.405917
0.911912
0.087026
0.474119
0.110559
0.918791
0.789435
0.853265
0.809289
0.951192
0.342985
0.402047
0.3682
0.590616
0.767337
0.384787
0.793254
0.452738
0.918042
0.621471
0.239836
0.177934
0.618042
0.999329
0.815424
0.327618
0.470066
0.024058
0.905422
0.245009
0.428591
0.225239
0.726727
0.226982
0.681355
0.115502
0.62518
0.464055
0.857971
0.121179
0.704561
0.265704
0.464375
0.508118
0.380976
0.876138
0.258178
0.062944
0.967481
0.749975
0.570281
0.994071
0.101273
0.896065
0.304743
0.802851
0.672553
0.059065
0.694351
0.319274
0.568635
0.383552
0.859514
0.835825
0.662326
0.390295
0.303798
0.40832
0.16721
0.310199
0.074986
0.359108
0.772646
0.272949
0.666325
0.004389
0.887645
0.236794
0.868191
0.145135
0.211292
0.925953
0.126756
0.667239
0.741801
0.541161
0.31896
0.753292
0.368463
0.905478
0.672438
0.237217
0.312328
0.099694
0.666013
0.372428
0.942158
0.530938
0.243752
0.257583
0.9654
0.251889
0.52601
0.583064
0.298827
0.042576
0.705109
0.010182
0.735768
0.114691
0.825658
0.383195
0.309475
0.886887
0.678378
0.68164
0.793674
0.955627
0.262842
0.711559
0.842804
0.271466
0.357012
0.209719
0.262159
0.506834
0.945954
0.212443
0.18344
0.541097
0.606093
0.836471
0.965834
0.324322
0.165141
0.894364
0.46307
0.728896
0.533595
0.578712
0.88635
0.411518
0.583549
0.890793
0.294424
0.00587
0.684862
0.631368
0.478905
0.90692
0.604274
0.981397
0.308162
0.61802
0.673402
0.694259
0.864363
0.944287
0.688883
0.718702
0.106294
0.249662
0.205734
0.330079
0.831991
0.055238
0.57039
0.361394
0.861122
0.818539
0.336818
0.718756
0.54303
0.628918
0.511695
0.57757
0.935266
0.04916
0.880782
0.966453
0.46369
0.117528
0.016116
0.543481
0.416235
0.444464
0.181585
0.168733
0.219242
0.142248
0.33602
0.519985
0.736513
0.153953
0.815708
0.901614
0.205248
0.751335
0.806539
0.439131
0.731205
0.668017
0.052526
0.022889
0.722574
0.767994
0.853658
0.401072
0.19077
0.750246
0.990785
0.785297
0.861846
0.275277
0.967523
0.640976
0.746061
0.244785
0.534918
0.996756
0.883354
0.719581
0.379399
0.194156
0.820224
0.216622
0.77425
0.046941
0.13025
0.392279
0.037025
0.545367
0.327558
0.652807
0.135297
0.863693
0.164345
0.644835
0.930074
0.792536
0.523798
0.190011
0.451954
0.554637
0.275622
0.832886
0.054463
0.148454
0.330005
0.674793
0.209105
0.758995
0.156068
0.158937
0.540166
0.919449
0.911268
0.766052
0.926852
0.123124
0.145667
0.753565
0.117816
0.632409
0.29158
0.428438
0.740209
0.462304
0.172161
0.400274
0.454268
0.457471
0.169542
0.661532
0.469423
0.536058
0.448094
0.422584
0.567777
0.186266
0.072791
0.949064
0.417551
0.49536
0.948534
0.727523
0.757421
0.10007
0.83291
0.197842
0.462067
0.992041
0.058113
0.840908
0.571785
0.691648
0.129761
0.528129
0.027923
0.996346
0.144825
0.10398
0.285951
0.798387
0.315725
0.477089
0.530991
0.865549
0.396292
0.349489
0.822343
0.94482
0.313387
0.856576
0.247415
0.762822
0.985723
0.588131
0.956114
0.057928
0.432032
0.333049
0.303303
0.858982
0.620843
0.726976
0.945449
0.411216
0.246007
0.54951
0.434442
0.488236
0.998403
0.836944
0.521786
0.461542
0.015654
0.169208
0.453052
0.840196
0.114216
0.398461
0.995853
0.014583
0.391981
0.226108
0.478545
0.000711
0.448699
0.278928
0.620237
0.171237
0.068341
0.371488
0.170044
0.796351
0.902165
0.368562
0.669133
0.958874
0.283655
0.762645
0.321846
0.893813
0.486758
0.846017
0.067121
0.194128
0.140287
0.212857
0.264516
0.540681
0.835294
0.022546
0.331894
0.739355
0.315343
0.932699
0.90765
0.332523
0.75823
0.180916
0.557941
0.489545
0.996162
0.128239
0.062816
0.149972
0.469626
0.932671
0.258012
0.825228
0.970214
0.117534
0.467187
0.047738
0.991155
0.506918
0.188398
0.501076
0.04088
0.135995
0.497173
0.491347
0.974001
0.666255
0.881567
0.134287
0.217593
0.773356
0.133839
0.609381
0.658407
0.173927
0.572565
0.36666
0.610207
0.669806
0.710815
0.159609
0.853212
0.726782
0.545312
0.966479
0.962396
0.674859
0.624888
0.664708
0.370007
0.288116
0.933752
0.438974
0.559188
0.872721
0.281276
0.609899
0.388899
0.617024
0.350451
0.400044
0.761996
0.837596
0.895802
0.920004
0.597867
0.618318
0.113074
0.980367
0.746313
0.39877
0.557646
0.05344
0.953402
0.744817
0.989835
0.715443
0.843643
0.663248
0.217666
0.426457
0.889009
0.769475
0.716726
0.525694
0.51815
0.563928
0.880875
0.696905
0.217531
0.138604
0.514655
0.085874
0.87323
0.941991
0.345113
0.192704
0.888397
0.345026
0.562397
0.723411
0.659885
0.107585
0.595443
0.53038
0.956294
0.794612
0.219344
0.46241
0.480753
0.646914
0.402604
0.542895
0.136969
0.759258
0.480642
0.337491
0.782261
0.533358
0.445698
0.308876
0.140347
0.999148
0.194976
0.757135
0.697901
0.859519
0.63715
0.119976
0.896713
0.297347
0.473639
0.552321
0.220821
0.597401
0.774304
0.161423
0.743415
0.601672
0.052276
0.410314
0.832442
0.906126
0.362165
0.586433
0.749896
0.640589
0.900724
0.882183
0.21485
0.841161
0.659375
0.972803
0.3053
0.525585
0.184348
0.31229
0.403754
0.675522
0.420961
0.565867
0.801238
0.198483
0.007078
0.19139
0.406715
0.554362
0.044107
0.349292
0.255145
0.417198
0.193395
0.75098
0.151363
0.619288
0.402884
0.864253
0.577264
0.982634
0.983095
0.847062
0.468738
0.785995
0.398353
0.119458
0.981101
0.535993
0.074224
0.897809
0.47041
0.322523
0.837486
0.107407
0.154559
0.9037
0.739753
0.904367
0.617032
0.402879
0.58124
0.79982
0.002293
0.270015
0.460301
0.885754
0.639349
0.264178
0.777176
0.323706
0.449544
0.856832
0.627598
0.626917
0.594688
0.305146
0.757288
0.08555
0.83691
0.955814
0.636047
0.616598
0.292966
0.032584
0.095794
0.540134
0.018989
0.23585
0.652333
0.13302
0.211442
0.189219
0.469591
0.843551
0.111715
0.470809
0.997115
0.44228
0.083937
0.175348
0.341792
0.827326
0.186945
0.470681
0.503914
0.103701
0.773329
0.302385
0.253199
0.854478
0.315547
0.663122
0.681724
0.159025
0.040983
0.756462
0.271383
0.959412
0.093601
0.96646
0.965373
0.3575
0.052217
0.066605
0.939628
0.96809
0.409371
0.715326
0.863318
0.946062
0.836246
0.908433
0.187457
0.818393
0.602493
0.920977
0.758874
0.181269
0.628597
0.615621
0.86361
0.950242
0.714455
0.855579
0.641375
0.236448
0.517773
0.810632
0.258844
0.352447
0.618173
0.382765
0.398923
0.604969
0.829731
0.182886
0.617276
0.117707
0.714456
0.907421
0.507578
0.197832
0.629306
0.948362
0.907979
0.917115
0.805498
0.808823
0.718218
0.895196
0.303028
0.653738
0.041949
0.001817
0.088176
0.078662
0.327336
0.659373
0.298515
0.571177
0.496136
0.997488
0.085294
0.74891
0.100058
0.134248
0.821673
0.853132
0.206999
0.553189
0.709898
0.571593
0.46446
0.056571
0.802684
0.590839
0.919154
0.76711
0.126323
0.835603
0.500534
0.971676
0.629702
0.271979
0.335025
0.262838
0.453398
0.710377
0.868073
0.754964
0.913657
0.874166
0.720838
0.378244
0.88224
0.23439
0.416599
0.476362
0.957292
0.626008
0.830709
0.991841
0.727328
0.841746
0.126945
0.647539
0.226244
0.47283
0.392256
0.316829
0.746706
0.439305
0.942377
0.157436
0.168146
0.895376
0.503214
0.423455
0.824496
0.984187
0.134903
0.807965
0.720771
0.169385
0.633467
0.815624
0.851468
0.847339
0.952289
0.712055
0.259811
0.829581
0.540292
0.606552
0.532071
0.645941
0.692958
0.83974
0.794472
0.294927
0.936241
0.938418
0.506062
0.513587
0.314743
0.277029
0.13819
0.341031
0.449344
0.360903
0.488201
0.964119
0.303678
0.24719
0.405289
0.753564
0.481731
0.970408
0.112301
0.009407
0.046277
0.05113
0.620725
0.725953
0.91124
0.182829
0.139718
0.626578
0.550919
0.010351
0.688581
0.918417
0.962175
0.120703
0.685594
0.350213
0.056823
0.001473
0.840139
0.577663
0.161933
0.282891
0.687595
0.715253
0.421039
0.225065
0.326836
0.853233
0.938185
0.589242
0.649922
0.149845
0.922135
0.191004
0.814275
0.082618
0.696842
0.735635
0.423477
0.888024
0.854272
0.663232
0.525495
0.480535
0.767282
0.691005
0.164062
0.22341
0.505652
0.33416
0.922582
0.632048
0.020858
0.56858
0.765331
0.88022
0.195495
0.913387
0.491675
0.875241
0.650136
0.995724
0.176824
0.659084
0.247174
0.002881
0.637498
0.726637
0.508248
0.83501
0.385266
0.098401
0.167905
0.682845
0.890646
0.353839
0.05051
0.130451
0.886869
0.817056
0.277227
0.967649
0.394379
0.295158
0.992222
0.798052
0.242166
0.601891
0.894896
0.415428
0.107717
0.657085
0.552072
0.783721
0.983777
0.944734
0.582445
0.350443
0.160066
0.433359
0.872432
0.204925
0.493805
0.107983
0.908629
0.842504
0.431029
0.600523
0.670651
0.659599
0.209745
0.996022
0.077559
0.439955
0.166875
0.110654
0.567158
0.212063
0.609917
0.286565
0.88194
0.242095
0.045191
0.629448
0.636796
0.448755
0.085335
0.758123
0.51038
0.618755
0.539263
0.151988
0.978207
0.7923
0.025696
0.367273
0.148701
0.053437
0.892988
0.897793
0.656564
0.023782
0.870503
0.411021
0.099494
0.832115
0.125065
0.213441
0.454734
0.451166
0.093203
0.229234
0.219244
0.606758
0.562778
0.115891
0.811642
0.308458
0.361958
0.09448
0.015262
0.962731
0.640351
0.112551
0.806585
0.031962
0.995635
0.520493
0.098756
0.157866
0.946791
0.674288
0.604403
0.929606
0.226778
0.057579
0.753987
0.250787
0.724778
0.741655
0.635536
0.516231
0.314794
0.50158
0.560471
0.975308
0.431578
0.780336
0.590237
0.214387
0.715353
0.087035
0.57799
0.799934
0.293853
0.435349
0.223928
0.794821
0.259158
0.987245
0.702641
0.610154
0.537476
0.870214
0.39695
0.680377
0.346176
0.169972
0.729871
0.137538
0.612147
0.207307
0.534723
0.105109
0.4932
0.304084
0.858934
0.3841
0.418125
0.273731
0.884136
0.921402
0.763764
0.864882
0.398847
0.398016
0.226317
0.527321
0.269923
0.54677
0.132657
0.00939
0.84857
0.263512
0.236304
0.061294
0.688655
0.313742
0.397389
0.40695
0.999032
0.803821
0.522582
0.692926
0.596724
0.973675
0.523722
0.230241
0.666843
0.666032
0.863582
0.212751
0.013569
0.644285
0.355216
0.983008
0.234154
0.831767
0.372286
0.469674
0.875547
0.11799
0.841893
0.498845
0.220721
0.354989
0.770865
0.626932
0.735777
0.816055
0.489906
0.962071
0.511065
0.839752
0.074971
0.170561
0.016637
0.436794
0.748661
0.659636
0.587855
0.676223
0.634364
0.677951
0.39599
0.414772
0.050274
0.395827
0.446104
0.797118
0.494949
0.168801
0.60533
0.354868
0.584035
0.837278
0.820527
0.613607
0.705879
0.325235
0.58556
0.07803
0.641772
0.969799
0.478681
0.575586
0.233354
0.693718
0.80533
0.311286
0.174974
0.797751
0.915983
0.21432
0.153162
0.629916
0.581568
0.192319
0.009807
0.722798
0.666184
0.320006
0.54997
0.06648
0.950842
0.701623
0.190725
0.939375
0.079938
0.325233
0.207822
0.659869
0.761368
0.684592
0.77315
0.851819
0.394561
0.322475
0.746506
0.105482
0.365409
0.307859
0.90864
0.786314
0.956424
0.323105
0.154761
0.923231
0.397639
0.201526
0.53861
0.962833
0.310129
0.767214
0.947187
0.387632
0.68863
0.435647
0.986259
0.598394
0.744922
0.879472
0.974985
0.538024
0.825646
0.76269
0.039926
0.131859
0.008968
0.178923
0.541785
0.627497
0.077654
0.444864
0.982135
0.672414
0.35558
0.131857
0.613926
0.284445
0.795196
0.01649
0.167437
0.830289
0.852473
0.544833
0.256168
0.514974
0.508075
0.58423
0.072767
0.862766
0.340001
0.585457
0.340627
0.483422
0.237534
0.328458
0.091788
0.810763
0.522333
0.877426
0.345272
0.367564
0.671906
0.02289
0.373292
0.328699
0.496203
0.343302
0.864716
0.668708
0.32349
0.543958
0.153867
0.607321
0.258548
0.815983
0.653359
0.819291
0.809586
0.57035
0.604038
0.870762
0.553957
0.433755
0.995548
0.891756
0.425173
0.487568
0.40191
0.487604
0.929006
0.388533
0.236202
0.50826
0.807231
0.552615
0.281997
0.640371
0.442898
0.332492
0.434308
0.054849
0.120207
0.867517
0.178632
0.425966
0.633296
0.917278
0.00028
0.632756
0.235316
0.193353
0.432547
0.907713
0.319264
0.791542
0.110208
0.419686
0.623374
0.567934
0.621147
0.061164
0.073157
0.337751
0.223646
0.307559
0.375651
0.175528
0.188437
0.516025
0.08655
0.921092
0.195588
0.162782
0.428382
0.274622
0.009365
0.512495
0.119755
0.132886
0.533926
0.395072
0.790736
0.654351
0.119539
0.343528
0.643956
0.969173
0.367526
0.694186
0.055756
0.475208
0.450703
0.739779
0.159539
0.527812
0.818763
0.584408
0.023333
0.419815
0.895141
0.808098
0.307166
0.994894
0.748665
0.694999
0.035206
0.644745
0.174504
0.340082
0.397669
0.120508
0.265845
0.051813
0.196221
0.349107
0.998824
0.692394
0.216741
0.984768
0.765414
0.387999
0.846849
0.430824
0.339118
0.132489
0.217039
0.978941
0.113008
0.866052
0.649367
0.851293
0.764597
0.6654
0.94994
0.070297
0.072835
0.285291
0.672403
0.591411
0.961589
0.724905
0.113224
0.921555
0.749235
0.912599
0.354328
0.65866
0.285334
0.664856
0.574957
0.938514
0.772865
0.325881
0.517535
0.686889
0.465868
0.637991
0.104793
0.778307
0.155567
0.311297
0.142073
0.058348
0.955555
0.128608
0.694452
0.352548
0.183922
0.7342
0.620237
0.334075
0.470444
0.479706
0.533126
0.371524
0.516708
0.098162
0.809575
0.666204
0.309841
0.524779
0.956811
0.562075
0.699142
0.564351
0.714056
0.223391
0.665519
0.122943
0.455647
0.393675
0.323861
0.779453
0.776814
0.482673
0.514136
0.654729
0.993647
0.778587
0.06275
0.276002
0.089722
0.883058
0.96202
0.316985
0.616823
0.134714
0.644054
0.18318
0.238691
0.201902
0.497339
0.323226
0.314688
0.824481
0.687525
0.804299
0.636199
0.622247
0.766595
0.799969
0.256762
0.836386
0.660139
0.657704
0.896526
0.405847
0.953584
0.623273
0.09439
0.797605
0.987392
0.706114
0.601345
0.100638
0.110831
0.37074
0.360566
0.983248
0.349882
0.369068
0.199457
0.381271
0.24168
0.634023
0.299553
0.235899
0.853254
0.134627
0.996114
0.04158
0.021431
0.310671
0.772875
0.388822
0.788337
0.531415
0.043245
0.551763
0.638828
0.863881
0.114874
0.57624
0.013144
0.021683
0.324867
0.834592
0.29731
0.892524
0.470109
0.216771
0.195421
0.826069
0.891315
0.573559
0.813184
0.833469
0.321349
0.513051
0.464707
0.100572
0.346093
0.455514
0.050464
0.040187
0.414956
0.369077
0.995116
0.174047
0.458306
0.570047
0.076215
0.305706
0.598549
0.912385
0.586211
0.878045
0.798182
0.349394
0.100653
0.9777
0.033852
0.047399
0.818295
0.065473
0.808861
0.783189
0.660541
0.298159
0.961865
0.254444
0.280488
0.765388
0.533154
0.434681
0.650604
0.39873
0.492355
0.68462
0.56846
0.573285
0.843453
0.233369
0.372312
0.028817
0.0661
0.777185
0.048731
0.862087
0.411201
0.309925
0.91614
0.101283
0.596879
0.676028
0.258007
0.786418
0.726153
0.013841
0.077481
0.785067
0.665177
0.847616
0.515512
0.074895
0.731067
0.235931
0.682358
0.985887
0.363961
0.077911
0.371306
0.211337
0.320493
0.436561
0.439611
0.979483
0.703428
0.670324
0.084818
0.369844
0.841181
0.64168
0.584554
0.423987
0.964977
0.869381
0.398385
0.46337
0.258881
0.379652
0.404514
0.334891
0.185969
0.851226
0.708155
0.978102
0.402486
0.190394
0.599009
0.354677
0.822164
0.375853
0.194788
0.14356
0.676396
0.644561
0.478285
0.675489
0.167867
0.916423
0.717671
0.589435
0.055508
0.60561
0.426558
0.26496
0.518615
0.167427
0.836925
0.527823
0.679583
0.739105
0.234503
0.201075
0.672755
0.376759
0.374577
0.262459
0.080693
0.426026
0.221819
0.199411
0.296249
0.190971
0.923462
0.847262
0.679586
0.69046
0.629667
0.8657
0.237194
0.299393
0.211742
0.591139
0.910961
0.008248
0.991931
0.279445
0.322969
0.961506
0.113459
0.988426
0.864912
0.16184
0.747291
0.590938
0.481186
0.859497
0.573187
0.624737
0.320057
0.307065
0.615852
0.764276
0.965482
0.536868
0.977549
0.851638
0.231012
0.100253
0.560468
0.528978
0.476337
0.845166
0.685688
0.209669
0.562226
0.755127
0.773841
0.359957
0.369357
0.23729
0.490093
0.313795
0.685163
0.551592
0.025347
0.069321
0.980286
0.70128
0.95349
0.978738
0.992045
0.861532
0.854386
0.539458
0.580847
0.371178
0.036546
0.131438
0.415411
0.815036
0.762743
0.286725
0.733542
0.936996
0.702311
0.307424
0.051631
0.848609
0.165181
0.75651
0.273676
0.723032
0.18006
0.125135
0.430469
0.540123
0.006364
0.055103
0.021054
0.260183
0.517096
0.847732
0.486765
0.792039
0.62537
0.587267
0.922444
0.231267
0.104287
0.556477
0.456138
0.529971
0.573999
0.015874
0.679509
0.432645
0.385127
0.062433
0.676582
0.307862
0.529246
0.668046
0.295678
0.295394
0.671752
0.95895
0.715324
0.817891
0.092038
0.44773
0.087663
0.983629
0.759049
0.108072
0.300319
0.948854
0.551185
0.037761
0.444801
0.561903
0.492397
0.255578
0.547186
0.018512
0.053258
0.921756
0.082708
0.546292
0.122559
0.012852
0.658689
0.855795
0.955666
0.483662
0.013416
0.122864
0.978556
0.010657
0.138362
0.443604
0.090468
0.168405
0.693035
0.165892
0.187909
0.250638
0.544567
0.043205
0.132793
0.919972
0.786203
0.425082
0.647498
0.442464
0.786884
0.872534
0.421072
0.151658
0.536958
0.136683
0.585549
0.116918
0.335102
0.79117
0.58255
0.472358
0.179247
0.536873
0.624885
0.214078
0.287097
0.694548
0.503507
0.765709
0.283064
0.694947
0.198165
0.80348
0.230194
0.434694
0.031153
0.652546
0.134192
0.692576
0.86544
0.23978
0.803265
0.424398
0.539857
0.837869
0.666482
0.217788
0.617183
0.162609
0.727005
0.87177
0.047674
0.178575
0.100934
0.127625
0.644316
0.808284
0.733791
0.567562
0.103629
0.301807
0.37566
0.639148
0.679025
0.615543
0.112491
0.885801
0.777293
0.253616
0.85932
0.778902
0.338883
0.961079
0.572758
0.050384
0.376321
0.253971
0.996255
0.599909
0.028579
0.777712
0.323777
0.466019
0.165296
0.7024
0.814202
0.720113
0.400084
0.412909
0.517644
0.471715
0.478512
0.541339
0.548027
0.356321
0.094195
0.784691
0.555871
0.493532
0.349914
0.075162
0.865326
0.872726
0.540697
0.947227
0.222384
0.763785
0.587511
0.863467
0.300009
0.370542
0.80818
0.884297
0.109813
0.301854
0.115549
0.239336
0.804184
0.378649
0.202396
0.133875
0.184776
0.495754
0.094481
0.770321
0.909768
0.772477
0.211575
0.459357
0.665934
0.382149
0.817267
0.899008
0.727493
0.239216
0.543616
0.275326
0.719186
0.771631
0.198379
0.437129
0.267844
0.0171
0.457139
0.510132
0.396788
0.754706
0.233007
0.097291
0.146235
0.32954
0.273991
0.335951
0.856461
0.097688
0.029406
0.720196
0.971002
0.454482
0.649319
0.194864
0.96151
0.697586
0.799817
0.536144
0.284314
0.406314
0.588317
0.879011
0.193956
0.524809
0.39341
0.918138
0.979051
0.848851
0.755457
0.786465
0.701797
0.489448
0.66163
0.588181
0.947133
0.079091
0.275244
0.025764
0.070968
0.883878
0.203818
0.367533
0.635985
0.554564
0.068737
0.047698
0.239945
0.353879
0.479826
0.038112
0.759126
0.008158
0.596444
0.142493
0.237874
0.985574
0.175471
0.664834
0.708051
0.89245
0.540845
0.64717
0.13377
0.119981
0.290102
0.828658
0.372029
0.037776
0.71411
0.884749
0.358175
0.659934
0.603406
0.051377
0.144447
0.008653
0.707288
0.881405
0.106322
0.429681
0.706847
0.34364
0.392573
0.109882
0.861905
0.990468
0.071059
0.825399
0.922639
0.212165
0.133311
0.176632
0.684672
0.184753
0.459003
0.100287
0.862319
0.928421
0.729269
0.594698
0.719967
0.937215
0.415251
0.487744
0.319799
0.758684
0.962916
0.494029
0.749774
0.573328
0.933805
0.839054
0.80221
0.614904
0.500576
0.444872
0.845893
0.351914
0.117403
0.668324
0.917548
0.480644
0.830418
0.027653
0.602705
0.17339
0.911055
0.51127
0.262629
0.05448
0.930867
0.352188
0.0943
0.175434
0.657307
0.124372
0.687115
0.392314
0.426661
0.760344
0.851823
0.995982
0.672464
0.46698
0.576829
0.312031
0.070616
0.694218
0.118463
0.71948
0.094831
0.511071
0.231582
0.879013
0.594662
0.427871
0.386502
0.76925
0.346137
0.630699
0.133547
0.171804
0.342185
0.446351
0.656187
0.382818
0.269095
0.008617
0.058368
0.319518
0.637491
0.088982
0.482781
0.269903
0.856853
0.864107
0.533532
0.542947
0.923506
0.795628
0.325082
0.862291
0.945736
0.879825
0.135632
0.394352
0.203683
0.702906
0.63119
0.95393
0.382322
0.173428
0.582591
0.310284
0.235388
0.286304
0.402401
0.05864
0.018269
0.847727
0.435397
0.531954
0.980879
0.466218
0.230421
0.439222
0.900966
0.419423
0.404939
0.534436
0.251754
0.649812
0.990068
0.707195
0.792454
0.117978
0.932144
0.535297
0.227789
0.596517
0.777636
0.203431
0.760628
0.461425
0.250598
0.676119
0.917334
0.314841
0.36478
0.544296
0.960666
0.653423
0.639675
0.548003
0.813423
0.501697
0.360109
0.495646
0.745237
0.385393
0.378433
0.483702
0.641124
0.846693
0.718026
0.379956
0.484553
0.569729
0.666449
0.527605
0.432165
0.519425
0.205492
0.760438
0.000642
0.008747
0.309131
0.825308
0.346684
0.610378
0.835077
0.134251
0.698431
0.37394
0.95271
0.869773
0.089649
0.061876
0.857699
0.063509
0.9743
0.09478
0.735375
0.912056
0.610704
0.24871
0.130011
0.338359
0.294912
0.500906
0.372588
0.034045
0.226255
0.192133
0.291215
0.35023
0.816559
0.962409
0.940444
0.060133
0.842282
0.655976
0.621142
0.656107
0.200731
0.668584
0.715055
0.254757
0.902108
0.494636
0.102095
0.327134
0.093899
0.45123
0.643247
0.365511
0.936554
0.746624
0.125268
0.619062
0.923602
0.898038
0.868411
0.364141
0.397429
0.76537
0.980681
0.750672
0.823535
0.136464
0.891241
0.386365
0.054102
0.847525
0.22762
0.6904
0.68612
0.611155
0.614291
0.613131
0.972956
0.457144
0.508091
0.493819
0.98817
0.656191
0.109362
0.150879
0.020452
0.796744
0.100371
0.855933
0.758231
0.507521
0.004942
0.532488
0.669788
0.120263
0.133215
0.586751
0.01509
0.694801
0.137019
0.658769
0.517328
0.039509
0.77462
0.857875
0.241835
0.361536
0.443232
0.755608
0.834607
0.340987
0.754669
0.294703
0.900625
0.10688
0.654535
0.735048
0.50184
0.132227
0.569766
0.064514
0.688755
0.96052
0.085407
0.748468
0.88252
0.485296
0.61331
0.763004
0.517392
0.977706
0.32977
0.904862
0.696698
0.285769
0.754189
0.225849
0.94934
0.162131
0.323785
0.104504
0.171213
0.911289
0.852922
0.288241
0.988655
0.845774
0.982962
0.811917
0.177452
0.315394
0.5829
0.89524
0.336786
0.053792
0.726067
0.264916
0.075631
0.000382
0.034381
0.046916
0.263435
0.618006
0.957474
0.440028
0.93206
0.942598
0.977644
0.476448
0.544163
0.15344
0.564388
0.554766
0.140646
0.025185
0.60114
0.129363
0.910788
0.00053
0.000519
0.599503
0.282706
0.333476
0.400377
0.617181
0.392489
0.280324
0.721828
0.549085
0.3279
0.140525
0.148345
0.455303
0.888002
0.574144
0.425501
0.618638
0.031079
0.662715
0.422744
0.158075
0.543108
0.17881
0.298956
0.734809
0.70419
0.232389
0.073617
0.979902
0.216839
0.642465
0.83759
0.395439
0.875584
0.692679
0.216914
0.65524
0.254967
0.775367
0.767048
0.953758
0.126015
0.776658
0.011088
0.386106
0.421107
0.877959
0.734566
0.238052
0.951758
0.341361
0.969746
0.491268
0.395818
0.225795
0.665309
0.309888
0.73895
0.839362
0.284246
0.990258
0.223565
0.144239
0.130138
0.349403
0.756603
0.70833
0.814701
0.186911
0.489712
0.639163
0.175399
0.138374
0.32096
0.409047
0.418706
0.874967
0.999584
0.713853
0.939531
0.871811
0.41078
0.031499
0.502982
0.718859
0.100679
0.689728
0.012157
0.127204
0.774909
0.783642
0.351426
0.757966
0.154619
0.421525
0.020536
0.718557
0.976729
0.254686
0.552587
0.012766
0.368405
0.981529
0.71494
0.31783
0.773752
0.44186
0.113144
0.865755
0.954463
0.862932
0.968267
0.919535
0.023457
0.243084
0.124112
0.006076
0.115516
0.252532
0.524666
0.076761
0.915947
0.062148
0.048631
0.733359
0.571244
0.537531
0.696787
0.677995
0.873428
0.987046
0.30205
0.545424
0.588367
0.898364
0.139886
0.931293
0.60204
0.338965
0.566608
0.660622
0.885397
0.079059
0.584318
0.649885
0.341578
0.102736
0.090059
0.236026
0.818439
0.172733
0.458168
0.798901
0.671402
0.814231
0.67389
0.603931
0.928613
0.437979
0.472774
0.994393
0.26992
0.080071
0.999868
0.684863
0.13777
0.705373
0.236114
0.368081
0.542937
0.410913
0.716606
0.94511
0.662207
0.542144
0.543852
0.819068
0.015702
0.21063
0.839529
0.37901
0.245844
0.671763
0.111352
0.160532
0.451581
0.201581
0.894795
0.610523
0.566378
0.03142
0.394466
0.562833
0.340586
0.803294
0.252148
0.887532
0.181846
0.446088
0.58765
0.118992
0.188098
0.765529
0.486594
0.349991
0.409133
0.488312
0.020985
0.99224
0.48011
0.052942
0.708877
0.867366
0.621532
0.637236
0.52274
0.692465
0.123902
0.66749
0.375477
0.189439
0.449707
0.833025
0.905134
0.621527
0.734223
0.790923
0.772066
0.359826
0.151555
0.844561
0.021547
0.665934
0.615021
0.392435
0.025032
0.639324
0.576477
0.151086
0.208684
0.638059
0.859997
0.54737
0.789204
0.278967
0.766221
0.736365
0.274227
0.067945
0.627974
0.721739
0.327453
0.646247
0.864147
0.111837
0.787469
0.93733
0.761085
0.708461
0.598506
0.970597
0.732204
0.348515
0.22908
0.822623
0.532886
0.186948
0.89007
0.15399
0.325799
0.014397
0.490463
0.812414
0.902366
0.372666
0.108604
0.355834
0.066924
0.783486
0.095063
0.821866
0.395216
0.177437
0.071712
0.362185
0.175198
0.141486
0.742602
0.162656
0.793929
0.935439
0.780211
0.79682
0.993941
0.295587
0.238105
0.842675
0.247114
0.917244
0.782015
0.632083
0.516723
0.582734
0.201667
0.451091
0.590069
0.260955
0.406117
0.258281
0.635535
0.979244
0.163965
0.036327
0.111413
0.323124
0.189514
0.237902
0.23757
0.924603
0.121872
0.155814
0.135718
0.073895
0.165328
0.699897
0.343197
0.980148
0.074989
0.728349
0.093024
0.336924
0.209075
0.175706
0.181614
0.551684
0.052424
0.111506
0.801202
0.838531
0.985204
0.348952
0.321314
0.35631
0.840688
0.121079
0.86245
0.58169
0.063717
0.398536
0.471098
0.374025
0.9643
0.966794
0.698713
0.370129
0.228663
0.515734
0.822604
0.794275
0.938458
0.265255
0.757311
0.968645
0.447549
0.563221
0.727979
0.34333
0.188633
0.681745
0.236885
0.301886
0.825666
0.870578
0.284975
0.29501
0.788876
0.696175
0.769913
0.919465
0.238152
0.636334
0.660497
0.640484
0.004967
0.62027
0.349814
0.938179
0.635747
0.356509
0.025211
0.676434
0.25493
0.021325
0.633881
0.385018
0.872582
0.709725
0.429773
0.300556
0.101283
0.979008
0.647674
0.130771
0.954575
0.072399
0.527891
0.602176
0.556621
0.077858
0.580119
0.078408
0.389417
0.52929
0.297709
0.577916
0.847947
0.954184
0.317676
0.522835
0.011643
0.505882
0.763714
0.201965
0.090172
0.442307
0.128182
0.07564
0.599654
0.426324
0.054932
0.776801
0.455876
0.313271
0.652776
0.715073
0.74836
0.92418
0.148303
0.608362
0.339218
0.753771
0.613659
0.764882
0.585683
0.678615
0.326946
0.877716
0.212341
0.650073
0.663045
0.505683
0.511711
0.566746
0.924775
0.468561
0.423184
0.797164
0.926741
0.94794
0.783996
0.073122
0.141846
0.436142
0.633198
0.880813
0.099798
0.435743
0.793166
0.281479
0.087277
0.247568
0.889656
0.012124
0.499446
0.664099
0.242153
0.743073
0.697443
0.831183
0.906171
0.64867
0.829181
0.15488
0.184616
0.779517
0.230783
0.082893
0.85733
0.069129
0.58282
0.767077
0.81718
0.231074
0.54171
0.768789
0.830311
0.650329
0.874512
0.118622
0.357893
0.567382
0.358386
0.732449
0.754575
0.386105
0.853909
0.109568
0.978761
0.082704
0.243602
0.702234
0.475735
0.827264
0.033282
0.815883
0.319394
0.728058
0.432513
0.878322
0.580238
0.049319
0.970035
0.966435
0.233265
0.212986
0.895756
0.991676
0.620453
0.48962
0.876179
0.501002
0.957387
0.059349
0.247064
0.026328
0.675301
0.5923
0.475653
0.079065
0.843927
0.835728
0.298219
0.508181
0.846013
0.757815
0.120528
0.51093
0.520571
0.196943
0.308581
0.059766
0.86614
0.786147
0.165732
0.362356
0.850475
0.391723
0.296757
0.561652
0.991333
0.831288
0.522806
0.348677
0.882264
0.390494
0.112358
0.56593
0.76541
0.214785
0.967671
0.473653
0.268117
0.323519
0.707975
0.679519
0.212192
0.685668
0.48097
0.056849
0.717897
0.222579
0.135983
0.602775
0.042861
0.098559
0.62169
0.920018
0.562635
0.721512
0.751441
0.705234
0.530877
0.236434
0.654837
0.734327
0.000712
0.886226
0.704407
0.233826
0.267749
0.649927
0.560553
0.909025
0.83147
0.813901
0.818835
0.240422
0.046094
0.654161
0.570888
0.183122
0.652376
0.844365
0.60553
0.165009
0.618711
0.530012
0.538115
0.752044
0.921742
0.873243
0.483496
0.628403
0.380213
0.489785
0.470004
0.032645
0.765017
0.862811
0.543526
0.026964
0.945383
0.036605
0.85873
0.202059
0.044173
0.877392
0.781866
0.328368
0.347328
0.741069
0.332601
0.229244
0.92005
0.076637
0.612729
0.738368
0.046966
0.40688
0.402543
0.02713
0.68538
0.268654
0.265726
0.775794
0.059915
0.5456
0.632487
0.540326
0.19635
0.093252
0.224563
0.299742
0.04061
0.381989
0.029331
0.548021
0.953721
0.524207
0.202112
0.388509
0.24486
0.764175
0.417018
0.590866
0.232478
0.980618
0.214065
0.551683
0.024187
0.851713
0.801497
0.023545
0.015105
0.589193
0.985398
0.699212
0.467144
0.644033
0.352355
0.544617
0.303629
0.348879
0.140314
0.677601
0.711657
0.790083
0.552528
0.527667
0.399851
0.466611
0.80153
0.328525
0.001545
0.194326
0.848399
0.787808
0.407454
0.4824
0.555774
0.782325
0.485864
0.013806
0.86294
0.625522
0.928831
0.372506
0.894663
0.974164
0.991525
0.512827
0.664934
0.448455
0.598855
0.725189
0.367868
0.961675
0.247735
0.396657
0.44336
0.392695
0.348321
0.388176
0.552922
0.531357
0.106155
0.645998
0.222787
0.420904
0.485233
0.875252
0.428767
0.897648
0.638031
0.864291
0.863419
0.43546
0.518182
0.830752
0.769571
0.07654
0.440389
0.542625
0.146929
0.467029
0.655885
0.646534
0.06867
0.289372
0.126796
0.341035
0.634108
0.551991
0.248739
0.263301
0.864405
0.651355
0.845606
0.241595
0.450491
0.519166
0.634112
0.369474
0.517869
0.360065
0.29433
0.878402
0.968814
0.813276
0.860377
0.374279
0.737204
0.270416
0.408864
0.926168
0.408321
0.09132
0.063301
0.064985
0.367617
0.153435
0.962378
0.367223
0.794066
0.390374
0.816037
0.652929
0.624252
0.768121
0.457824
0.227737
0.743389
0.1217
0.072894
0.686825
0.89276
0.224552
0.720898
0.785256
0.855919
0.767031
0.511857
0.216189
0.720842
0.343126
0.596584
0.787762
0.00202
0.093361
0.25392
0.424057
0.239849
0.882516
0.978119
0.489181
0.942987
0.708948
0.049793
0.381945
0.515072
0.627913
0.256069
0.235782
0.950964
0.42559
0.030141
0.863732
0.922329
0.790024
0.788977
0.597783
0.238864
0.582245
0.371676
0.47543
0.563639
0.753673
0.472202
0.565922
0.689261
0.399283
0.828553
0.755666
0.133415
0.075619
0.059424
0.952138
0.254774
0.833736
0.782717
0.282677
0.771603
0.027359
0.532655
0.452556
0.052231
0.650861
0.186829
0.137711
0.525916
0.184755
0.05438
0.957934
0.016349
0.14446
0.892691
0.101913
0.123195
0.083054
0.708445
0.557898
0.716474
0.251479
0.90961
0.236342
0.905426
0.250478
0.169553
0.646603
0.366925
0.405904
0.279785
0.082675
0.153271
0.925445
0.286862
0.894172
0.95792
0.518998
0.946368
0.549029
0.17221
0.736986
0.603061
0.201086
0.722348
0.809755
0.001352
0.990625
0.759559
0.157191
0.544425
0.164301
0.242047
0.576084
0.246745
0.344903
0.741408
0.136968
0.416431
0.124203
0.650733
0.223893
0.806472
0.38626
0.627815
0.236297
0.096527
0.617576
0.536802
0.40067
0.555298
0.353722
0.118928
0.207716
0.104407
0.347686
0.951491
0.339556
0.569183
0.901909
0.105183
0.476186
0.018377
0.0421
0.190713
0.031114
0.201097
0.700315
0.937979
0.935773
0.422707
0.881672
0.476109
0.815065
0.525367
0.982513
0.077304
0.230147
0.022777
0.609008
0.138662
0.805662
0.762222
0.69951
0.298556
0.826337
0.051882
0.963777
0.330712
0.833334
0.969973
0.618903
0.286026
0.533325
0.507656
0.13605
0.94961
0.800705
0.750353
0.270474
0.71014
0.309224
0.851886
0.218602
0.607948
0.230836
0.983725
0.242665
0.233954
0.110827
0.130837
0.910965
0.841689
0.844041
0.44585
0.168953
0.52151
0.962354
0.836185
0.406863
0.197829
0.551486
0.215556
0.727797
0.786471
0.068224
0.839053
0.50458
0.046813
0.239693
0.640187
0.836847
0.80325
0.731686
0.54295
0.323235
0.950994
0.548428
0.546857
0.464904
0.583564
0.167954
0.97917
0.607219
0.26805
0.896642
0.508628
0.838802
0.322096
0.019136
0.629428
0.116084
0.026492
0.274657
0.480489
0.616618
0.792141
0.961965
0.856348
0.49572
0.499042
0.614578
0.375748
0.67562
0.39205
0.843348
0.919211
0.210193
0.783937
0.2453
0.144911
0.459109
0.074511
0.58382
0.225975
0.518261
0.456078
0.672954
0.278728
0.463465
0.607276
0.998652
0.570935
0.918422
0.268641
0.979443
0.445482
0.214783
0.170509
0.158045
0.46024
0.357504
0.827117
0.424517
0.059951
0.411393
0.621089
0.948963
0.459894
0.267025
0.587021
0.586658
0.817853
0.671326
0.851648
0.022203
0.643385
0.836551
0.407403
0.572426
0.039608
0.209637
0.180035
0.431256
0.442424
0.520913
0.291752
0.263767
0.036118
0.955059
0.639968
0.06673
0.43262
0.649678
0.681342
0.979891
0.080301
0.39874
0.746838
0.950257
0.531919
0.798763
0.619635
0.924992
0.23731
0.773819
0.45419
0.978135
0.161653
0.178734
0.257226
0.563893
0.577711
0.437142
0.909084
0.476524
0.420676
0.626101
0.501345
0.499912
0.306207
0.645057
0.961597
0.715528
0.833251
0.785338
0.853804
0.571301
0.928206
0.937919
0.178023
0.894945
0.525733
0.744627
0.374837
0.458885
0.956182
0.433404
0.393838
0.933406
0.06714
0.017766
0.940439
0.843747
0.25411
0.726442
0.809787
0.508529
0.080474
0.400366
0.13333
0.809505
0.116355
0.468724
0.036415
0.581974
0.084702
0.969317
0.769321
0.359398
0.117015
0.18311
0.211393
0.66411
0.634895
0.339955
0.905709
0.784589
0.402552
0.419084
0.665006
0.635278
0.200471
0.248884
0.023274
0.124914
0.510906
0.729614
0.020639
0.913525
0.806505
0.986737
0.146853
0.243315
0.664685
0.774716
0.976408
0.840785
0.947538
0.795587
0.534885
0.164543
0.220548
0.671377
0.896718
0.89011
0.412812
0.110322
0.524578
0.41299
0.02509
0.457398
0.875895
0.818014
0.060588
0.921354
0.711406
0.741768
0.141407
0.307973
0.640467
0.211955
0.802718
0.308874
0.583545
0.060633
0.651201
0.579205
0.071472
0.963435
0.559104
0.308456
0.971026
0.096788
0.917816
0.552582
0.802797
0.646987
0.392847
0.250756
0.551025
0.889538
0.069242
0.637925
0.317047
0.228235
0.327913
0.620783
0.552047
0.52281
0.273511
0.721358
0.785063
0.691557
0.648321
0.583964
0.478532
0.195552
0.916213
0.218399
0.64514
0.389429
0.971788
0.498653
0.218194
0.300014
0.953462
0.831954
0.147719
0.202141
0.068819
0.53153
0.726831
0.39727
0.123461
0.661985
0.714132
0.459888
0.225874
0.437611
0.136166
0.385052
0.31309
0.996614
0.161802
0.436141
0.640512
0.010351
0.270925
0.396778
0.370419
0.480664
0.096225
0.571693
0.079381
0.042802
0.588019
0.022696
0.043871
0.188507
0.463245
0.39915
0.977029
0.871031
0.917407
0.865399
0.968154
0.926337
0.960248
0.26922
0.027176
0.389551
0.460474
0.061577
0.48327
0.397602
0.415653
0.053546
0.879549
0.948851
0.706882
0.582503
0.725466
0.413041
0.372429
0.541412
0.023679
0.777257
0.622683
0.487298
0.779365
0.819644
0.459498
0.913721
0.159182
0.677009
0.282272
0.426065
0.522027
0.850903
0.624861
0.335536
0.022264
0.165727
0.422169
0.854612
0.723405
0.586216
0.65493
0.642955
0.796729
0.580509
0.471219
0.949923
0.59309
0.381268
0.935997
0.574662
0.924854
0.093199
0.773279
0.161827
0.943066
0.774827
0.644933
0.762528
0.545996
0.165012
0.999463
0.792184
0.065064
0.273506
0.679286
0.618855
0.063515
0.919837
0.180776
0.47638
0.030171
0.448442
0.238307
0.502786
0.295314
0.716439
0.118486
0.477961
0.675851
0.3056
0.162331
0.672102
0.784549
0.358516
0.550918
0.877819
0.381687
0.708766
0.92438
0.345554
0.006496
0.606201
0.973779
0.936769
0.019164
0.137275
0.948412
0.718667
0.719218
0.872188
0.737613
0.522307
0.830765
0.08521
0.702483
0.014614
0.241773
0.20763
0.918114
0.414349
0.276164
0.557745
0.709731
0.97938
0.728274
0.031951
0.119776
0.46221
0.678034
0.941583
0.00275
0.93224
0.147141
0.703777
0.641014
0.795124
0.473783
0.698179
0.209518
0.042773
0.185203
0.315737
0.792269
0.163208
0.34735
0.5299
0.118574
0.659008
0.537255
0.636917
0.331456
0.010401
0.105542
0.223098
0.889318
0.501951
0.332283
0.274259
0.056668
0.282776
0.136914
0.175384
0.284764
0.636745
0.464367
0.746963
0.948845
0.976631
0.042956
0.486403
0.134163
0.42415
0.689206
0.675428
0.068989
0.718794
0.550525
0.364754
0.3769
0.436285
0.518077
0.651388
0.23805
0.13914
0.095346
0.247225
0.183088
0.593162
0.962264
0.891839
0.081106
0.11993
0.783566
0.637089
0.921692
0.851664
0.99602
0.075477
0.035952
0.681598
0.803214
0.56407
0.342553
0.117909
0.947993
0.822848
0.159752
0.343771
0.717226
0.113556
0.464153
0.753741
0.07238
0.475175
0.927522
0.608638
0.196976
0.496432
0.943061
0.659036
0.577659
0.440639
0.062848
0.049279
0.434904
0.72875
0.790716
0.69689
0.787832
0.871454
0.008372
0.722125
0.642394
0.708133
0.755888
0.888538
0.131404
0.239042
0.648571
0.202863
0.743661
0.850267
0.355742
0.552757
0.977858
0.701236
0.748612
0.159998
0.456318
0.803499
0.893556
0.311321
0.942499
0.658454
0.834742
0.594101
0.286748
0.019821
0.512174
0.074269
0.379821
0.656246
0.963635
0.499706
0.089212
0.470236
0.836752
0.172202
0.054522
0.262661
0.476485
0.268685
0.736284
0.604583
0.600048
0.12415
0.35742
0.399722
0.705901
0.600097
0.54775
0.772376
0.696716
0.411168
0.983052
0.731533
0.819121
0.290702
0.661943
0.076602
0.967733
0.022521
0.720581
0.243672
0.922021
0.788829
0.326865
0.636895
0.324611
0.444884
0.839635
0.625612
0.947548
0.442044
0.180033
0.701722
0.42716
0.039753
0.79056
0.60059
0.120547
0.347851
0.086204
0.457028
0.823434
0.939139
0.383246
0.753281
0.084912
0.57712
0.71649
0.712224
0.694893
0.066742
0.80601
0.834156
0.071928
0.977202
0.165769
0.343912
0.696794
0.73433
0.75057
0.0488
0.797351
0.863879
0.950173
0.859369
0.500119
0.230363
0.720877
0.47455
0.503342
0.486384
0.457349
0.987453
0.623564
0.850848
0.639407
0.849362
0.305855
0.642638
0.293663
0.991291
0.862894
0.045652
0.521206
0.945626
0.174417
0.350205
0.940084
0.294164
0.368437
0.493224
0.633456
0.753281
0.451406
0.396591
0.008332
0.170941
0.736389
0.222064
0.441261
0.822364
0.17485
0.783537
0.711703
0.168519
0.544852
0.559933
0.272466
0.838324
0.812545
0.529192
0.452659
0.095216
0.050113
0.784604
0.898028
0.423438
0.695779
0.525309
0.531081
0.041741
0.021002
0.45166
0.479523
0.90884
0.343591
0.150423
0.449419
0.843465
0.46246
0.342016
0.729668
0.532342
0.18636
0.79043
0.688383
0.596459
0.635999
0.377624
0.862821
0.571179
0.50566
0.179316
0.190766
0.356946
0.430765
0.921607
0.865945
0.371928
0.778594
0.737785
0.115132
0.979049
0.793437
0.6454
0.576618
0.808933
0.159623
0.072322
0.45164
0.583024
0.664933
0.397432
0.226408
0.44858
0.43094
0.713858
0.577047
0.359994
0.738715
0.517513
0.229517
0.211448
0.629579
0.919365
0.285298
0.230812
0.986819
0.797983
0.010456
0.557809
0.844475
0.774856
0.103143
0.551331
0.050028
0.577119
0.912499
0.984155
0.292105
0.440232
0.245321
0.855627
0.051415
0.394778
0.353505
0.672239
0.58469
0.277772
0.294124
0.64112
0.451473
0.933161
0.651573
0.935569
0.221932
0.040932
0.311704
0.540171
0.670228
0.983522
0.196862
0.755897
0.038833
0.461673
0.881946
0.479552
0.1937
0.747672
0.70316
0.775649
0.539421
0.440023
0.119895
0.20847
0.283395
0.124572
0.437776
0.433799
0.815221
0.345396
0.79419
0.803032
0.389483
0.320708
0.332758
0.894963
0.877413
0.493726
0.825303
0.533727
0.382066
0.980462
0.433884
0.765654
0.401215
0.189702
0.145397
0.558447
0.340056
0.606509
0.492655
0.682159
0.707876
0.658496
0.5247
0.971535
0.11332
0.591646
0.638192
0.688558
0.113173
0.897342
0.645151
0.656462
0.552423
0.976738
0.501683
0.669119
0.252848
0.35147
0.45254
0.739133
0.02693
0.476937
0.698677
0.172298
