256 2 3
0
74
129
1
223
252
2
65
112
3
34
187
4
123
237
5
122
198
6
18
146
7
46
124
8
51
63
9
13
122
10
112
193
11
168
202
12
109
169
13
77
184
0
14
79
2
15
136
16
59
112
17
90
230
18
66
141
19
134
196
20
93
158
21
63
133
22
158
179
23
82
233
16
24
207
25
77
236
26
43
161
13
27
36
28
35
161
19
29
32
30
84
161
31
85
109
32
74
254
33
127
191
34
178
252
35
110
199
27
36
218
37
131
142
38
196
234
39
98
239
40
181
229
41
179
240
42
223
224
10
38
43
25
44
56
15
45
144
9
46
167
10
47
143
43
48
132
49
148
209
50
217
231
51
163
230
11
52
174
53
229
235
54
222
248
55
119
133
13
56
246
57
61
254
58
182
222
59
174
231
29
60
67
61
131
175
62
153
207
63
98
161
64
210
231
65
88
170
66
112
149
57
67
239
68
74
225
69
121
203
70
92
169
71
183
184
72
156
252
20
73
87
26
39
74
75
154
217
36
76
194
76
77
109
78
136
218
60
79
252
80
227
231
25
81
83
52
82
187
53
74
83
84
99
160
9
85
160
86
179
236
10
87
130
88
127
149
89
187
230
90
190
247
67
91
210
71
92
97
26
93
157
84
94
243
90
95
105
84
96
167
97
183
233
3
98
214
71
99
144
36
45
100
5
101
227
102
166
169
72
103
246
53
104
203
105
131
157
3
106
228
77
107
200
80
108
180
62
98
109
69
110
251
2
111
121
57
89
112
61
100
113
114
160
164
115
130
199
113
116
194
69
117
118
98
102
118
52
68
119
117
120
197
39
121
186
54
122
230
25
30
123
36
124
198
86
125
254
125
126
178
28
65
127
113
128
163
108
129
252
34
130
205
83
85
131
121
132
149
59
133
188
3
14
134
60
134
135
17
136
244
124
137
245
138
193
226
60
139
181
114
140
184
106
141
198
113
142
170
67
143
208
139
144
253
145
169
228
94
146
176
3
147
169
79
148
244
61
120
149
73
150
199
151
160
174
54
152
181
97
106
153
37
154
175
140
155
236
62
156
198
157
174
204
70
158
173
46
118
159
112
140
160
52
161
248
109
162
236
12
162
163
71
164
203
15
165
170
145
166
230
18
167
203
4
84
168
103
169
242
107
170
189
142
171
197
68
163
172
103
173
196
51
174
191
25
53
175
58
63
176
43
177
236
130
178
247
14
125
179
16
79
180
2
181
212
8
91
182
70
183
188
80
184
206
5
113
185
13
186
238
52
120
187
53
185
188
80
189
249
39
158
190
131
191
200
41
192
254
23
183
193
55
194
212
77
175
195
40
57
196
114
197
210
51
198
240
148
199
202
16
158
200
43
201
213
2
202
254
192
203
234
200
204
207
2
118
205
32
154
206
14
207
209
41
93
208
110
116
209
42
120
210
151
211
255
78
212
225
81
213
233
185
209
214
166
167
215
71
169
216
11
217
254
49
218
239
152
189
219
25
40
220
53
221
235
71
217
222
77
177
223
113
178
224
103
106
225
42
79
226
34
169
227
142
223
228
145
146
229
19
199
230
122
206
231
68
222
232
52
180
233
22
115
234
45
170
235
159
232
236
26
59
237
29
200
238
36
183
239
78
175
240
24
166
241
102
242
254
37
184
243
20
147
244
32
164
245
0
65
246
143
166
247
15
248
249
106
134
249
97
245
250
87
130
251
80
233
252
47
134
253
65
206
254
56
90
255
0.539214
0.58508
0.886291
0.945528
0.717985
0.861598
0.053515
0.675048
0.250088
0.087174
0.099304
0.138993
0.905713
0.205029
0.289961
0.521246
0.474726
0.978426
0.887121
0.693865
0.443773
0.273751
0.924549
0.640416
0.134308
0.469008
0.244655
0.16506
0.235363
0.554115
0.963718
0.799334
0.177903
0.41966
0.681128
0.530175
0.495346
0.096725
0.941632
0.719606
0.511873
0.407852
0.674402
0.767365
0.627817
0.747483
0.665013
0.33191
0.491718
0.478252
0.918836
0.777199
0.705981
0.578319
0.469942
0.593591
0.635115
0.113196
0.969696
0.678111
0.433858
0.619385
0.412341
0.608151
0.879143
0.65753
0.077767
0.351358
0.185745
0.555033
0.369711
0.616054
0.32428
0.090195
0.347234
0.134806
0.58907
0.115555
0.384885
0.447514
0.105133
0.449596
0.329714
0.76733
0.530404
0.860794
0.358059
0.471502
0.600671
0.750941
0.51833
0.581594
0.20365
0.068818
0.581
0.438965
0.502621
0.153108
0.417047
0.783959
0.559511
0.363306
0.181602
0.639223
0.542001
0.011298
0.416865
0.248772
0.737783
0.106737
0.25536
0.175127
0.475117
0.677028
0.711073
0.025169
0.319042
0.056603
0.396789
0.556998
0.470648
0.076541
0.607029
0.478693
0.960321
0.327553
0.511289
0.457199
0.439233
0.361381
0.275652
0.40966
0.702931
0.195309
0.346268
0.224935
0.325558
0.83381
0.498061
0.890704
0.597243
0.798752
0.147707
0.15867
0.232254
0.058928
0.803921
0.629383
0.036723
0.758609
0.888612
0.221866
0.95528
0.31121
0.520773
0.284997
0.33012
0.369854
0.246489
0.79239
0.265668
0.910804
0.006805
0.662684
0.977214
0.621892
0.963686
0.399268
0.576017
0.783767
0.346102
0.098395
0.703481
0.743498
0.970209
0.134239
0.959574
0.526843
0.960387
0.907474
0.29915
0.255601
0.195782
0.040142
0.333418
0.271597
0.639398
0.278083
0.014722
0.539208
0.218388
0.487043
0.002688
0.879476
0.546744
0.607033
0.457065
0.527836
0.440449
0.019443
0.574027
0.957569
0.1112
0.152132
0.6867
0.760299
0.675956
0.777333
0.052276
0.787743
0.667825
0.735979
0.170686
0.595571
0.516135
0.346473
0.138487
0.528439
0.745067
0.695938
0.325611
0.450931
0.296213
0.286707
0.61866
0.912775
0.094916
0.322005
0.989947
0.522919
0.283754
0.939845
0.818409
0.686895
0.295272
0.013161
0.886764
0.097286
0.434262
0.877906
0.942096
0.957743
0.767469
0.278207
0.837823
0.004864
0.322758
0.036163
0.397961
0.343714
0.458671
0.831638
0.786375
0.200473
0.971468
0.438276
0.900974
0.430448
0.897859
0.724335
0.060992
0.290929
0.990476
0.844902
0.892562
0.720659
0.311122
0.562158
0.374833
0.022127
0.403689
0.357838
0.395292
0.622699
0.36914
0.36135
0.073277
0.891153
0.615262
0.935992
0.254696
0.660066
0.513266
0.048359
0.883515
0.277172
0.09193
0.794539
0.192278
0.29956
0.558074
0.256035
0.665724
0.163806
0.983985
0.776331
0.013513
0.203026
0.014511
0.496172
0.380429
0.667029
0.372921
0.45355
0.804372
0.727819
0.884215
0.444272
0.839051
0.665794
0.933604
0.552397
0.105943
0.271381
0.448543
0.228642
0.698041
0.106276
0.315514
0.046771
0.179982
0.541865
0.734464
0.486715
0.430308
0.241015
0.349697
0.75391
0.2937
0.247261
0.788087
0.935092
0.137567
0.745228
0.376714
0.735258
0.132411
0.59249
0.167419
0.052782
0.46214
0.981492
0.881824
0.880758
0.79106
0.395847
0.211481
0.035012
0.152107
0.036672
0.087599
0.672047
0.337355
0.473562
0.707561
0.965433
0.631096
0.354079
0.519901
0.645511
0.259681
0.530118
0.470026
0.638515
0.145681
0.088821
0.458967
0.828751
0.681815
0.18054
0.761801
0.828285
0.285757
0.427578
0.214669
0.345963
0.974646
0.624958
0.756241
0.086013
0.535035
0.432431
0.884136
0.417754
0.072683
0.924732
0.943973
0.185099
0.937922
0.504975
0.417564
0.267069
0.79051
0.126758
0.236599
0.530791
0.445148
0.48868
0.152027
0.933091
0.780357
0.296402
0.63053
0.030889
0.383823
0.866041
0.930204
0.31406
0.913838
0.075073
0.104787
0.036715
0.739722
0.515634
0.338597
0.183425
0.728796
0.110456
0.93348
0.449209
0.81934
0.909463
0.28284
0.715409
0.541699
0.338553
0.998944
0.304285
0.157548
0.117479
0.073633
0.658426
0.884921
0.301609
0.903059
0.912293
0.706687
0.041026
0.954655
0.334956
0.934024
0.759215
0.702341
0.891244
0.786107
0.248676
0.894929
0.728361
0.686811
0.712538
0.094766
0.804668
0.572424
0.066952
0.992914
0.753701
0.259541
0.156653
0.089816
0.750149
0.592291
0.236133
0.557683
0.620944
0.436185
0.118967
0.618541
0.730987
0.799738
0.65169
0.77417
0.149222
0.831616
0.91001
0.875417
0.350311
0.579531
0.063686
0.109197
0.406896
0.988826
0.966654
0.482902
0.256024
0.254021
0.009757
0.42479
0.453456
0.65815
0.429084
0.910129
0.728108
0.861414
0.0046
0.52152
0.843018
0.00932
0.158493
0.016343
0.277829
0.013027
0.060386
0.318355
0.876332
0.920548
0.64296
0.428717
0.436774
0.714595
0.840056
0.972697
0.421342
0.008148
0.275347
0.905245
0.955654
0.685194
0.074383
0.65617
0.680446
0.385419
0.69199
0.936738
0.138221
0.245585
0.166022
0.674683
0.378115
0.764173
0.299596
0.087661
0.087183
0.985471
0.298211
0.388049
0.670094
0.106431
0.67454
0.875023
0.05228
0.304853
0.6772
0.001919
0.822062
0.035919
0.915949
0.343975
0.550664
0.043304
0.254584
0.819654
0.225844
0.679704
0.38366
0.427064
0.711995
0.220897
0.17676
0.685631
0.321355
0.718425
0.990809
0.174382
0.816803
0.109438
0.019431
0.641009
0.151569
0.640861
0.534808
0.359872
0.590694
0.828992
0.372027
0.521441
0.843329
0.46903
0.105092
0.749578
0.620047
0.406665
0.671331
0.573033
0.100359
0.155313
0.218252
0.023053
0.997991
0.388518
0.756765
0.099513
0.733221
0.481684
0.322891
0.836162
0.68592
0.614031
0.587165
0.247031
0.298202
0.956619
0.808319
0.939545
0.197593
0.603682
0.823059
0.363567
0.095581
0.874916
0.249543
0.905765
0.995914
0.763263
0.83825
0.368676
0.308161
0.113542
0.640176
0.746886
0.70755
0.848486
0.264468
0.363245
0.290147
0.049219
0.848658
0.462378
0.46873
0.368658
0.715057
0.057735
0.484654
0.320328
0.408269
0.90379
0.514544
0.918903
0.249485
0.780136
0.267367
0.81775
0.955851
0.163283
0.159261
0.349174
0.390509
0.309078
0.131236
0.10021
0.311017
0.293071
0.548698
0.931565
0.656475
0.991227
0.988829
0.083931
0.648943
0.599681
0.437202
0.034008
0.731959
0.029799
0.983738
0.486257
0.160219
0.458845
0.874527
0.223997
0.548021
0.789395
0.403583
0.057521
0.92871
0.695536
0.55729
0.350382
0.316599
0.96542
0.767933
0.417814
0.992004
0.172299
0.879592
0.699761
0.999021
0.119075
0.375403
0.594432
0.581931
0.066452
0.820062
0.805454
0.347623
0.144339
0.891118
0.830463
0.883472
0.540507
0.715066
0.863167
0.517584
0.633375
0.23794
0.531853
0.199812
0.042686
0.765505
0.941393
0.973109
0.541601
0.957053
0.23451
0.161515
0.318226
0.161712
0.851949
0.03259
0.423283
0.554812
0.70345
0.431252
0.396867
0.44017
0.67916
0.162145
0.301114
0.911331
0.577274
0.914393
0.735675
0.538411
0.798402
0.248688
0.370196
0.329037
0.617357
0.216834
0.113538
0.432327
0.063775
0.786515
0.502103
0.220108
0.488122
0.060705
0.390621
0.91211
0.197979
0.782405
0.88277
0.034787
0.050426
0.881932
0.935101
0.490238
0.886217
0.398751
0.050152
0.843239
0.757531
0.449872
0.921278
0.698751
0.519035
0.086221
0.226811
0.55893
0.089507
0.30862
0.234261
0.57034
0.704325
0.161489
0.164103
0.326553
0.881364
0.115237
0.344148
0.592612
0.059631
0.642374
0.29327
0.401357
0.734219
0.866744
0.366267
0.203543
0.272867
0.990068
0.93899
0.325488
0.449194
0.234072
0.789998
0.509593
0.138903
0.814165
0.379588
0.248517
0.315928
0.655313
0.789698
0.769191
0.182705
0.403374
0.016334
0.768192
0.096507
0.69358
0.450691
0.563519
0.493819
0.992312
0.950637
0.835355
0.34616
0.466804
0.890377
0.999376
0.703259
0.747256
0.756911
0.012334
0.590018
0.355264
0.368801
0.769299
0.780542
0.820234
0.816762
0.08933
0.835413
0.675868
0.483947
0.308672
0.386524
0.669284
0.971596
0.545148
0.735878
0.028911
0.491178
0.011883
0.895368
0.994966
0.804087
0.823754
0.862735
0.735195
0.508186
0.621727
0.347227
0.816782
0.362066
0.599699
0.648761
0.311242
0.815624
0.177359
0.14303
0.305165
0.498411
0.418118
0.576469
0.449533
0.052313
0.688449
0.283411
0.309322
0.05472
0.532634
0.337194
0.813317
0.115336
0.469833
0.822677
0.198963
0.672003
0.599161
0.873828
0.389213
0.776499
0.775785
0.901499
0.938137
0.112906
0.541228
0.444463
0.149167
0.092775
0.853957
0.182733
0.614033
0.70979
0.616905
0.180831
0.929611
0.388983
0.911492
0.04069
0.040393
0.062438
0.347443
0.146241
0.001696
0.582482
0.155184
0.272574
0.754891
0.706086
0.467056
0.261937
0.799099
0.1861
0.467826
0.067135
0.019371
0.71257
0.80066
0.76848
0.909706
0.921911
0.109705
0.130765
0.243552
0.5194
0.895609
0.351591
0.74565
0.271505
0.485066
0.612456
0.932063
0.038205
0.299016
0.682437
0.114726
0.92049
0.029887
0.31993
0.252832
0.825169
0.207896
0.722649
0.798458
0.739646
0.261392
0.942592
0.797533
0.02514
0.904907
0.031561
0.799647
0.372438
0.653568
0.564212
0.654223
0.526308
0.091961
0.16562
0.645564
0.185703
0.757388
0.616792
0.251378
0.259428
0.770863
0.969354
0.419937
0.194937
0.860076
0.081853
0.332001
0.014751
0.164417
0.711493
0.197383
0.599385
0.260394
0.133022
0.406352
0.366519
0.184212
0.544995
0.343113
0.594166
0.318844
0.176254
0.142338
0.010974
0.742016
0.68755
0.196839
0.511811
0.047633
0.878467
0.724842
0.443916
0.384664
0.477895
0.112316
0.854152
0.825871
0.246927
0.295569
0.332728
0.874132
0.466914
0.617833
0.085669
0.66804
0.735057
0.457743
0.040551
0.541516
0.71274
0.396312
0.756648
0.585998
0.108353
0.577077
0.806979
0.084678
0.597641
0.851087
0.056421
0.095363
0.776584
0.596626
0.602832
0.253045
0.334193
0.370082
0.026567
0.527318
0.932972
0.580156
0.158297
0.133429
0.322585
0.812539
0.886952
0.030478
0.578929
0.178469
0.761502
0.617062
0.583385
0.495314
0.576233
0.289614
0.635986
0.183693
0.909628
0.45481
0.111537
0.739196
0.178998
0.534027
0.676766
0.435859
0.906292
0.337613
0.824376
0.361891
0.230378
0.325551
0.876406
0.97565
0.137572
0.117093
0.748145
0.885968
0.986312
0.583529
0.020083
0.390847
0.788189
0.553882
0.860273
0.998491
0.237981
0.287648
0.058385
0.43351
0.88512
0.386391
0.836014
0.143149
0.599515
0.570195
0.092286
0.602219
0.313
0.128759
0.500538
0.297843
0.06319
0.955958
0.195074
0.968247
0.357328
0.242626
0.472286
0.998341
0.363977
0.714098
0.550698
0.360475
0.871356
0.153776
0.483107
0.629494
0.726951
0.440474
0.329641
0.149562
0.4852
0.633138
0.327545
0.329977
0.831874
0.618815
0.456228
0.394799
0.707985
0.521543
0.137077
0.248617
0.790565
0.896093
0.580741
0.89373
0.706569
0.832523
0.425055
0.987382
0.545726
0.820089
5.2e-05
0.58129
0.184248
0.959421
0.483393
0.518801
0.8354
0.560325
0.300241
0.126613
0.216612
0.771245
0.453829
0.858998
0.842032
0.167476
0.644505
0.34681
0.882446
0.922103
0.037307
0.316473
0.438866
0.259872
0.126328
0.360931
0.269651
0.778467
0.9296
0.447255
0.323654
0.42566
0.238312
0.621511
0.346259
0.928806
0.987285
0.364758
0.096415
0.865352
0.002893
0.007811
0.918058
0.311866
0.381927
0.27707
0.538541
0.915115
0.140821
0.752495
0.677763
0.076193
0.723286
0.538507
0.850142
0.138093
0.761187
0.057922
0.616359
0.067387
0.061666
0.179309
0.542249
0.469869
0.704533
0.707158
0.834035
0.770879
0.154346
0.548781
0.426668
0.179181
0.509144
0.627948
0.942498
0.587322
0.639619
0.978323
0.681814
0.083164
0.618632
0.810109
0.618469
0.02808
0.761058
0.442218
0.357186
0.53346
0.201092
0.369662
0.994566
0.368996
0.874474
0.894299
0.670877
0.017638
0.835918
0.12156
0.161701
0.032452
0.399243
0.507486
0.08649
0.547409
0.414775
0.002288
0.990055
0.206671
0.860031
0.685259
0.95798
0.920206
0.814104
0.5497
0.922779
0.00122
0.010696
0.511095
0.499375
0.406928
0.673852
0.485264
0.269473
0.624909
0.083375
0.083675
0.581907
0.610379
0.228072
0.703708
0.405191
0.00176
0.745601
0.745783
0.277948
0.244489
0.185014
0.291739
0.538381
0.371892
0.175276
0.382525
0.029777
0.723155
0.64337
0.589532
0.373661
0.418304
0.482933
0.229451
0.816149
0.881796
0.28344
0.830109
0.373975
0.189347
0.381534
0.773142
0.584024
0.572595
0.688189
0.172931
0.075242
0.679728
0.235515
0.579767
0.295238
0.06587
0.617212
0.330444
0.883941
0.171156
0.981921
0.176874
0.564207
0.78653
0.811
0.660256
0.830122
0.825839
0.995031
0.437587
0.513864
0.46751
0.830296
0.202913
0.316004
0.483074
0.040352
0.864546
0.186308
0.520034
0.686725
0.737437
0.579562
0.097204
0.697936
0.806029
0.002559
0.661221
0.57981
0.86204
0.090957
0.269433
0.188431
0.226159
0.456119
0.818939
0.934038
0.745309
0.569402
0.197979
0.810945
0.907704
0.916894
0.333388
0.439605
0.424004
0.098421
0.231729
0.050031
0.819447
0.342714
0.693515
0.885679
0.623365
0.626602
0.744751
0.601523
0.547354
0.426193
0.060135
0.61448
0.620367
0.502499
0.508362
0.979147
0.436418
0.896696
0.252742
0.660914
0.076206
0.607355
0.936064
0.506025
0.098296
0.539355
0.206542
0.259428
0.86893
0.824896
0.41226
0.383589
0.863329
0.97552
0.496815
0.529406
0.945979
0.325297
0.962556
0.282508
0.706418
0.213715
0.84552
0.31742
0.168149
0.083569
0.927667
0.2099
0.723145
0.489264
0.366559
0.561161
0.930415
0.667216
0.63946
0.478601
0.09393
0.749884
0.081285
0.578798
0.36323
0.005499
0.684774
0.160374
0.922499
0.826753
0.122341
0.298108
0.422207
0.328103
0.863841
0.304308
0.056674
0.661155
0.968844
0.493173
0.111063
0.077258
0.642828
0.282769
0.297585
0.418252
0.6166
0.021294
0.508587
0.526028
0.902954
0.04852
0.208644
0.230511
0.241808
0.533695
0.165521
0.577321
0.104118
0.911113
0.503365
0.296154
0.929258
0.154003
0.076098
0.776991
0.941076
0.300616
0.103013
0.838838
0.285065
0.059157
0.459215
0.458381
0.102137
0.878977
0.859135
0.7556
0.472857
0.393976
0.937824
0.50854
0.436135
0.193394
0.546741
0.122225
0.575374
0.754842
0.362826
0.231396
0.843698
0.098239
0.767987
0.941708
0.132125
0.354771
0.077892
0.99673
0.955327
0.752102
0.036743
0.403968
0.274649
0.079774
0.802451
0.562596
0.098538
0.361217
0.908993
0.335097
0.157943
0.854719
0.534818
0.434249
0.174258
0.282732
0.153209
0.177228
0.886944
0.387276
0.883149
0.013991
0.263272
0.516565
0.691779
0.032513
0.292371
0.924671
0.901572
0.744825
0.368332
0.870752
0.336436
0.341805
0.646303
0.993124
0.2349
0.313599
0.979714
0.087887
0.332299
0.591772
0.649534
0.412672
0.459763
0.861147
0.320512
0.166468
0.080905
0.887895
0.366749
0.925465
0.883935
0.537682
0.395707
0.317435
0.990148
0.991088
0.299166
0.722315
0.636805
0.667941
0.624836
0.346221
0.469583
0.236975
0.646497
0.161972
0.723974
0.083153
0.107988
0.623777
0.654149
0.843964
0.583237
0.275853
0.227929
0.966098
0.569386
0.553947
0.800077
0.038266
0.623849
0.985402
0.165938
0.044519
0.694806
0.386866
0.1289
0.08696
0.872591
0.132888
0.9361
0.545256
0.293903
0.382705
0.915176
0.567346
0.071008
0.24945
0.867565
0.434941
0.525888
0.89548
0.298152
0.460497
0.941954
0.599359
0.010871
0.676599
0.350883
0.518246
0.405818
0.437248
0.718604
0.841947
0.997874
0.094114
0.935582
0.280042
0.734242
0.869849
0.123838
0.685835
0.039213
0.236122
0.992408
0.935036
0.248379
0.41748
0.384155
0.522855
0.221412
0.674081
0.090662
0.210378
0.80025
0.67483
0.376655
0.227811
0.573505
0.61121
0.871902
0.591313
0.865929
0.511158
0.22813
0.418554
0.516704
0.793791
0.104805
0.568459
0.567955
0.779746
0.320278
0.639407
0.560403
0.143743
0.950204
0.063012
0.212704
0.991409
0.845053
0.999586
0.720198
0.898494
0.837846
0.524755
0.862432
0.140134
0.468643
0.408013
0.545323
0.045837
0.459754
0.297799
0.181532
0.697893
0.305446
0.72583
0.284651
0.708208
0.598278
0.930684
0.247659
0.403711
0.762563
0.150458
0.740769
0.345364
0.263748
0.52378
0.277716
0.627639
0.814358
0.230104
0.792922
0.299649
0.504997
0.942373
0.919368
0.530754
0.430985
0.472378
0.199804
0.328997
0.45004
0.276547
0.419923
0.055203
0.275583
0.005232
0.096003
0.707391
0.932833
0.911607
0.409164
0.183333
0.658323
0.393511
0.828522
0.91646
0.623458
0.569329
0.18514
0.194383
0.262184
0.20465
0.303598
0.663313
0.621319
0.255399
0.062623
0.147392
0.308865
0.446951
0.519634
0.90806
0.399933
0.02411
0.447462
0.057233
0.412134
0.962905
0.673983
0.143983
0.08017
0.23444
0.291245
0.690518
0.686934
0.935383
0.959904
0.062689
0.162313
0.945235
0.07402
0.644575
0.980005
0.073237
0.546606
0.000389
0.227718
0.476935
0.835472
0.228225
0.473203
0.311566
0.208989
0.335801
0.617045
0.55001
0.242112
0.018612
0.653877
0.854835
0.661726
0.930674
0.027534
0.388862
0.869336
0.187907
0.333354
0.122819
0.028133
0.562801
0.590813
0.296796
0.033228
0.250186
0.254046
0.285952
0.722717
0.970953
0.138136
0.554242
0.543722
0.395171
0.788939
0.38373
0.04063
0.217715
0.207622
0.182029
0.056724
0.798755
0.409771
0.291956
0.065036
0.865067
0.096933
0.507543
0.9806
0.190995
0.439775
0.795604
0.756303
0.766555
0.085907
0.980018
0.878461
0.528746
0.698185
0.034879
0.816382
0.914007
0.606851
0.434109
0.89716
0.531857
0.35867
0.133568
0.57084
0.260396
0.856431
0.047657
0.416041
0.762126
0.5812
0.381602
0.013677
0.181753
0.095709
0.963737
0.183259
0.511679
0.272823
0.724469
0.007603
0.272488
0.130585
0.246376
0.76275
0.298087
0.14007
0.910949
0.456823
0.812108
0.801917
0.362747
0.721877
0.527269
0.447047
0.671694
0.030793
0.794348
0.398204
0.250407
0.898591
0.286426
0.841289
0.693217
0.283461
0.578796
0.886205
0.308323
0.064248
0.798529
0.844104
0.142275
0.993555
0.674474
0.725598
0.590356
0.100328
0.872621
0.920082
0.436826
0.363305
0.702718
0.649278
0.714399
0.683374
0.40876
0.070928
0.247905
0.277412
0.993363
0.606465
0.532378
0.353837
0.497422
0.735084
0.895643
0.687416
0.381934
0.205085
0.947139
0.166418
0.083146
0.500697
0.865292
0.917093
0.084111
0.674989
0.860143
0.244866
0.610436
0.25375
0.627346
0.992628
0.250564
0.078291
0.667771
0.560972
0.933578
0.217947
0.709949
0.255167
0.74672
0.31084
0.578683
0.330864
0.142417
0.838888
0.999058
0.276858
0.35861
0.998044
0.673007
0.910736
0.669172
0.538467
0.141431
0.022752
0.902704
0.136809
0.823908
0.245115
0.046412
0.465323
0.408094
0.122017
0.5051
0.46354
0.881394
0.66589
0.965685
0.220349
0.422899
0.768531
0.394047
0.735048
0.287515
0.81891
0.078592
0.725077
0.855328
0.062754
0.050925
0.047402
0.724545
0.751575
0.665886
0.117469
0.822366
0.622872
0.478625
0.814588
0.892208
0.594924
0.357554
0.164916
0.491666
0.638202
0.493019
0.514514
0.122631
0.751778
0.147037
0.350766
0.101818
0.856835
0.092898
0.678413
0.977955
0.762402
0.080084
0.785352
0.165014
0.726071
0.192392
0.216196
0.108267
0.945855
0.794863
0.943282
0.149387
0.080983
0.351036
0.721631
0.183171
0.180677
0.989646
0.123314
0.240447
0.810857
0.590312
0.564292
0.670924
0.88324
0.165801
0.281398
0.213319
0.183893
0.765002
0.545507
0.972904
0.545789
0.767227
0.301562
0.864043
0.047767
0.112783
0.505263
0.991849
0.768002
0.101448
0.089004
0.596992
0.134143
0.227015
0.415904
0.840263
0.56649
0.291076
0.838699
0.534136
0.706863
0.415999
0.36026
0.892327
0.396188
0.18802
0.994245
0.829935
0.855071
0.296764
0.270461
0.333026
0.684718
0.282256
0.917509
0.390131
0.676948
0.426299
0.414701
0.961588
0.20474
0.282951
0.394427
0.908749
0.951102
0.30887
0.811855
0.236203
0.908402
0.514484
0.454732
0.69229
0.346797
0.570159
0.429928
0.305419
0.093564
0.549588
0.999558
0.380348
0.114468
0.202239
0.855302
0.123456
0.855419
0.545497
0.090164
0.062049
0.855469
0.495838
0.528359
0.764729
0.427682
0.778965
0.591531
0.625575
0.870312
0.662175
0.8221
0.19391
0.297461
0.024389
0.561444
0.182828
0.580794
0.12731
0.765807
0.954934
0.714667
0.542403
0.804521
0.975428
0.337062
0.730528
0.66204
0.050157
0.078242
0.031299
0.388432
0.81951
0.640341
0.678449
0.983226
0.7828
0.975425
0.085436
0.630334
0.25649
0.282935
0.866446
0.666085
0.550239
0.733128
0.144761
0.144955
0.664802
0.081845
0.715699
0.955385
0.350767
0.990524
0.547768
0.600594
0.711363
0.613816
0.278517
0.165202
0.873701
0.491341
0.710313
0.475216
0.400556
0.747767
0.956808
0.208788
0.184366
0.983097
0.755206
0.041342
0.070043
0.381286
0.227487
0.616674
0.687935
0.507817
0.191489
0.025878
0.355166
0.582454
0.686475
0.372444
0.186557
0.762555
0.720499
0.811251
0.081815
0.432073
0.58285
0.05732
0.344489
0.096902
0.132497
0.608948
0.954037
0.520361
0.374463
0.746949
0.757511
0.1818
0.214787
0.46902
0.032447
0.136088
0.693452
0.371841
0.091985
0.093121
0.862186
0.820792
0.506562
0.63719
0.53622
0.980977
0.149314
0.869071
0.938804
0.131979
0.65857
0.094139
0.573694
0.058121
0.341606
0.980739
0.77615
0.814709
0.840025
0.567351
0.699542
0.088215
0.95092
0.581333
0.823827
0.813149
0.837933
0.093059
0.822528
0.612873
0.616102
0.059663
0.27962
0.604683
0.861742
0.397028
0.267063
0.714157
0.101272
0.297112
0.509236
0.361324
0.398201
0.307362
0.585476
0.298793
0.119358
0.487743
0.884511
0.546299
0.862007
0.635075
0.393208
0.672931
0.142748
0.002887
0.263235
0.463025
0.767038
0.874295
0.124925
0.950686
0.194292
0.143202
0.912813
0.558964
0.74587
0.243173
0.317636
0.327355
0.579428
0.271019
0.636808
0.142058
0.964425
0.952518
0.883028
0.253356
0.271204
0.70652
0.15019
0.16805
0.734266
0.247833
0.327426
0.350133
0.467741
0.74113
0.704294
0.249574
0.814166
0.903258
0.711999
0.76694
0.423766
0.432702
0.417479
0.533845
0.891857
0.516195
0.90088
0.60279
0.441129
0.435397
0.470316
0.072012
0.960152
0.77542
0.674358
0.616413
0.109421
0.40675
0.240082
0.098199
0.231311
0.670102
0.20977
0.117472
0.774063
0.345932
0.045627
0.725699
0.107159
0.128054
0.13904
0.039466
0.876542
0.05048
0.496287
0.081783
0.563421
0.363753
0.488826
0.794878
0.13764
0.958592
0.337196
0.13095
0.256679
0.380361
0.951309
0.137366
0.595837
0.548744
0.982685
0.531092
0.633052
0.033196
0.723737
0.231815
0.558524
0.994891
0.215983
0.674704
0.569494
0.08763
0.32335
0.278321
0.482293
0.489409
0.431447
0.071609
0.475962
0.575545
0.257314
0.924018
0.522835
0.289888
0.433102
0.093395
0.074651
0.123359
0.684942
0.149025
0.719856
0.884116
0.615633
0.836385
0.225762
0.339327
0.39752
0.127412
0.139432
0.83899
0.16886
0.570367
0.315177
0.125456
0.426045
0.055504
0.908661
0.701897
0.512986
0.128201
0.81222
0.043001
0.034197
0.900545
0.673909
0.74277
0.862256
0.457973
0.011597
0.523088
0.432769
0.264578
0.933538
0.952559
0.229622
0.264288
0.467897
0.909217
0.467973
0.786792
0.232004
0.23447
0.288415
0.976755
0.401213
0.425062
0.249211
0.360258
0.257719
0.946782
0.825004
0.669324
0.886489
0.597628
0.612829
0.434547
0.841542
0.633479
0.636747
0.363828
0.451731
0.884191
0.021095
0.779171
0.651296
0.949045
0.991103
0.929344
0.035409
0.741081
0.422598
0.141376
0.699794
0.960844
0.303755
0.477086
0.386118
0.864167
0.924699
0.75552
0.501571
0.510213
0.970448
0.722354
0.669173
0.28551
0.32307
0.495754
0.94085
0.77438
0.006119
0.550754
0.988779
0.786638
0.610886
0.587953
0.323611
0.029503
0.073026
0.408016
0.764916
0.976056
0.531712
0.731454
0.3796
0.724036
0.792238
0.96853
0.326647
0.85775
0.759752
0.759186
0.541519
0.390378
0.135329
0.208739
0.948757
0.574505
0.700008
0.939061
0.851637
0.351124
0.447832
0.088952
0.901221
0.256118
0.176576
0.653556
0.938887
0.718291
0.59153
0.068674
0.048057
0.977364
0.863205
0.352116
0.942205
0.944496
0.896964
0.295799
0.397485
0.267929
0.969362
0.783059
0.837665
0.10211
0.664931
0.906248
0.083585
0.017359
0.990972
0.655282
0.218766
0.20808
0.79873
0.685803
0.567153
0.558252
0.830513
0.837097
0.794922
0.641542
0.880182
0.150885
0.388842
0.839565
0.648804
0.240322
0.672888
0.493963
0.388652
0.390993
0.744287
0.544915
0.086311
0.931287
0.981861
0.110215
0.955808
0.568349
0.671049
0.623102
0.80833
0.696006
0.480668
0.987106
0.810311
0.76633
0.583638
0.233781
0.397282
0.410292
0.243095
0.099043
0.097384
0.2067
0.630579
0.173626
0.140267
0.288194
0.261507
0.606725
0.288789
0.646804
0.035966
0.37627
0.805677
0.440606
0.274481
0.736689
0.781446
0.198852
0.192799
0.603508
0.908328
0.923499
0.068181
0.789887
0.681185
0.145939
0.964882
0.551459
0.338594
0.064585
0.179131
0.752047
0.320079
0.776887
0.759956
0.94666
0.608515
0.282862
0.3659
0.048867
0.535803
0.824026
0.730812
0.451827
0.999181
0.733074
0.421893
0.307913
0.551733
0.379234
0.676482
0.073373
0.711484
0.43132
0.821434
0.094394
0.768494
0.480407
0.913738
0.311001
0.633369
0.958671
0.981509
0.611759
0.972223
0.035222
0.965236
0.663163
0.50985
0.235517
0.397596
0.735879
0.688958
0.724992
0.127604
0.494034
0.715238
0.294202
0.30662
0.007306
0.108382
0.635107
0.167255
0.396971
0.915354
0.833074
0.087576
0.64687
0.862135
0.666456
0.260136
0.182848
0.711644
0.025629
0.041079
0.987636
0.804865
0.576074
0.194939
0.254164
0.629684
0.807733
0.770483
0.420361
0.152375
0.748342
0.338261
0.015897
0.387638
0.140551
0.285829
0.071499
0.339195
0.900846
0.363105
0.723506
0.352354
0.289873
0.901167
0.120192
0.946522
0.956183
0.75152
0.705537
0.342796
0.250164
0.637854
0.742891
0.965107
0.896994
0.316976
0.093116
0.362952
0.565729
0.249848
0.758392
0.259364
0.108103
0.892109
0.918036
0.308314
0.635993
0.147956
0.898433
0.299019
0.882634
0.540358
0.142382
0.500697
0.935851
0.809886
0.865748
0.577658
0.117455
0.402782
0.113874
0.53654
0.978003
0.093875
0.527499
0.349066
0.30936
0.776863
0.830459
0.741426
0.713961
0.558175
0.109305
0.956329
0.463911
0.139243
0.204799
0.124228
0.400044
0.821577
0.755759
0.91813
0.892387
0.88881
0.371242
0.427028
0.203352
0.349506
0.369614
0.90264
0.936671
0.707258
0.477015
0.401216
0.684658
0.392109
0.395655
0.114429
0.961971
0.417077
0.518286
0.383098
0.732714
0.98944
0.517447
0.826136
0.638868
0.597922
0.255338
0.416465
0.028134
0.795581
0.80891
0.59291
0.891012
0.600701
0.598843
0.820939
0.524587
0.56232
0.164293
0.852317
0.885157
0.8183
0.39158
0.082239
0.877278
0.624958
0.88721
0.471908
0.291789
0.715484
0.267163
0.890244
0.439916
0.125067
0.137119
0.993194
0.626757
0.993348
0.58196
0.102589
0.251138
0.044119
0.085539
0.555584
0.646972
0.439483
0.7626
0.63374
0.335263
0.316179
0.383985
0.308378
0.184681
0.53958
0.198881
0.843203
0.984204
0.147372
0.11015
0.393616
0.596023
0.965265
0.250433
0.100116
0.687931
0.215205
0.697827
0.492008
0.115538
0.490428
0.329346
0.429907
0.774546
0.104612
0.417717
0.595896
0.955561
0.639761
0.098734
0.129271
0.39814
0.921375
0.122066
0.789757
0.334653
0.569671
0.429422
0.839009
0.256193
0.947506
0.422711
0.341025
0.718665
0.90361
0.423025
0.210956
0.351588
0.615806
0.782162
0.397296
0.519468
0.688367
0.488458
0.654491
0.638854
0.57848
0.736093
0.463478
0.833526
0.847927
0.5455
0.950857
0.811047
0.575992
0.564051
0.745147
0.671722
0.856684
0.982201
0.776173
0.905483
0.67124
0.537808
0.539314
0.120468
0.48146
0.008159
0.370836
0.494476
0.005706
0.66057
0.509949
0.896977
0.198659
0.525698
0.904875
0.227065
0.279946
0.803581
0.217901
0.181026
0.345796
0.567291
0.551907
0.341088
0.424445
0.630289
0.215156
0.975105
0.165525
0.218582
0.560943
0.787647
0.274594
0.226647
0.317932
0.875437
0.128212
0.774992
0.808399
0.214663
0.253043
0.377539
0.750369
0.523212
0.12622
0.257718
0.365938
0.620518
0.816606
0.590481
0.429407
0.385706
0.046806
0.59943
0.334862
0.431488
0.843873
0.771712
0.796603
0.969236
0.56354
0.639537
0.701244
0.285587
0.67098
0.93884
0.089008
0.188803
0.617028
0.383596
0.685972
0.224342
0.555601
0.759039
0.469958
0.660888
0.851239
0.008983
0.791743
0.85741
0.568514
0.514282
0.833631
0.265223
0.259231
0.366045
0.330156
0.725969
0.737158
0.024839
0.423976
0.276583
0.052133
0.13844
0.952441
0.606569
0.583754
0.274159
0.083797
0.528801
0.488259
0.362354
0.590299
0.88378
0.908615
0.01816
0.307884
0.007154
0.226284
0.393101
0.810699
0.565727
0.342381
0.860639
0.803821
0.903435
0.637256
0.339729
0.653451
0.629416
0.236895
0.787676
0.957602
0.601852
0.484184
0.78831
0.333328
0.932873
0.017597
0.943934
0.9459
0.342978
0.946451
0.171413
0.111038
0.560256
0.135717
0.548827
0.763234
0.921274
0.593602
0.847436
0.608976
0.12569
0.522647
0.952708
0.411531
0.286428
0.111059
0.854205
0.75571
0.749096
0.473096
0.108549
0.150896
0.48043
0.139544
0.830033
0.164088
0.714662
0.082834
0.337194
0.838698
0.974879
0.845142
0.361181
0.41718
0.205973
0.854398
0.045732
0.328102
0.875087
0.432784
0.798119
0.804128
0.193034
0.742658
0.194036
0.187906
0.277811
0.774603
0.219605
0.707049
0.908442
0.002461
0.612536
0.479561
0.665265
0.35298
0.492491
0.58123
0.893888
0.682723
0.547452
0.168772
0.587862
0.164547
0.224003
0.290847
0.709065
0.662281
0.721942
0.097228
0.340904
0.8496
0.745248
0.84918
0.836784
0.144345
0.016806
0.821644
0.053285
0.946109
0.368638
0.963677
0.414685
0.213896
0.85377
0.027859
0.662707
0.331562
0.588786
0.780781
0.213342
0.329566
0.005468
0.620607
0.809306
0.309685
0.531792
0.574986
0.349207
0.921616
0.710536
0.700692
0.142756
0.032186
0.441781
0.532918
0.256838
0.665472
0.239735
0.610367
0.671722
0.531086
0.850058
0.312381
0.845515
0.332752
0.254081
0.600657
0.816951
0.63503
0.790819
0.961759
0.763283
0.280094
0.331999
0.473903
0.813131
0.213214
0.673855
0.255875
0.934395
0.05623
0.135467
0.574725
0.177022
0.64171
0.579069
0.471309
0.109149
0.221975
0.725377
0.356059
0.173975
0.972953
0.980405
0.810943
0.66946
0.790725
0.677038
0.875961
0.636382
0.828283
0.185629
0.218812
0.774859
0.999621
0.024676
0.359717
0.838436
0.461282
0.424634
0.978417
0.417498
0.579153
0.762302
0.381698
0.970466
0.494925
0.50702
0.623353
0.504445
0.760883
0.827094
0.547537
0.196745
0.539069
0.455895
0.529882
0.932801
0.848551
0.941626
0.550525
0.184901
0.971594
0.831462
0.699676
0.23467
0.029971
0.032934
0.958046
0.011818
0.903484
0.159007
0.679035
0.538573
0.419037
0.561452
0.841385
0.544941
0.987067
0.185366
0.875778
0.066585
0.857241
0.055373
0.988414
0.917968
0.051432
0.502729
0.525138
0.435813
0.987963
0.271678
0.373811
0.822404
0.688231
0.479211
0.950022
0.179889
0.941329
0.4057
0.33966
0.002889
0.558576
0.546597
0.995756
0.004515
0.106939
0.239945
0.633484
0.748799
0.555439
0.902688
0.786206
0.909493
0.158454
0.551122
0.49401
0.232567
0.039598
0.635918
0.355631
0.769207
0.2004
0.402996
0.61373
0.908745
0.409475
0.978054
0.609828
0.736567
0.887954
0.630729
0.270122
0.658951
0.40959
0.718995
0.85926
0.126978
0.080366
0.703111
0.543751
0.018157
0.618231
0.552011
0.833161
0.336912
0.380228
0.696796
0.164425
0.777282
0.649648
0.560917
0.061189
0.182989
0.335711
0.945196
0.391191
0.399503
0.321566
0.889811
0.770543
0.993935
0.387296
0.534503
0.340073
0.764952
0.185951
0.957264
0.698992
0.753194
0.72395
0.405158
0.378677
0.568326
0.341251
0.367267
0.327257
0.176306
0.92801
0.879078
0.800568
0.037347
0.994122
0.941301
0.00627
0.34467
0.737248
0.416162
0.19133
0.013087
0.642085
0.164863
0.287095
0.414137
0.633385
0.200281
0.16744
0.424989
0.012082
0.276258
0.350031
0.727213
0.059795
0.12783
0.157924
0.788433
0.770173
0.366074
0.429862
0.252992
0.303285
0.520821
0.173766
0.373365
0.93094
0.712905
0.986965
0.617344
0.554679
0.854548
0.577927
0.581439
0.301949
0.409402
0.200464
0.136021
0.256549
0.687259
0.631801
0.545724
0.556327
0.29934
0.93671
0.907452
0.976585
0.452439
0.595348
0.628439
0.457917
0.506274
0.262168
0.728113
0.509327
0.697511
0.343934
0.357451
0.441489
0.050542
0.557598
0.561049
0.138854
0.534043
0.238667
0.552271
0.748893
0.886384
0.483779
0.547353
0.96316
0.838765
0.376146
0.349333
0.287266
0.710127
0.835035
0.217198
0.175473
0.93731
0.714416
0.507051
0.258158
0.760543
0.40558
0.66694
0.393546
0.689449
0.62652
0.325572
0.549358
0.226319
0.14998
0.228417
0.560009
0.574661
0.488136
0.60515
0.933025
0.264908
0.473988
0.539546
0.314334
0.550301
0.488421
0.839793
0.376439
0.796538
0.830158
0.807459
0.369237
0.152976
0.911193
0.158863
0.15574
0.313011
0.287376
0.531115
0.192976
0.321886
0.927173
0.293635
0.809645
0.862525
0.026131
0.568492
0.853317
0.952044
0.83612
0.470141
0.165423
0.513613
0.588
0.783661
0.213416
0.915573
0.273648
0.160489
0.276204
0.943918
0.923311
0.086852
0.935744
0.51213
0.193379
0.143406
0.848427
0.008441
0.460572
0.955886
0.238045
0.464137
0.687963
0.764465
0.421902
0.295607
0.422399
0.354626
0.58897
0.230333
0.414019
0.810146
0.559729
0.226737
0.472455
0.498944
0.436393
0.516969
0.416259
0.012191
0.227584
0.373199
0.177055
0.330264
0.504974
0.458488
0.450073
0.568335
0.346049
0.990122
0.853141
0.921721
0.031498
0.069353
0.214742
0.19881
0.821388
0.132437
0.327858
0.502494
0.309634
0.901802
0.840734
0.502579
0.913188
0.671597
0.302459
0.477236
0.937399
0.593969
0.934288
0.074236
0.384802
0.366038
0.664663
0.67504
0.082801
0.017238
0.127593
0.285265
0.159053
0.939708
0.806851
0.985849
0.128521
0.44195
0.149656
0.534886
0.274118
0.954331
0.801531
0.208651
0.716397
0.838738
0.072855
0.846904
0.166179
0.607087
0.916154
0.802416
0.990142
0.336296
0.743436
0.71644
0.268563
0.37958
0.279365
0.693706
0.016399
0.909565
0.309335
0.789191
0.357755
0.285515
0.443074
0.323013
0.26797
0.355101
0.871245
0.34579
0.666783
0.819755
0.920653
0.734667
0.516746
0.257519
0.773671
0.034431
0.047022
0.679832
0.903198
0.704547
0.195622
0.84919
0.280654
0.8366
0.719086
0.140558
0.069705
0.886466
0.241435
0.089091
0.082919
0.085719
0.833031
0.911106
0.280319
0.380768
0.01951
0.642538
0.035171
0.327933
0.176998
0.697701
0.435499
0.708296
0.07103
0.118488
0.944819
0.871745
0.46997
0.840538
0.95682
0.469107
0.356827
0.649141
0.707305
0.164002
0.775842
0.055759
0.044844
0.962566
0.241527
0.717728
0.642521
0.780989
0.463609
0.999478
0.741351
0.020934
0.764192
0.473904
0.627961
0.92517
0.983284
0.437362
0.013604
0.067547
0.308101
0.050755
0.968964
0.501211
0.72141
0.095082
0.911911
0.842036
0.006591
0.742706
0.793353
0.600312
0.331486
0.640111
0.374434
0.775429
0.551942
0.914105
0.780196
0.452711
0.499914
0.510872
0.913962
0.561532
0.304974
0.531631
0.913473
0.31756
0.464883
0.07744
0.793371
0.954948
0.927798
0.8363
0.417003
0.343631
0.559812
0.043859
0.648798
0.711223
0.969115
0.033221
0.123516
0.984251
0.584484
0.422117
0.46527
0.143846
0.817442
0.103754
0.048146
0.967725
0.664529
0.464854
0.858667
0.240786
0.391656
0.00925
0.952934
0.095843
0.182079
0.577961
0.830169
0.499769
0.285064
0.924325
0.754722
0.766692
0.521942
0.192526
0.176017
0.710038
0.870324
0.276036
0.992049
0.50137
0.345897
0.844085
0.63938
0.479299
0.252228
0.488183
0.724159
0.229379
0.63562
0.576044
0.598028
0.015175
0.129591
0.413808
0.246555
0.868627
0.723544
0.238394
0.190545
0.019015
0.379691
0.66556
0.671483
0.495825
0.929003
0.326644
0.296809
0.161553
0.657621
0.280137
0.384346
0.676669
0.735494
0.811248
0.295275
0.291347
0.606362
0.480038
0.199702
0.147525
0.612274
0.189869
0.878863
0.88389
0.853737
0.331608
0.105152
0.10896
0.120226
0.555145
0.943972
0.153466
0.120695
0.37621
0.449611
0.285395
0.182644
0.828882
0.507667
0.899629
0.273672
0.179337
0.286909
0.322514
0.782611
0.145204
0.463181
0.458544
0.895966
0.860868
0.110709
0.70738
0.562955
0.387146
0.049379
0.254258
0.612746
0.642142
0.423013
0.848471
0.323437
0.061817
0.653505
0.859154
0.25031
0.086578
0.310707
0.470342
0.967319
0.707571
0.104895
0.079096
0.352192
0.545154
0.365172
0.852713
0.36313
0.501844
0.561172
0.353473
0.676548
0.377922
0.376895
0.698445
0.374502
0.954299
0.234305
0.246467
0.09094
0.699706
0.258621
0.898133
0.418845
0.143226
0.281961
0.110771
0.564786
0.120008
0.226134
0.887184
0.275684
0.644774
0.77879
0.116306
0.202313
0.243095
0.400337
0.310938
0.764778
0.015053
0.518467
0.567445
0.550406
0.53494
0.817103
0.671954
0.502489
0.573485
0.826036
0.682171
0.948035
0.22513
0.917702
0.581642
0.341965
0.717647
0.247031
0.079726
0.450035
0.06228
0.78859
0.558086
0.019411
0.975332
0.210437
0.239219
0.066098
0.269837
0.277191
0.145533
0.97065
0.282688
0.390614
0.858861
0.340834
0.595486
0.280725
0.894677
0.687527
0.914758
0.331859
0.386186
0.173086
0.233272
0.297692
0.449962
0.587382
0.153525
0.535786
0.241539
0.830116
0.617033
0.641912
0.606563
0.037826
0.26396
0.10653
0.608791
0.287607
0.870439
0.536164
0.506831
0.270324
0.641646
0.92888
0.576255
0.65591
0.40097
0.393123
0.699725
0.006904
0.005952
0.771675
0.684225
0.31552
0.993004
0.5687
0.520768
0.71744
0.982207
0.205916
0.145819
0.806461
0.685601
0.258921
0.984207
0.273769
0.248215
0.262596
0.435475
0.56628
0.992699
0.080777
0.036393
0.12026
0.69497
0.728632
0.607399
0.425319
0.998543
0.126131
0.912529
0.891074
0.737873
0.627911
0.205599
0.480924
0.933756
0.215166
0.333655
0.367381
0.091463
0.326966
0.094981
0.470063
0.216704
0.95898
0.558687
0.403777
0.880606
0.203936
0.459501
0.025705
0.35758
0.316951
0.675486
0.028006
0.503742
0.305421
0.355971
0.860951
0.857297
0.823743
0.745101
0.76822
0.715838
0.694184
0.293353
0.800219
0.309951
0.127138
0.939721
0.682126
0.583036
0.269549
0.875518
0.329918
0.659009
0.401746
0.643649
0.969539
0.061121
0.10721
0.104116
0.455772
0.67549
0.149984
0.151348
0.599849
0.742934
0.584455
0.815686
0.219498
0.648036
0.706638
0.686321
0.756997
0.353539
0.204977
0.510821
0.812857
0.844688
0.961195
0.995489
0.518376
0.85717
0.354196
0.045542
0.338674
0.09739
0.338438
0.599699
0.291291
0.544375
0.099037
0.646736
0.083868
0.795532
0.890884
0.988301
0.95034
0.940369
0.768686
0.450747
0.682353
0.661497
0.267188
0.244765
0.459922
0.01733
0.500987
0.724052
0.878617
0.415549
0.49299
0.76105
0.744748
0.064333
0.049161
0.919393
0.003195
0.763425
0.19024
0.901988
0.608167
0.493804
0.380693
0.139383
0.913901
0.263191
0.168184
0.730435
0.400584
0.536307
0.554573
0.71296
0.372524
0.467769
0.647439
0.198926
0.327338
0.972414
0.580062
0.917091
0.856183
0.573103
0.461504
0.795023
0.662945
0.628586
0.985189
0.343079
0.886002
0.59213
0.177466
0.777709
0.345986
0.114714
0.217141
0.557456
0.683945
0.264715
0.635387
0.990746
0.994671
0.104928
0.806132
0.320522
0.36201
0.598429
0.540958
0.980342
0.128792
0.247477
0.718601
0.622076
0.926022
0.139196
0.924043
0.149536
0.713485
0.745654
0.570261
0.458354
0.018465
0.82472
0.535897
0.878064
0.589791
0.331526
0.116664
0.398826
0.562924
0.149511
0.766959
0.348262
0.237888
0.92009
0.820106
0.10749
0.140391
0.826092
0.381005
0.34109
0.771808
0.045827
0.174043
0.332843
0.594681
0.586192
0.66764
0.826929
0.104779
0.011275
0.147597
0.157177
0.102813
0.347082
0.590094
0.759267
0.074346
0.036422
0.692379
0.725512
0.764776
0.077854
0.387921
0.819279
0.188026
0.434002
0.49487
0.865132
0.560992
0.964332
0.647685
0.894591
0.975129
0.20631
0.485152
0.641805
0.988451
0.345154
0.187096
0.370852
0.9325
0.437889
0.478658
0.023714
0.40558
0.002291
0.523576
0.33065
0.42683
0.445486
0.811603
0.311182
0.818064
0.534331
0.13354
0.506431
0.470712
0.815768
0.705644
0.418735
0.741724
0.889259
0.706434
0.241315
0.50868
0.480489
0.350728
0.777218
0.418376
0.925983
0.919824
0.60164
0.245736
0.95137
0.44776
0.249058
0.124439
0.425105
0.130886
0.824014
0.305792
0.552919
0.614457
0.18632
0.285475
0.313174
0.797874
0.210371
0.89861
0.813787
0.436318
0.810226
0.302671
0.502952
0.214799
0.481475
0.03844
0.604724
0.073084
0.337944
0.890739
0.799739
0.80345
0.825575
0.797709
0.168671
0.099811
0.016694
0.534944
0.361676
0.697142
0.172845
0.965551
0.069159
0.652141
0.717499
0.87269
0.936097
0.780961
0.739076
0.552986
0.642861
0.121282
0.063717
0.720288
0.586369
0.643655
0.760292
0.878614
0.774215
0.027589
0.056165
0.005818
0.555999
0.208086
0.232905
0.359623
0.306438
0.6302
0.560635
0.659059
0.089031
0.6352
0.083602
0.590517
0.30064
0.650579
0.624973
0.291051
0.950764
0.07471
0.618307
0.912071
0.110067
0.000481
0.621213
0.686662
0.877797
0.470031
0.232223
0.839201
0.435517
0.761694
0.119775
0.960158
0.816362
0.933392
0.78715
0.1704
0.217718
0.287865
0.24752
0.545177
0.483664
0.95084
0.24688
0.131468
0.368226
0.137281
0.852254
0.202315
0.802561
0.50708
0.886597
0.910001
0.320842
0.349873
0.030144
0.172969
0.030465
0.605458
0.078485
0.892936
0.005181
0.628338
0.169556
0.455246
0.532102
0.943642
0.380334
0.234263
0.931072
0.134145
0.680656
0.818392
0.26125
0.592993
0.333696
0.952169
0.810353
0.565102
0.33323
0.758988
0.069599
0.690351
0.536016
0.769919
0.981901
0.512616
0.160486
0.039797
0.633395
0.389759
0.668226
0.403745
0.532602
0.807429
0.186289
0.58597
0.448873
0.198424
0.593525
0.067161
0.207867
0.34678
0.444835
0.917667
0.410299
0.147868
0.069842
0.546939
0.663904
0.320387
0.334033
0.922791
0.336331
0.832749
0.237273
0.435319
0.830497
0.463095
0.909071
0.50478
0.83696
0.540908
0.665238
0.300372
0.586013
0.397934
0.204433
0.311926
0.840037
0.983392
0.602273
0.420605
0.584128
0.683343
0.508641
0.60652
0.561149
0.78658
0.892355
0.437721
0.026072
0.165411
0.792149
0.090226
0.850003
0.612796
0.364669
0.03281
0.151748
0.82625
0.381277
0.336841
0.244009
0.473674
0.14408
0.719246
0.144419
0.815904
0.036304
0.935657
0.013613
0.170573
0.808897
0.092227
0.891745
0.751268
0.858288
0.447061
0.714208
0.808894
0.649424
0.832984
0.145327
0.433585
0.230145
0.616198
0.259178
0.408762
0.682168
0.459736
0.360882
0.908906
0.589363
0.724205
0.626234
0.494904
0.500544
0.777658
0.743883
0.95693
0.848349
0.449811
0.504978
0.46554
0.640711
0.26029
0.398691
0.964691
0.204191
0.295112
0.472295
0.135738
0.202652
0.847927
0.516111
0.112807
0.180221
0.460204
0.439597
0.223043
0.322117
0.526515
0.867737
0.214913
0.808762
0.510723
0.981162
0.587451
0.511993
0.134016
0.104728
0.218846
0.900026
0.276768
0.497655
0.50985
0.226383
0.318524
0.523808
0.633981
0.191907
0.303976
0.909343
0.647078
0.387113
0.058618
0.967161
0.517461
0.865317
0.745644
0.887362
0.195312
0.153751
0.443132
0.688012
0.611688
0.771206
0.068122
0.571831
0.605108
0.994186
0.787116
0.290441
0.032544
0.027172
0.393579
0.631124
0.795904
0.634359
0.260751
0.217535
0.471359
0.307776
0.114565
0.1221
0.267898
0.987224
0.317119
0.538899
0.008695
0.613175
0.348026
0.15997
0.088188
0.670529
0.331805
0.443752
0.565982
0.01718
0.689387
0.734303
0.009771
0.623725
0.726676
0.701365
0.689516
0.051479
0.842843
0.664135
0.907752
0.99218
0.172444
0.322308
0.713201
0.243378
0.050374
0.243929
0.054702
0.319305
0.492344
0.005698
0.271244
0.37111
0.332029
0.868238
0.187635
0.880531
0.050966
0.340656
0.523069
0.337113
0.097169
0.434049
0.068919
0.545472
0.273923
0.083835
0.646288
0.626264
0.632458
0.075221
0.913291
0.35833
0.524505
0.645032
0.372566
0.239463
0.655538
0.772221
0.044148
0.423516
0.378964
0.584169
0.889264
0.088861
0.141205
0.111424
0.585914
0.574054
0.200973
0.792245
0.636058
0.769543
0.758434
0.288101
0.159379
0.662011
0.250142
0.109774
0.911348
0.538381
0.41817
0.750637
0.567496
0.586563
0.256782
0.509842
0.853114
0.351437
0.480071
0.097537
0.871504
0.343573
0.93609
0.591252
0.665632
0.113059
0.225516
0.117819
0.566084
0.160187
0.974003
0.750261
0.722136
0.809214
0.001794
0.216801
0.40776
0.052309
0.429078
0.246604
0.349666
0.745292
0.462681
0.928698
0.898473
0.749457
0.652436
0.448006
0.412731
0.895583
0.056266
0.343536
0.146876
0.437711
0.250291
0.64998
0.27633
0.712932
0.367514
0.384523
0.608401
0.956468
0.902275
0.322633
0.109633
0.003848
0.681769
0.524913
0.68715
0.537237
0.925769
0.256142
0.638031
0.061438
0.012458
0.131572
0.320479
0.512659
0.457132
0.416402
0.78724
0.165971
0.969087
0.637809
0.599267
0.342617
0.507529
0.03681
0.430762
0.292462
0.723738
0.220215
0.288263
0.834822
0.523222
0.593039
0.917015
0.287766
0.847884
0.389447
0.291738
0.20536
0.725145
0.371185
0.194179
0.141439
0.879861
0.197281
0.116266
0.563619
0.728542
0.404992
0.992633
0.927057
0.545975
0.647026
0.493743
0.848674
0.757875
0.568229
0.89395
0.433369
0.001104
0.381447
0.686968
0.072002
0.089788
0.694296
0.067501
0.841788
0.136914
0.157647
0.796988
0.258298
0.789549
0.998067
0.918921
0.825063
0.818129
0.632496
0.457008
0.042535
0.897537
0.907742
0.467299
0.942704
0.871162
0.214491
0.463724
0.131886
0.526314
0.594545
0.352498
0.279501
0.076307
0.516731
0.167443
0.8657
0.380386
0.671664
0.049107
0.151265
0.535181
0.726417
0.865026
0.053463
0.70077
0.691662
0.609733
0.423997
0.987567
0.374125
0.53375
0.886999
0.818512
0.68258
0.944493
0.957306
0.457865
0.296865
0.269138
0.190664
0.330352
0.13379
0.762887
0.200845
0.326
0.649563
0.79689
0.531562
0.776571
0.766966
0.366139
0.132919
0.752747
0.16343
0.057446
0.953214
0.565791
0.694947
0.12636
0.129837
0.079587
0.743154
0.714307
0.498692
0.638757
0.673815
0.191166
0.966135
0.275661
0.903944
0.528395
0.025773
0.697354
0.775199
0.421005
0.223826
0.994825
0.238401
0.495201
0.253705
0.408549
0.160611
0.157647
0.464175
0.681644
0.281604
0.413965
0.450897
0.395484
0.31574
0.429246
0.643242
0.909137
0.048537
0.791649
0.206545
0.306475
0.743302
0.543756
0.559626
0.738098
0.979384
0.582383
0.221259
0.014205
0.704652
0.979226
0.014327
0.927863
0.955444
0.077294
0.43052
0.27945
0.991106
0.641977
0.37098
0.390003
0.112933
0.989202
0.86404
0.792373
0.072968
0.784603
0.532101
0.62816
0.271377
0.63644
0.07545
0.23701
0.513814
0.827242
0.475118
0.509688
0.514335
0.356362
0.148053
0.022389
0.610871
0.122036
0.950568
0.226971
0.574913
0.867268
0.587013
0.777254
0.620115
0.503745
0.976553
0.643002
0.897901
0.786163
0.43129
0.204214
0.495379
0.971849
0.010839
0.443939
0.455535
0.958215
0.149541
0.804147
0.364177
0.831314
0.622235
0.792529
0.308086
0.101616
0.341549
0.896911
0.354731
0.542571
0.117289
0.126464
0.241681
0.55753
0.339892
0.218253
0.466654
0.163522
0.014947
0.831286
0.231885
0.112181
0.376556
0.006341
0.194007
0.352053
0.707198
0.020333
0.556728
0.133817
0.426629
0.321962
0.094282
0.72689
0.580669
0.022078
0.641772
0.677115
0.580228
0.050237
0.460034
0.837516
0.181783
0.11821
0.41733
0.545486
0.365895
0.35072
0.74134
0.456406
0.864322
0.44323
0.111673
0.357991
0.140039
0.795234
0.294075
0.760579
0.271576
0.775323
0.268935
0.045997
0.428811
0.55777
0.262467
0.798257
0.222024
0.336089
0.168505
0.021069
0.337554
0.725878
0.957841
0.905518
0.724659
0.548966
0.823216
0.822005
0.685801
0.216288
0.050228
0.667519
0.535184
0.882625
0.919961
0.486558
0.00865
0.76595
0.545874
0.125295
0.792032
0.343816
0.966845
0.758885
0.054421
0.559637
0.438212
0.088445
0.686903
0.962545
0.118904
0.903998
0.954998
0.657648
0.591607
0.758268
0.409282
0.134001
0.038267
0.298228
0.053566
0.550198
0.350421
0.846156
0.227819
0.486878
0.868106
0.922975
0.627987
0.840416
0.174817
0.601021
0.74044
0.58707
0.34068
0.017823
0.553912
0.796877
0.080829
0.45868
0.261317
0.505149
0.113085
0.863701
0.025562
0.12067
0.376702
0.277338
0.203041
0.226285
0.228882
0.285256
0.900162
0.716997
0.19822
0.268016
0.206826
0.932246
0.345115
0.305925
0.734874
0.402259
0.874698
0.774783
0.751711
0.276708
0.307433
0.068773
0.129335
0.257665
0.915332
0.715012
0.489286
0.761782
0.885082
0.820283
0.135279
0.34826
0.224539
0.127814
0.603624
0.708642
0.969112
0.492765
0.744685
0.963387
0.020498
0.605062
0.701755
0.812905
0.398975
0.305252
0.942273
0.846908
0.950897
0.964207
0.171619
0.296598
0.278111
0.769147
0.107187
0.817224
0.198523
0.056845
0.675909
0.076911
0.546697
0.076065
0.389659
0.361664
0.201543
0.956389
0.157883
0.869878
0.31355
0.616073
0.903061
0.30557
0.341443
0.92649
0.940812
0.501711
0.885804
0.57365
0.039139
0.313622
0.926855
0.554928
0.492826
0.376945
0.784102
0.071579
0.956328
0.124948
0.762402
0.543324
0.518705
0.509772
0.886657
0.48121
0.623652
0.06952
0.418989
0.951672
0.38789
0.396678
0.307782
0.922287
0.640964
0.654643
0.985047
0.258448
0.226748
0.953868
0.508382
0.847047
0.045775
0.010899
0.216961
0.747534
0.375463
0.444619
0.611985
0.169509
0.659393
0.741495
0.439107
0.488105
0.295447
0.535109
0.757526
0.910431
0.443354
0.926331
0.24814
0.284178
0.253927
0.537316
0.322637
0.93585
0.727002
0.385403
0.311345
0.157552
0.678744
0.161958
0.867318
0.946606
0.628421
0.83562
0.93375
0.067703
0.921327
0.514513
0.054611
0.377205
0.557271
0.199611
0.28281
0.708435
0.634683
0.004081
0.981704
0.856228
0.600387
0.003379
0.946071
0.518887
0.355666
0.316797
0.878551
0.75765
0.001794
0.700843
0.85639
0.595893
0.644135
0.76476
0.228732
0.371458
0.826798
0.558266
0.815496
0.001759
0.035154
0.886856
0.012571
0.807681
0.763338
0.626206
0.093545
0.643833
0.310139
0.824817
0.956385
0.045027
0.846623
0.978766
0.789608
0.985399
0.993824
0.052339
0.841764
0.269482
0.566071
0.005824
0.372041
0.15454
0.266046
0.788014
0.291911
0.012247
0.294898
0.991657
0.157167
0.044226
0.787305
0.661181
0.8356
0.695826
0.118233
0.78572
0.966821
0.324699
0.614365
0.987752
0.174861
0.337958
0.08566
0.49531
0.584514
0.64634
0.649125
0.003759
0.749296
0.889164
0.943462
0.93982
0.920262
0.378006
0.279855
0.219833
0.292382
0.850343
0.796442
0.670987
0.194357
0.73581
0.962331
0.3243
0.192849
0.531648
0.410037
0.503452
0.395342
0.37219
0.861621
0.876505
0.925492
0.805851
0.703532
0.144467
0.799614
0.400626
0.821063
0.966738
0.182819
0.492693
0.920141
0.084405
0.660218
0.798702
0.562852
0.164539
0.174905
0.21744
0.797566
0.125621
0.652924
0.947619
0.544317
0.880681
0.03333
0.444215
0.324051
0.976081
0.705987
0.790893
0.029634
0.683479
0.355514
0.202237
0.097155
0.521236
0.75544
0.420542
0.718095
0.061827
0.831357
0.309811
0.97621
0.76888
0.587169
0.662143
0.821796
0.111854
0.323943
0.000898
0.961902
0.825869
0.431049
0.084496
0.225839
0.775047
0.271543
0.666992
0.752701
0.672087
0.893968
0.590103
0.159801
0.495639
0.608362
0.948806
0.76959
0.640151
0.598174
0.629657
0.276469
0.387433
0.90698
0.653429
0.518546
0.390292
0.289129
0.031496
0.092569
0.53414
0.206392
0.109321
0.389155
0.388346
0.177992
0.501146
0.67115
0.63634
0.116768
0.117772
0.404299
0.68815
0.577966
0.12146
0.955615
0.802818
0.058386
0.380834
0.503846
0.034704
0.725048
0.839921
0.198858
0.681333
0.587495
0.201145
0.633727
0.201407
0.217109
0.745627
0.307742
0.604758
0.00795
0.305982
0.642674
0.560503
0.720725
0.07859
0.82583
0.480869
0.613298
0.801687
0.966154
0.214576
0.172104
0.132955
0.969402
0.302719
0.573025
0.67477
0.71549
0.845753
0.142984
0.858422
0.633601
0.573463
0.919813
0.171253
0.637899
0.498138
0.614082
0.656637
0.177723
0.314346
0.835744
0.568361
0.220903
0.527116
0.730634
0.704395
0.821398
0.035199
0.49835
0.278976
0.445221
0.960054
0.692438
0.363311
0.213226
0.933304
0.234833
0.694073
0.109506
0.432251
0.322856
0.689883
0.722174
0.911225
0.092691
0.405765
0.970325
0.843372
0.175963
0.6664
0.60821
0.667096
0.501957
0.010494
0.351887
0.811727
0.204429
0.710117
0.0208
0.701047
0.567401
0.42035
0.517075
0.492372
0.819597
0.521906
0.965476
0.265792
0.779936
0.624195
0.716891
0.756765
0.502471
0.855859
0.957741
0.418857
0.12946
0.325814
0.408545
0.056599
0.970198
0.410774
0.98981
0.193866
0.464874
0.179909
0.710854
0.970043
0.079624
0.955669
0.360273
0.517702
0.422641
0.142824
0.867503
0.929365
0.034099
0.065734
0.039238
0.474511
0.386076
0.689937
0.307251
0.852453
0.491627
0.393952
0.177189
0.611048
0.080372
0.663531
0.771425
0.595261
0.689264
0.840231
0.22619
0.236036
0.650486
0.648353
0.703458
0.884272
0.937641
0.392941
0.266915
0.945599
0.052327
0.732792
0.840971
0.475532
0.678971
0.839717
0.28916
0.385357
0.201404
0.030836
0.423762
0.041904
0.755985
0.82275
0.968354
0.232733
0.671333
0.449818
0.628495
0.926417
0.197912
0.571615
0.918483
0.501968
0.571471
0.629578
0.860925
0.508174
0.972835
0.068894
0.253556
0.722748
0.016638
0.791819
0.835477
0.935736
0.021014
0.564249
0.739072
0.494755
0.49968
0.919395
0.19823
0.62235
0.732409
0.835506
0.433925
0.96663
0.13905
0.763027
0.409918
0.13697
0.101466
0.537586
0.893225
0.05895
0.795766
0.270781
0.91312
0.994029
0.318655
0.148055
0.401446
0.416316
0.598521
0.807266
0.359076
0.580952
0.155997
0.922835
0.27329
0.234647
0.212326
0.381377
0.314829
0.818979
0.122895
0.264096
0.761629
0.221226
0.25838
0.23623
0.390894
0.672957
0.415713
0.875055
0.683317
0.598216
0.669689
0.342348
0.338741
0.429614
0.605874
0.277803
0.242761
0.862893
0.857002
0.997962
0.664848
0.649762
0.840979
0.210527
0.715089
0.956027
0.410694
0.59996
0.448758
0.821421
0.22489
0.534304
0.041573
0.851609
0.649754
0.224195
0.440076
0.217811
0.717214
0.869961
0.339256
0.914443
0.494104
0.551145
0.253299
0.906504
0.878009
0.454709
0.771976
0.906678
0.51318
0.011212
0.790362
0.922919
0.273572
0.069871
0.789656
0.637899
0.66227
0.368061
0.552242
0.711562
0.10036
0.624243
0.222677
0.117012
0.3388
0.747969
0.27335
0.373032
0.486567
0.796369
0.479914
0.193467
0.324373
0.291594
0.962229
0.268852
0.221914
0.845149
0.755389
0.822894
0.671879
0.480907
0.775023
0.924281
0.343373
0.545783
0.984548
0.431029
0.425843
0.015895
0.678653
0.321637
0.570986
0.906479
0.502373
0.958636
0.992935
0.838497
0.269662
0.797438
0.16591
0.986374
0.621973
0.311023
0.694582
0.694421
0.279044
0.448626
0.751158
0.842393
0.683094
0.789937
0.810926
0.838698
0.350069
0.814186
0.417282
0.476289
0.25875
0.844277
0.753726
0.816321
0.151
0.879464
0.488455
0.995498
0.618868
0.595587
0.557731
0.399711
0.664704
0.20206
0.934883
0.813894
0.046523
0.536439
0.898589
0.333843
0.10605
0.602067
0.669191
0.108831
0.946796
0.406596
0.761954
0.217393
0.430537
0.757034
0.789477
0.72966
0.110504
0.02003
0.30764
0.845842
0.700721
0.328894
0.758782
0.202952
0.647864
0.140179
0.008807
0.640883
0.667542
0.033295
0.013619
0.8006
0.878892
0.923151
0.303475
0.45957
0.235916
0.021879
0.118474
0.602718
0.922428
0.800818
0.096419
0.241736
0.227415
0.915017
0.320615
0.616879
0.927241
0.952854
0.669276
0.250361
0.19561
0.347516
0.517283
0.847573
0.06988
0.453214
0.455063
0.145076
0.550167
0.953562
0.773579
0.549429
0.959383
0.452107
0.44063
0.863686
0.743445
0.508769
0.289261
0.682313
0.696389
0.745857
0.337042
0.018242
0.810281
0.619082
0.837381
0.478957
0.048869
0.338234
0.08546
0.624042
0.962949
0.838759
0.810368
0.96423
0.531149
0.024047
0.54602
0.091608
0.355818
0.431405
0.976721
0.879818
0.901354
0.210953
0.887408
0.369694
0.831595
0.128626
0.304409
0.492435
0.0928
0.073883
0.557745
0.548866
0.75426
0.263543
0.101138
0.208739
0.144434
0.896501
0.929102
0.075611
0.283087
0.877615
0.618628
0.072344
0.643427
0.511848
0.351535
0.839807
0.674915
0.877457
0.576975
0.96097
0.627245
0.786529
0.085675
0.233487
0.326479
0.176044
0.281369
0.605298
0.121381
0.996778
0.536278
0.405082
0.781304
0.27302
0.022165
0.401377
0.865151
0.558014
0.574733
0.745733
0.480679
0.191157
0.616244
0.984389
0.814529
0.796591
0.638629
0.509494
0.200705
0.286938
0.611084
0.390971
0.918965
0.74313
0.292793
0.679763
0.967546
0.003916
0.533936
0.82796
0.839439
0.67472
0.313924
0.951525
0.383521
0.80663
0.329691
0.42506
0.566681
0.519863
0.47527
0.65738
0.763103
0.719207
0.190071
0.760353
0.988658
0.868144
0.13786
0.089306
0.172482
0.784231
0.717962
0.569556
0.243523
0.622945
0.950831
0.951259
0.378923
0.141543
0.306341
0.878686
0.911777
0.90947
0.416264
0.932217
0.476349
0.608718
0.931094
0.727325
0.708063
0.67724
0.344935
0.365546
0.751396
0.940169
0.913766
0.256773
0.007006
0.776671
0.89341
0.387148
0.669134
0.945533
0.969349
0.724075
0.480427
0.235645
0.822362
0.1046
0.684775
0.677167
0.03414
0.857591
0.710951
0.188272
0.662684
0.098553
0.489989
0.760281
0.407007
0.979832
0.305524
0.788585
0.300838
0.028838
0.196627
0.418727
0.12574
0.746156
0.483827
0.117383
0.990895
0.742015
0.084365
0.670668
0.468602
0.825201
0.060785
0.612461
0.666128
0.446194
0.384484
0.867231
0.621479
0.108278
0.550565
0.6392
0.079791
0.622939
0.057526
0.322924
0.855847
0.402005
0.845639
0.584246
0.53926
0.346905
0.991114
0.142347
0.773201
0.236465
0.117188
0.134328
0.417842
0.281098
0.459909
0.526016
0.989293
0.039114
0.187807
0.838118
0.057401
0.681023
0.20701
0.166652
0.324753
0.122665
0.115831
0.736715
0.927229
0.044608
0.896253
0.443496
0.378342
0.18408
0.564675
0.173401
0.093319
0.675133
0.57399
0.046117
0.847957
0.822319
0.370688
0.527217
0.970802
0.975544
0.728657
0.063143
0.324467
0.151191
0.215163
0.987087
0.365677
0.556833
0.647342
0.126136
0.923749
0.101804
0.471378
0.611883
0.097755
0.343207
0.862162
0.225529
0.078613
0.074111
0.659574
0.757741
0.492669
0.808232
0.401016
0.868401
0.623932
0.943859
0.218677
0.323422
0.169498
0.927469
0.220226
0.903851
0.962367
0.59098
0.955166
0.200003
0.301721
0.719694
0.166973
0.387728
0.149834
0.691429
0.806348
0.80902
0.800567
0.016915
0.411708
0.386756
0.145165
0.698849
0.867691
0.8453
0.297595
0.230664
0.609504
0.860626
0.137701
0.263079
0.909494
0.8166
0.99493
0.917275
0.726907
0.807217
0.672161
0.408992
0.815786
0.766968
0.00164
0.707469
0.707266
0.718092
0.213597
0.778886
0.069558
0.486239
0.498043
0.966444
0.690509
0.029875
0.270456
0.912761
0.911658
0.402329
0.704955
0.114623
0.737593
0.773555
0.39814
0.836331
0.835289
0.374412
0.197614
0.518238
0.707912
0.989807
0.538584
0.193155
0.620982
0.577951
0.140174
0.536213
0.334991
0.077759
0.457102
0.917492
0.465952
0.801615
0.828366
0.993617
0.440225
0.506744
0.51053
0.762694
0.52561
0.727532
0.957865
0.614614
0.889739
0.901016
0.328139
0.371184
0.510683
0.588208
0.663651
0.197504
0.063225
0.938865
0.318638
0.882023
0.286343
0.935047
0.932289
0.556267
0.463997
0.10078
0.644517
0.864189
0.975206
0.277193
0.006723
0.848273
0.182904
0.28733
0.952304
0.331602
0.755038
0.831679
0.01417
0.768855
0.614151
0.434626
0.755172
0.770163
0.429712
0.494222
0.885161
0.746933
0.602625
0.71446
0.616921
0.434103
0.623608
0.400881
0.222866
0.371752
0.052832
0.251907
0.767921
0.795695
0.123999
0.47599
0.89647
0.604502
0.741823
0.27331
0.387667
0.155551
0.250242
0.710792
0.088571
0.081055
0.800158
0.01654
0.337236
0.379321
0.01934
0.676409
0.702839
0.425649
0.990307
0.212497
0.142713
0.783581
0.895002
0.950311
0.972271
0.440022
0.506921
0.78664
0.550611
0.72511
0.901291
0.118882
0.841968
0.249895
0.395397
0.763002
0.247106
0.895936
0.17199
0.425631
0.123876
0.017687
0.147525
0.118193
0.438451
0.304755
0.528952
0.686284
0.285977
0.044635
0.560462
0.310077
0.057544
0.37161
0.048572
0.398063
0.093597
0.059613
0.733457
0.402006
0.707764
0.324918
0.956553
0.727375
0.189951
0.960382
0.670912
0.411549
0.316664
0.502897
0.714676
0.971054
0.422395
0.504806
0.275286
0.691347
0.328068
0.523945
0.576905
0.010523
0.453068
0.891028
0.961186
0.719899
0.190363
0.992007
0.696108
0.224861
0.8606
0.184124
0.067868
0.938078
0.472253
0.726809
0.031417
0.234655
0.121898
0.186677
0.976476
0.787113
0.268262
0.409718
0.172779
0.242283
0.739318
0.378292
0.168246
0.435632
0.841303
0.326806
0.232725
0.553112
0.027821
0.922208
0.233155
0.517471
0.301009
0.42771
0.631713
0.231711
0.398585
0.874862
0.346633
0.705
0.790387
0.615716
0.603623
0.744913
0.552415
0.241426
0.71269
0.307371
0.86353
0.412505
0.423591
0.807405
0.804825
0.492845
0.389421
0.865671
0.828778
0.56587
0.23888
0.691921
0.692102
0.716438
0.545233
0.455368
0.281157
0.804743
0.590286
0.466717
0.295003
0.998684
0.47032
0.99889
0.86994
0.525194
0.973774
0.669428
0.928197
0.893483
0.95238
0.739254
0.301053
0.347589
0.415312
0.864451
0.518588
0.589204
0.676521
0.634746
0.755412
0.968036
0.482843
0.868114
0.527352
0.560822
0.773482
0.526634
0.895718
0.182338
0.613082
0.362255
0.110218
0.613644
0.125217
0.176897
0.180814
0.909935
0.442468
0.082038
0.178891
0.410706
0.975911
0.248616
0.888167
0.785307
0.146609
0.111862
0.139271
0.958881
0.738766
0.353027
0.850879
0.626765
0.376547
0.296118
0.074249
0.876946
0.26946
0.120143
0.552891
0.328417
0.904538
0.940397
0.625299
0.367121
0.639729
0.245271
0.695953
0.952993
0.696601
0.242778
0.967035
0.611777
0.369705
0.825383
0.487785
0.479942
0.965374
0.085063
0.147876
0.82382
0.733685
0.028994
0.710239
0.600011
0.200076
0.82368
0.532231
0.824616
0.633787
0.708707
0.294102
0.499314
0.794534
0.034373
0.089369
0.941321
0.14197
0.111833
0.893798
0.305677
0.333386
0.544808
0.759222
0.792879
0.887867
0.825845
0.101101
0.366667
0.285306
0.992696
0.532489
0.142537
0.594826
0.28984
0.619929
0.122896
0.930984
0.020928
0.027035
0.46455
0.374348
0.135264
0.664424
0.375014
0.070628
0.899543
0.407532
0.583701
0.37455
0.827523
0.345996
0.587168
0.924678
0.825261
0.940147
0.13225
0.798714
0.695851
0.646201
0.278472
0.085879
0.642458
0.09601
0.331254
0.713087
0.335797
0.832473
0.889633
0.573424
0.643489
0.588155
0.003589
0.663312
0.315282
0.834692
0.294613
0.3193
0.373862
0.330903
0.570164
0.322546
0.038668
0.27084
0.822911
0.710099
0.698971
0.402404
0.160523
0.340474
0.808641
0.943228
0.059103
0.749708
0.436141
0.122458
0.856656
0.036118
0.028695
0.361135
0.136077
0.914348
0.983192
0.614748
0.515099
0.688675
0.862663
0.529731
0.31625
0.000636
0.342709
0.136896
0.84575
0.925819
0.072751
0.208164
0.732316
0.798902
0.326041
0.113433
0.812298
0.562961
0.322386
0.421725
0.257495
0.941096
0.137297
0.459568
0.919156
0.856986
0.289619
0.693194
0.459666
0.719891
0.630619
0.740273
0.092926
0.183024
0.352715
0.140585
0.563028
0.400286
0.590736
0.965119
0.332633
0.482786
0.727488
0.866591
0.530511
0.481411
0.57223
0.883997
0.350198
0.359487
0.869775
0.020018
0.973592
0.944443
0.287802
0.880815
0.86
0.912285
0.739082
0.957455
0.897024
0.849499
0.277494
0.200682
0.66009
0.889808
0.490629
0.414156
0.972654
0.808716
0.310483
0.647741
0.139422
0.724643
0.370853
0.364926
0.485706
0.581056
0.025622
0.806026
0.69188
0.714945
0.630503
0.880725
0.384039
0.120833
0.290126
0.124369
0.771788
0.386443
0.022516
0.510197
0.040786
0.065242
0.891373
0.602541
0.423902
0.399944
0.151671
0.919902
0.128669
0.658951
0.662302
0.440054
0.378561
0.072667
0.597858
0.5802
0.040355
0.062178
0.219727
0.925676
0.750057
0.121791
0.131506
0.834789
0.247062
0.379643
0.674119
0.77452
0.950081
0.647343
0.416494
0.20026
0.810257
0.564599
0.723636
0.233786
0.557194
0.816005
0.175438
0.429333
0.778509
0.006503
0.553534
0.424115
0.995554
0.825171
0.582064
0.18816
0.608853
0.923954
0.639895
0.892151
0.589029
0.115418
0.874386
0.675095
0.675459
0.578011
0.955913
0.689357
0.011413
0.558533
0.830493
0.350965
0.658366
0.10058
0.944021
0.61865
0.659303
0.017141
0.71173
0.240873
0.960575
0.93206
0.300665
0.474652
0.150841
0.216326
0.395902
0.041937
0.369541
0.851267
0.627307
0.015165
0.779713
0.637859
0.42792
0.526562
0.586641
0.308954
0.411548
0.822563
0.696446
0.150535
0.67449
0.870852
0.23869
0.764323
0.475841
0.863614
0.869758
0.768975
0.105702
0.131814
0.530916
0.529895
0.179902
0.433112
0.316032
0.928173
0.75847
0.912342
0.808657
0.933652
0.052052
0.830274
0.930362
0.672378
0.554958
0.959402
0.112147
0.897891
0.884463
0.887122
0.221904
0.869161
0.713768
0.909542
0.536306
0.972764
0.493591
0.050267
0.292693
0.323329
0.178428
0.438817
0.835994
0.700646
0.075831
0.123633
0.781421
0.048828
0.770236
0.278268
0.531902
0.511995
0.391368
0.699549
0.783371
0.818586
0.042187
0.595455
0.605149
0.697592
0.531471
0.293897
0.627322
0.782031
0.433162
0.599299
0.988128
0.722363
0.328613
0.305121
0.331129
0.680179
0.36896
0.790425
0.584539
0.910734
0.550973
0.50069
0.137621
0.523564
0.042108
0.443369
0.493219
0.754745
0.375914
0.358907
0.611227
0.676098
0.396231
0.209577
0.798395
0.377975
0.462034
0.585503
0.913874
0.913194
0.627259
0.910295
0.917638
0.889979
0.151529
0.680626
0.609395
0.855458
0.748982
0.94237
0.917452
0.297448
0.846884
0.59892
0.221196
0.67524
0.778694
0.932115
0.394287
0.897713
0.27359
0.14688
0.53812
0.207972
0.847714
0.680822
0.071151
0.855039
