256 2 3
0
5
31
1
138
195
2
65
120
3
65
207
4
23
233
5
82
141
6
54
253
7
159
214
8
80
221
9
74
159
10
160
197
11
162
232
12
63
237
0
13
243
14
175
230
15
175
237
16
161
176
17
24
198
18
22
181
19
60
204
20
32
73
21
53
145
22
68
75
23
118
121
22
24
66
25
88
147
26
112
176
27
77
121
28
150
241
23
29
59
30
141
255
31
95
173
3
32
223
33
64
222
34
85
253
23
30
35
36
136
205
31
37
232
38
88
187
2
39
201
35
40
186
41
61
191
42
47
48
8
43
252
44
77
195
11
45
60
46
83
166
47
88
152
48
77
228
35
49
138
50
136
154
51
189
223
33
52
162
53
99
193
54
73
103
55
71
156
44
48
56
29
57
152
58
60
120
59
78
218
38
51
60
14
61
173
18
62
209
63
83
213
64
157
246
65
87
123
66
78
235
2
67
153
68
174
196
7
69
104
53
70
139
71
75
142
24
72
231
52
73
139
74
93
156
61
75
143
12
76
162
73
77
165
78
221
235
79
129
202
79
80
221
60
81
158
11
80
82
83
201
247
84
130
213
85
186
217
86
170
225
87
111
187
10
88
232
89
158
183
48
90
126
8
91
216
81
92
242
93
124
208
54
60
94
74
95
168
96
167
170
10
77
97
44
98
252
99
212
228
21
100
253
13
49
101
37
41
102
11
79
103
5
30
104
105
181
197
36
106
125
91
107
155
39
108
168
47
109
131
26
110
135
111
188
207
6
112
128
39
113
148
22
114
253
30
115
174
33
54
116
110
117
187
118
227
235
119
127
247
6
106
120
121
123
206
11
28
122
74
123
181
13
124
223
125
147
216
126
142
216
23
127
184
56
128
210
87
113
129
103
130
223
100
131
159
63
132
242
133
171
185
78
113
134
135
233
243
81
136
189
137
207
255
17
100
138
21
53
139
15
123
140
119
141
157
102
116
142
143
157
164
55
144
246
120
123
145
140
143
146
3
47
147
80
98
148
90
94
149
122
150
198
104
151
186
79
124
152
2
144
153
132
154
252
76
155
173
11
71
156
129
157
206
32
133
158
159
242
247
24
147
160
101
161
248
103
162
227
38
163
249
140
164
196
133
165
174
10
28
166
31
74
167
2
168
220
66
76
169
0
170
205
83
171
222
130
172
249
19
156
173
53
109
174
53
175
231
119
176
195
68
127
177
22
96
178
77
115
179
50
175
180
61
168
181
162
182
183
55
183
189
153
178
184
14
185
209
81
186
188
105
187
227
54
182
188
39
102
189
81
167
190
87
168
191
135
192
249
103
123
193
94
181
194
110
134
195
33
55
196
197
202
231
147
198
212
74
158
199
187
189
200
72
143
201
174
202
248
117
203
232
6
204
226
3
9
205
194
206
207
131
201
207
45
47
208
53
209
224
33
210
231
154
159
211
182
212
234
17
92
213
167
214
247
51
190
215
93
130
216
171
177
217
16
218
247
70
144
219
200
220
224
187
221
222
109
222
229
171
182
223
187
202
224
24
225
237
79
222
226
115
225
227
60
130
228
104
217
229
93
109
230
8
105
231
60
232
254
106
118
233
70
234
255
110
115
235
78
148
236
151
200
237
10
29
238
101
217
239
49
232
240
12
189
241
49
122
242
37
63
243
94
163
244
82
135
245
2
217
246
49
218
247
2
33
248
169
236
249
139
142
250
48
86
251
89
94
252
21
174
253
50
119
254
45
243
255
0.926844
0.176313
0.464313
0.825779
0.715767
0.921664
0.506736
0.608782
0.766694
0.141005
0.160778
0.732733
0.940794
0.464832
0.721625
0.348945
0.143905
0.47104
0.977142
0.136357
0.628125
0.861786
0.333511
0.796276
0.781274
0.777047
0.448229
0.785703
0.682825
0.820702
0.514752
0.004553
0.718124
0.338228
0.572468
0.24359
0.518312
0.676614
0.294911
0.931098
0.152398
0.969212
0.625322
0.459552
0.097543
0.508439
0.732239
0.968564
0.259954
0.574067
0.585398
0.284567
0.170853
0.632906
0.547972
0.474183
0.514282
0.107934
0.912638
0.050022
0.867843
0.533567
0.77442
0.631982
0.831863
0.48077
0.230082
0.237571
0.713959
0.324074
0.311313
0.403762
0.19077
0.579946
0.287611
0.137718
0.887781
0.503557
0.803284
0.169634
0.882462
0.316877
0.486999
0.224744
0.146462
0.488349
0.996338
0.399826
0.181438
0.143638
0.182636
0.487451
0.224142
0.306346
0.316954
0.938415
0.111846
0.672181
0.73607
0.898788
0.662108
0.653277
0.144767
0.705662
0.611523
0.386211
0.189299
0.558955
0.264093
0.907411
0.239149
0.893856
0.63376
0.260299
0.730194
0.075612
0.214708
0.423431
0.657471
0.80064
0.261604
0.943468
0.70806
0.948654
0.596529
0.442192
0.980179
0.656622
0.339905
0.600934
0.212494
0.70355
0.110807
0.012441
0.602391
0.288618
0.153139
0.091688
0.535148
0.442549
0.71264
0.159941
0.220538
0.304462
0.888892
0.000909
0.01951
0.023559
0.178595
0.550475
0.050102
0.519544
0.58954
0.532828
0.425361
0.14859
0.338887
0.498399
0.651768
0.730499
0.285131
0.452819
0.257273
0.165891
0.757919
0.267011
0.090336
0.109086
0.936443
0.503262
0.601283
0.709672
0.676374
0.866427
0.050394
0.591496
0.685577
0.654935
0.822735
0.623044
0.628503
0.649747
0.663817
0.276913
0.261481
0.665637
0.379608
0.541561
0.084672
0.572778
0.471327
0.676658
0.993557
0.95248
0.168267
0.464898
0.264079
0.789902
0.197962
0.421697
0.191809
0.550266
0.814645
0.102947
0.142483
0.758606
0.312557
0.218286
0.956886
0.515794
0.595559
0.005942
0.966598
0.073022
0.721286
0.429484
0.640921
0.536859
0.422235
0.42932
0.072271
0.015534
0.150228
0.684522
0.994338
0.641949
0.91569
0.431424
0.305392
0.419815
0.609632
0.161941
0.644911
0.465043
0.663792
0.41408
0.997198
0.509129
0.094129
0.992327
0.682391
0.144175
0.832188
0.882248
0.566097
0.158749
0.074533
0.609079
0.739544
0.048037
0.459784
0.165169
0.359293
0.635195
0.801122
0.955845
0.294655
0.212308
0.418456
0.298935
0.60047
0.11531
0.646131
0.427671
0.472048
0.25005
0.025653
0.762094
0.995462
0.767682
0.202989
0.925674
0.332272
0.009031
0.164385
0.452061
0.366187
0.916857
0.221056
0.822613
0.956865
0.41281
0.77233
0.102114
0.856277
0.368755
0.309852
0.188034
0.518745
0.646129
0.454711
0.590453
0.865723
0.925773
0.358942
0.881599
0.244456
0.960658
0.829916
0.962471
0.225858
0.370225
0.399382
0.03528
0.619974
0.528325
0.053863
0.89901
0.107871
0.601871
0.666198
0.503078
0.562079
0.863007
0.633752
0.308333
0.954518
0.168756
0.5386
0.277035
0.239088
0.472667
0.434713
0.384221
0.102698
0.330799
0.308583
0.804931
0.700737
0.264374
0.792221
0.409919
0.911844
0.233722
0.736438
0.726502
0.409785
0.341924
0.294512
0.821697
0.27165
0.842967
0.841738
0.274025
0.435182
0.402455
0.368788
0.691778
0.897044
0.797485
0.336171
0.322266
0.659117
0.225216
0.503606
0.544635
0.799314
0.688432
0.488584
0.876678
0.413188
0.978727
0.466843
0.634562
0.214735
0.713807
0.661786
0.864476
0.159037
0.779979
0.876861
0.963099
0.619822
0.867443
0.267
0.28854
0.53652
0.24345
0.535659
0.468324
0.903463
0.234504
0.135942
0.370622
0.80304
0.290629
0.811529
0.336422
0.938395
0.549637
0.626788
0.90333
0.613344
0.998992
0.690644
0.854384
0.99453
0.218403
0.801101
0.944824
0.86612
0.031757
0.132807
0.361079
0.976302
0.487336
0.453395
0.965209
0.311334
0.632134
0.639514
0.093863
0.314704
0.642932
0.403868
0.202532
0.828569
0.601035
0.019766
0.378684
0.193506
0.685416
0.774037
0.417076
0.142491
0.967606
0.078974
0.965439
0.27204
0.72178
0.49439
0.394585
0.628473
0.065162
0.175116
0.756961
0.580009
0.267804
0.783917
0.524109
0.684558
0.115729
0.421553
0.066272
0.641995
0.453989
0.446727
0.585571
0.732124
0.996701
0.477003
0.1977
0.484038
0.776957
0.856041
0.699748
0.012482
0.726263
0.954288
0.321707
0.257105
0.995126
0.019084
0.719684
0.193034
0.124365
0.588484
0.226391
0.583909
0.028679
0.644687
0.426676
0.161335
0.421136
0.344096
0.985541
0.632463
0.548282
0.556348
0.986572
0.589449
0.080038
0.15043
0.380622
0.740608
0.739811
0.001826
0.930233
0.17292
0.381492
0.837266
0.730242
0.52675
0.531269
0.504914
0.885898
0.953816
0.809206
0.006584
0.091932
0.488002
0.34112
0.467575
0.816172
0.106603
0.522085
0.133894
0.737728
0.737389
0.590283
0.269554
0.618242
0.407034
0.930606
0.018762
0.185059
0.50208
0.545239
0.613989
0.879211
0.756727
0.546792
0.640425
0.136936
0.684872
0.087783
0.832285
0.012344
0.838664
0.169042
0.302855
0.047168
0.346489
0.226299
0.561661
0.778925
0.616647
0.215228
0.71812
0.938454
0.356439
0.468086
0.629309
0.543736
0.782616
0.91301
0.86922
0.195433
0.703564
0.263702
0.592703
0.982652
0.503581
0.885828
0.855073
0.203403
0.269156
0.569367
0.517651
0.399742
0.940164
0.573535
0.098465
0.379412
0.287512
0.999237
0.935058
0.637647
0.859242
0.912545
0.728086
0.387872
0.353322
0.970479
0.683096
0.041474
0.425733
0.555889
0.918543
0.351768
0.31009
0.607777
0.740794
0.204669
0.032354
0.921752
0.580737
0.749111
0.86495
0.545617
0.583564
0.991488
0.206896
0.102179
0.924115
0.272687
0.215517
0.986446
0.562552
0.091868
0.567978
0.377644
0.89155
0.590984
0.330508
0.245355
0.010293
0.295747
0.683
0.289453
0.103855
0.97288
0.400791
0.656814
0.077114
0.59635
0.496165
0.317731
0.584406
0.128388
0.466695
0.615881
0.380555
0.42495
0.419979
0.646408
0.491415
0.984883
0.42368
0.728635
0.450031
0.92747
0.721669
0.696883
0.424614
0.952106
0.084697
0.252679
0.482653
0.97005
0.764854
0.382702
0.431551
0.663981
0.715553
0.038055
0.30274
0.637778
0.927697
0.931352
0.376758
0.733228
0.494271
0.184141
0.855439
0.494302
0.237539
0.106405
0.073046
0.710073
0.810722
0.533047
0.411824
0.471027
0.098234
0.706648
0.662226
0.237587
0.911373
0.703176
0.888408
0.46324
0.369749
0.128804
0.027428
0.993095
0.625092
0.945836
0.025069
0.675833
0.064165
0.334554
0.619555
0.117259
0.496177
0.742514
0.868045
0.370752
0.473981
0.403231
0.627856
0.345227
0.026038
0.241189
0.798535
0.547261
0.424515
0.417437
0.312034
0.092313
0.02379
0.099863
0.685981
0.675827
0.706209
0.850962
0.26538
0.491344
0.142679
0.73897
0.3131
0.652829
0.318464
0.934392
0.310327
0.386832
0.953811
0.063408
0.724654
0.931815
0.820829
0.887113
0.282931
0.194765
0.384785
0.651669
0.915043
0.958774
0.801231
0.556402
0.159762
0.656174
0.95295
0.875461
0.011609
0.086448
0.596381
0.78481
0.453509
0.129801
0.081046
0.692376
0.618868
0.366641
0.475276
0.83551
0.13971
0.791662
0.946678
0.638278
0.318784
0.395068
0.231996
0.059036
0.165673
0.223785
0.331006
0.286623
0.378579
0.359591
0.451608
0.068656
0.137958
0.490346
0.716548
0.642142
0.851572
0.818149
0.621616
0.31586
0.993972
0.979561
0.272507
0.572128
0.922342
0.357487
0.394106
0.598425
0.829804
0.662879
0.757094
0.955284
0.03202
0.016277
0.164087
0.543387
0.592514
0.429479
0.999631
0.322331
0.026015
0.235542
0.827897
0.447895
0.224536
0.350327
0.46007
0.175858
0.580112
0.422441
0.581451
0.828322
0.499473
0.736066
0.228365
0.675169
0.459419
0.275853
0.52084
0.966808
0.145235
0.818746
0.924756
0.343078
0.529448
0.672818
0.387928
0.356013
0.011706
0.011963
0.47267
0.106564
0.013998
0.459939
0.68883
0.576409
0.162492
0.481091
0.991475
0.342536
0.876918
0.945893
0.657779
0.722967
0.517799
0.481614
0.502683
0.654644
0.147087
0.325338
0.083259
0.039482
0.608376
0.343925
0.102711
0.357813
0.564205
0.160594
0.881932
0.4244
0.277046
0.643957
0.966044
0.75422
0.570823
0.986458
0.568948
0.752451
0.508537
0.457828
0.896534
0.224413
0.186867
0.377864
0.616304
0.873559
0.44072
0.736699
0.250605
0.694529
0.673108
0.264586
0.970502
0.20905
0.339655
0.141697
0.200927
0.516966
0.594808
0.401771
0.385985
0.535308
0.077107
0.409298
0.707544
0.173134
0.428903
0.447435
0.403419
0.738334
0.577364
0.127451
0.036435
0.809043
0.29458
0.38265
0.743976
0.683829
0.612649
0.366777
0.092985
0.751357
0.038477
0.135643
0.018029
0.28749
0.924808
0.90398
0.244034
0.106842
0.808922
0.639562
0.802782
0.678853
0.151274
0.546866
0.649485
0.896929
0.569411
0.308332
0.213146
0.571095
0.362332
0.068593
0.910458
0.532206
0.546771
0.602552
0.842037
0.165295
0.859698
0.260478
0.820968
0.131795
0.042119
0.311478
0.176494
0.459299
0.714183
0.357969
0.897823
0.486724
0.634799
0.281868
0.949865
0.892203
0.900481
0.70773
0.856012
0.198153
0.546112
0.291054
0.627261
0.877376
0.179551
0.093254
0.86868
0.241607
0.006854
0.403398
0.009228
0.595402
0.626991
0.76935
0.265992
0.003688
0.93475
0.440979
0.075232
0.919036
0.765435
0.756958
0.802536
0.092789
0.029231
0.365548
0.81334
0.869865
0.162059
0.261631
0.663752
0.578634
0.865203
0.860318
0.30903
0.832458
0.173269
0.349002
0.378028
0.738745
0.301953
0.910398
0.367156
0.532657
0.750623
0.576962
0.787643
0.606711
0.441807
0.849922
0.074343
0.810378
0.839012
0.374058
0.753359
0.424961
0.614024
0.585304
0.777041
0.028922
0.272959
0.181907
0.598142
0.057286
0.838361
0.36819
0.519852
0.015979
0.392488
0.976465
0.560589
0.39863
0.861172
0.894688
0.195195
0.289211
0.656198
0.792271
0.898372
0.264622
0.9364
0.303632
0.4903
0.518245
0.755722
0.045065
0.827467
0.416674
0.679594
0.094611
0.641434
0.079134
0.378418
0.793585
0.860302
0.388114
0.094593
0.429164
0.44682
0.154223
0.497957
0.875267
0.127342
0.109026
0.022605
0.573077
0.943242
0.293896
0.177516
0.435788
0.020639
0.340063
0.593205
0.478759
0.041161
0.172535
0.267744
0.214974
0.879393
0.266366
0.617389
0.34615
0.965143
0.974135
0.145991
0.22022
0.888629
0.477848
0.880397
0.432089
0.435008
0.428945
0.314417
0.286942
0.785847
0.130453
0.68408
0.758183
0.693006
0.37436
0.178574
0.968183
0.729199
0.095041
0.30922
0.709925
0.031044
0.524542
0.895214
0.144019
0.116013
0.245259
0.105017
0.378482
0.046569
0.356343
0.941957
0.153723
0.583681
0.768842
0.542846
0.712286
0.867911
0.313459
0.48789
0.693875
0.17484
0.414388
0.500852
0.312196
0.954593
0.859045
0.84541
0.631631
0.307198
0.064705
0.994657
0.709979
0.008595
0.320081
0.922301
0.379599
0.779898
0.269024
0.549743
0.406901
0.672382
0.828849
0.174219
0.57216
0.724735
0.541559
0.695641
0.838014
0.695746
0.359076
0.613154
0.995997
0.120777
0.826932
0.957101
0.886299
0.590597
0.671815
0.093547
0.442956
0.784899
0.587146
0.084992
0.592858
0.272668
0.586468
0.031481
0.930666
0.215369
0.863105
0.578872
0.229217
0.666162
0.451734
0.186813
0.832477
0.863202
0.035603
0.556378
0.381169
0.179611
0.276683
0.617514
0.143498
0.229119
0.81234
0.521559
0.762275
0.947983
0.119993
0.563774
0.832935
0.756513
0.217613
0.276911
0.283444
0.870525
0.032662
0.862521
0.524598
0.761429
0.132437
0.197884
0.675965
0.849569
0.437498
0.683414
0.014643
0.740836
0.740439
0.465481
0.720886
0.164262
0.646128
0.02908
0.252969
0.519292
0.622425
0.942684
0.786706
0.104978
0.536042
0.986331
0.403636
0.79593
0.070988
0.80632
0.304895
0.874519
0.894059
0.424739
0.301063
0.664208
0.937531
0.316383
0.287961
0.800529
0.562343
0.058502
0.582458
0.917678
0.777539
0.751127
0.408745
0.831407
0.583801
0.754609
0.734258
0.632179
0.208112
0.494143
0.750063
0.325038
0.785371
0.201576
0.760443
0.96791
0.905937
0.316884
0.717453
0.156997
0.921896
0.441693
0.540219
0.115977
0.889175
0.099109
0.374254
0.307454
0.702595
0.298525
0.36911
0.382477
0.711302
0.847531
0.996623
0.036547
0.431396
0.275819
0.329909
0.248929
0.086435
0.299224
0.328343
0.408291
0.952272
0.051075
0.092644
0.668892
0.881292
0.279992
0.297702
0.480172
0.194909
0.021715
0.303671
0.45179
0.14292
0.157336
0.823721
0.292755
0.980093
0.402794
0.396068
0.428025
0.281849
0.890713
0.900875
0.426615
0.860672
0.591375
0.716626
0.714564
0.201037
0.00502
0.858385
0.125835
0.619831
0.166559
0.162998
0.283705
0.228919
0.03329
0.425557
0.241788
0.986522
0.479215
0.069259
0.197394
0.305701
0.706776
0.694732
0.548009
0.787319
0.989826
0.614176
0.133209
0.241679
0.558505
0.199752
0.613641
0.005912
0.033569
0.999902
0.156818
0.591955
0.676797
0.220794
0.391944
0.5154
0.061429
0.273271
0.130455
0.105888
0.639252
0.65513
0.686058
0.217429
0.153607
0.302558
0.338563
0.964959
0.958138
0.467897
0.88077
0.46668
0.674773
0.082833
0.702534
0.283546
0.031078
0.665833
0.169189
0.646589
0.198951
0.484245
0.315092
0.096119
0.044541
0.364232
0.625893
0.894855
0.800442
0.684709
0.605291
0.19206
0.157223
0.659128
0.614158
0.384122
0.670105
0.186072
0.477123
0.37114
0.964801
0.086611
0.137834
0.653959
0.359204
0.337717
0.992497
0.868821
0.438841
0.66673
0.369538
0.687845
0.965568
0.333041
0.053694
0.668873
0.81059
0.830793
0.268206
0.23514
0.25515
0.259729
0.137252
0.739976
0.508395
0.537595
0.186435
0.823554
0.398393
0.359913
0.120194
0.574958
0.041587
0.353953
0.07282
0.962231
0.11181
0.338156
0.440676
0.226776
0.378863
0.036799
0.139694
0.102737
0.088705
0.815027
0.088103
0.355696
0.115394
0.143119
0.401446
0.136017
0.213833
0.133091
0.976012
0.983153
0.874416
0.857763
0.752006
0.874004
0.149923
0.907507
0.216444
0.924034
0.933712
0.261439
0.9007
0.565362
0.497124
0.484507
0.392368
0.373683
0.546404
0.059265
0.138711
0.949409
0.819293
0.397255
0.786641
0.814521
0.064442
0.770555
0.546093
0.477226
0.562786
0.183854
0.462835
0.829472
0.566311
0.751473
0.399068
0.063806
0.994838
0.466066
0.626469
0.186517
0.131551
0.649422
0.965494
0.827427
0.78089
0.2299
0.084085
0.745541
0.040417
0.170576
0.503606
0.170839
0.980368
0.792147
0.737806
0.620154
0.156627
0.371138
0.506566
0.900625
0.003725
0.277999
0.810573
0.541195
0.072317
0.563378
0.284094
0.521216
0.444245
0.737016
0.219019
0.1229
0.429413
0.237455
0.404814
0.121155
0.919485
0.507967
0.714182
0.146471
0.583421
0.706285
0.341796
0.091619
0.979435
0.670137
0.744422
0.091469
0.819524
0.459057
0.291271
0.059673
0.30152
0.325373
0.941586
0.039283
0.80154
0.05555
0.767797
0.580447
0.818946
0.108325
0.359985
0.591216
0.031846
0.860145
0.124456
0.780895
0.913704
0.379179
0.771511
0.872656
0.186909
0.292797
0.111818
0.246753
0.162405
0.708896
0.043207
0.618711
0.466872
0.881067
0.38372
0.743583
0.678088
0.647726
0.437485
0.590556
0.121673
0.705369
0.913814
0.199102
0.952408
0.762183
0.403318
0.142434
0.533924
0.556492
0.310516
0.5072
0.682875
0.834461
0.794095
0.476799
0.785928
0.660271
0.953375
0.587874
0.030911
0.994778
0.242458
0.420251
0.367512
0.075247
0.255904
0.410583
0.515166
0.519653
0.280083
0.852272
0.476148
0.170248
0.351474
0.387997
0.900041
0.666091
0.243439
0.426853
0.816478
0.162686
0.424542
0.572598
0.697284
0.057974
0.716339
0.43578
0.837282
0.14127
0.093808
0.582847
0.190902
0.122834
0.820478
0.506505
0.521604
0.162068
0.264803
0.703002
0.23344
0.974895
0.637721
0.074973
0.952424
0.236125
0.746166
0.300817
0.31387
0.752574
0.037509
0.588827
0.847506
0.867609
0.9128
0.262932
0.896547
0.901802
0.114869
0.048427
0.657881
0.473899
0.382257
0.406151
0.240252
0.971175
0.583596
0.45819
0.225958
0.531095
0.869764
0.048738
0.665959
0.868643
0.105315
0.906113
0.930479
0.193313
0.646976
0.693281
0.295089
0.292987
0.759452
0.982247
0.374955
0.905744
0.348322
0.46689
0.515013
0.77524
0.58828
0.220929
0.952246
0.092049
0.726823
0.914635
0.316978
0.934305
0.510897
0.131298
0.931157
0.228372
0.312197
0.520139
0.732552
0.342304
0.27151
0.055095
0.3377
0.770677
0.747949
0.659305
0.806542
0.157639
0.549727
0.822003
0.524667
0.751861
0.322892
0.497189
0.31289
0.922449
0.015065
0.14555
0.972282
0.285489
0.334029
0.567639
0.720573
0.490051
0.272947
0.000543
0.521689
0.153648
0.311051
0.803922
0.819406
0.615086
0.153012
0.283414
0.658246
0.362793
0.061254
0.974687
0.363188
0.72778
0.639151
0.219344
0.2267
0.260133
0.731292
0.991446
0.679558
0.324236
0.408814
0.587597
0.436171
0.606106
0.369359
0.290968
0.367304
0.585843
0.243346
0.001635
0.001598
0.517977
0.665782
0.617712
0.228833
0.448116
0.636556
0.635669
0.836429
0.30493
0.406798
0.49409
0.077005
0.200241
0.869747
0.266096
0.668015
0.465671
0.411511
0.163631
0.2209
0.382055
0.628991
0.496677
0.967584
0.804559
0.211822
0.553481
0.951097
0.185377
0.921991
0.709573
0.356894
0.936886
0.066899
0.311625
0.460484
0.140893
0.133893
0.430442
0.898089
0.749101
0.872028
0.71032
0.013304
0.27893
0.22374
0.913105
0.064915
0.607905
0.112518
0.781202
0.970639
0.066144
0.273937
0.411608
0.147789
0.33133
0.084394
0.168456
0.205901
0.692189
0.407662
0.440414
0.450245
0.666783
0.949184
0.432362
0.671755
0.793524
0.080425
0.642052
0.320277
0.070879
0.277522
0.592617
0.146014
0.648999
0.77423
0.255628
0.40919
0.454127
0.13413
0.526618
0.277865
0.550433
0.284744
0.522958
0.415398
0.36605
0.364599
0.450765
0.32674
0.128444
0.515724
0.04396
0.676588
0.678173
0.100835
0.404988
0.250682
0.212248
0.711725
0.120632
0.39968
0.38091
0.510638
0.347388
0.516584
0.339403
0.819905
0.471956
0.241067
0.877142
0.412822
0.59934
0.01727
0.787945
0.817654
0.490589
0.621505
0.407027
0.577191
0.74696
0.995429
0.793656
0.675668
0.975713
0.316582
0.782544
0.769884
0.746576
0.237401
0.188164
0.935758
0.227799
0.613454
0.136431
0.000145
0.803035
0.866782
0.040568
0.726632
0.380293
0.813737
0.759576
0.450039
0.8991
0.909866
0.958583
0.34528
0.525239
0.144466
0.382391
0.519085
0.440968
0.650732
0.025285
0.876634
0.272457
0.372236
0.277091
0.020536
0.755534
0.022315
0.967443
0.014671
0.482393
0.761033
0.372606
0.643798
0.620841
0.083958
0.695194
0.208512
0.047307
0.212403
0.237864
0.195536
0.083657
0.068539
0.27412
0.429077
0.323992
0.919382
0.586636
0.680364
0.209048
0.858853
0.39537
0.307209
0.07354
0.121273
0.411714
0.973565
0.962375
0.961203
0.605727
0.028836
0.135328
0.34113
0.102394
0.547065
0.113825
0.22301
0.323384
0.673498
0.534696
0.05557
0.965838
0.653775
0.28138
0.796581
0.445271
0.624134
0.828485
0.676009
0.071494
0.717085
0.309911
0.099694
0.157868
0.389536
0.522201
0.668747
0.615566
0.095314
0.638627
0.193314
0.647937
0.681346
0.635446
0.581098
0.84098
0.53748
0.656157
0.947912
0.103051
0.887287
0.762047
0.10474
0.176603
0.224571
0.079087
0.315935
0.653892
0.742485
0.645694
0.396278
0.462921
0.856722
0.644178
0.511155
0.776545
0.793215
0.139677
0.792339
0.816579
0.582324
0.446999
0.10343
0.320127
0.64745
0.624747
0.44099
0.243921
0.698024
0.141088
0.538198
0.826854
0.780377
0.92316
0.27699
0.821743
0.114205
0.937042
0.112704
0.448434
0.452697
0.886465
0.575402
0.888177
0.899628
0.645032
0.430261
0.865897
0.190146
0.961755
0.280099
0.588541
0.746038
0.335108
0.201838
0.649598
0.378479
0.275761
0.923515
0.069866
0.727057
0.034675
0.45776
0.155966
0.265463
0.302219
0.37118
0.978835
0.324882
0.056028
0.701493
0.21105
0.45275
0.296238
0.188748
0.832432
0.675146
0.462308
0.122211
0.75129
0.42207
0.77323
0.354909
0.749694
0.519869
0.857931
0.6986
0.804851
0.992009
0.260814
0.073622
0.279881
0.757003
0.489772
0.875948
0.780154
0.95841
0.149889
0.269108
0.837066
0.972255
0.975995
0.024788
0.867501
0.24278
0.67714
0.328262
0.642159
0.092428
0.823617
0.259593
0.400806
0.688307
0.739814
0.512305
0.949953
0.389548
0.072979
0.108132
0.86003
0.27478
0.345375
0.33729
0.088862
0.792201
0.679669
0.427112
0.599225
0.278444
0.218349
0.743178
0.093929
0.676638
0.466773
0.581873
0.610575
0.381565
0.869817
0.381514
0.343122
0.971402
0.723609
0.63325
0.487436
0.392793
0.121524
0.252115
0.51736
0.424495
0.187667
0.898938
0.877332
0.550472
0.371654
0.543005
0.16491
0.589026
0.366481
0.580695
0.142919
0.006834
0.059182
0.248896
0.293357
0.480273
0.30887
0.604225
0.634654
0.019743
0.15951
0.264807
0.9701
0.41851
0.827289
0.435793
0.987823
0.230287
0.014339
0.661759
0.25962
0.756258
0.923321
0.497543
0.859245
0.061139
0.918909
0.47507
0.511248
0.36285
0.957228
0.179354
0.718923
0.370322
0.177881
0.907353
0.826744
0.490589
0.104009
0.548442
0.467476
0.273283
0.154605
0.911498
0.647161
0.693575
0.411518
0.050594
0.442987
0.005694
0.736823
0.704353
0.78128
0.209609
0.60166
0.370601
0.464642
0.891648
0.075494
0.417918
0.109712
0.94976
0.28946
0.853173
0.035879
0.582581
0.522508
0.796974
0.791957
0.04049
0.873816
0.336604
0.036019
0.696047
0.373719
0.599219
0.526995
0.804246
0.878648
0.417596
0.193127
0.848348
0.464837
0.46134
0.833845
0.711024
0.138105
0.893224
0.736319
0.98986
0.486165
0.66003
0.486539
0.581969
0.745266
0.772128
0.790605
0.26404
0.479043
0.652247
0.745393
0.399702
0.545536
0.072841
0.766591
0.543603
0.389454
0.395366
0.455068
0.30802
0.966824
0.417065
0.546792
0.789426
0.433186
0.148829
0.043197
0.395909
0.214079
0.917565
0.960962
0.110658
0.820136
0.599248
0.308335
0.392107
0.953701
0.284847
0.691278
0.398953
0.923506
0.543375
0.310687
0.097647
0.126536
0.803103
0.667795
0.175312
0.819843
0.2762
0.938333
0.388587
0.246181
0.629247
0.043843
0.17961
0.442859
0.817886
0.874628
0.711498
0.607225
0.719393
0.115946
0.774076
0.20231
0.595936
0.021738
0.057169
0.782434
0.393336
0.423337
0.779891
0.754951
0.427543
0.956314
0.403245
0.452602
0.447873
0.384567
0.696461
0.910753
0.18962
0.096648
0.959733
0.267323
0.552362
0.600834
0.436224
0.78118
0.107948
0.588721
0.65545
0.669191
0.810486
0.952985
0.657303
0.464562
0.88112
0.766381
0.005666
0.880574
0.292398
0.705381
0.309457
0.624483
0.648999
0.766211
0.837959
0.080996
0.150707
0.982008
0.525657
0.276611
0.464777
0.303001
0.971475
0.854827
0.329146
0.213969
0.732515
0.622495
0.263978
0.019457
0.937925
0.25287
0.475308
0.346999
0.944826
0.624656
0.007635
0.036673
0.660846
0.019437
0.178504
0.390059
0.61651
0.068114
0.183706
0.922363
0.59593
0.1163
0.791698
0.779168
0.739424
0.222187
0.361453
0.125446
0.270761
0.298335
0.381289
0.398203
0.374312
0.035228
0.854755
0.686654
0.99678
0.481351
0.149055
0.894198
0.413192
0.967196
0.841936
0.464369
0.942616
0.010126
0.239447
0.356714
0.989312
0.881611
0.193932
0.184222
0.22365
0.502987
0.171105
0.990786
0.750624
0.947925
0.809665
0.075142
0.828211
0.922249
0.15807
0.245792
0.827094
0.51275
0.14603
0.681834
0.299953
0.177692
0.929708
0.502074
0.04342
0.61791
0.453572
0.595175
0.635945
0.049969
0.192311
0.316801
0.634217
0.659093
0.560969
0.044549
0.201431
0.0424
0.037045
0.804025
0.042701
0.705587
0.229836
0.361945
0.949571
0.602953
0.501919
0.914565
0.852378
0.647023
0.011462
0.386874
0.530146
0.612408
0.740289
0.619046
0.102668
0.3807
0.350084
0.161236
0.964282
0.999015
0.427189
0.582
0.98007
0.243667
0.557934
0.293557
0.379944
0.787839
0.948577
0.097043
0.433247
0.159354
0.58465
0.033214
0.540055
0.550972
0.59309
0.959164
0.600825
0.625123
0.958379
0.770975
0.787264
0.260171
0.667597
0.593668
0.052766
0.733061
0.100615
0.174075
0.703157
0.740132
0.224221
0.726584
0.532825
0.041142
0.769779
0.883949
0.963005
0.497084
0.0753
0.068238
0.52918
0.471162
0.753832
0.431875
0.951886
0.535365
0.745838
0.790294
0.240076
0.000376
0.341021
0.341145
0.699835
0.358022
0.565501
0.081085
0.928189
0.190074
0.594701
0.478833
0.097699
0.790434
0.256293
0.593371
0.482102
0.632571
0.397203
0.291494
0.288046
0.183859
0.393206
0.076592
0.979878
0.605792
0.139148
0.444174
0.700048
0.142276
0.010153
0.708588
0.339379
0.68057
0.312852
0.138674
0.606531
0.24377
0.739381
0.17432
0.874433
0.757754
0.014603
0.64364
0.433819
0.423974
0.63491
0.950442
0.42759
0.035899
0.93398
0.347758
0.317381
0.236046
0.15655
0.226465
0.231361
0.287157
0.475685
0.495286
0.938045
0.988533
0.888898
0.452492
0.207691
0.14037
0.261054
0.466954
0.292881
0.131316
0.756994
0.003313
0.41474
0.149517
0.562349
0.495848
0.544048
0.520475
0.918833
0.645719
0.960786
0.050838
0.466161
0.821363
0.860487
0.670396
0.032426
0.533646
0.22412
0.609056
0.756231
0.492815
0.522584
0.249927
0.932673
0.937485
0.202303
0.345833
0.39846
0.354525
0.894392
0.53786
0.053611
0.517767
0.156354
0.914673
0.007652
0.112353
0.200313
0.962529
0.818369
0.933564
0.336034
0.030546
0.956554
0.604528
0.560371
0.972942
0.402158
0.802541
0.958096
0.744553
0.075687
0.811073
0.979063
0.685633
0.712237
0.000114
0.026701
0.905466
0.446111
0.307727
0.236492
0.450209
0.944894
0.278016
0.195118
0.875297
0.041706
0.119778
0.314637
0.792428
0.766818
0.705343
0.392787
0.193327
0.363386
0.973962
0.842936
0.166709
0.48916
0.060983
0.746486
0.709792
0.621966
0.589002
0.376027
0.618653
0.582085
0.967698
0.61554
0.25329
0.618902
0.70431
0.881019
0.249732
0.049022
0.53044
0.357917
0.796196
0.69888
0.713438
0.466426
0.524997
0.14791
0.736722
0.495981
0.660597
0.374019
0.154543
0.859891
0.423471
0.671121
0.941852
0.712244
0.86351
0.039841
0.259074
0.494604
0.013064
0.412155
0.767735
0.256872
0.139421
0.720663
0.762856
0.726261
0.870276
0.70984
0.836537
0.527529
0.339748
0.746996
0.875914
0.49483
0.087303
0.959806
0.851184
0.099758
0.585257
0.626967
0.754592
0.368285
0.56157
0.559007
0.405007
0.588144
0.250601
0.717664
0.450574
0.916031
0.13691
0.607024
0.037914
0.672761
0.674161
0.173262
0.439767
0.603314
0.740176
0.184646
0.660707
0.862346
0.024207
0.299571
0.738036
0.525335
0.382665
0.470389
0.691452
0.700902
0.569126
0.06253
0.442073
0.611733
0.528192
0.063248
0.025548
0.033516
0.125586
0.426548
0.015235
0.837617
0.906094
0.861196
0.996692
0.403425
0.435502
0.212023
0.456376
0.786545
0.387952
0.430368
0.378395
0.626167
0.254154
0.13296
0.163623
0.407255
0.693592
0.013592
0.322872
0.605706
0.765926
0.171552
0.818973
0.200529
0.209275
0.26065
0.427834
0.465947
0.036662
0.587914
0.729482
0.178552
0.803017
0.983284
0.1325
0.590172
0.041693
0.689322
0.92788
0.583011
0.076955
0.328864
0.461559
0.491089
0.231984
0.440161
0.550244
0.258235
0.730429
0.29812
0.053415
0.219639
0.239476
0.455107
0.074902
0.930352
0.468787
0.103245
0.399139
0.740146
0.048103
0.138419
0.38177
0.979181
0.64001
0.427323
0.445369
0.03152
0.574085
0.501485
0.088389
0.530167
0.358682
0.434624
0.471988
0.164345
0.403953
0.080587
0.929828
0.69151
0.26243
0.503951
0.127634
0.280095
0.553291
0.760837
0.647271
0.014679
0.465787
0.079143
0.763451
0.324121
0.193027
0.618322
0.256928
0.272284
0.390379
0.584272
0.124074
0.367591
0.510411
0.243197
0.393734
0.86324
0.588151
0.447097
0.600761
0.120193
0.576458
0.901724
0.133597
0.971677
0.774093
0.364749
0.834184
0.627217
0.817639
0.78144
0.872735
0.453785
0.846468
0.519824
0.474462
0.938951
0.578853
0.714999
0.97435
0.119124
0.68802
0.733031
0.727052
0.588524
0.561355
0.863396
0.692493
0.196478
0.03696
0.212283
0.972822
0.432314
0.003764
0.288756
0.335608
0.868241
0.933114
0.43006
0.96862
0.719936
0.369641
0.393198
0.543507
0.132385
0.355688
0.166676
0.927267
0.557011
0.916529
0.626917
0.226745
0.15067
0.306174
0.567058
0.714857
0.056229
0.191005
0.593227
0.645014
0.573907
0.656873
0.446085
0.971941
0.597498
0.855846
0.267698
0.235905
0.887105
0.903912
0.725314
0.510769
0.532844
0.421582
0.738375
0.9155
0.050744
0.521205
0.63704
0.936368
0.725841
0.529698
0.272692
0.168165
0.399702
0.768906
0.067084
0.959465
0.372327
0.144065
0.645604
0.684983
0.47932
0.314741
0.711942
0.638326
0.853871
0.182565
0.856992
0.281543
0.261487
0.259351
0.494429
0.611791
0.047508
0.991857
0.235109
0.936752
0.498154
0.527263
0.684028
0.281348
0.31174
0.018529
0.810936
0.021966
0.647696
0.304924
0.23636
0.982264
0.359955
0.554323
0.490721
0.376094
0.425108
0.596477
0.337703
0.235903
0.999789
0.959895
0.522029
0.148078
0.292008
0.451098
0.717799
0.63421
0.045227
0.156385
0.084327
0.668716
0.735605
0.550772
0.781741
0.525549
0.997942
0.597699
0.056025
0.315878
0.666648
0.878838
0.156648
0.473713
0.125778
0.764154
0.090676
0.562384
0.98595
0.514208
0.249401
0.068449
0.377634
0.194637
0.400134
0.962005
0.308956
0.090128
0.419128
0.778688
0.01321
0.025776
0.431538
0.852374
0.182957
0.136037
0.366125
0.357487
0.681687
0.957168
0.38137
0.291536
0.008024
0.456344
0.804691
0.006393
0.138752
0.193744
0.147505
0.152714
0.910875
0.292757
0.107277
0.373057
0.61584
0.514257
0.686769
0.740912
0.332645
0.738271
0.260761
0.774945
0.516566
0.12386
0.386176
0.09873
0.06763
0.898385
0.999569
0.090453
0.895532
0.041388
0.875509
0.044866
0.339255
0.12037
0.462592
0.03216
0.306654
0.416035
0.404086
0.814917
0.556609
0.833225
0.780022
0.295105
0.402374
0.07753
0.819726
0.356093
0.456921
0.01844
0.941535
0.582148
0.84162
0.431887
0.040852
0.42044
0.336824
0.707547
0.079366
0.403504
0.691387
0.891083
0.564383
0.317542
0.21431
0.758672
0.388738
0.315592
0.467442
0.742706
0.397029
0.212654
0.07701
0.360083
0.108759
0.663536
0.286823
0.045031
0.859195
0.752016
0.033906
0.631945
0.494012
0.588458
0.653616
0.092005
0.238515
0.436387
0.618339
0.899545
0.405619
0.829455
0.569953
0.747238
0.201407
0.734661
0.73112
0.304259
0.069118
0.586108
0.825857
0.881213
0.625672
0.840634
0.32308
0.843453
0.015575
0.77664
0.857117
0.063718
0.379758
0.923998
0.328569
0.449792
0.982905
0.465578
0.932208
0.837859
0.468753
0.568704
0.459171
0.334112
0.997722
0.329735
0.678687
0.471373
0.233953
0.988785
0.418846
0.898424
0.984253
0.444574
0.246329
0.871628
0.634602
0.942463
0.543484
0.103158
0.020429
0.91608
0.038609
0.084304
0.551914
0.561733
0.24814
0.601955
0.579952
0.667894
0.977217
0.044337
0.372707
0.577505
0.351961
0.029892
0.50857
0.312653
0.81495
0.21742
0.908519
0.880672
0.78534
0.280597
0.274635
0.892566
0.093697
0.849993
0.034072
0.799511
0.554527
0.887711
0.122035
0.376455
0.04049
0.232115
0.727988
0.974986
0.333097
0.73694
0.602619
0.777422
0.720848
0.069798
0.115333
0.405622
0.737002
0.825014
0.600513
0.53175
0.738806
0.104605
0.154872
0.763028
0.435965
0.396977
0.709544
0.675887
0.440201
0.445567
0.71072
0.702504
0.491548
0.365181
0.480249
0.450243
0.274387
0.009449
0.223569
0.990845
0.278038
0.869325
0.543704
0.978977
0.604823
0.559568
0.162256
0.977274
0.743626
0.28809
0.645645
0.918635
0.364737
0.617616
0.286697
0.531401
0.103393
0.117523
0.640781
0.86884
0.860156
0.719342
0.956493
0.493022
0.659531
0.125468
0.583769
0.066015
0.214649
0.567531
0.886644
0.388769
0.550637
0.337461
0.907497
0.030957
0.794685
0.317454
0.89146
0.422842
0.12457
0.550975
0.66865
0.432177
0.961751
0.055651
0.750907
0.653608
0.443042
0.567742
0.099242
0.708613
0.660802
0.511909
0.794462
0.580037
0.632032
0.49215
0.95855
0.559212
0.854747
0.06644
0.030621
0.813402
0.862488
0.195844
0.307342
0.212732
0.022643
0.767871
0.780843
0.645113
0.006923
0.775813
0.885141
0.636569
0.60483
0.367643
0.874734
0.285626
0.677902
0.982294
0.15898
0.841081
0.638075
0.837888
0.947898
0.487188
0.438238
0.753491
0.820412
0.056192
0.962238
0.230488
0.917982
0.326202
0.94583
0.764802
0.456669
0.542834
0.735359
0.620339
0.645977
0.54347
0.478534
0.057474
0.378327
0.387457
0.070494
0.155638
0.651947
0.503973
0.339552
0.129646
0.722253
0.193028
0.976711
0.683162
0.131216
0.658454
0.615789
0.601349
0.129657
0.530185
0.656396
0.46636
0.699102
0.54794
0.916176
0.783858
0.506583
0.221961
0.51702
0.460443
0.054974
0.878356
0.579804
0.988213
0.461175
0.358542
0.624804
0.020697
0.326499
0.188953
0.196978
0.226637
0.927272
0.941156
0.277317
0.096783
0.725477
0.196831
0.991178
0.849139
0.360845
0.430045
0.042491
0.341613
0.580729
0.485189
0.899738
0.394767
0.793939
0.616699
0.035038
0.617494
0.701111
0.862841
0.503622
0.050788
0.146672
0.04303
0.722297
0.106382
0.90051
0.788936
0.079446
0.007403
0.331924
0.769249
0.680519
0.431665
0.764612
0.584657
0.019997
0.601423
0.881468
0.058333
0.023451
0.368332
0.06843
0.13422
0.95367
0.245194
0.985891
0.554166
0.261028
0.952888
0.498507
0.948727
0.866864
0.41189
0.652854
0.241184
0.663998
0.848578
0.038057
0.857278
0.280051
0.404866
0.105232
0.499477
0.440159
0.99359
0.427172
0.312254
0.972979
0.828376
0.924428
0.537842
0.308777
0.566109
0.872491
0.086887
0.248159
0.335197
0.614973
0.472547
0.11982
0.519526
0.803883
0.379007
0.758485
0.453648
0.171544
0.859863
0.518986
0.522769
0.470643
0.169535
0.680042
0.93314
0.857507
0.668469
0.185486
0.869033
0.087805
0.007226
0.018836
0.3993
0.31063
0.331874
0.511532
0.655374
0.820557
0.118779
0.850196
0.336573
0.366708
0.551592
0.332618
0.808045
0.334351
0.296983
0.568952
0.909942
0.802964
0.761749
0.718693
0.224738
0.217178
0.398833
0.976119
0.90042
0.605735
0.513481
0.050313
0.841483
0.856879
0.65008
0.888694
0.15673
0.479387
0.563085
0.978056
0.74757
0.640376
0.422044
0.951237
0.023325
0.398561
0.280189
0.321657
0.501295
0.841458
0.401075
0.975442
0.688411
0.453599
0.094594
0.670583
0.582477
0.317902
0.059229
0.421932
0.095569
0.984753
0.132122
0.313454
0.548006
0.285968
0.810287
0.002721
0.366353
0.010184
0.31193
0.030875
0.27888
0.597959
0.815984
0.553875
0.286169
0.313408
0.254484
0.989926
0.113329
0.877726
0.485275
0.84783
0.31941
0.89073
0.646767
0.584247
0.258105
0.480117
0.693401
0.124191
0.576579
0.277398
0.668349
0.345999
0.175777
0.805284
0.497901
0.18975
0.095079
0.082192
0.485438
0.974885
0.412181
0.662133
0.547227
0.637426
0.95527
0.257543
0.504789
0.91469
0.602578
0.858989
0.317062
0.612528
0.152853
0.652366
0.662598
0.360435
0.954316
0.878469
0.840534
0.551022
0.104878
0.10051
0.582118
0.773501
0.904555
0.427414
0.746533
0.725783
0.545745
0.260964
0.84913
0.005314
0.096308
0.182445
0.016115
0.136788
0.146954
0.771375
0.915871
0.608318
0.268625
0.773888
0.472238
0.281531
0.56042
0.277797
0.983066
0.765342
0.4651
0.182427
0.980634
0.45169
0.017541
0.00444
0.257709
0.557553
0.620412
0.985322
0.764569
0.661098
0.849305
0.172732
0.166893
0.51979
0.572223
0.094409
0.331754
0.00108
0.600556
0.163133
0.900332
0.047639
0.913558
0.626355
0.247375
0.094285
0.004567
0.659809
0.655241
0.513842
0.468739
0.879792
0.41745
0.119668
0.165512
0.875701
0.14972
0.518718
0.832369
0.799298
0.803168
0.406355
0.526298
0.736018
0.275325
0.534254
0.739046
0.852388
0.20458
0.407998
0.665658
0.34076
0.374194
0.387081
0.31758
0.766322
0.683641
0.214794
0.991374
0.893697
0.231556
0.811503
0.706343
0.05738
0.603325
0.242777
0.967543
0.13469
0.013211
0.002144
0.190734
0.618934
0.626579
0.024752
0.638011
0.545234
0.056909
0.692598
0.679822
0.861875
0.675578
0.833067
0.498458
0.062212
0.441118
0.279111
0.494074
0.859084
0.057127
0.543355
0.052344
0.811345
0.305656
0.792849
0.873597
0.152536
0.268355
0.059858
0.383866
0.767346
0.874945
0.752558
0.405168
0.426678
0.752418
0.125846
0.224616
0.483166
0.968407
0.259588
0.484057
0.874229
0.103948
0.935673
0.00207
0.466268
0.259403
0.733658
0.106535
0.011486
0.765592
0.574525
0.529789
0.158163
0.679567
0.703042
0.077823
0.275818
0.347724
0.752041
0.125934
0.85443
0.402477
0.144101
0.019404
0.344951
0.627628
0.169978
0.860361
0.022348
0.109734
0.307895
0.725018
0.068846
0.594856
0.727609
0.065897
0.247732
0.784168
0.776733
0.235721
0.48458
0.993323
0.942649
0.243697
0.876889
0.3088
0.00317
0.579102
0.311115
0.682617
0.757637
0.91959
0.587887
0.439977
0.644289
0.676255
0.29812
0.160541
0.224586
0.434141
0.619069
0.091267
0.250244
0.462656
0.601927
0.589949
0.524205
0.005313
0.106471
0.881964
0.687379
0.252651
0.8517
0.110018
0.516332
0.392513
0.001247
0.673534
0.506144
0.070618
0.944476
0.923473
0.695157
0.767266
0.715483
0.353787
0.56988
0.591917
0.012607
0.908897
0.448235
0.785663
0.586082
0.507381
0.395527
0.105631
0.348641
0.065491
0.15454
0.682146
0.020914
0.767051
0.414317
0.992487
0.661134
0.237839
0.479867
0.854865
0.973417
0.450714
0.075433
0.038048
0.959654
0.90672
0.832884
0.230774
0.267688
0.310865
0.642065
0.88072
0.370393
0.826913
0.136268
0.916739
0.311288
0.208647
0.342262
0.83953
0.822392
0.738966
0.638093
0.780011
0.951378
0.059861
0.415642
0.994881
0.51145
0.154072
0.928746
0.415146
0.192477
0.360269
0.321517
0.456663
0.907641
0.995889
0.382323
0.778995
0.397485
0.625959
0.566933
0.280703
0.436502
0.156669
0.458937
0.136121
0.768851
0.672822
0.498277
0.568615
0.758998
0.193567
0.197442
0.601855
0.751526
0.844909
0.919602
0.316214
0.548918
0.274945
0.645835
0.449569
0.207885
0.92502
0.767974
0.23076
0.807845
0.812467
0.509284
0.164395
0.371603
0.183783
0.988814
0.12673
0.359009
0.687343
0.505256
0.65308
0.233602
0.161861
0.605657
0.220186
0.274005
0.749047
0.490686
0.986164
0.575828
0.556789
0.49101
0.582113
0.694785
0.620598
0.686946
0.349234
0.682068
0.850128
0.121906
0.28917
0.906619
0.140123
0.810788
0.717554
0.933625
0.956933
0.390758
0.872439
0.21292
0.505304
0.392428
0.553783
0.75402
0.070718
0.616031
0.053827
0.619136
0.669515
0.679517
0.884857
0.662161
0.673274
0.644439
0.997551
0.60174
0.809506
0.382592
0.012917
0.109054
0.165318
0.920996
0.695306
0.396143
0.548717
0.198377
0.191248
0.820982
0.93306
0.251111
0.909048
0.376801
0.982306
0.623986
0.427621
0.707721
0.741289
0.981131
0.045475
0.312012
0.600792
0.148354
0.493584
0.269279
0.092738
0.929827
0.998461
0.3679
0.825273
0.286503
0.923406
0.438519
0.99724
0.482636
0.690868
0.777922
0.203079
0.263614
0.917684
0.238061
0.443254
0.859091
0.79325
0.934467
0.949968
0.084189
0.201925
0.069066
0.786172
0.052467
0.389126
0.611551
0.31766
0.068156
0.275596
0.335966
0.315495
0.399907
0.184113
0.881443
0.28737
0.181428
0.865488
0.950988
0.441113
0.262502
0.884745
0.868422
0.26728
0.542774
0.031175
0.50145
0.865382
0.973329
0.120782
0.582452
0.141769
0.792062
0.514648
0.677177
0.236785
0.697261
0.970045
0.007906
0.62339
0.416858
0.278582
0.114411
0.361824
0.884351
0.942588
0.691347
0.320715
0.414967
0.248008
0.448506
0.691435
0.283107
0.682938
0.741464
0.372629
0.071782
0.667901
0.73981
0.722785
0.06467
0.495098
0.497085
0.387149
0.036891
0.096211
0.528647
0.26472
0.212324
0.252244
0.913308
0.21258
0.718592
0.730822
0.441583
0.922178
0.34102
0.20611
0.095169
0.15281
0.006208
0.935323
0.257098
0.76208
0.768196
0.440177
0.854258
0.797222
0.971055
0.304953
0.209144
0.404068
0.315514
0.854338
0.63574
0.158109
0.724407
0.404472
0.501194
0.593266
0.02905
0.828275
0.848655
0.867952
0.808931
0.610682
0.366949
0.554126
0.081643
0.785037
0.552242
0.248801
0.015162
0.362754
0.877196
0.134795
0.127998
0.466916
0.703237
0.744993
0.942403
0.518108
0.829808
0.978976
0.166491
0.970859
0.477041
0.460159
0.163013
0.053205
0.557375
0.285516
0.232116
0.254648
0.175393
0.986324
0.386844
0.057661
0.88723
0.490111
0.347589
0.205242
0.066883
0.149587
0.182555
0.616302
0.932393
0.041302
0.660225
0.55397
0.72812
0.276047
0.822184
0.671214
0.889563
0.154519
0.49083
0.103997
0.947382
0.153929
0.360782
0.514021
0.840979
0.470943
0.925391
0.007114
0.751683
0.330755
0.952917
0.169681
0.814185
0.161094
0.449075
0.634135
0.590243
0.059975
0.848055
0.365293
0.323637
0.599387
0.70065
0.884967
0.792437
0.693557
0.916777
0.292737
0.994562
0.273385
0.402342
0.514727
0.797801
0.670307
0.683625
0.605444
0.393403
0.203318
0.611467
0.317669
0.020766
0.372635
0.163651
0.065678
0.452123
0.216588
0.224623
0.451109
0.796199
0.963121
0.138418
0.923907
0.331587
0.996464
0.295484
0.586713
0.085276
0.267753
0.998869
0.110625
0.67916
0.037717
0.243272
0.232254
0.377036
0.513465
0.106334
0.362106
0.942009
0.027053
0.509846
0.975685
0.320828
0.126198
0.679734
0.899412
0.680829
0.902678
0.723625
0.890383
0.570913
0.510118
0.403111
0.409218
0.6914
0.892175
0.507379
0.596423
0.021975
0.931298
0.702959
0.122736
0.50572
0.111806
0.612176
0.00988
0.589902
0.189783
0.040665
0.982858
0.269025
0.362913
0.14926
0.855087
0.844916
0.519407
0.641994
0.166184
0.311693
0.342905
0.877199
0.394351
0.420462
0.102632
0.944564
0.379891
0.823524
0.519536
0.642953
0.342644
0.29206
0.346795
0.702498
0.63937
0.328454
0.34119
0.646164
0.265575
0.609774
0.364929
0.398862
0.237643
0.360755
0.022512
0.35725
0.914256
0.104751
0.672734
0.682534
0.972124
0.326794
0.273302
0.135666
0.541338
0.299525
0.390206
0.172595
0.265711
0.385019
0.127172
0.424038
0.204508
0.626519
0.960143
0.93941
0.94595
0.580377
0.87141
0.612857
0.31856
0.789755
0.269651
0.77069
0.280142
0.664337
0.75016
0.369081
0.651829
0.872954
0.524904
0.792122
0.937246
0.241684
0.365113
0.703448
0.249622
0.873504
0.224217
0.203535
0.662216
0.448192
0.29182
0.223217
0.582591
0.172809
0.872149
0.010852
0.240347
0.398935
0.571687
0.239116
0.377476
0.248966
0.757894
0.828013
0.035668
0.962183
0.803786
0.864108
0.436922
0.805118
0.07114
0.132835
0.04885
0.305812
0.590242
0.945612
0.09503
0.829557
0.118808
0.110834
0.84836
0.551179
0.392795
0.904003
0.582076
0.169751
0.139163
0.946515
0.758477
0.223489
0.784879
0.370752
0.399552
0.369814
0.858725
0.529141
0.893475
0.783581
0.351547
0.646282
0.581111
0.949434
0.643894
0.98388
0.70966
0.227743
0.220541
0.150733
0.349521
0.253668
0.343359
0.094218
0.513579
0.930061
0.976997
0.922613
0.205368
0.112727
0.488772
0.556964
0.72596
0.387079
0.200529
0.425052
0.861183
0.10117
0.089262
0.589135
0.300703
0.585383
0.097803
0.253484
0.504469
0.132683
0.583154
0.418178
0.632896
0.75191
0.236976
0.211821
0.397725
0.345509
0.586664
0.379699
0.822971
0.194833
0.639579
0.385691
0.046634
0.809467
0.13039
0.140853
0.48118
0.319476
0.254826
0.619152
0.4012
0.194959
0.537091
0.79432
0.575588
0.023165
0.830108
0.098951
0.495229
0.522425
0.561812
0.616993
0.392792
0.799665
0.581719
0.402383
0.316711
0.663663
0.709772
0.461567
0.816977
0.283154
0.503863
0.781253
0.464316
0.114759
0.048983
0.452406
0.240372
0.913231
0.331621
0.094019
0.523388
0.103723
0.242832
0.637611
0.814228
0.487977
0.222242
0.390585
0.910971
0.242459
0.932883
0.090665
0.078651
0.512271
0.495788
0.851123
0.574921
0.334455
0.024937
0.897597
0.966614
0.347547
0.521346
0.062583
0.988342
0.79169
0.212599
0.424833
0.928458
0.774773
0.114209
0.545813
0.26736
0.526153
0.132749
0.683993
0.174983
0.873393
0.459456
0.091601
0.241029
0.422717
0.452286
0.418407
0.623028
0.475101
0.230133
0.273817
0.53654
0.857365
0.003904
0.8237
0.762857
0.70696
0.973763
0.637471
0.037741
0.950112
0.371489
0.954341
0.280787
0.047148
0.52055
0.98233
0.975061
0.049135
0.329142
0.992629
0.799651
0.196377
0.296231
0.595877
0.482015
0.997215
0.609212
0.452856
0.046457
0.188272
0.597144
0.345762
0.865877
0.63641
0.845466
0.444219
0.943495
0.338633
0.81327
0.944252
0.903197
0.709921
0.106397
0.23998
0.122775
0.283531
0.226257
0.838951
0.422164
0.379271
0.639438
0.675176
0.576285
0.281158
0.257817
0.923283
0.45757
0.437857
0.337253
0.342583
0.228992
0.83124
0.639218
0.506032
0.750203
0.929474
0.020879
0.411275
0.66935
0.573884
0.743398
0.452993
0.29288
0.962038
0.397226
0.986459
0.909599
0.209541
0.470458
0.475669
0.554146
0.949575
0.97726
0.311041
0.073944
0.269025
0.95234
0.161934
0.118461
0.159888
0.12264
0.472695
0.741867
0.428659
0.05807
0.545783
0.701727
0.490932
0.206951
0.599663
0.836678
0.025496
0.751054
0.88627
0.474425
0.548178
0.036538
0.435641
0.102849
0.102759
0.464806
0.560196
0.439026
0.660789
0.252803
0.691606
0.839567
0.495526
0.305739
0.756133
0.468924
0.229988
0.17952
0.742998
0.197725
0.048748
0.142227
0.908528
0.437056
0.065115
0.122769
0.14295
0.997638
0.469439
0.556613
0.453426
0.998489
0.766375
0.657091
0.905919
0.890726
0.454738
0.840153
0.059449
0.131778
0.487488
0.510837
0.798644
0.477578
0.934206
0.107343
0.972571
0.086206
0.651441
0.881957
0.77598
0.782135
0.913684
0.809514
0.471843
0.561084
0.733102
0.907491
0.168562
0.004809
0.920604
0.422911
0.597568
0.145796
0.707208
0.167304
0.595005
0.6079
0.957037
0.871106
0.164353
0.986898
0.698214
0.616073
0.382387
0.191655
0.324216
0.646908
0.151564
0.066767
0.10803
0.29044
0.089097
0.137625
0.005274
0.67294
0.06458
0.620759
0.76673
0.566412
0.42056
0.274282
0.406656
0.583604
0.287159
0.524601
0.911635
0.901033
0.754203
0.542625
0.831172
0.714768
0.520767
0.395853
0.88991
0.064972
0.045905
0.76727
0.890839
0.501344
0.618561
0.562095
0.150987
0.884908
0.795358
0.308848
0.01298
0.068808
0.824476
0.005985
0.241656
0.757447
0.323807
0.028445
0.288301
0.347926
0.293915
0.753052
0.314642
0.13354
0.349217
0.301604
0.955024
0.034034
0.790648
0.70482
0.031378
0.234054
0.582579
0.836868
0.709018
0.354137
0.520097
0.641394
0.887938
0.069674
0.169688
0.508345
0.387967
0.382698
0.642519
0.692552
0.395766
0.499034
0.482449
0.887217
0.344971
0.405926
0.275078
0.194636
0.895808
0.679003
0.263348
0.944685
0.214639
0.945919
0.118936
0.652417
0.622193
0.37517
0.531734
0.896883
0.731047
0.423375
0.918959
0.797853
0.846253
0.602553
0.627004
0.392236
0.037126
0.375169
0.630471
0.648652
0.948663
0.12537
0.543301
0.750381
0.827783
0.558837
0.52935
0.054945
0.557307
0.962115
0.705269
0.962252
0.851432
0.908611
0.219958
0.098514
0.935968
0.437492
0.579839
0.863291
0.035486
0.854158
0.343311
0.49435
0.358202
0.37638
0.940456
0.00608
0.817217
0.597933
0.883375
0.923422
0.57179
0.584474
0.834151
0.557582
0.703539
0.264029
0.224042
0.284525
0.382143
0.630334
0.641448
0.368797
0.953553
0.659652
0.469952
0.777318
0.799364
0.003081
0.819727
0.606297
0.017243
0.961062
0.952367
0.603319
0.066605
0.075769
0.789729
0.822724
0.676741
0.695026
0.328079
0.938032
0.55231
0.619904
0.885917
0.106341
0.755323
0.788549
0.597807
0.755329
0.08794
0.719516
0.698153
0.432649
0.054479
0.241706
0.270933
0.202426
0.925506
0.468096
0.998031
0.633785
0.425279
0.692365
0.782308
0.968146
0.867547
0.002852
0.255976
0.259992
0.908649
0.964766
0.672342
0.140484
0.537915
0.988734
0.073861
0.483569
0.370948
0.613952
0.712524
0.787664
0.025043
0.235861
0.285109
0.608786
0.096184
0.002351
0.706716
0.833135
0.26714
0.733599
0.402136
0.114184
0.053262
0.51013
0.352454
0.644707
0.941591
0.204043
0.67868
0.315677
0.863595
0.106915
0.731016
0.906976
0.507801
0.184557
0.821146
0.406126
0.282501
0.268449
0.471028
0.842911
0.140258
0.83629
0.270387
0.74297
0.836132
0.294431
0.522701
0.588395
0.779309
0.914337
0.232895
0.386272
0.536874
0.389725
0.748324
0.016574
0.734963
0.8428
0.621562
0.800359
0.839478
0.593685
0.476206
0.106383
0.169624
0.325188
0.117565
0.49476
0.086018
0.282713
0.418082
0.97626
0.534062
0.064215
0.960116
0.426585
0.649475
0.058047
0.616473
0.432853
0.059902
0.310783
0.284599
0.239962
0.199268
0.107033
0.971741
0.556177
0.358281
0.025766
0.133575
0.828492
0.869293
0.440472
0.876449
0.695093
0.419152
0.694331
0.079541
0.717269
0.428862
0.328129
0.369912
0.525003
0.636711
0.33239
0.495863
0.729977
0.218047
0.937858
0.540598
0.436742
0.60476
0.639376
0.668837
0.995099
0.524767
0.808288
0.876121
0.0629
0.474534
0.208806
0.023069
0.861621
0.385306
0.128321
0.000523
0.58383
0.843315
0.995559
0.777468
0.063348
0.150345
0.682953
0.334922
0.703551
0.861336
0.03617
0.414743
0.281168
0.903702
0.285249
0.898649
0.220032
0.3573
0.405815
0.038497
0.593901
0.567281
0.088387
0.073101
0.36911
0.698399
0.791996
0.195508
0.566544
0.74283
0.073878
0.601628
0.702829
0.114657
0.82634
0.515011
0.090575
0.135431
0.476482
0.010029
0.727186
0.071069
0.653914
0.878215
0.740384
0.756137
0.704709
0.186558
0.444559
0.581368
0.473116
0.434734
0.690251
0.743092
0.550493
0.328025
0.386306
0.146531
0.939852
0.390536
0.378353
0.39612
0.322672
0.698608
0.950902
0.419933
0.474975
0.029871
0.399521
0.615878
0.507107
0.626919
0.192394
0.025282
0.297097
0.956021
0.426577
0.29655
0.644336
0.80131
0.852823
0.09967
0.675736
0.369624
0.898709
0.189764
0.444009
0.634387
0.132362
0.123982
0.913997
0.708022
0.142742
0.441368
0.196506
0.825235
0.437637
0.342475
0.562043
0.946884
0.188146
0.396292
0.144257
0.226935
0.275649
0.622837
0.747759
0.594452
0.848332
0.899431
0.942061
0.854962
0.698971
0.325077
0.246426
0.577747
0.092709
0.443007
0.814671
0.678472
0.985177
0.513009
0.502853
0.489678
0.701868
0.246217
0.962724
0.6548
0.154032
0.741113
0.669423
0.569597
0.494936
0.773604
0.544983
0.35058
0.719332
0.609405
0.027623
0.059984
0.65879
0.560734
0.353134
0.844724
0.857544
0.951343
0.917545
0.215814
0.496843
0.498397
0.952144
0.831789
0.548521
0.076179
0.542068
0.048003
0.909273
0.325013
0.408622
0.564464
0.678924
0.342966
0.645146
0.607778
0.833812
0.619262
0.094316
0.041763
0.673926
0.535913
0.394866
0.56518
0.047839
0.113724
0.282185
0.029346
0.454835
0.069395
0.123098
0.309838
0.407626
0.643792
0.784719
0.319197
0.767076
0.058061
0.834051
0.723459
0.07014
0.061438
0.588407
0.122705
0.105362
0.833786
0.240254
0.831343
0.945245
0.37955
0.148623
0.877399
0.287035
0.849425
0.15024
0.559189
0.838564
0.964206
0.966958
0.701502
0.503532
0.588441
0.622633
0.281185
0.129418
0.863039
0.032238
0.428894
0.201582
0.30487
0.484384
0.760205
0.625018
0.458247
0.402458
0.344361
0.052296
0.029152
0.826544
0.922516
0.317795
0.347148
0.289955
0.961131
0.432968
0.814878
0.461967
0.031541
0.103704
0.148073
0.332139
0.596986
0.749678
0.857968
0.755176
0.734009
0.928238
0.3132
0.414216
0.214389
0.425795
0.829001
0.751684
0.476638
0.34641
0.035315
0.482775
0.574639
0.30711
0.945928
0.934116
0.909254
0.14056
0.451412
0.045734
0.643588
0.875855
0.968654
0.092684
0.192312
0.488049
0.424719
0.156692
0.076561
0.133449
0.868715
0.867596
0.88393
0.097134
0.600247
0.737401
0.545897
0.231
0.597612
0.231124
0.051074
0.671122
0.103678
0.024966
0.927618
0.984485
0.018048
0.021596
0.884694
0.543632
0.435143
0.778213
0.42124
0.024367
0.17841
0.18833
0.071257
0.637016
0.621838
0.697111
0.089518
0.035259
0.303753
0.460009
0.883805
0.651442
0.4275
0.36079
0.648431
0.116153
0.411855
0.996948
0.529837
0.04389
0.328439
0.272643
0.737321
0.63241
0.917406
0.993062
0.240041
0.069601
0.705942
0.396172
0.971077
0.167431
0.643432
0.100561
0.984954
0.279397
0.677934
0.377269
0.172572
0.164249
0.577746
0.193994
0.58011
0.770353
0.475833
0.459149
0.184306
0.362727
0.373196
0.53692
0.264684
0.900418
0.507727
0.905866
0.622194
0.296982
0.230863
0.073393
0.971014
0.117828
0.069058
0.092157
0.934166
0.723805
0.982625
0.379872
0.442839
0.983823
0.494877
0.410164
0.993937
0.881499
0.036962
0.447187
0.20364
0.442019
0.123877
0.762128
0.458258
0.982543
0.180547
0.516995
0.869021
0.016038
0.77266
0.717571
0.251641
0.01265
0.457995
0.576828
0.319363
0.244635
0.850183
0.862522
0.384607
0.423477
0.368285
0.881148
0.049274
0.118107
0.400565
0.24338
0.325962
0.691334
0.646354
0.615589
0.866829
0.00983
0.741272
0.284986
0.638694
0.687592
0.916264
0.930984
0.212409
0.579608
0.620789
0.893387
0.180846
0.191235
0.293612
0.938857
0.130397
0.141874
0.221914
0.078445
0.273457
0.448958
0.93382
0.389879
0.097907
0.329278
0.033915
0.101034
0.057773
0.694714
0.225944
0.363463
0.198348
0.794164
0.990417
0.798258
0.03355
0.601689
0.284032
0.954816
0.286186
0.52836
0.249966
0.03079
0.13778
0.280834
0.56614
0.635633
0.220226
0.186655
0.997012
0.232314
0.918464
0.0946
0.780765
0.327753
0.715069
0.07441
0.294491
0.818898
0.511766
0.621875
0.44846
0.030036
0.783205
0.575519
0.531147
0.257571
0.052276
0.569953
0.579272
0.458763
0.369975
0.731456
0.703887
0.439221
0.600454
0.8838
0.218026
0.796843
0.718979
0.695073
0.989706
0.311564
0.320544
0.635977
0.560801
0.411968
0.252886
0.519575
0.516845
0.565546
0.492854
0.164923
0.755233
0.615966
0.321074
0.824581
0.904326
0.699205
0.905857
0.024387
0.585016
0.034541
0.122098
0.573327
0.984478
0.99523
0.924475
0.013987
0.800966
0.953892
0.642958
0.755238
0.348017
0.438933
0.004631
0.750633
0.14798
0.781322
0.881631
0.284686
0.481545
0.04518
0.318361
0.189471
0.795255
0.883853
0.062389
0.093844
0.256533
0.846302
0.849967
0.68627
0.889269
0.445705
0.578434
0.676838
0.654863
0.926213
0.963506
0.531816
0.68134
0.938206
0.483615
0.465397
0.544037
0.585891
0.204417
0.835188
0.582085
0.584146
0.292728
0.937805
0.158938
0.536989
0.53661
0.350054
0.061268
0.76643
0.967944
0.145702
0.22394
0.626443
0.766294
0.992177
0.476345
0.737283
0.130148
0.163369
0.904965
0.369401
0.768986
0.544587
0.83946
0.805711
0.628599
0.993697
0.353481
0.381739
0.697638
0.430554
0.740273
0.337612
0.075584
0.755214
0.57681
0.711958
0.26638
0.829353
0.262245
0.955796
0.78198
0.640604
0.582793
0.827678
0.852896
0.088176
0.922456
0.993906
0.994412
0.905121
0.738751
0.664968
0.697311
0.391728
0.163914
0.746674
0.000148
0.665203
0.899046
0.490423
0.578375
0.192455
0.748954
0.738953
0.299435
0.940965
0.442454
0.684033
0.029852
0.559383
0.812277
0.927263
0.216096
0.487111
0.447251
0.113001
0.370353
0.581435
0.985328
0.239837
0.171825
0.223152
0.504588
0.865913
0.054798
0.02956
0.549799
0.189748
0.718865
0.749597
0.14489
0.360197
0.925368
0.352315
0.867333
0.322547
0.66148
0.338095
0.08957
0.513676
0.717577
0.968221
0.113049
0.603557
0.530562
0.456395
0.055646
0.549775
0.629481
0.048938
0.510591
0.218144
0.367055
0.957557
0.315324
0.546654
0.065313
0.684832
0.457871
0.857915
0.833921
0.862928
0.319255
0.395419
0.441554
0.432787
0.58146
0.870925
0.960383
0.827953
0.539519
0.62269
0.781906
0.622939
0.093865
0.303533
0.43707
0.58953
0.936176
0.726888
0.283474
0.945756
0.579464
0.155892
0.640464
0.493139
0.693022
0.88301
0.549406
0.190226
0.397699
0.884481
0.993841
0.009466
0.959951
0.784996
0.953677
0.846014
0.319959
0.099297
0.672598
0.921929
0.378704
0.973837
0.379791
0.137784
0.826765
0.417437
0.252269
0.686954
0.971114
0.703172
0.427762
0.451665
0.043379
0.554445
0.060272
0.684091
0.444176
0.318148
0.109021
0.195209
0.130544
0.606082
0.924048
0.169747
0.799367
0.381414
0.507835
0.525471
0.591212
0.832961
0.539297
0.193841
0.23673
0.070813
0.952858
0.540945
0.498064
0.648497
0.643902
0.363061
0.624428
0.310305
0.301666
0.70122
0.067267
0.219586
0.34615
0.861131
0.287118
0.36826
0.494802
0.377403
0.022925
0.407243
0.614686
0.116052
0.999117
0.28334
0.674168
0.59594
0.543016
0.381345
0.177399
0.111816
0.842717
0.427667
0.187714
0.214594
0.258663
0.556126
0.449838
0.47427
0.835826
0.614153
0.510017
0.863261
0.110189
0.703822
0.062618
0.986631
0.403533
0.289669
0.191876
0.711096
0.823909
0.796054
0.591541
0.998706
0.695562
0.419242
0.422579
0.365642
0.648803
0.413032
0.54625
0.418071
0.972908
0.785282
0.852229
0.213008
0.629667
0.712744
0.138766
0.405647
0.40372
0.773111
0.293151
0.165091
0.159235
0.366093
0.057311
0.077159
0.308653
0.442746
0.539617
0.87098
0.158672
0.655824
0.905237
0.74314
0.014051
0.964154
0.990565
0.963956
0.337416
0.996265
0.723733
0.15575
0.160947
0.705542
0.632833
0.778416
0.800169
0.695567
0.603503
0.667925
0.658856
0.379534
0.466131
0.490825
0.760914
0.999237
0.544647
0.270849
0.025267
0.399517
0.828136
0.613598
0.954451
0.188647
0.584026
0.306902
0.1625
0.714502
0.014344
0.014549
0.502012
0.126014
0.048318
0.550408
0.780308
0.386265
0.009515
0.816188
0.528229
0.514343
0.504913
0.20011
0.198004
0.286458
0.303211
0.793619
0.450905
0.187146
0.283166
0.4243
0.345997
0.459653
0.582783
0.343733
0.308084
0.396974
0.877076
0.027831
0.375079
0.967262
0.941596
0.267052
0.912939
0.318881
0.093996
0.852641
0.930026
0.44597
0.603293
0.470112
0.177735
0.603927
0.652534
0.407057
0.69835
0.778492
0.285902
0.682544
0.660356
0.943023
0.783131
0.112024
0.459231
0.669632
0.591471
0.845061
0.639594
0.541398
0.332207
0.523789
0.749855
0.571479
0.269586
0.702347
0.624039
0.652397
0.200831
0.82433
0.582955
0.128128
0.999301
0.126692
0.066984
0.266661
0.836474
0.59223
0.477163
0.825218
0.159224
0.919962
0.313155
0.939942
0.050135
0.7781
0.595366
0.248895
0.284945
0.975197
0.216314
0.076107
0.628254
0.142361
0.500187
0.801091
0.051127
0.517344
0.367072
0.200777
0.047919
0.404248
0.301242
0.617849
0.548
0.868344
0.6475
0.807774
0.631919
0.696243
0.302717
0.155873
0.804759
0.632609
0.753201
0.110998
0.692837
0.433924
0.912839
0.373779
0.170102
0.488835
0.247447
0.103934
0.024486
0.853586
0.024715
0.520307
0.339839
0.033092
0.365788
0.948826
0.963177
0.218859
0.868528
0.155681
0.959622
0.311934
0.655456
0.841826
0.739303
0.141854
0.126624
0.645425
0.30709
0.636025
0.552361
0.937087
0.781679
0.521419
0.550783
0.681951
0.4028
0.562204
0.538109
0.538716
0.793277
0.101217
0.428245
0.874184
0.672296
0.105406
0.821632
0.0026
0.44397
0.943649
0.139621
0.442815
0.323468
0.14262
0.697285
0.816526
0.304279
0.239234
0.48684
0.98423
0.35835
0.105225
0.72955
0.855191
0.938823
0.3594
0.599986
0.953946
0.65362
0.489723
0.426849
0.545229
0.495509
0.830364
0.801226
0.203527
0.335138
0.474342
0.942123
0.253572
0.559492
0.857001
0.100693
0.201313
0.0917
0.059992
0.411562
0.048379
0.684785
0.968961
0.420856
0.342068
0.570063
0.229679
0.898547
0.722912
0.170118
0.16441
0.469764
0.238377
0.462282
0.577172
0.589997
0.24544
0.758397
0.80537
0.123816
0.483359
0.424776
0.12845
0.416095
0.873936
0.848914
0.389449
0.544993
0.208238
0.708587
0.962681
0.661488
0.829073
0.023465
0.637235
0.873334
0.515322
0.9856
0.729996
0.204555
0.187344
0.656356
0.790974
0.369266
0.886533
0.908246
0.321324
0.604314
0.163763
0.853269
0.197601
0.030724
0.96706
0.237522
0.138826
0.977192
0.021975
0.389146
0.613855
0.307754
0.613027
0.625482
0.67771
0.220253
0.11349
0.007861
0.440814
0.199973
0.945384
0.12197
0.684689
0.875592
0.24075
0.898483
0.545699
0.124843
0.482712
0.864656
0.319645
0.126586
0.260481
0.247495
0.069139
0.691514
0.062439
7.1e-05
0.545078
0.347839
0.913375
0.333967
0.072897
0.532908
0.013485
0.413356
0.093387
0.417551
0.873749
0.565907
0.05989
0.142778
0.224841
0.126322
0.774319
0.66532
0.520914
0.132905
0.164127
0.105377
0.453747
0.566229
0.125367
0.945496
0.97765
0.453857
0.621589
0.832688
0.698216
0.285414
0.39045
0.591633
0.484039
0.099003
0.387127
0.247824
0.02774
0.399762
0.590991
0.792057
0.430125
0.275506
0.072473
0.581643
0.836287
0.5142
0.706906
0.489731
0.143342
0.551766
0.522247
0.349417
0.976611
0.300177
0.491759
0.460962
0.10501
0.808881
0.492939
0.28248
0.628102
0.538149
0.505032
0.506527
0.414903
0.97075
0.733757
0.582326
0.439636
0.091419
0.218665
0.116007
0.357671
0.380364
0.393504
0.2193
0.905036
0.745011
0.705873
0.613191
0.201226
0.381377
0.304445
0.663556
0.799297
0.31288
0.970278
0.383655
0.832588
0.083995
0.243581
0.721903
0.88888
0.627355
0.944047
0.543722
0.577579
0.418535
0.632191
0.344979
0.233757
0.280202
0.642402
0.839087
0.967771
0.138918
0.282401
0.125028
0.070018
0.484335
0.857118
0.319442
0.070258
0.113633
0.353129
0.581875
0.312577
0.621419
0.942055
0.102621
0.333793
0.739464
0.705479
0.700267
0.390565
0.412341
0.402033
0.40392
0.198879
0.924636
0.642273
0.173689
0.767761
0.569568
0.669194
0.776866
0.088798
0.472592
0.864582
0.232903
0.07139
0.196413
0.654918
0.07215
0.738331
0.280721
0.159007
0.450221
0.356578
0.53164
0.787173
0.006711
0.092959
0.133307
0.579457
0.124564
0.255392
0.039979
0.622367
0.107476
0.815298
0.532936
0.114662
0.980071
0.071297
0.951224
0.654516
0.711261
0.349304
0.764446
0.644459
0.486899
0.852729
0.704157
0.237675
0.965948
0.748715
0.396986
0.820361
0.278741
0.896508
0.914677
0.776721
0.270739
0.641997
0.634047
0.966625
0.26711
0.082635
0.204622
0.255184
0.666666
0.063398
0.853097
0.263765
0.214038
0.082317
0.168246
0.108336
0.411322
0.173244
0.381336
0.235356
0.621079
0.716519
0.867845
0.174851
0.220534
0.653524
0.560405
0.731004
0.118362
0.953991
0.379568
0.056816
0.274182
0.948627
0.032782
0.293235
0.322467
0.098029
0.887817
0.211467
0.418059
0.563603
0.869814
0.297116
0.027939
0.772072
0.892086
0.019852
0.540956
0.895676
0.930549
0.872894
0.331306
0.442905
0.045754
0.94554
0.47749
0.868005
0.345379
0.622473
0.053032
0.579915
0.398
0.594687
0.964535
0.659545
0.388701
0.416307
0.565347
0.370101
0.873551
0.071509
0.918337
0.623795
0.582741
0.062666
0.579574
0.61381
0.880503
0.486324
0.450568
0.558276
0.182698
0.593319
0.597664
0.512164
0.960194
0.53572
0.963474
0.701879
0.93872
0.656859
0.514648
0.121599
0.520063
0.206864
0.088571
0.501904
0.136263
0.085383
0.733417
0.769733
0.910698
0.798887
0.078174
0.327945
0.102358
0.409583
0.186267
0.399405
0.312314
0.916301
0.707397
0.880824
0.410559
0.170781
0.443697
0.880406
0.128931
0.365329
0.961489
0.21085
0.258388
0.088297
0.853568
0.286258
0.945003
0.296331
0.070186
0.518815
0.121857
0.233289
0.764903
0.409201
0.652768
0.998623
0.692374
0.903785
0.804975
0.447967
0.797227
0.731504
0.56861
0.038151
0.106467
0.555729
0.95211
0.624216
0.755446
0.454573
0.218517
0.325404
0.718522
0.554668
0.364338
0.687405
0.211448
0.244414
0.044118
0.900675
0.982266
0.003987
0.028731
0.93433
0.257751
0.13068
0.519811
0.393513
0.17475
0.427411
0.809128
0.918406
0.681756
0.584055
0.649629
0.803
0.250412
0.057645
0.449304
0.325525
0.831117
0.863947
0.27995
0.104547
0.021233
0.053641
0.025035
0.571519
0.279953
0.574523
0.751786
0.393984
0.588748
0.912296
0.611245
0.272194
0.960545
0.153477
0.500027
0.087512
0.846724
0.79587
0.138907
0.23427
0.597115
0.889505
0.566083
0.167797
0.924199
0.837513
0.585568
0.555449
0.186052
0.931768
0.868944
0.270889
0.121873
0.275155
0.688549
0.896507
0.42311
0.94514
0.267868
0.152183
0.022149
0.274249
0.767054
0.125475
0.860509
0.043757
0.194857
0.025473
0.082941
0.692462
0.431786
0.685703
0.022582
0.702462
0.609038
0.358988
0.042127
0.854677
0.081915
0.83394
0.384292
0.38759
0.50865
0.073394
0.737893
0.937933
0.63202
0.614068
0.690183
0.482277
0.301424
0.238233
0.122778
0.10355
0.6772
0.266848
0.78989
0.351587
0.802745
0.04339
0.117468
0.895955
0.309704
0.63393
0.276068
0.894215
0.052556
0.818204
0.799188
0.852607
0.320777
0.878481
0.047681
0.303561
0.114626
0.806211
0.026747
0.270504
0.671489
0.549779
0.598152
0.975411
0.570485
0.537263
0.550501
0.769365
0.97617
0.0819
0.997777
0.06847
0.068763
0.148366
0.617888
0.99617
0.873351
0.534148
0.349341
0.006803
0.125069
0.543967
0.936535
0.547648
0.9862
0.518613
0.163588
0.640672
0.871493
0.171043
0.249722
0.243851
0.642231
0.382737
0.983579
0.805988
0.732277
0.212514
0.305263
0.484206
0.363263
0.827553
0.730856
0.374478
0.497576
0.28601
0.850849
0.706774
0.629702
0.601337
0.487068
0.932626
0.269312
0.819075
0.420515
0.680208
0.51577
0.467217
0.709564
0.884925
0.28873
0.800682
0.087539
0.846086
0.38217
0.640664
0.634806
0.689055
0.025714
0.06088
0.010038
0.428254
0.396774
0.012859
0.518878
0.472937
0.166082
0.083531
0.422703
0.554164
0.166395
0.016785
0.740511
0.480639
0.637412
0.644646
0.084009
0.063764
0.613929
0.401171
0.015196
0.364208
0.782518
0.408764
0.639422
0.529256
0.296899
0.530257
0.004285
0.966481
0.362528
0.448088
0.961987
0.447659
0.098416
0.241032
0.732188
0.772045
0.045067
0.610739
0.773615
0.38294
0.714788
0.923158
0.24551
0.180489
0.561912
0.974843
0.622691
0.979797
0.397429
0.646386
0.865058
0.513667
0.722637
0.426876
0.768486
0.950145
0.925896
0.861238
0.486304
0.240819
0.151821
0.839629
0.38322
0.240325
0.62393
0.541281
0.093278
0.191043
0.6017
0.40738
0.080043
0.533778
0.008816
0.165535
0.40509
0.497885
0.248299
0.57701
0.836421
0.136177
0.482865
0.209894
0.258818
0.073885
0.157121
0.96988
0.420664
0.985293
0.300334
0.91237
0.121741
0.938428
0.207696
0.211797
0.867872
0.813763
0.952404
0.206032
0.55707
0.379966
0.063814
0.372844
0.44875
0.847714
0.1272
0.542569
0.441889
0.292021
0.080235
0.861378
0.349947
0.339049
