256 2 3
0
76
185
1
33
145
2
60
229
3
66
230
4
142
175
5
54
174
6
42
92
7
226
228
8
100
245
9
49
123
10
75
177
11
141
245
12
61
160
13
36
152
14
91
192
15
53
120
16
53
239
17
56
115
18
171
228
19
134
173
20
77
163
21
144
170
21
22
162
23
201
205
10
24
97
25
46
230
21
26
89
27
129
190
28
200
252
29
59
155
14
30
217
31
193
255
17
32
210
6
33
168
34
73
128
7
35
89
36
115
177
30
37
131
32
38
68
4
39
104
40
88
164
41
110
187
42
108
212
43
141
199
44
133
196
45
98
115
46
178
206
47
201
212
10
48
101
49
120
141
50
172
201
8
51
244
31
46
52
53
79
209
54
186
237
55
108
145
51
56
220
51
57
165
58
95
101
59
160
164
44
60
185
34
61
172
62
83
144
51
63
246
10
64
80
65
72
128
66
139
234
8
67
187
68
203
254
57
69
89
70
110
154
26
44
71
37
72
155
73
122
161
39
74
170
75
77
159
37
76
191
77
95
130
10
78
128
32
79
181
43
80
201
27
81
152
82
111
224
83
219
251
56
84
252
85
186
199
86
124
125
45
87
198
88
163
225
36
89
149
87
90
233
91
118
192
92
123
155
29
81
93
94
111
184
95
99
119
96
98
250
0
33
97
64
98
141
73
99
180
79
100
255
22
101
167
69
102
119
6
7
103
104
179
246
96
105
125
56
106
169
88
107
233
108
158
209
109
198
230
110
154
245
111
139
227
85
112
235
50
113
184
68
114
130
54
115
230
90
116
131
117
188
210
118
135
147
16
49
119
120
136
231
121
193
206
122
187
227
14
123
142
82
124
157
44
125
216
126
179
243
12
127
163
26
128
219
65
129
197
111
130
235
131
172
243
120
132
147
30
133
163
78
122
134
110
135
185
42
136
161
114
136
137
2
138
219
139
197
217
129
140
150
85
141
156
109
142
190
24
143
164
82
144
166
35
139
145
22
146
246
147
211
230
87
148
240
80
149
217
33
145
150
139
151
212
75
120
152
64
153
253
83
154
251
27
155
169
8
58
156
5
157
210
133
158
184
77
129
159
138
160
215
45
161
190
34
65
162
133
163
238
65
115
164
16
165
184
10
99
166
74
167
174
59
166
168
169
227
250
58
103
170
43
95
171
42
49
172
21
95
173
70
75
174
90
175
199
88
176
196
169
177
183
166
178
193
5
8
179
72
180
233
181
220
221
26
80
182
35
183
219
88
184
249
185
194
226
21
36
186
32
72
187
19
31
188
51
110
189
108
133
190
30
58
191
90
192
227
136
193
215
194
223
246
64
192
195
185
196
229
36
126
197
67
131
198
154
199
211
79
178
200
49
177
201
104
202
216
28
41
203
114
204
230
20
163
205
61
145
206
97
207
251
191
208
219
45
175
209
38
210
253
127
136
211
57
117
212
83
206
213
8
195
214
185
202
215
128
196
216
17
116
217
39
103
218
10
45
219
143
220
245
25
98
221
152
191
222
172
204
223
84
99
224
101
178
225
27
79
226
120
163
227
6
119
228
15
53
229
10
47
230
178
231
254
79
119
232
127
186
233
56
234
253
152
208
235
26
204
236
114
151
237
18
120
238
230
239
244
138
158
240
54
119
241
48
86
242
106
173
243
131
172
244
17
245
248
101
168
246
133
180
247
40
165
248
95
232
249
4
67
250
16
226
251
30
205
252
14
76
253
160
165
254
102
121
255
0.921715
0.729103
0.581465
0.16543
0.484192
0.948879
0.102886
0.587733
0.479895
0.622221
0.81605
0.790773
0.414895
0.709416
0.512649
0.386201
0.265398
0.156279
0.268954
0.454551
0.529323
0.151108
0.560743
0.12122
0.224975
0.344309
0.217326
0.678486
0.95471
0.789566
0.024477
0.009609
0.137814
0.388489
0.873326
0.575923
0.409072
0.007404
0.148088
0.05508
0.824983
0.647193
0.340673
0.007701
0.376466
0.67336
0.552471
0.25842
0.061262
0.827725
0.244906
0.931087
0.885844
0.700997
0.657591
0.802564
0.018049
0.7245
0.613369
0.795868
0.525579
0.012988
0.862139
0.646735
0.742709
0.344728
0.053481
0.394313
0.024857
0.714114
0.554976
0.184906
0.821057
0.301649
0.013754
0.655803
0.44046
0.297887
0.847715
0.002859
0.898539
0.744868
0.909004
0.265569
0.029708
0.041871
0.034794
0.958778
0.837075
0.189306
0.790287
0.480321
0.352161
0.535166
0.18257
0.436627
0.710592
0.530843
0.868856
0.583231
0.561469
0.478896
0.841202
0.236613
0.948049
0.033057
0.643441
0.974904
0.91738
0.788577
0.863894
0.627499
0.214947
0.060154
0.277641
0.460091
0.250952
0.861457
0.09838
0.666281
0.670927
0.148144
0.226758
0.222977
0.482793
0.22616
0.622812
0.88403
0.297138
0.04537
0.418191
0.780878
0.747291
0.007082
0.040381
0.793143
0.872293
0.972267
0.692018
0.508629
0.290073
0.729579
0.457266
0.352341
0.890072
0.033151
0.864008
0.313101
0.974081
0.860456
0.168584
0.37383
0.490986
0.89073
0.042098
0.258561
0.33667
0.060881
0.327111
0.348222
0.232363
0.249507
0.025837
0.699624
0.031822
0.287301
0.476429
0.369927
0.4063
0.780038
0.104661
0.528424
0.887672
0.95466
0.779164
0.096822
0.640636
0.642395
0.877502
0.079877
0.172546
0.329773
0.114101
0.119855
0.886709
0.267351
0.650084
0.896263
0.793593
0.103718
0.040263
0.798271
0.228965
0.896738
0.358546
0.095933
0.505325
0.657838
0.891191
0.708249
0.050492
0.604191
0.475423
0.744375
0.974654
0.744179
0.481235
0.71941
0.621701
0.246216
0.4396
0.1825
0.74337
0.441252
0.069334
0.907379
0.24654
0.634198
0.77092
0.405588
0.764349
0.851937
0.517674
0.39739
0.141631
0.526838
0.272096
0.567823
0.297741
0.596473
0.550968
0.769539
0.400276
0.957655
0.180087
0.491595
0.89903
0.421342
0.53281
0.294082
0.501791
0.193404
0.302937
0.47303
0.919044
0.563673
0.215461
0.137064
0.047089
0.306516
0.171374
0.787627
0.392831
0.840062
0.438184
0.196496
0.175043
0.04771
0.798766
0.823007
0.361747
0.141996
0.053649
0.563267
0.691753
0.439869
0.686041
0.467536
0.08591
0.21577
0.028983
0.674822
0.840709
0.296385
0.548487
0.354889
0.281608
0.399396
0.256382
0.446001
0.543535
0.271934
0.729671
0.875477
0.070075
0.458691
0.785437
0.353924
0.765169
0.32645
0.6406
0.546478
0.465262
0.738077
0.747257
0.078939
0.345018
0.685396
0.83237
0.931203
0.448278
0.22412
0.818182
0.14555
0.353588
0.433742
0.688501
0.599244
0.385502
0.196082
0.226981
0.90461
0.856634
0.002304
0.319738
0.938529
0.162069
0.438941
0.712664
0.0503
0.422115
0.339989
0.061899
0.674233
0.268033
0.557831
0.623742
0.712794
0.42923
0.752583
0.210537
0.132742
0.401722
0.432861
0.892454
0.938308
0.566281
0.632273
0.193535
0.651439
0.09094
0.626621
0.757596
0.646496
0.913837
0.514536
0.530538
0.584993
0.905036
0.46936
0.314932
0.101278
0.867399
0.602571
0.212874
0.206351
0.607126
0.281799
0.201056
0.957109
0.690738
0.196768
0.122708
0.473239
0.000675
0.288438
0.930516
0.970809
0.289325
0.243123
0.286066
0.124739
0.790082
0.887943
0.349082
0.121361
0.985318
0.618364
0.242077
0.837246
0.08649
0.432377
0.390418
0.480145
0.752502
0.838574
0.624393
0.280401
0.466311
0.139401
0.599494
0.492288
0.172291
0.210973
0.564005
0.888825
0.206661
0.768188
0.934423
0.481556
0.235156
0.445705
0.064183
0.906433
0.580224
0.944856
0.606613
0.520603
0.381542
0.88904
0.570386
0.653972
0.502786
0.578327
0.343228
0.742423
0.179415
0.481909
0.191002
0.839275
0.73812
0.699125
0.007372
0.955379
0.002727
0.623052
0.949219
0.481944
0.615172
0.322156
0.441778
0.655157
0.560461
0.889059
0.405801
0.781843
0.806122
0.918847
0.994405
0.735198
0.686707
0.7514
0.472785
0.207398
0.108649
0.97013
0.819225
0.370246
0.440089
0.190695
0.26622
0.498598
0.703638
0.550895
0.180285
0.729678
0.230657
0.731159
0.228172
0.637173
0.915476
0.482078
0.392282
0.912797
0.305978
0.784521
0.317804
0.137153
0.267969
0.881885
0.467382
0.021244
0.232302
0.257026
0.123196
0.130024
0.170494
0.184304
0.868432
0.232598
0.547562
0.242111
0.496936
0.711332
0.640453
0.407373
0.193168
0.704026
0.586575
0.001495
0.92192
0.585189
0.197599
0.373958
0.217178
0.797289
0.581519
0.548145
0.626142
0.955145
0.655215
0.078613
0.040813
0.402292
0.730341
0.68157
0.483885
0.709491
0.173983
0.95506
0.738374
0.800295
0.274027
0.339922
0.970381
0.134042
0.141371
0.950514
0.004827
0.23404
0.479614
0.231397
0.520367
0.801393
0.438154
0.869943
0.863231
0.051826
0.554003
0.25411
0.25259
0.200472
0.347614
0.892833
0.753495
0.434328
0.557813
0.899164
0.849346
0.480073
0.815048
0.197776
0.547416
0.086472
0.680303
0.835328
0.201535
0.583129
0.180156
0.335595
0.522765
0.574031
0.510103
0.642674
0.810678
0.603118
0.549084
0.472329
0.103863
0.312157
0.510812
0.702754
0.724599
0.76242
0.020196
0.810508
0.22731
0.365799
0.530677
0.193316
0.780262
0.292943
0.644547
0.665077
0.272142
0.845088
0.272142
0.23194
0.825465
0.75735
0.03908
0.148761
0.891925
0.183766
0.734081
0.056945
0.328999
0.029802
0.579716
0.432514
0.070683
0.902351
0.565018
0.600618
0.367611
0.933505
0.678335
0.426545
0.623168
0.254985
0.754961
0.624317
0.911295
0.922901
0.173981
0.948007
0.95662
0.219251
0.590707
0.735188
0.197937
0.249338
0.290637
0.698286
0.018629
0.226423
0.203441
0.299134
0.545039
0.346909
0.098591
0.160049
0.982151
0.217094
0.839648
0.663031
0.158617
0.192831
0.922781
0.599522
0.30861
0.052974
0.675742
0.745211
0.707544
0.952093
0.663068
0.270592
0.567234
0.846231
0.78475
0.110376
0.309851
0.442249
0.047967
0.839457
0.123266
0.220458
0.899709
0.249194
0.948794
0.305932
0.506765
0.86258
0.92237
0.462173
0.920306
0.170035
0.906425
0.826504
0.192278
0.961318
0.725291
0.428576
0.891473
0.780851
0.337462
0.245363
0.696514
0.172597
0.088302
0.61373
0.370429
0.652927
0.493536
0.314831
0.693968
0.834838
0.323628
0.32046
0.158459
0.425019
0.590579
0.68894
0.616333
0.479637
0.776584
0.420469
0.851716
0.750119
0.591364
0.771087
0.065746
0.882714
0.463586
0.060095
0.266691
0.891826
0.130429
0.69031
0.5104
0.537705
0.324292
0.470625
0.598462
0.831822
0.580558
0.082417
0.955079
0.588964
0.348469
0.59076
0.992099
0.048377
0.297245
0.15764
0.627995
0.445422
0.860852
0.454228
0.60817
0.423408
0.32445
0.518364
0.498171
0.813577
0.543564
0.287493
0.554417
0.508784
0.166329
0.505301
0.632013
0.91202
0.790619
0.192538
0.229529
0.151366
0.007397
0.491522
0.205207
0.657938
0.795677
0.396088
0.376127
0.775048
0.350016
0.891142
0.426924
0.307144
0.449795
0.996833
0.962503
0.484423
0.30238
0.276342
0.09251
0.317879
0.871178
0.230376
0.632446
0.982506
0.3155
0.866724
0.482534
0.473078
0.643333
0.185614
0.706764
0.814718
0.499901
0.043761
0.476572
0.992046
0.118584
0.749108
0.683605
0.821152
0.295449
0.843796
0.758048
0.110531
0.833441
0.054413
0.933083
0.254134
0.658989
0.920775
0.232856
0.880139
0.502504
0.276826
0.591898
0.427005
0.045591
0.481815
0.20912
0.848715
0.027897
0.826979
0.376008
0.353095
0.6886
0.43275
0.232982
0.516041
0.842924
0.681929
0.971272
0.346541
0.190168
0.957466
0.389827
0.795644
0.8539
0.081428
0.324697
0.438415
0.499282
0.81267
0.670285
0.482445
0.4948
0.046446
0.708045
0.509426
0.653776
0.100158
0.56175
0.86892
0.295251
0.352745
0.064205
0.113401
0.108231
0.38383
0.448106
0.260851
0.622716
0.541982
0.32398
0.183476
0.498698
0.038283
0.622547
0.015595
0.771045
0.987547
0.915374
0.63659
0.378876
0.324478
0.130089
0.654385
0.134663
0.020987
0.80823
0.082043
0.162879
0.159292
0.326833
0.995576
0.420081
0.659924
0.629377
0.565899
0.097135
0.180619
0.790086
0.010091
0.376972
0.593611
0.613595
0.41694
0.824089
0.40867
0.088335
0.267359
0.124647
0.576378
0.915297
0.187091
0.669074
0.32436
0.673793
0.096853
0.563846
0.830675
0.760889
0.627074
0.088299
0.674389
0.028679
0.044852
0.058642
0.503163
0.656125
0.061269
0.367623
0.255031
0.96219
0.191041
0.555026
0.324864
0.214322
0.016247
0.459457
0.367084
0.140282
0.333279
0.317275
0.369166
0.431311
0.363003
0.951005
0.989134
0.885607
0.04802
0.981857
0.420921
0.027098
0.919773
0.154502
0.529054
0.225204
0.845089
0.423663
0.128526
0.666988
0.220408
0.671635
0.066749
0.680169
0.560804
0.887384
0.954294
0.305579
0.360792
0.262877
0.041135
0.153845
0.690877
0.738229
0.000326
0.163933
0.02876
0.319721
0.985279
0.125887
0.49494
0.681012
0.127053
0.540956
0.280772
0.711725
0.841329
0.650483
0.636652
0.206675
0.316571
0.456987
0.286454
0.985893
0.768958
0.345703
0.368553
0.777766
0.557828
0.178725
0.036611
0.622551
0.95193
0.546405
0.180445
0.017667
0.240842
0.269831
0.236907
0.461408
0.072942
0.597251
0.306943
0.628565
0.099806
0.236986
0.741286
0.300949
0.759776
0.016879
0.45645
0.472614
0.694164
0.20145
0.163779
0.907763
0.69291
0.66482
0.679076
0.593276
0.492152
0.351991
0.001735
0.522792
0.734882
0.525098
0.752524
0.424187
0.167784
0.004844
0.063943
0.040175
0.245212
0.12531
0.856831
0.718229
0.637655
0.146578
0.044865
0.912902
0.513541
0.237298
0.911929
0.390509
0.845851
0.576673
0.673785
0.675602
0.724938
0.181982
0.516805
0.857603
0.266202
0.748807
0.911041
0.589242
0.45245
0.133926
0.618588
0.681912
0.677266
0.350028
0.726234
0.900241
0.323438
0.166973
0.763185
0.541565
0.935363
0.682682
0.437629
0.621032
0.572782
0.072352
0.44339
0.421706
0.668008
0.973219
0.452616
0.432844
0.530793
0.393584
0.585315
0.774837
0.088562
0.988675
0.468269
0.120224
0.4791
0.19322
0.664713
0.613915
0.484562
0.841502
0.704697
0.860337
0.05878
0.766594
0.305912
0.289051
0.022233
0.570795
0.207177
0.98122
0.442084
0.354608
0.986349
0.66578
0.041014
0.895254
0.981096
0.558682
0.996149
0.21972
0.389466
0.017758
0.799097
0.400754
0.141347
0.27448
0.226582
0.027214
0.204462
0.707304
0.459922
0.701297
0.409003
0.918977
0.161827
0.886332
0.830767
0.750812
0.446876
0.389579
0.7953
0.17522
0.987986
0.37957
0.986803
0.32059
0.81325
0.571447
0.771572
0.215232
0.918447
0.046058
0.678071
0.42442
0.430444
0.388501
0.392948
0.362496
0.754927
0.547518
0.623949
0.936013
0.627066
0.330391
0.516844
0.258831
0.094049
0.201719
0.280718
0.060162
0.685519
0.04339
0.661439
0.731195
0.527777
0.389884
0.847067
0.048018
0.126831
0.235287
0.581076
0.990844
0.987773
0.306466
0.989125
0.208132
0.041814
0.719346
0.739696
0.986886
0.881012
0.74024
0.683457
0.13276
0.987336
0.547989
0.189759
0.732469
0.775827
0.448566
0.908751
0.117603
0.113341
0.199018
0.309437
0.975053
0.378578
0.094365
0.434668
0.695495
0.448758
0.077363
0.200511
0.637429
0.218207
0.172155
0.590394
0.484618
0.01821
0.93379
0.025811
0.780079
0.550675
0.767028
0.814957
0.718751
0.403157
0.29271
0.705609
0.771933
0.797109
0.507836
0.861723
0.023915
0.126136
0.546208
0.25107
0.437032
0.654737
0.507075
0.781281
0.540246
0.970326
0.931803
0.515328
0.972113
0.628991
0.769674
0.616838
0.012768
0.385306
0.369435
0.314318
0.71727
0.045991
0.863239
0.074853
0.054586
0.945335
0.719879
0.062084
0.121133
0.769429
0.64658
0.558627
0.419382
0.972553
0.012416
0.381208
0.312034
0.602796
0.822148
0.51462
0.521144
0.585494
0.777225
0.78941
0.946487
0.57705
0.56756
0.473015
0.983886
0.694799
0.571671
0.687438
0.517032
0.553359
0.236201
0.288183
0.792545
0.128433
0.499973
0.371833
0.319831
0.506858
0.902817
0.410753
0.152118
0.086746
0.157283
0.565648
0.44397
0.384068
0.437491
0.95592
0.747587
0.892354
0.250361
0.033787
0.477559
0.704778
0.132336
0.445518
0.413638
0.865875
0.415562
0.548977
0.79151
0.795417
0.713212
0.239286
0.283238
0.980693
0.044294
0.884381
0.858139
0.980512
0.964937
0.542402
0.709747
0.75783
0.123662
0.936326
0.655975
0.555326
0.693278
0.818511
0.247228
0.827609
0.829541
0.291787
0.527045
0.487135
0.120017
0.327349
0.33642
0.172805
0.615518
0.178802
0.029566
0.991875
0.478879
0.460543
0.139305
0.946128
0.751928
0.981541
0.261649
0.773745
0.220092
0.877316
0.805363
0.463818
0.529452
0.055786
0.547105
0.225078
0.473181
0.728957
0.026981
0.369494
0.62171
0.867338
0.00565
0.965783
0.699819
0.694243
0.323935
0.09024
0.89754
0.371966
0.005121
0.392753
0.328791
0.566858
0.001313
0.248522
0.99621
0.694923
0.812026
0.444993
0.214125
0.273186
0.148862
0.12468
0.265005
0.500876
0.46179
0.880627
0.323796
0.506468
0.577704
0.421891
0.506595
0.188809
0.538621
0.04442
0.65098
0.674009
0.609426
0.799333
0.872103
0.168904
0.580116
0.492934
0.466075
0.058582
0.278714
0.247932
0.48855
0.848565
0.324979
0.813057
0.380419
0.343136
0.295834
0.434519
0.98263
0.963106
0.809636
0.83335
0.134509
0.954678
0.85877
0.645219
0.549327
0.783738
0.412174
0.994193
0.418752
0.129912
0.476137
0.390682
0.242889
0.287641
0.467089
0.296776
0.23639
0.351574
0.677543
0.945522
0.036874
0.430508
0.791912
0.595029
0.067111
0.281811
0.503954
0.591734
0.683495
0.506539
0.043672
0.540206
0.452249
0.49024
0.323158
0.9183
0.93289
0.909546
0.058784
0.094003
0.21314
0.272217
0.653549
0.662838
0.826029
0.5244
0.325768
0.133045
0.945224
0.528754
0.738932
0.234741
0.895218
0.22542
0.384715
0.466832
0.449214
0.990863
0.541673
0.296386
0.68064
0.78721
0.09152
0.540494
0.459929
0.54157
0.075643
0.783019
0.409106
0.900729
0.795785
0.946862
0.737044
0.160249
0.125246
0.110207
0.445923
0.994639
0.440657
0.973199
0.46526
0.95962
0.994402
0.39534
0.5205
0.248651
0.805882
0.823848
0.328651
0.70982
0.388767
0.690837
0.099529
0.121814
0.892319
0.165583
0.136869
0.911914
0.861526
0.078969
0.252989
0.310541
0.086715
0.597556
0.314445
0.887566
0.833695
0.276965
0.128755
0.124727
0.17165
0.499593
0.016513
0.511546
0.807193
0.101522
0.995826
0.679257
0.022293
0.652663
0.908932
0.343871
0.022258
0.71322
0.409962
0.275977
0.461057
0.756517
0.465352
0.126639
0.981192
0.338491
0.754998
0.555571
0.993539
0.993921
0.940012
0.54561
0.031431
0.805075
0.53435
0.825865
0.968472
0.930365
0.791229
0.373397
0.182067
0.960415
0.169037
0.463709
0.778129
0.515853
0.007298
0.500529
0.465384
0.043834
0.04409
0.288202
0.597715
0.860896
0.428692
0.293816
0.691457
0.679461
0.7822
0.78354
0.767476
0.478445
0.397532
0.885796
0.246033
0.731748
0.774376
0.906158
0.656109
0.855177
0.841098
0.746137
0.247525
0.966203
0.493287
0.320032
0.812518
0.897297
0.248357
0.400759
0.787511
0.239644
0.922785
0.434643
0.556397
0.532467
0.404902
0.142576
0.063189
0.532182
0.12731
0.696092
0.702396
0.43847
0.211211
0.771078
0.954314
0.868755
0.148454
0.387552
0.66225
0.55572
0.304896
0.149901
0.459752
0.206638
0.059607
0.512718
0.75029
0.914557
0.708343
0.299822
0.295939
0.333121
0.472377
0.591477
0.942863
0.384692
0.579245
0.409043
0.417262
0.354323
0.82139
0.621375
0.217228
0.96834
0.972173
0.43641
0.517096
0.436558
0.230826
0.676105
0.304507
0.779994
0.946291
0.496539
0.211467
0.886701
0.654381
0.393548
0.010733
0.356493
0.298614
0.446396
0.077657
0.950081
0.045714
0.830183
0.753069
0.688834
0.183481
0.414401
0.540781
0.607211
0.465391
0.690499
0.079283
0.599355
0.548313
0.930276
0.851667
0.257902
0.03798
0.663529
0.662196
0.631768
0.262745
0.687898
0.00474
0.095646
0.429579
0.464069
0.300597
0.236848
0.266301
0.998764
0.408974
0.731895
0.522078
0.089817
0.937229
0.699166
0.997413
0.866962
0.699642
0.284774
0.143714
0.804225
0.325411
0.237707
0.662684
0.814497
0.411086
0.123778
0.75502
0.003978
0.085885
0.742026
0.862689
0.192833
0.677417
0.221604
0.922378
0.832183
0.487063
0.879896
0.566992
0.538279
0.157493
0.867251
0.870874
0.490104
0.498418
0.534039
0.929642
0.323545
0.585545
0.537734
0.819134
0.354881
0.608813
0.422431
0.856811
0.499618
0.226079
0.480452
0.387207
0.782442
0.549052
0.729895
0.33561
0.982885
0.80328
0.820764
0.96719
0.678542
0.203984
0.067803
0.125533
0.375202
0.90865
0.439091
0.206283
0.735439
0.604129
0.574432
0.966036
0.729097
0.683791
0.774418
0.568061
0.78106
0.6621
0.075955
0.837089
0.669398
0.568772
0.923593
0.893162
0.810055
0.084207
0.617965
0.826239
0.274075
0.066025
0.512341
0.936956
0.978651
0.539866
0.641072
0.61358
0.776481
0.86069
0.119549
0.701517
0.353227
0.314756
0.765243
0.365185
0.603511
0.780319
0.623855
0.190319
0.285785
0.257872
0.109079
0.262574
0.661134
0.055129
0.832424
0.112276
0.654696
0.601187
0.525712
0.674662
0.410566
0.778928
0.27676
0.972152
0.490256
0.611306
0.60482
0.933455
0.097312
0.780748
0.912228
0.814314
0.571981
0.770729
0.407634
0.988981
0.484421
0.75746
0.141757
0.009822
0.407679
0.30859
0.185693
0.476701
0.694648
0.819355
0.252818
0.203243
0.688251
0.053115
0.38988
0.759109
0.281185
0.363664
0.445318
0.114805
0.903907
0.348718
0.648198
0.543269
0.36344
0.359204
0.171586
0.968739
0.176707
0.797326
0.283439
0.46106
0.424939
0.274603
0.51796
0.905445
0.129575
0.81133
0.957401
0.59341
0.452149
0.577457
0.747592
0.10662
0.27015
0.760709
0.299625
0.247543
0.845027
0.275515
0.658595
0.74066
0.174919
0.86637
0.737151
0.818096
0.461575
0.814991
0.824376
0.291186
0.13786
0.089674
0.382607
0.632845
0.312277
0.162932
0.836864
0.325916
0.229455
0.646076
0.942698
0.077087
0.604577
0.328513
0.628294
0.150196
0.286912
0.682132
0.269817
0.329032
0.417785
0.407031
0.35187
0.960435
0.969032
0.555208
0.195592
0.444282
0.736454
0.525662
0.140419
0.596821
0.861248
0.713871
0.920653
0.981783
0.3339
0.244389
0.853417
0.84734
0.732073
0.754095
0.263491
0.596252
0.838311
0.797256
0.894832
0.977261
0.218569
0.766097
0.666205
0.545711
0.821418
0.1731
0.405993
0.49715
0.61629
0.25281
0.180723
0.989082
0.976809
0.874565
0.121447
0.547201
0.505451
0.086005
0.510578
0.600099
0.270356
0.549379
0.878165
0.497385
0.486235
0.278103
0.268759
0.76214
0.755026
0.192444
0.092492
0.374748
0.761222
0.489988
0.415992
0.787882
0.664206
0.110231
0.534602
0.811984
0.084756
0.913341
0.551159
0.441753
0.619323
0.649723
0.439735
0.545398
0.327176
0.145444
0.363577
0.164134
0.533862
0.932319
0.894389
0.500127
0.933728
0.90823
0.734544
0.496305
0.262189
0.289277
0.682955
0.476982
0.655929
0.106027
0.897976
0.133019
0.057001
0.090275
0.992663
0.895798
0.146582
0.092986
0.918197
0.028884
0.517215
0.610947
0.814676
0.156166
0.573296
0.473194
0.609764
0.437779
0.88604
0.163598
0.559655
0.402999
0.549111
0.125051
0.970592
0.440415
0.894698
0.71052
0.185814
0.144142
0.1072
0.104189
0.021483
0.087971
0.500266
0.224467
0.999884
0.574356
0.789201
0.156617
0.209363
0.181497
0.700593
0.720815
0.420069
0.282915
0.385914
0.314431
0.18639
0.597048
0.386525
0.568161
0.81684
0.441598
0.916803
0.36792
0.098987
0.085526
0.373427
0.257751
0.239657
0.799996
0.815012
0.099133
0.499046
0.251
0.790001
0.360963
0.123041
0.748446
0.895225
0.442465
0.408624
0.440518
0.183887
0.415905
0.089468
0.217659
0.14801
0.096573
0.410937
0.704209
0.66413
0.951294
0.654213
0.709715
0.891051
0.822831
0.748176
0.037702
0.437386
0.730564
0.535166
0.723131
0.113876
0.885552
0.468461
0.451759
0.619244
0.096441
0.025873
0.796428
0.199277
0.53135
0.551832
0.914516
0.841856
0.328166
0.637587
0.349715
0.040256
0.330469
0.217287
0.603242
0.801678
0.934882
0.671745
0.36093
0.352488
0.176318
0.723546
0.19863
0.75183
0.361254
0.561222
0.270366
0.637879
0.69012
0.434872
0.951431
0.737974
0.667636
0.074686
0.55696
0.393682
0.691633
0.121654
0.278118
0.399393
0.410334
0.766633
0.178271
0.41497
0.612284
0.396898
0.005453
0.072954
0.566241
0.205519
0.488114
0.271046
0.045911
0.88685
0.021787
0.443411
0.574832
0.673637
0.468939
0.761964
0.584415
0.941506
0.703265
0.098112
0.544155
0.909989
0.650072
0.294554
0.692687
0.221498
0.846683
0.732112
0.048081
0.686889
0.196856
0.695421
0.721703
0.197
0.189994
0.08973
0.87507
0.623929
0.359722
0.840269
0.519043
0.187631
0.266687
0.979312
0.397672
0.01246
0.211048
0.959512
0.305453
0.130979
0.906153
0.450819
0.623674
0.349431
0.090321
0.035531
0.334295
0.81204
0.378452
0.276723
0.279614
0.525363
0.484703
0.076672
0.612887
0.606326
0.238475
0.20275
0.034711
0.661596
0.981546
0.887087
0.513308
0.056243
0.060977
0.153212
0.044704
0.450381
0.857286
0.216164
0.4178
0.775221
0.79445
0.073223
0.921147
0.584377
0.412636
0.277048
0.555233
0.999362
0.864208
0.209425
0.676805
0.763147
0.77335
0.734749
0.386884
0.954357
0.434243
0.191054
0.057325
0.65309
0.188899
0.703457
0.928105
0.896735
0.494597
0.007946
0.103387
0.14651
0.217024
0.282387
0.92238
0.202803
0.495167
0.184054
0.021295
0.397057
0.668079
0.012493
0.009628
0.82222
0.269552
0.589454
0.868065
0.152658
0.910004
0.512666
0.139421
0.795813
0.456438
0.38
0.089773
0.665163
0.395107
0.060265
0.960262
0.287066
0.942717
0.305463
0.860937
0.65598
0.002659
0.025275
0.136679
0.005029
0.36332
0.596874
0.250805
0.346744
0.910754
0.250258
0.885335
0.130589
0.66702
0.928026
0.414889
0.795764
0.575978
0.54643
0.763526
0.484439
0.457503
0.119624
0.490082
0.241296
0.216504
0.378631
0.347912
0.287595
0.901005
0.082894
0.650496
0.117914
0.574453
0.328795
0.189456
0.884686
0.336287
0.160984
0.996404
0.741451
0.900664
0.116563
9.2e-05
0.540826
0.871533
0.668853
0.705862
0.538978
0.701188
0.844973
0.191995
0.55639
0.930972
0.341322
0.041739
0.872905
0.448763
0.136567
0.405595
0.14091
0.342435
0.054088
0.86113
0.543947
0.254041
0.200996
0.024806
0.776923
0.133485
0.863247
0.950361
0.781114
0.69284
0.477071
0.530002
0.121555
0.54369
0.026641
0.923141
0.253473
0.762487
0.628244
0.618283
0.715763
0.228724
0.921778
0.452939
0.822062
0.831845
0.410059
0.894432
0.838323
0.546487
0.236207
0.243247
0.713059
0.255132
0.437393
0.258966
0.858666
0.402056
0.70657
0.668244
0.558951
0.840332
0.852
0.870105
0.145174
0.605288
0.992396
0.174521
0.47701
0.956876
0.304912
0.88498
0.967831
0.865706
0.619353
0.646612
0.318286
0.893563
0.540389
0.404699
0.745067
0.741753
0.276957
0.650452
0.838696
0.530783
0.984829
0.590134
0.516318
0.226456
0.69435
0.624318
0.296265
0.942542
0.304703
0.165999
0.533855
0.277726
0.619245
0.14695
0.151549
0.921668
0.514461
0.148836
0.747135
0.425377
0.496336
0.699247
0.527099
0.369196
0.546422
0.897169
0.508491
0.843021
0.069421
0.376512
0.919379
0.769483
0.277527
0.278692
0.368811
0.225055
0.899967
0.895029
0.893992
0.019626
0.353844
0.539418
0.821994
0.368405
0.281154
0.352824
0.316842
0.756968
0.28814
0.493072
0.689342
0.304489
0.975002
0.808893
0.504658
0.847219
0.466758
0.379547
0.890453
0.417694
0.83462
0.133824
0.613316
0.453118
0.273445
0.35153
0.40728
0.305026
0.630654
0.330208
0.895509
0.299031
0.184808
0.539645
0.93226
0.986707
0.966271
0.156704
0.228459
0.009379
0.36471
0.670635
0.616299
0.101259
0.505636
0.574124
0.559036
0.129815
0.700066
0.921364
0.847907
0.099571
0.90332
0.116034
0.300525
0.080519
0.604572
0.479016
0.144899
0.489478
0.920341
0.823911
0.460339
0.048592
0.622518
0.54824
0.369747
0.85754
0.608826
0.483432
0.639325
0.831687
0.545914
0.277835
0.368317
0.168293
0.621566
0.212313
0.959996
0.3344
0.966908
0.800616
0.121766
0.650236
0.117123
0.067271
0.57983
0.214213
0.788234
0.816097
0.942215
0.914918
0.754293
0.072591
0.267382
0.273388
0.469074
0.384584
0.008195
0.262866
0.052703
0.055702
0.427763
0.541549
0.246188
0.240896
0.640831
0.254575
0.568649
0.749501
0.180852
0.286008
0.475242
0.703905
0.208775
0.291001
0.945602
0.033896
0.163414
0.209578
0.527516
0.454427
0.074712
0.323565
0.733571
0.057214
0.658865
0.668996
0.078335
0.409831
0.402244
0.587821
0.808203
0.112076
0.209956
0.66086
0.897882
0.827051
0.561527
0.209545
0.599218
0.077892
0.335884
0.367634
0.437639
0.02095
0.122911
0.549191
0.813991
0.185366
0.033831
0.327151
0.066033
0.889294
0.580767
0.667845
0.124044
0.156438
0.157061
0.056321
0.557342
0.87226
0.518928
0.270102
0.604381
0.466072
0.168182
0.469585
0.16507
0.841085
0.364618
0.651786
0.551266
0.846909
0.135163
0.185826
0.106373
0.628455
0.270543
0.123372
0.566774
0.632485
0.186516
0.54629
0.745659
0.56973
0.758716
0.374516
0.627501
0.561291
0.213362
0.446356
0.183154
0.395965
0.313329
0.16386
0.02963
0.513823
0.003053
0.795937
0.666075
0.251069
0.382501
0.55574
0.26778
0.205121
0.540717
0.138045
0.778286
0.846833
0.895054
0.936334
0.455828
0.257098
0.078107
0.277764
0.819047
0.478613
0.332309
0.644398
0.843114
0.81171
0.873145
0.443191
0.034609
0.78472
0.951772
0.019045
0.63541
0.005617
0.31834
0.411836
0.653391
0.512347
0.687699
0.722283
0.829762
0.54804
0.450163
0.886146
0.34967
0.143716
0.702224
0.13441
0.283714
0.558207
0.451331
0.840585
0.67506
0.789403
0.526865
0.214301
0.718047
0.951354
0.873656
0.532692
0.363605
0.171447
0.655144
0.683093
0.324849
0.15513
0.075671
0.070634
0.793191
0.813258
0.437166
0.237161
0.47677
0.133778
0.907383
0.456084
0.616847
0.353878
0.712533
0.208867
0.801198
0.535237
0.314058
0.13453
0.748001
0.693562
0.843096
0.482977
0.550071
0.503453
0.197255
0.855713
0.022816
0.490974
0.939246
0.087046
0.426052
0.72823
0.034678
0.011001
0.196398
0.499128
0.254192
0.024052
0.231165
0.038224
0.060501
0.70389
0.84152
0.157162
0.968544
0.705874
0.718625
0.49222
0.043323
0.779164
0.094865
0.048075
0.605695
0.211881
0.71105
0.643137
0.850606
0.904278
0.341141
0.529857
0.452457
0.320136
0.516944
0.034442
0.325983
0.323458
0.643924
0.949245
0.667395
0.552843
0.218176
0.668213
0.257742
0.284854
0.915533
0.291272
0.021128
0.399507
0.944193
0.211119
0.016855
0.560969
0.796279
0.436096
0.843823
0.491169
0.045311
0.997335
0.996791
0.525317
0.834465
0.696509
0.416073
0.236042
0.149114
0.612803
0.074822
0.89858
0.155995
0.600436
0.126955
0.644711
0.422504
0.63764
0.89211
0.304777
0.738874
0.44806
0.644897
0.383014
0.811729
0.243951
0.240309
0.638809
0.578225
0.655725
0.602755
0.834757
0.758033
0.770788
0.982064
0.804516
0.688739
0.231794
0.10227
0.513327
0.345885
0.281998
0.171278
0.677377
0.757384
0.833346
0.438213
0.299042
0.557602
0.734167
0.017647
0.241021
0.423578
0.327702
0.845163
0.255134
0.14544
0.051601
0.601474
0.562381
0.523215
0.651186
0.019018
0.268109
0.881759
0.69983
0.456154
0.436171
0.178247
0.897207
0.21941
0.146749
0.447163
0.213062
0.437203
0.833256
0.966258
0.904625
0.236312
0.45083
0.165511
0.663178
0.628635
0.245534
0.668832
0.110461
0.168577
0.078895
0.211351
0.916729
0.870698
0.852678
0.047801
0.601622
0.522697
0.799931
0.497224
0.973599
0.450257
0.753672
0.993566
0.033249
0.069989
0.075326
0.502307
0.438452
0.878494
0.247034
0.340543
0.389009
0.17295
0.645626
0.907121
0.417964
0.380443
0.550227
0.291922
0.397013
0.009444
0.86615
0.495138
0.710676
0.710572
0.092172
0.165231
0.962773
0.713516
0.635369
0.733047
0.074633
0.79724
0.7525
0.851899
0.09917
0.788226
0.037862
0.339485
0.38376
0.912577
0.441584
0.659988
0.815586
0.002783
0.584978
0.902373
0.060973
0.738969
0.341684
0.369249
0.826526
0.020589
0.641229
0.089182
0.538388
0.267298
0.920266
0.392712
0.956124
0.018091
0.043223
0.479434
0.542662
0.7865
0.272325
0.230471
0.074882
0.778496
0.555777
0.400391
0.456392
0.145083
0.06119
0.075074
0.119383
0.097461
0.71842
0.79979
0.738812
0.513513
0.259783
0.747653
0.632062
0.295072
0.210068
0.652235
0.303439
0.172552
0.885391
0.210814
0.255729
0.844203
0.317019
0.249955
0.525866
0.139953
0.172424
0.481077
0.449042
0.800464
0.355418
0.18894
0.92458
0.547453
0.949839
0.508984
0.962833
0.538587
0.803033
0.121588
0.929951
0.002206
0.724212
0.423058
0.974543
0.434795
0.55515
0.929751
0.877429
0.30818
0.778086
0.102233
0.232223
0.989641
0.532494
0.749463
0.266509
0.887066
0.866179
0.908784
0.771097
0.515138
0.916684
0.907378
0.084742
0.046464
0.68894
0.346238
0.199365
0.955323
0.601688
0.58605
0.203762
0.44179
0.723279
0.335608
0.808037
0.672366
0.756201
0.431948
0.469993
0.552316
0.596329
0.323503
0.72208
0.178229
0.266535
0.905429
0.746305
0.1278
0.383379
0.403932
0.210319
0.650599
0.306328
0.450124
0.432877
0.321375
0.360578
0.357244
0.902978
0.375121
0.098302
0.527551
0.826582
0.668501
0.098504
0.782971
0.980226
0.697873
0.505842
0.177531
0.516613
0.099148
0.14583
0.76755
0.59963
0.300691
0.819851
0.770766
0.474326
0.315622
0.56248
0.054838
0.876346
0.76868
0.139989
0.056175
0.955012
0.968357
0.630747
0.773528
0.75597
0.307148
0.883428
0.727262
0.94708
0.714042
0.340317
0.07215
0.455523
0.986363
0.684306
0.421674
0.735111
0.133615
0.265461
0.381935
0.959812
0.890398
0.614717
0.037842
0.705694
0.915952
0.408157
0.904732
0.118939
0.090261
0.869323
0.600725
0.617087
0.112098
0.067719
0.574908
0.180301
0.650214
0.157395
0.889619
0.504547
0.479952
0.305117
0.253502
0.212461
0.206767
0.837914
0.163197
0.822647
0.703801
0.215158
0.085118
0.243547
0.338551
0.611924
0.335162
0.332848
0.188597
0.350351
0.971884
0.830318
0.680854
0.045788
0.595809
0.782334
0.854501
0.620861
0.838227
0.334299
0.836903
0.420865
0.904026
0.32946
0.786128
0.946718
0.40428
0.793569
0.898405
0.9922
0.665211
0.899742
0.511268
0.748505
0.244383
0.962192
0.253006
0.102038
0.317858
0.542167
0.935313
0.986554
0.258431
0.996156
0.409677
0.445351
0.248484
0.686749
0.192543
0.074322
0.175107
0.795182
0.754736
0.222642
0.236917
0.278243
0.767872
0.659637
0.446503
0.265841
0.2825
0.481609
0.094612
0.531574
0.236067
0.260815
0.682216
0.528719
0.757249
0.573547
0.910167
0.566646
0.003913
0.139417
0.847863
0.050879
0.018972
0.644341
0.54184
0.359865
0.451323
0.660366
0.212793
0.447636
0.750386
0.855949
0.888876
0.749776
0.185489
0.817233
0.066434
0.158861
0.179752
0.421592
0.103216
0.207135
0.372083
0.018598
0.353166
0.449518
0.041856
0.107499
0.1408
0.060791
0.227272
0.930169
0.258891
0.691842
0.380093
0.69037
0.165051
0.251302
0.915221
0.183573
0.743713
0.734953
0.277109
0.695
0.235751
0.519213
0.845022
0.391453
0.272906
0.463673
0.208535
0.880499
0.570404
0.985855
0.254734
0.184769
0.48915
0.055528
0.475697
0.4255
0.952636
0.356006
0.917947
0.864708
0.429324
0.194536
0.339316
0.736861
0.943315
0.293407
0.919649
0.259145
0.190271
0.185837
0.699301
0.307955
0.842794
0.546354
0.053045
0.05218
0.02765
0.431514
0.27121
0.328376
0.871023
0.505584
0.990556
0.182257
0.680014
0.807959
0.502124
0.460206
0.370223
0.606534
0.361343
0.296577
0.214089
0.194213
0.88553
0.459925
0.849271
0.718753
0.853048
0.827308
0.265931
0.918316
0.852026
0.091636
0.916022
0.076497
0.114146
0.578061
0.393213
0.411143
0.520546
0.875852
0.852005
0.46926
0.251451
0.792263
0.770217
0.756538
0.078631
0.731622
0.470613
0.27708
0.519523
0.127316
0.961917
0.89099
0.35953
0.021473
0.878501
0.506758
0.530408
0.989545
0.578529
0.966913
0.891246
0.541388
0.43618
0.012754
0.827456
0.943613
0.423938
0.59539
0.945988
0.034741
0.817748
0.07525
0.471448
0.345186
0.322417
0.639788
0.783419
0.99711
0.088403
0.041301
0.256839
0.879459
0.113241
0.399848
0.037251
0.198789
0.70261
0.575172
0.450276
0.063809
0.923569
0.343762
0.027738
0.997964
0.801693
0.238951
0.646778
0.233351
0.714606
0.219262
0.910723
0.875753
0.594338
0.461269
0.144454
0.850018
0.432417
0.462784
0.723492
0.827806
0.36362
0.214925
0.698274
0.054515
0.932618
0.204222
0.037456
0.551995
0.455242
0.214808
0.738133
0.654049
0.71907
0.881397
0.890976
0.23969
0.925816
0.671205
0.346653
0.25039
0.344088
0.869956
0.470219
0.249257
0.750164
0.67763
0.001607
0.939767
0.612688
0.558431
0.553257
0.124433
0.707145
0.795717
0.374124
0.649483
0.337738
0.851619
0.372422
0.356628
0.10388
0.979279
0.470523
0.986693
0.808969
0.301265
0.998572
0.585712
0.172602
0.354782
0.265738
0.089223
0.212824
0.344599
0.466622
0.301139
0.325566
0.813142
0.617062
0.320239
0.205182
0.971189
0.865006
0.551505
0.369951
0.547831
0.129096
0.744163
0.93081
0.361475
0.430663
0.064367
0.851267
0.206548
0.009672
0.909869
0.826216
0.233541
0.594554
0.392214
0.44244
0.380977
0.452145
0.581789
0.980136
0.906175
0.178671
0.952226
0.166402
0.264433
0.5279
0.276327
0.979352
0.848118
0.943089
0.68378
0.568194
0.212156
0.349542
0.033984
0.746652
0.253313
0.634514
0.802088
0.362005
0.919953
0.958979
0.630831
0.114674
0.472725
0.08717
0.933842
0.773859
0.998596
0.157473
0.814795
0.190578
0.56412
0.265146
0.14481
0.742703
0.965151
0.605746
0.696852
0.48502
0.00193
0.517736
0.574619
0.988958
0.411369
0.99778
0.16614
0.817931
0.37074
0.636105
0.969425
0.814005
0.714449
0.363935
0.869449
0.249825
0.820919
0.213255
0.561784
0.972441
0.244407
0.475098
0.802294
0.725822
0.486616
0.597813
0.676663
0.955288
0.860959
0.893251
0.781942
0.649785
0.209457
0.396025
0.833475
0.681931
0.271812
0.744799
0.511329
0.936958
0.779101
0.962018
0.254603
0.384691
0.539561
0.181569
0.124568
0.51378
0.599895
0.316464
0.918315
0.144186
0.261276
0.036928
0.488226
0.797829
0.244355
0.835732
0.786603
0.225057
0.4666
0.506598
0.223333
0.868977
0.317025
0.238454
0.78454
0.829046
0.693128
0.457301
0.730003
0.214196
0.813231
0.747647
0.991221
0.427458
0.033609
0.320789
0.970471
0.797407
0.925213
0.210287
0.231836
0.845923
0.653009
0.25564
0.865825
0.354492
0.789581
0.65198
0.958168
0.331285
0.19567
0.908457
0.390118
0.590565
0.794498
0.1549
0.174199
0.85009
0.649605
0.384584
0.77811
0.613954
0.042103
0.872849
0.636346
0.221221
0.126122
0.163629
0.613168
0.354413
0.159805
0.454776
0.497179
0.943044
0.325317
0.472533
0.995449
0.988147
0.56615
0.832659
0.223867
0.244953
0.641066
0.503981
0.056474
0.488346
0.724161
0.816838
0.379074
0.946284
0.019614
0.987412
0.037899
0.789842
0.409014
0.578184
0.294759
0.722639
0.169304
0.712723
0.678554
0.523869
0.976197
0.151497
0.372268
0.985416
0.291867
0.164983
0.227411
0.793669
0.564872
0.833777
0.471973
0.352267
0.056331
0.652561
0.716106
0.659884
0.246628
0.111025
0.529324
0.511302
0.683689
0.289237
0.338897
0.203474
0.763567
0.150869
0.232197
0.871171
0.63354
0.174161
0.562194
0.154835
0.503327
0.217585
0.164973
0.834128
0.517606
0.363561
0.89763
0.222412
0.868227
0.410423
0.312173
0.448434
0.187238
0.416055
0.86033
0.700676
0.845102
0.311978
0.709316
0.672452
0.798574
0.078438
0.549441
0.212251
0.699664
0.987549
0.30349
0.996908
0.550921
0.470622
0.629903
0.230464
0.982784
0.031876
0.661039
0.789829
0.523945
0.650728
0.236172
0.481094
0.184406
0.461735
0.012759
0.51961
0.269678
0.471407
0.663136
0.067514
0.718879
0.985499
0.253655
0.552428
0.369303
0.268891
0.195186
0.639755
0.285958
0.81066
0.285768
0.120733
0.826875
0.83754
0.373463
0.874727
0.167717
0.157015
0.466371
0.479004
0.612188
0.902392
0.557841
0.3636
0.918783
0.558198
0.792025
0.764187
0.749125
0.254098
0.041362
0.715755
0.104402
0.853438
0.137832
0.403802
0.267754
0.598477
0.197107
0.675534
0.767606
0.238505
0.301383
0.362269
0.088015
0.356483
0.239518
0.039018
0.07481
0.482071
0.087985
0.530459
0.411327
0.680196
0.953244
0.437765
0.780599
0.350771
0.224154
0.451773
0.201271
0.142304
0.598333
0.754836
0.264127
0.367014
0.564835
0.212985
0.895503
0.642516
0.250705
0.526753
0.861029
0.121502
0.49236
0.066418
0.684833
0.613878
0.205792
0.619421
0.481131
0.656717
0.212986
0.764239
0.434107
0.518982
0.706968
0.630581
0.971824
0.232398
0.345026
0.625276
0.163704
0.61157
0.450458
0.965376
0.727051
0.58736
0.271807
0.602915
0.746203
0.084077
0.999291
0.572528
0.381898
0.325788
0.925836
0.03641
0.973392
0.855766
0.050788
0.16558
0.174397
0.245959
0.774397
0.236374
0.576112
0.076256
0.228403
0.810069
0.356191
0.385661
0.414214
0.423764
0.565333
0.321879
0.620776
0.197321
0.678499
0.123736
0.614621
0.126444
0.044451
0.550858
0.818687
0.340121
0.829619
0.806327
0.635811
0.156246
0.720021
0.03425
0.024689
0.525418
0.850931
0.991239
0.362549
0.985417
0.215707
0.160784
0.099477
0.603564
0.957098
0.144967
0.752972
0.226767
0.301572
0.99649
0.525088
0.077644
0.219738
0.409275
0.880812
0.440397
0.239837
0.202679
0.116579
0.708212
0.029224
0.499409
0.821189
0.511513
0.147551
0.454351
0.016821
0.884433
0.902053
0.120491
0.232215
0.838249
0.918479
0.368052
0.054885
0.911751
0.729659
0.012089
0.729034
0.9868
0.261884
0.400208
0.535545
0.001189
0.101773
0.506898
0.23662
0.942592
0.050674
0.452407
0.335607
0.551695
0.595828
0.568585
0.499244
0.803687
0.406487
0.879452
0.586621
0.919524
0.9049
0.450463
0.502256
0.380095
0.553821
0.34721
0.836199
0.148847
0.240345
0.98432
0.405891
0.179169
0.730996
0.039662
0.821894
0.777162
0.16738
0.501241
0.447736
0.588307
0.630137
0.14545
0.707258
0.956915
0.755084
0.791143
0.770539
0.176563
0.707695
0.591662
0.328465
0.272345
0.152915
0.34431
0.241723
0.850758
0.759399
0.986872
0.600995
0.269983
0.367039
0.92946
0.599848
0.824882
0.319481
0.592185
0.725741
0.501336
0.853434
0.392538
0.150764
0.5534
0.180723
0.129324
0.162877
0.171469
0.364921
0.886404
0.114888
0.164209
0.342416
0.370308
0.296899
0.888597
0.171811
0.963901
0.779539
0.278122
0.25489
0.200871
0.326448
0.351513
0.646808
0.096676
0.731305
0.090428
0.25742
0.807125
0.943224
0.793211
0.294055
0.887826
0.213064
0.196297
0.062715
0.924042
0.431025
0.318662
0.569525
0.750401
0.220892
0.303513
0.458155
0.011927
0.902849
0.971484
0.330047
0.069576
0.734931
0.692728
0.77553
0.618877
0.231366
0.534689
0.69431
0.454952
0.402905
0.245968
0.505277
0.874163
0.446546
0.454508
0.433531
0.531038
0.341271
0.752158
0.88328
0.48545
0.983887
0.026355
0.264633
0.935014
0.952448
0.690079
0.961561
0.189398
0.777778
0.619641
0.396672
0.097784
0.9151
0.960855
0.045524
0.42368
0.932591
0.658764
0.866711
0.223069
0.77086
0.735796
0.805397
0.416491
0.778546
0.815569
0.584498
0.752093
0.081914
0.518066
0.86669
0.617452
0.594066
0.676152
0.794869
0.376577
0.721448
0.071417
0.952571
0.835568
0.519182
0.477382
0.465458
0.536987
0.649091
0.568262
0.341729
0.478299
0.287037
0.180191
0.381092
0.246515
0.101087
0.417546
0.549618
0.307726
0.660873
0.982053
0.568029
0.219896
0.257538
0.011294
0.9793
0.357069
0.943566
0.319266
0.112759
0.234903
0.395008
0.332126
0.872354
0.448882
0.819345
0.807976
0.144013
0.062541
0.242272
0.512953
0.61575
0.821648
0.207016
0.484606
0.066391
0.065029
0.966778
0.72211
0.668477
0.578051
0.137633
0.008452
0.852376
0.841849
0.108014
0.092866
0.289661
0.88825
0.614772
0.922004
0.678404
0.584416
0.929357
0.463752
0.108099
0.765085
0.594763
0.895561
0.221692
0.7102
0.512859
0.648098
0.189054
0.732458
0.48654
0.301804
0.424716
0.531113
0.49683
0.200482
0.530678
0.081143
0.64957
0.921523
0.216132
0.439888
0.975042
0.126159
0.028766
0.544227
0.534714
0.052205
0.581493
0.416838
0.393565
0.878177
0.614874
0.632574
0.863183
0.165895
0.062593
0.040195
0.189804
0.562755
0.328732
0.916434
0.142598
0.785545
0.00112
0.007303
0.463599
0.188697
0.577336
0.442415
0.589868
0.501808
0.520045
0.145209
0.514608
0.488939
0.00671
0.760225
0.772743
0.789135
0.772098
0.777732
0.786157
0.702185
0.308608
0.195011
0.106564
0.06761
0.966821
0.12301
0.183272
0.455019
0.894035
0.597148
0.242676
0.932061
0.092985
0.552567
0.201907
0.555093
0.719915
0.8455
0.480422
0.497684
0.986499
0.532692
0.06045
0.230019
0.974251
0.995251
0.481469
0.215524
0.85408
0.306274
0.67663
0.800473
0.112859
0.465208
0.194684
0.48103
0.215544
0.983998
0.931871
0.448051
0.353735
0.223219
0.980153
0.612923
0.909821
0.908671
0.509966
0.832181
0.806118
0.94608
0.285924
0.612589
0.53086
0.694612
0.369985
0.353912
0.39701
0.040939
0.067099
0.784737
0.397845
0.298717
0.234947
0.166523
0.589796
0.828214
0.920901
0.657898
0.333801
0.913613
0.161344
0.544029
0.696638
0.514464
0.688032
0.06435
0.897253
0.386584
0.746284
0.525462
0.273818
0.87171
0.520281
0.128884
0.838203
0.974337
0.382349
0.830305
0.456212
0.002142
0.558923
0.270143
0.502218
0.445987
0.311277
0.090653
0.076995
0.275624
0.426382
0.557329
0.059946
0.247161
0.110998
0.427666
0.472085
0.353783
0.32765
0.171673
0.546942
0.22988
0.46909
0.719595
0.777103
0.630023
8.3e-05
0.300001
0.843577
0.09657
0.249098
0.150084
0.20411
0.149325
0.016873
0.516468
0.787544
0.222011
0.786763
0.737228
0.695982
0.33801
0.922773
0.467055
0.052891
0.301061
0.3932
0.004856
0.303516
0.297783
0.528458
0.745715
0.285277
0.58624
0.338245
0.838176
0.076266
0.02574
0.764708
0.430646
0.826292
0.350882
0.440683
0.72934
0.76454
0.647909
0.129116
0.817391
0.654378
0.385561
0.998052
0.410408
0.567165
0.566802
0.97996
0.550931
0.941757
0.994053
0.398718
0.175987
0.872461
0.792562
0.209333
0.181079
0.320988
0.656887
0.551507
0.726968
0.72765
0.69384
0.463632
0.942801
0.138048
0.718433
0.769008
0.434414
0.52453
0.964831
0.768319
0.392829
0.905966
0.773438
0.468907
0.565497
0.308154
0.121082
0.285261
0.082854
0.346227
0.225385
0.989497
0.724165
0.709133
0.843775
0.789245
0.357877
0.988744
0.941332
0.87702
0.614846
0.686682
0.470925
0.256838
0.797029
0.345896
0.511174
0.481511
0.442847
0.79101
0.334706
0.277885
0.451339
0.706614
0.669488
0.695411
0.031221
0.753229
0.526116
0.838732
0.280442
0.127582
0.698986
0.939038
0.747621
0.310799
0.231689
0.270418
0.066456
0.793213
0.401377
0.758924
0.200006
0.816018
0.328383
0.974168
0.289866
0.359941
0.415898
0.883904
0.27712
0.480865
0.597338
0.041049
0.792189
0.893221
0.906724
0.291152
0.948703
0.468942
0.195505
0.300714
0.507854
0.366406
0.116889
0.87434
0.286003
0.142379
0.976289
0.419108
0.012685
0.017089
0.746577
0.249954
0.581635
0.392328
0.212946
0.090566
0.283136
0.133046
0.801029
0.467533
0.222801
0.006453
0.413359
0.06894
0.397415
0.612857
0.208505
0.168744
0.035874
0.476628
0.632138
0.560587
0.0366
0.417212
0.278507
0.421383
0.966933
0.741641
0.095323
0.840004
0.433227
0.258348
0.007474
0.33098
0.466861
0.57771
0.091577
0.63034
0.953325
0.117785
0.096523
0.59437
0.479406
0.417694
0.907068
0.73211
0.77961
0.425682
0.955383
0.918085
0.088228
0.897881
0.511104
0.923931
0.339322
0.438545
0.391194
0.591807
0.767126
0.167244
0.510158
0.265716
0.447358
0.506548
0.320725
0.97
0.146645
0.106652
0.067531
0.91473
0.978947
0.119343
0.862708
0.233764
0.850821
0.935411
0.600609
0.1583
0.730141
0.326294
0.030912
0.891142
0.24773
0.458656
0.48937
0.855339
0.314916
0.222448
0.734578
0.741719
0.845208
0.166211
0.472335
0.141696
0.198807
0.079135
0.57924
0.922298
0.842007
0.430884
0.783785
0.277767
0.604058
0.161198
0.95741
0.186303
0.883051
0.019888
0.185565
0.723956
0.534217
0.570492
0.881979
0.921808
0.187522
0.835304
0.158523
0.502001
0.506783
0.721561
0.077607
0.044474
0.848543
0.692202
0.205615
0.302532
0.541799
0.651474
0.199105
0.421075
0.723885
0.324553
0.088769
0.195568
0.775443
0.540519
0.609616
0.215793
0.25621
0.332853
0.272851
0.624367
0.645322
0.75723
0.429146
0.687955
0.970478
0.574942
0.007378
0.737298
0.780538
0.57711
0.566643
0.404817
0.73593
0.975117
0.783171
0.98941
0.524073
0.14593
0.741656
0.642157
0.425415
0.813795
0.986857
0.857709
0.929861
0.176787
0.558773
0.686476
0.799887
0.913321
0.270091
0.570137
0.866903
0.345851
0.817309
0.963684
0.729333
0.056846
0.48588
0.395587
0.320538
0.410942
0.614976
0.555664
0.465104
0.28159
0.203024
0.920426
0.177593
0.474633
0.149508
0.358073
0.221731
0.491836
0.205108
0.774324
0.406062
0.653142
0.705221
0.448491
0.427904
0.576918
0.491264
0.159461
0.168439
0.491682
0.338859
0.161606
0.603996
0.631196
0.951498
0.617335
0.634115
0.797751
0.317566
0.723446
0.246797
0.545136
0.868094
0.962781
0.304876
0.994935
0.882041
0.373627
0.107877
0.741638
0.822019
0.198229
0.425041
0.143275
0.869858
0.53788
0.649546
0.835702
0.408392
0.803537
0.422366
0.011654
0.100543
0.537431
0.862813
0.865705
0.146375
0.262329
0.391591
0.031554
0.654291
0.340462
0.578355
0.082674
0.381685
0.065576
0.450892
0.568518
0.238991
0.474243
0.881982
0.171085
0.066259
0.30208
0.64008
0.631635
0.229281
0.172645
0.454099
0.868069
0.613076
0.934711
0.932775
0.242645
0.120461
0.811925
0.668963
0.436112
0.536388
0.770399
0.800362
0.547504
0.755683
0.055215
0.469231
0.411302
0.730241
0.326564
0.519952
0.914184
0.915766
0.659896
0.703646
0.697243
0.078748
0.724677
0.779843
0.964642
0.880147
0.868689
0.105763
0.221342
0.138955
0.534767
0.7995
0.895761
0.338475
0.700918
0.913937
0.250561
0.330441
0.569469
0.338355
0.348423
0.557334
0.664518
0.167397
0.950665
0.070159
0.146587
0.134201
0.649119
0.818613
0.350151
0.815445
0.562146
0.330683
0.967585
0.587189
0.162653
0.262938
0.717688
0.251228
0.938538
0.940239
0.150606
0.154053
0.706412
0.074003
0.115613
0.5202
0.078965
0.451414
0.612687
0.047999
0.730631
0.112651
0.809362
0.725374
0.524345
0.496584
0.418889
0.711869
0.432464
0.897536
0.993821
0.856926
0.022504
0.528649
0.429067
0.056101
0.734907
0.05893
0.758146
0.958774
0.206315
0.219577
0.909549
0.775719
0.960834
0.203536
0.175465
0.803189
0.59996
0.893233
0.679802
0.644934
0.381424
0.284044
0.681061
0.277986
0.322148
0.037185
0.36207
0.174497
0.772692
0.260844
0.00442
0.857915
0.290202
0.799432
0.969156
0.497551
0.789858
0.230487
0.164383
0.548509
0.840086
0.157364
0.235529
0.736748
0.120736
0.893963
0.531272
0.046399
0.694523
0.811657
0.688128
0.296115
0.53153
0.772043
0.10626
0.736963
0.09264
0.125558
0.193669
0.740389
0.200128
0.148604
0.430335
0.804349
0.201303
0.572381
0.591851
0.428452
0.767078
0.196926
0.354552
0.782214
0.555992
0.106697
0.562845
0.193062
0.399029
0.335868
0.283066
0.921795
0.796064
0.574301
0.052001
0.811642
0.126039
0.141806
0.077398
0.115346
0.287023
0.661105
0.761679
0.137477
0.28003
0.581337
0.618254
0.391805
0.963523
0.47702
0.778483
0.416882
0.086901
0.00335
0.235608
0.537322
0.160354
0.853497
0.44969
0.547868
0.360668
0.621128
0.208645
0.641072
0.904232
0.987623
0.287618
0.796201
0.05289
0.059591
0.280795
0.151295
0.307881
0.482403
0.868498
0.058388
0.865139
0.176255
0.325077
0.920027
0.269817
0.598575
0.072205
0.149817
0.096301
0.69515
0.857999
0.031272
0.83553
0.7324
0.868597
0.422674
0.321482
0.672053
0.388013
0.223072
0.084662
0.100492
0.157577
0.365771
0.496889
0.47489
0.143303
0.340678
0.95283
0.060919
0.694035
0.646129
0.092761
0.972151
0.838404
0.428925
0.376786
0.97398
0.254596
0.488179
0.236843
0.233773
0.065265
0.041731
0.066376
0.305975
0.281045
0.877436
0.717939
0.460803
0.112759
0.188526
0.531123
0.737368
0.850239
0.215137
0.490587
0.609354
0.532547
0.116465
0.673824
0.969207
0.63568
0.192626
0.666024
0.882749
0.328474
0.409475
0.768836
0.385663
0.343304
0.441656
0.204919
0.878533
0.220529
0.033571
0.440667
0.431158
0.6109
0.213709
0.735649
0.544554
0.746636
0.10978
0.476511
0.351861
0.819867
0.660393
0.675208
0.891508
0.121531
0.138569
0.366073
0.05593
0.468869
0.000621
0.072334
0.353142
0.556329
0.40902
0.81616
0.514592
0.075845
0.050802
0.324746
0.351779
0.456818
0.219411
0.399877
0.648224
0.385674
0.457994
0.141438
0.209711
0.980304
0.339247
0.260587
0.167962
0.335683
0.246462
0.685287
0.658627
0.016107
0.766061
0.351491
0.690566
0.469985
0.989123
0.846188
0.684536
0.559883
0.052474
0.525641
0.851463
0.285791
0.625854
0.501405
0.100057
0.047669
0.589681
0.520093
0.565357
0.499542
0.855744
0.106895
0.855733
0.720622
0.533097
0.802643
0.911182
0.432285
0.833365
0.08378
0.642875
0.634325
0.572941
0.761988
0.349522
0.088501
0.431772
0.865891
0.256027
0.133236
0.929187
0.044545
0.293091
0.656779
0.546034
0.50596
0.040112
0.632817
0.988159
0.747439
0.394935
0.610978
0.95708
0.953304
0.9018
0.319734
0.469628
0.807769
0.678291
0.339797
0.316222
0.989996
0.078976
0.031566
0.201445
0.864978
0.788461
0.202914
0.356592
0.222399
0.105906
0.229224
0.655302
0.168166
0.98335
0.16894
0.192664
0.47329
0.774937
0.446997
0.508843
0.234585
0.51624
0.628467
0.414794
0.80983
0.378555
0.248498
0.575687
0.030568
0.490965
0.236697
0.523783
0.629398
0.929948
0.865503
0.087928
0.230075
0.560675
0.359258
0.07294
0.881504
0.137952
0.758761
0.249186
0.426981
0.131176
0.431859
0.988037
0.006113
0.24344
0.37689
0.836096
0.851958
0.936318
0.66103
0.254542
0.880903
0.524301
0.415527
0.681747
0.723285
0.764588
0.716474
0.696069
0.630724
0.093197
0.617476
0.846583
0.445705
0.90225
0.562204
0.462984
0.175383
0.04305
0.382108
0.248222
0.685623
0.374944
0.862392
0.590445
0.644178
0.043331
0.657127
0.27358
0.329457
0.676994
0.954523
0.09452
0.03341
0.265255
0.592947
0.388887
0.228681
0.579911
0.099464
0.840655
0.739454
0.215964
0.811579
0.759447
0.452691
0.522584
0.103754
0.452762
0.43423
0.371483
0.224734
0.263529
0.009256
0.132969
0.566496
0.734599
0.284782
0.882217
0.124478
0.457719
0.307882
0.339693
0.994931
0.271824
0.495571
0.463437
0.046827
0.828355
0.842339
0.929721
0.816208
0.076977
0.047671
0.134564
0.170132
0.326437
0.093541
0.087571
0.187109
0.317437
0.188131
0.768177
0.150265
0.429487
0.930172
0.045818
0.591012
0.73053
0.25027
0.686009
0.891677
0.407182
0.197897
0.403837
0.290328
0.293819
0.414518
0.277633
0.483293
0.400573
0.987541
0.715399
0.293844
0.37433
0.501289
0.700161
0.444694
0.922601
0.694611
0.813681
0.10291
0.461726
0.488058
0.706034
0.435415
0.352054
0.937961
0.036396
0.54292
0.571574
0.803626
0.290957
0.430619
0.582288
0.947281
0.892426
0.388453
0.769414
0.967909
0.273257
0.925688
0.29951
0.824343
0.261716
0.784341
0.18462
0.296605
0.080954
0.721525
0.495841
0.989115
0.348061
0.05275
0.048084
0.935324
0.163922
0.063455
0.528773
0.066816
0.942631
0.979181
0.065265
0.530804
0.226696
0.698637
0.107909
0.091058
0.439508
0.87357
0.14864
0.830082
0.519693
0.915768
0.03129
0.106489
0.193295
0.724295
0.335635
0.181908
0.093441
0.626209
0.258013
0.335437
0.302284
0.837624
0.543281
0.042455
0.425482
0.960496
0.655984
0.935423
0.920046
0.866516
0.820073
0.313979
0.409441
0.936026
0.695441
0.586862
0.705078
0.893562
0.734229
0.770273
0.389536
0.16696
0.015623
0.271005
0.456799
0.793263
0.544792
0.568465
0.710469
0.355959
0.482927
0.408383
0.520623
0.223529
0.282125
0.156387
0.473295
0.112928
0.590958
0.03075
0.178255
0.804741
0.582957
0.411645
0.364641
0.024373
0.851899
0.867123
0.498893
0.932744
0.381308
0.307385
0.240586
0.958603
0.866997
0.682201
0.614753
0.418524
0.358784
0.397729
0.647862
0.115825
0.929601
0.700812
0.049458
0.058313
0.484328
0.214646
0.714648
0.962978
0.237024
0.090842
0.622611
0.506243
0.716039
0.040881
0.936763
0.959326
0.481902
0.977698
0.574107
0.263017
0.679032
0.2387
0.012905
0.334029
0.88754
0.47984
0.945577
0.348003
0.286963
0.469474
0.130566
0.227326
0.791936
0.247669
0.795824
0.28039
0.778098
0.697555
0.668937
0.742053
0.787808
0.043646
0.422362
0.752023
0.294728
0.260862
0.971787
0.247301
0.901768
0.430388
0.145699
0.214629
0.955321
0.816404
0.759414
0.997212
0.398663
0.326178
0.853702
0.725337
0.008392
0.895622
0.09521
0.762198
0.491659
0.190439
0.732402
0.147692
0.339309
0.485389
0.589259
0.250556
0.871155
0.842821
0.316464
0.559567
0.312548
0.531565
0.166329
0.522993
0.688859
0.997603
0.042038
0.383554
0.172867
0.19377
0.458969
0.12797
0.152774
0.568626
0.827775
0.285773
0.744353
0.643942
0.626154
0.862563
0.835822
0.866859
0.113481
0.099946
0.511951
0.898003
0.455737
0.593367
0.874449
0.410361
0.600919
0.638469
0.795287
0.607423
0.302695
0.450062
0.128571
0.561178
0.634872
0.302647
0.321794
0.612837
0.819277
0.469585
0.612888
0.521185
0.037455
0.426144
0.258835
0.587285
0.826354
0.262007
0.092888
0.99776
0.308626
0.345401
0.105796
0.217816
0.317908
0.029856
0.468203
0.182159
0.530159
0.455967
0.14435
0.442367
0.469282
0.899036
0.535469
0.875621
0.028186
0.79476
0.250052
0.801428
0.799432
0.490874
0.422156
0.196459
0.030209
0.727954
0.684279
0.527075
0.984494
0.382446
0.687652
0.738913
0.208237
0.599322
0.732944
0.163872
0.13715
0.973689
0.922237
0.549061
0.125345
0.769043
0.280625
0.089437
0.616714
0.661155
0.297025
0.959079
0.815265
0.420527
0.919449
0.552813
0.608248
0.968675
0.368097
0.315477
0.371452
0.647678
0.411182
0.408995
0.78806
0.775966
1.7e-05
0.714909
0.759109
0.759911
0.944528
0.717264
0.870948
0.621764
0.397751
0.732769
0.717116
0.721784
0.797754
0.704532
0.944625
0.64401
0.760789
0.53913
0.811981
0.267857
0.970325
0.483472
0.159261
0.736573
0.990569
0.833776
0.466004
0.644504
0.465564
0.256084
0.668763
0.788357
0.710152
0.707596
0.984595
0.12362
0.825446
0.467586
0.357776
0.468458
0.781716
0.738878
0.865038
0.925204
0.769914
0.962563
0.346323
0.80227
0.70623
0.830962
0.613539
0.347944
0.239956
0.386497
0.798555
0.094313
0.126691
0.612118
0.950721
0.223239
0.782651
0.75828
0.745743
0.864866
0.458728
0.706811
0.637022
0.252349
0.347415
0.565324
0.47228
0.824055
0.03778
0.261062
0.594673
0.441147
0.728509
0.410774
0.758315
0.57719
0.91154
0.34347
0.212057
0.829164
0.359455
0.470842
0.885663
0.964966
0.160179
0.570446
0.827887
0.531426
0.836178
0.427365
0.363477
0.275531
0.262278
0.27941
0.085165
0.014291
0.953322
0.673778
0.150748
0.486876
0.384236
0.551158
0.004818
0.846792
0.982679
0.276781
0.816404
0.523156
0.62859
0.5041
0.026055
0.429181
0.160653
0.703579
0.471034
0.433019
0.350294
0.72138
0.669626
0.024713
0.135017
0.655513
0.26282
0.976494
0.836602
0.64531
0.520122
0.923105
0.108249
0.682609
0.4213
0.505632
0.682005
0.527642
0.204253
0.088571
0.598448
0.576759
0.876236
0.926011
0.949139
0.887221
0.181526
0.464849
0.644552
0.680543
0.549547
0.620156
0.838115
0.632969
0.682155
0.63647
0.718958
0.032963
0.851642
0.669313
0.168904
0.890354
0.518298
0.663703
0.831926
0.831228
0.327366
0.651495
0.660117
0.397289
0.597207
0.492345
0.108809
0.851398
0.015545
0.429905
0.660074
0.430733
0.396686
0.282657
0.409696
0.816138
0.199219
0.973799
0.575764
0.874324
0.463054
0.864
0.113128
0.530319
0.119631
0.539686
0.860807
0.763186
0.776758
0.373916
0.205608
0.69302
0.106341
0.803208
0.096903
0.524898
0.454673
0.806802
0.442098
0.737539
0.330228
0.204478
0.94481
0.322498
0.335788
0.296872
0.392462
0.131826
0.204766
0.209704
0.057883
0.153963
0.380819
0.621012
0.368712
0.259988
0.716732
0.779587
0.959157
0.919586
0.591226
0.258883
0.733695
0.25963
0.214386
0.171935
0.251134
0.057435
0.152203
0.101091
0.320765
0.201371
0.347379
0.377487
0.803147
0.472336
0.930781
0.96925
0.528364
0.387721
0.326364
0.40467
0.766516
0.211034
0.190449
0.362319
0.083877
0.718618
0.107512
0.431854
0.661561
0.581567
0.557853
0.647656
0.750904
0.179957
0.529592
0.270375
0.723868
0.43825
0.965371
0.147149
0.20486
0.303831
0.730145
0.168182
0.595536
0.878301
0.81756
0.470134
0.517202
0.797143
0.111945
0.541402
0.958217
0.935126
0.979242
0.980136
0.912002
0.606117
0.581706
0.197687
0.887307
0.785979
0.998621
0.903846
0.719231
0.300833
0.471666
0.256788
0.968411
0.620394
0.291644
0.9031
0.886709
0.602182
0.690762
0.60554
0.288895
0.841898
0.282966
0.011996
0.267891
0.21278
0.36391
0.444768
0.764755
0.153201
0.933543
0.14104
0.540782
0.34641
0.260875
0.90386
0.932462
0.252152
0.693709
0.365721
0.413263
0.3991
0.143824
0.195006
0.01172
0.221735
0.202408
0.066412
0.55028
0.421989
0.668265
0.477134
0.176631
0.2651
0.090052
0.400615
0.542624
0.427928
0.560494
0.78727
0.472776
0.278216
0.730671
0.311683
0.131284
0.667727
0.772623
0.316884
0.792848
0.891963
0.405917
0.725225
0.670648
0.744112
0.952543
0.902845
0.121483
0.527303
0.911126
0.085559
0.203355
0.131994
0.082357
0.153427
0.077343
0.506269
0.589785
0.289306
0.744577
0.528162
0.191405
0.410321
0.938761
0.995083
0.457307
0.241014
0.442506
0.31185
0.409788
0.401395
0.958187
0.232187
0.289214
0.261662
0.433414
0.848298
0.675157
0.188276
0.006074
0.4603
0.043841
0.778474
0.451103
0.478285
0.569797
0.238321
0.16088
0.057311
0.397653
0.456755
0.880457
0.265385
0.149015
0.454544
0.394636
0.384179
0.66327
0.742977
0.56915
0.393561
0.330546
0.749422
0.990043
0.232711
0.269277
0.291747
0.801151
0.437519
0.179781
0.731786
0.672435
0.68969
0.958905
0.932257
0.002978
0.816815
0.754355
0.912733
0.898938
0.450337
0.452523
0.935398
0.194246
0.73628
0.313369
0.9439
0.318738
0.84204
0.15917
0.966104
0.352305
0.741189
0.784857
0.747428
0.834361
0.659738
0.113402
0.1562
0.785916
0.137582
0.903545
0.242289
0.16744
0.502824
0.430412
0.878615
0.870154
0.613587
0.321922
0.91174
0.434643
0.146921
0.528842
0.380878
0.019642
0.496499
0.305961
0.143648
0.85378
0.359945
0.315287
0.10263
0.76923
0.036832
0.250141
0.405303
0.669246
0.243526
0.598052
0.593779
0.152909
0.147883
0.011039
0.760372
0.011908
0.552453
0.181495
0.27035
0.309359
0.47445
0.266141
0.429996
0.045303
0.405874
0.956288
0.935035
0.089465
0.713523
0.234637
0.274971
0.911935
0.650839
0.813991
0.280369
0.883695
0.65092
0.733895
0.979624
0.729294
0.490536
0.77026
0.565705
0.788285
0.960615
0.399753
0.577009
0.79642
0.2275
0.209883
0.455816
0.81015
0.697863
0.673861
0.079406
0.719365
0.203513
0.526672
0.137838
0.875456
0.971802
0.459768
0.335277
0.272092
0.665176
0.231716
0.514679
0.49271
0.375631
0.281699
0.762134
0.926956
0.059594
0.63726
0.547765
0.28361
0.739276
0.97188
0.119192
0.662542
0.336293
0.921931
0.256989
0.580351
0.540722
0.01615
0.190926
0.085098
0.228005
0.275333
0.319972
0.251113
0.979963
0.497044
0.809063
0.553091
0.516123
0.916272
0.575904
0.795673
0.0556
0.869565
0.376738
0.914243
0.89167
0.753252
0.553548
0.842269
0.342333
0.080663
0.025569
0.134693
0.938941
0.843158
0.50093
0.708966
0.088193
0.670501
0.903223
0.193227
0.032979
0.570893
0.299805
0.818957
0.835143
0.772612
0.153229
0.540156
0.239194
0.666552
0.619837
0.898024
0.241453
0.724643
0.6539
0.654671
0.381726
0.935209
0.995734
0.413899
0.168067
0.908511
0.764805
0.827551
0.441534
0.473014
0.49284
0.908161
0.02064
0.947432
0.764444
0.744759
0.563793
0.92454
0.088551
0.146161
0.381906
0.451256
0.287815
0.354961
0.683698
0.848023
0.014694
0.363167
0.569998
0.517477
0.734399
0.80026
0.60743
0.100352
0.11445
0.010113
0.849769
0.095575
0.365277
0.314082
0.654991
0.264027
0.719012
0.354879
0.661973
0.986558
0.568686
0.724945
0.673632
0.482581
0.825353
0.302474
0.887161
0.446281
0.906284
0.839116
0.687795
0.46805
0.368864
0.024691
0.428032
0.448095
0.006155
0.017191
0.276756
0.311514
0.539399
0.683525
0.925981
0.732138
0.560767
0.261054
0.821086
0.614708
0.587541
0.549419
0.08109
0.640671
0.579181
0.248189
0.585405
0.092088
0.308239
0.368225
0.446095
0.93144
0.320447
0.580167
0.917864
0.204502
0.571699
0.909168
0.067751
0.86135
0.801413
0.650838
0.445646
0.399521
0.888277
0.982602
0.661217
0.190972
0.093658
0.529693
0.752244
0.303018
0.574375
0.857802
0.147673
0.829988
0.019193
0.417828
0.79811
0.344609
0.628856
0.547383
0.226787
0.933241
0.280201
0.819466
0.429681
0.858271
0.980612
0.553428
0.618463
0.868447
0.718344
0.733311
0.14492
0.182448
0.375481
0.759736
0.880616
0.384971
0.619754
0.18027
0.676608
0.541646
0.861147
0.511663
0.425396
0.686314
0.534852
0.251252
0.933705
0.862108
0.473155
0.111625
0.852457
0.144612
0.852963
0.006295
0.478278
0.645823
0.558922
0.820765
0.173381
0.121334
0.450871
0.345329
0.088666
0.638895
0.109643
0.78152
0.570326
0.969649
0.887934
0.161885
0.018661
0.320391
0.339273
0.072187
0.774818
0.706492
0.054086
0.446873
0.088389
0.486989
0.198284
0.161423
0.38961
0.341665
0.728712
0.283243
0.40103
0.758121
0.058528
0.375631
0.251138
0.044
0.788731
0.493725
0.472231
0.203911
0.333653
0.910123
0.500617
0.717723
0.326619
0.48902
0.99387
0.152016
0.337773
0.655554
0.108441
0.915634
0.212209
0.212827
0.746751
0.943724
0.120074
0.543562
0.883019
0.979243
0.530362
0.696328
0.43985
0.274387
0.020112
0.657882
0.101138
0.600865
0.457952
0.904645
0.94575
0.302094
0.817991
0.563232
0.482221
0.04001
0.473535
0.666863
0.650168
0.178119
0.878207
0.640171
0.991821
0.593207
0.538788
0.002338
0.636758
0.533784
0.742437
0.419509
0.419749
0.323566
0.06838
0.47215
0.96673
0.207492
0.799095
0.715016
0.837939
0.101671
0.813121
0.22316
0.450201
0.235109
0.022077
0.160913
0.299104
0.706721
0.748127
0.236229
0.525301
0.575127
0.534987
0.492808
0.965582
0.676465
0.959315
0.478857
0.957345
0.188125
0.428646
0.649201
0.279062
0.608842
0.082691
0.829333
0.510345
0.963044
0.841415
0.605017
0.733791
0.560979
0.125952
0.472887
0.054301
0.992552
0.725374
0.706981
0.832565
0.302661
0.645915
0.569406
0.015303
0.494485
0.437569
0.613452
0.291395
0.985045
0.44731
0.438082
0.568222
0.526229
0.332696
0.60841
0.4436
0.627831
0.008338
0.210862
0.785093
0.933305
0.757104
0.059868
0.365525
0.903669
0.664432
0.268945
0.609911
0.204542
0.119733
0.402943
0.777406
0.939437
0.435547
0.357771
0.713316
0.160136
0.932683
0.772287
0.119955
0.001444
0.649735
0.539532
0.973399
0.974892
0.25619
0.603618
0.247726
0.574941
0.434282
0.785994
0.891619
0.245669
0.69013
0.098213
0.03582
0.585951
0.685868
0.126664
0.160908
0.868838
0.607832
0.529894
0.304098
0.7301
0.319882
0.413273
0.369297
0.233422
0.039372
0.550968
0.284878
0.385304
0.359045
0.385384
0.580506
0.117054
0.145603
0.156703
0.416667
0.136791
0.122965
0.952708
0.1552
0.05757
0.467847
0.781385
0.452423
0.88753
0.554887
0.865772
0.792234
0.69046
0.609252
0.556168
0.583898
0.935597
0.111033
0.89631
0.76932
0.763648
0.719936
0.322772
0.169466
0.375147
0.53463
0.462077
0.848217
0.079259
0.272715
0.850915
0.468461
0.273217
0.392721
0.943101
0.491412
0.579453
0.679613
0.445122
0.774791
0.693194
0.815248
0.67474
0.430159
0.817908
0.866622
0.636133
0.748348
0.488435
0.279228
0.498111
0.575306
0.094009
0.29812
0.68752
0.987225
0.336168
0.482403
0.48659
0.461714
0.161257
0.525225
0.272483
0.738199
0.218176
0.666297
0.2646
0.251506
0.152119
0.284492
0.265036
0.119145
0.850781
0.493118
0.04235
0.468775
0.735183
0.6989
0.283637
0.43738
0.318181
0.574285
0.026892
0.692661
0.290172
0.985308
0.800584
0.217319
0.26471
0.231692
0.95234
0.474615
0.23043
0.610418
0.250916
0.852023
0.615791
0.647497
0.549791
0.199327
0.591676
0.947378
0.618398
0.766013
0.050521
0.855194
0.00135
0.095318
0.474721
0.668083
0.817659
0.072508
0.410383
0.131417
0.545733
0.478808
0.72035
0.200353
0.544497
0.764002
0.636559
0.882876
0.028442
0.892455
0.515447
0.755184
0.978389
0.748482
0.237207
0.995744
0.962856
0.055717
0.420205
0.992075
0.187895
0.239736
0.223306
0.818612
0.796407
0.864858
0.9876
0.174551
0.86855
0.480153
0.058479
0.424284
0.741869
0.385938
0.723667
0.78292
0.536291
0.647356
0.770447
0.969654
0.248218
0.780675
0.727918
0.051231
0.079136
0.723006
0.340019
0.801297
0.260651
0.948394
0.203601
0.220233
0.91848
0.183857
0.122707
0.38023
0.074604
0.977126
0.655131
0.137817
0.020229
0.309491
0.228619
0.654977
0.14584
0.475016
0.334733
0.009562
0.14275
0.16444
0.986914
0.335664
0.400594
0.699389
0.052936
0.481242
0.88372
0.852677
0.922047
0.924789
0.352092
0.051831
0.893872
0.913874
0.347452
0.72971
0.505809
0.069683
0.605466
0.851509
0.006485
0.214369
0.417167
0.469677
0.065995
0.087516
0.638795
0.435808
0.030358
0.705495
0.259256
0.178294
0.634171
0.848955
0.971456
0.063535
0.737948
0.529899
0.704067
0.602869
0.778819
0.991937
0.605855
0.624393
0.448338
0.551354
0.904678
0.838347
0.78726
0.165984
0.806763
0.657733
0.281085
0.294061
0.099809
0.277891
0.590169
0.002835
0.876535
0.448412
0.151292
0.269661
0.146197
0.535433
0.481294
0.25518
0.612557
0.544124
0.322201
0.434126
0.77841
0.865473
0.004298
0.464043
0.963263
0.16481
0.906441
0.876313
0.829391
0.674239
0.305637
0.933919
0.474673
0.596997
0.853185
