256 2 3
0
47
134
1
43
95
2
16
57
3
103
235
4
20
241
5
154
191
6
70
123
7
32
222
8
78
108
9
44
103
10
133
236
11
134
170
12
135
177
13
128
178
14
86
156
15
104
209
16
156
252
2
17
33
18
180
246
19
195
253
20
78
200
21
110
117
22
171
178
23
119
218
24
86
107
25
100
238
26
130
178
27
149
225
28
45
232
8
29
225
30
148
198
29
31
108
32
48
247
33
160
169
34
48
173
23
35
149
36
70
201
9
37
49
18
38
83
39
171
213
40
44
57
41
211
255
33
42
247
43
108
160
44
60
223
45
61
216
46
102
147
47
111
141
0
48
138
36
49
247
4
50
150
51
106
200
52
99
180
13
53
211
14
27
54
55
110
199
56
227
232
9
57
97
28
58
100
59
102
112
60
74
169
61
73
200
12
62
230
63
153
221
45
64
174
7
26
65
38
66
161
67
127
141
44
68
160
69
181
188
70
116
139
13
71
121
72
127
161
73
156
238
21
70
74
75
160
251
66
72
76
77
150
207
78
175
220
79
99
197
80
197
214
1
81
229
25
28
82
83
201
237
50
84
92
4
85
193
11
86
98
32
87
172
88
149
239
7
89
167
20
90
130
9
62
91
92
105
149
19
93
230
94
208
243
52
95
97
35
88
96
75
97
156
98
117
138
26
72
99
48
100
214
101
185
218
102
134
228
103
175
234
104
121
242
96
105
147
106
173
250
30
107
170
7
22
108
105
109
193
42
67
110
27
111
169
112
123
246
87
107
113
49
114
172
72
115
227
71
116
200
47
117
234
50
118
236
20
119
148
3
60
120
30
108
121
54
89
122
16
123
227
58
124
164
125
128
139
35
126
164
98
127
212
34
57
128
129
142
215
28
69
130
131
150
197
132
157
171
25
133
230
134
196
218
9
100
135
1
136
166
87
137
159
110
138
249
139
166
245
40
70
140
123
141
241
34
45
142
89
143
223
23
144
217
36
145
147
15
66
146
66
147
161
5
118
148
19
149
197
34
150
231
82
95
151
17
54
152
5
12
153
154
155
216
120
155
237
40
146
156
128
157
164
158
190
225
54
64
159
64
160
192
26
161
179
59
80
162
78
163
177
78
164
207
23
165
245
166
186
200
9
167
210
152
168
216
59
169
251
154
170
241
12
115
171
6
172
204
27
86
173
174
193
233
153
175
217
129
157
176
83
95
177
123
178
255
1
179
240
32
150
180
71
181
209
48
65
182
183
198
239
184
193
239
4
172
185
119
138
186
17
110
187
19
23
188
19
189
246
2
90
190
94
95
191
90
192
230
38
123
193
58
182
194
191
195
211
115
196
252
92
126
197
13
88
198
190
199
238
200
230
238
35
133
201
145
202
220
169
203
209
56
117
204
134
190
205
109
123
206
33
50
207
23
208
217
27
203
209
160
210
237
102
156
211
76
206
212
130
190
213
86
138
214
42
147
215
165
195
216
58
217
230
168
200
218
219
223
228
97
129
220
77
206
221
137
222
225
120
199
223
59
98
224
201
225
251
140
206
226
178
219
227
15
43
228
62
226
229
163
230
246
165
187
231
0
177
232
111
163
233
77
112
234
104
136
235
42
88
236
49
237
245
60
194
238
136
172
239
234
235
240
18
84
241
31
175
242
13
34
243
105
222
244
89
176
245
104
177
246
175
192
247
98
174
248
166
231
249
44
109
250
89
199
251
69
144
252
26
251
253
7
46
254
15
90
255
0.694716
0.279088
0.146079
0.918557
0.953658
0.404647
0.537126
0.416987
0.494482
0.779115
0.163268
0.823812
0.233535
0.474407
0.095465
0.054648
0.379219
0.257741
0.989473
0.342731
0.246072
0.81841
0.101833
0.539469
0.185536
0.449705
0.514082
0.163362
0.123992
0.969684
0.869106
0.10166
0.667982
0.148996
0.038434
0.705713
0.417163
0.075991
0.880606
0.547095
0.986073
0.048673
0.302969
0.25309
0.653962
0.194745
0.001365
0.305567
0.400286
0.435655
0.028791
0.14499
0.425558
0.963336
0.171207
0.69077
0.271827
0.77705
0.69364
0.724413
0.973592
0.264454
0.759646
0.778543
0.583714
0.957979
0.080908
0.966011
0.296712
0.544934
0.559025
0.507765
0.68536
0.162751
0.620413
0.431337
0.007128
0.500398
0.801269
0.329745
0.215183
0.183535
0.70429
0.327278
0.916862
0.324845
0.323855
0.566907
0.095386
0.935884
0.056659
0.934553
0.478916
0.919029
0.747615
0.730812
0.976441
0.550319
0.382315
0.207459
0.942821
0.643479
0.192004
0.077251
0.614519
0.233195
0.31153
0.23318
0.687787
0.064999
0.352128
0.84058
0.109214
0.009181
0.756434
0.333277
0.252445
0.462211
0.245713
0.934709
0.297745
0.979754
0.622717
0.13588
0.789683
0.471018
0.566371
0.000613
0.826687
0.76709
0.83005
0.801776
0.705204
0.126144
0.456769
0.359733
0.77555
0.20938
0.954668
0.248545
0.224056
0.940374
0.421588
0.582455
0.04963
0.585979
0.036723
0.598979
0.493818
0.754403
0.931865
0.19881
0.338181
0.943661
0.057939
0.206151
0.402083
0.399859
0.674775
0.536895
0.179188
0.603801
0.376384
0.147997
0.23109
0.67408
0.77446
0.739997
0.373726
0.075809
0.775858
0.774188
0.139857
0.569116
0.102954
0.595074
0.943581
0.142703
0.753268
0.432784
0.62824
0.467893
0.312406
0.811702
0.679069
0.6631
0.128754
0.83407
0.242397
0.500088
0.561172
0.01944
0.622995
0.398063
0.972239
0.627768
0.443114
0.349876
0.210692
0.337046
0.940476
0.087377
0.140423
0.046232
0.660139
0.547539
0.909011
0.49412
0.328179
0.768897
0.06614
0.78491
0.948476
0.4658
0.005177
0.991532
0.668362
0.075911
0.520385
0.45299
0.887435
0.522374
0.296588
0.613522
0.86054
0.945712
0.167066
0.34552
0.919068
0.524961
0.619914
0.455922
0.763249
0.440071
0.583374
0.716911
0.253868
0.585662
0.082353
0.37428
0.303214
0.25271
0.845979
0.282174
0.896105
0.652171
0.829215
0.974556
0.851077
0.595665
0.1855
0.423583
0.864333
0.138275
0.551681
0.480157
0.802121
0.502454
0.790366
0.633618
0.782635
0.663726
0.042907
0.448142
0.262477
0.777067
0.787351
0.441286
0.919171
0.916222
0.463697
0.710584
0.960592
0.567049
0.382293
0.313077
0.824987
0.301468
0.416665
0.09694
0.327425
0.73772
0.390417
0.625934
0.492216
0.839472
0.448434
0.738042
0.750273
0.570088
0.193573
0.324809
0.436465
0.146637
0.697006
0.61802
0.713697
0.935496
0.907104
0.307943
0.758209
0.210332
0.855836
0.64171
0.023067
0.898554
0.4285
0.788058
0.100647
0.570783
0.311994
0.758664
0.166882
0.807659
0.180518
0.540676
0.758367
0.297052
0.254077
0.801483
0.827331
0.508228
0.724137
0.488286
0.336333
0.020006
0.197544
0.786837
0.31483
0.71844
0.41114
0.877679
0.100929
0.015538
0.979657
0.394547
0.202065
0.54357
0.858993
0.506975
0.735844
0.010152
0.749935
0.701953
0.686682
0.227789
0.770984
0.16417
0.217626
0.166874
0.909624
0.458856
0.0332
0.956107
0.664685
0.528396
0.73149
0.649996
0.242046
0.333404
0.050928
0.336464
0.725779
0.145182
0.112039
0.06822
0.068765
0.016928
0.263352
0.900078
0.421314
0.949343
0.082606
0.415252
0.297651
0.171651
0.369433
0.000879
0.752979
0.449541
0.811645
0.245818
0.877875
0.47824
0.854571
0.134072
0.582972
0.763521
0.981727
0.891832
0.861395
0.703009
0.144303
0.181398
0.220488
0.768745
0.853782
0.970572
0.33982
0.519064
0.738154
0.973033
0.157517
0.016951
0.290391
0.217463
0.174794
0.836676
0.315281
0.531611
0.594355
0.635732
0.831341
0.671865
0.63811
0.507711
0.597298
0.253352
0.699084
0.348601
0.520007
0.500934
0.474932
0.021944
0.891494
0.311589
0.899029
0.381711
0.885641
0.882276
0.237976
0.306681
0.698034
0.423336
0.78031
0.530792
0.041757
0.955437
0.073757
0.036686
0.927676
0.271611
0.574536
0.841181
0.65361
0.500621
0.242344
0.797344
0.065369
0.637774
0.024902
0.184599
0.322611
0.886523
0.899337
0.952506
0.31652
0.337704
0.664308
0.382498
0.745054
0.263117
0.117131
0.219259
0.278995
0.464703
0.123952
0.623392
0.300633
0.007233
0.939329
0.086571
0.745131
0.387932
0.262229
0.003097
0.748307
0.924153
0.964633
0.679505
0.870664
0.744175
0.922792
0.81545
0.700493
0.103564
0.822849
0.247093
0.428384
0.948582
0.532862
0.671361
0.544886
0.93837
0.445933
0.13037
0.249852
0.882414
0.028318
0.632345
0.185652
0.728893
0.894402
0.125646
0.183622
0.375122
0.564753
0.318118
0.612148
0.972678
0.509838
0.919771
0.240055
0.359875
0.049119
0.727063
0.050104
0.462716
0.364851
0.885045
0.800134
0.289622
0.544938
0.630724
0.309545
0.916357
0.349832
0.557187
0.335195
0.125072
0.6097
0.337723
0.186205
0.562396
0.20754
0.290409
0.302053
0.555789
0.774648
0.828094
0.989214
0.444651
0.705391
0.043321
0.300254
0.986354
0.85456
0.504003
0.313319
0.445889
0.807561
0.318269
0.059565
0.916656
0.207994
0.282853
0.80614
0.294686
0.017814
0.42931
0.033088
0.44826
0.417525
0.1514
0.789729
0.413398
0.559776
0.548626
0.770133
0.164174
0.134922
0.071635
0.253645
0.903333
0.135799
0.038483
0.535961
0.899227
0.704336
0.681652
0.225108
0.675892
0.01654
0.36467
0.138314
0.489862
0.630673
0.539237
0.516805
0.859746
0.293572
0.700805
0.551625
0.082746
0.414045
0.944538
0.924404
0.493127
0.861506
0.020844
0.665659
0.866115
0.203942
0.878142
0.865889
0.284694
0.994267
0.003628
0.581929
0.846945
0.282476
0.067062
0.313488
0.541459
0.535505
0.636091
0.830272
0.125216
0.104108
0.638521
0.663002
0.373236
0.816456
0.406947
0.140317
0.837548
0.516985
0.072029
0.744833
0.353883
0.730289
0.224221
0.192897
0.341651
0.858488
0.14555
0.49171
0.721385
0.486453
0.170789
0.097937
0.992645
0.656156
0.450688
0.503866
0.487819
0.640665
0.616519
0.788496
0.946353
0.170776
0.801863
0.087437
0.336981
0.575473
0.346017
0.964073
0.721692
0.059973
0.399585
0.775982
0.998741
0.952171
0.635108
0.41358
0.601991
0.515075
0.746611
0.201563
0.119758
0.025156
0.17661
0.221715
0.062037
0.995773
0.275979
0.054281
0.483863
0.432016
0.46075
0.622665
0.457611
0.450295
0.483962
0.140893
0.336664
0.938487
0.304939
0.565478
0.19305
0.692937
0.761391
0.235031
0.844517
0.158202
0.994168
0.265191
0.18037
0.573169
0.255723
0.360724
0.019068
0.793451
0.915631
0.404601
0.103456
0.891659
0.15502
0.256154
0.188128
0.267175
0.272807
0.504441
0.294698
0.076875
0.494462
0.783481
0.86844
0.032463
0.585708
0.709288
0.563431
0.257933
0.969785
0.964336
0.265298
0.094575
0.19418
0.153265
0.897718
0.395972
0.263751
0.717958
0.966708
0.605177
0.587421
0.591108
0.62384
0.034125
0.17654
0.528357
0.761198
0.04811
0.43898
0.88256
0.90601
0.322792
0.235117
0.451765
0.159772
0.162713
0.437293
0.983714
0.076551
0.297461
0.52676
0.092759
0.304914
0.278574
0.360466
0.192638
0.565376
0.574115
0.389094
0.166769
0.713681
0.366797
0.493118
0.294991
0.242289
0.461467
0.144296
0.290565
0.241583
0.299383
0.63572
0.441202
0.336063
0.99789
0.918952
0.26487
0.58317
0.003718
0.747248
0.165919
0.014607
0.555582
0.559749
0.262601
0.123157
0.880234
0.516409
0.198767
0.653243
0.498996
0.342532
0.419986
0.507999
0.762047
0.982473
0.450983
0.800774
0.320296
0.079043
0.531003
0.975532
0.608032
0.086436
0.541502
0.291424
0.592501
0.558725
0.664776
0.42838
0.967544
0.431535
0.49808
0.742142
0.549338
0.635714
0.42423
0.623603
0.78699
0.797235
0.745048
0.609291
0.366286
0.464108
0.464068
0.032992
0.61823
0.853627
0.208744
0.823107
0.348597
0.514282
0.07365
0.609252
0.314838
0.512516
0.69604
0.150976
0.050071
0.37221
0.453269
0.629234
0.668637
0.28502
0.361129
0.464747
0.672588
0.22778
0.591457
0.464686
0.749326
0.766854
0.281945
0.771053
0.83507
0.759335
0.406106
0.563457
0.197926
0.655076
0.106077
0.164687
0.197844
0.637952
0.330882
0.619691
0.586763
0.875806
0.328922
0.39392
0.744656
0.087637
0.54981
0.304504
0.830322
0.530499
0.530808
0.213753
0.77231
0.666941
0.764803
0.229743
0.715806
0.048671
0.715744
0.011791
0.159432
0.928673
0.41263
0.135279
0.579651
0.54675
0.383602
0.083639
0.545758
0.890593
0.237322
0.979303
0.542805
0.9928
0.987822
0.777274
0.283595
0.029404
0.684492
0.327106
0.460959
0.226638
0.45851
0.066812
0.549594
0.169664
0.989396
0.023913
0.076222
0.979472
0.688458
0.049043
0.524691
0.766718
0.557062
0.088239
0.542799
0.667437
0.413818
0.300036
0.693124
0.403798
0.027534
0.352887
0.043389
0.256537
0.402067
0.583278
0.754866
0.694359
0.363734
0.579223
0.702356
0.174189
0.139735
0.600502
0.653552
0.833383
0.112819
0.327987
0.971269
0.070114
0.238003
0.181202
0.430938
0.349258
0.836834
0.37961
0.21031
0.660727
0.266454
0.736401
0.434513
0.792848
0.405993
0.37068
0.826589
0.880702
0.335983
0.462497
0.486339
0.820136
0.818483
0.261683
0.803884
0.692914
0.472101
0.571335
0.099927
0.753362
0.625629
0.464368
0.573712
0.419944
0.479722
0.71255
0.078173
0.382233
0.002292
0.520391
0.560162
0.420861
0.300124
0.27069
0.473682
0.135638
0.216348
0.510296
0.033021
0.311229
0.633539
0.663156
0.264252
0.150815
0.218252
0.607124
0.866007
0.148523
0.686746
0.08423
0.718822
0.275318
0.030003
0.849539
0.149141
0.276974
0.875146
0.282701
0.493292
0.888353
0.618579
0.507929
0.311553
0.303555
0.124197
0.308083
0.245763
0.757757
0.417549
0.649431
0.545416
0.353939
0.626137
0.808119
0.871327
0.187448
0.922979
0.484537
0.690701
0.856673
0.950167
0.986101
0.106391
0.617325
0.597946
0.783088
0.964766
0.328537
0.099773
0.291098
0.329897
0.784195
0.665218
0.930008
0.864122
0.611891
0.945682
0.793645
0.59307
0.093774
0.831189
0.465891
0.019141
0.650025
0.787043
0.43411
0.592531
0.491268
0.428987
0.40621
0.276826
0.62862
0.311827
0.244676
0.938412
0.055451
0.684548
0.216838
0.18393
0.674094
0.816294
0.088751
0.728329
0.016338
0.630924
0.120038
0.503185
0.850207
0.91092
0.987201
0.495775
0.442744
0.072136
0.067318
0.012528
0.87104
0.726453
0.848207
0.81827
0.396061
0.417456
0.392607
0.474247
0.867823
0.427778
0.293656
0.729249
0.379338
0.138135
0.301861
0.426772
0.132597
0.257728
0.954432
0.484115
0.500828
0.104099
0.734909
0.61254
0.159994
0.750319
0.258337
0.824979
0.219044
0.971327
0.988029
0.818015
0.609293
0.318733
0.611191
0.45142
0.98693
0.630107
0.30851
0.316326
0.221201
0.888461
0.065028
0.201727
0.699901
0.487757
0.286509
0.508518
0.393319
0.450607
0.510349
0.297566
0.546025
0.538387
0.310574
0.732869
0.598924
0.397037
0.356217
0.192921
0.688054
0.182776
0.133953
0.830452
0.38819
0.721453
0.595119
0.349964
0.0243
0.069412
0.041787
0.680966
0.403957
0.021849
0.524464
0.937563
0.667727
0.238808
0.575233
0.503885
0.766387
0.470609
0.118163
0.685609
0.017085
0.383567
0.292261
0.337101
0.321117
0.104523
0.310402
0.551063
0.526757
0.665458
0.871949
0.385007
0.596475
0.582556
0.274517
0.296397
0.356811
0.590289
0.849895
0.621607
0.927559
0.252972
0.241194
0.214654
0.191298
0.689748
0.34099
0.364846
0.615965
0.895757
0.786116
0.025752
0.429272
0.655895
0.115112
0.68543
0.336733
0.066166
0.228998
0.245206
0.342042
0.517008
0.645439
0.410808
0.121276
0.944993
0.197521
0.934493
0.825241
0.525299
0.078532
0.835859
0.26109
0.365284
0.173602
0.581636
0.765498
0.324158
0.947735
0.776084
0.568876
0.0205
0.743444
0.072695
0.569093
0.009443
0.970803
0.826438
0.640531
0.478429
0.795494
0.673628
0.34513
0.068859
0.79135
0.537868
0.267241
0.281531
0.735435
0.617405
0.782866
0.201668
0.474452
0.717115
0.192218
0.130499
0.402054
0.489152
0.533406
0.600751
0.612429
0.61921
0.239503
0.337717
0.355382
0.743693
0.684238
0.23801
0.001347
0.559278
0.748
0.500918
0.443554
0.755404
0.791108
0.820393
0.84951
0.166318
0.613015
0.599369
0.793449
0.059571
0.711236
0.131116
0.057203
0.537457
0.583323
0.958965
0.509954
0.804615
0.444401
0.785015
0.154436
0.768533
0.892687
0.964119
0.427257
0.755792
0.311301
0.318678
0.786247
0.855345
0.798671
0.22382
0.697266
0.349192
0.845789
0.688536
0.20665
0.504038
0.725127
0.776873
0.412172
0.662543
0.941578
0.061258
0.010665
0.651709
0.083887
0.171717
0.051174
0.788974
0.503725
0.104764
0.782509
0.231558
0.325098
0.488963
0.429313
0.859208
0.021247
0.509524
0.730199
0.599737
0.727362
0.981068
0.617421
0.7118
0.675668
0.413864
0.020857
0.539177
0.042967
0.322893
0.004815
0.76867
0.360179
0.021395
0.507749
0.019823
0.23825
0.474454
0.462774
0.396715
0.307794
0.765154
0.9829
0.614845
0.415645
0.730664
0.279953
0.887288
0.852964
0.891407
0.017809
0.985737
0.733487
0.398772
0.956556
0.077656
0.633543
0.536416
0.696486
0.402988
0.23674
0.850995
0.870845
0.294439
0.066778
0.577997
0.336451
0.010958
0.390137
0.474235
0.150308
0.938358
0.560064
0.744221
0.091063
0.871186
0.106804
0.886809
0.891619
0.152452
0.307994
0.005419
0.559776
0.942988
0.522575
0.30604
0.478951
0.081994
0.139495
0.192132
0.772734
0.377235
0.148858
0.335741
0.718745
0.806024
0.167542
0.734796
0.335411
0.516569
0.914002
0.902848
0.332405
0.947875
0.218378
0.134738
0.158366
0.485502
0.215754
0.146173
0.632804
0.143491
0.984348
0.386487
0.406668
0.250523
0.439813
0.918107
0.836136
0.850934
0.445928
0.63103
0.169007
0.772802
0.383024
0.266429
0.479687
0.122837
0.127425
0.364359
0.395169
0.729387
0.020028
0.625417
0.61043
0.583754
0.581532
0.06899
0.763418
0.647262
0.342883
0.965435
0.252466
0.361117
0.804114
0.768915
0.269652
0.904732
0.038947
0.430989
0.760294
0.098405
0.240115
0.05352
0.868879
0.416818
0.625584
0.722582
0.550062
0.08698
0.635675
0.011161
0.611121
0.502006
0.475044
0.949542
0.130547
0.351421
0.703693
0.374417
0.206285
0.126465
0.781141
0.321043
0.42574
0.233716
0.842113
0.706774
0.742879
0.570126
0.737471
0.102474
0.034693
0.41994
0.301805
0.995251
0.669106
0.779696
0.581792
0.887868
0.718674
0.336521
0.996157
0.878267
0.583857
0.63018
0.519598
0.235433
0.731382
0.071368
0.384439
0.241231
0.410581
0.73397
0.484053
0.374895
0.870814
0.101
0.836978
0.233013
0.642148
0.392868
0.675118
0.645952
0.681406
0.432279
0.980387
0.442127
0.401268
0.73575
0.026187
0.635
0.412984
0.432151
0.932613
0.280035
0.461024
0.27878
0.084616
0.01797
0.105381
0.916316
0.337421
0.699771
0.57575
0.546556
0.705456
0.732885
0.550415
0.232898
0.171605
0.290754
0.760062
0.881388
0.835176
0.051804
0.936932
0.754437
0.04889
0.394891
0.614025
0.705313
0.031033
0.214015
0.640281
0.158565
0.50743
0.561336
0.994171
0.560674
0.268528
0.89907
0.775989
0.90148
0.221215
0.411246
0.720121
0.206626
0.119973
0.209335
0.206212
0.019522
0.83769
0.892301
0.136302
0.604999
0.532999
0.047778
0.383358
0.504777
0.36159
0.037343
0.947988
0.153602
0.695681
0.934149
0.479408
0.438881
0.277007
0.552882
0.094348
0.525879
0.856673
0.902959
0.679242
0.449682
0.028904
0.629254
0.178407
0.336892
0.601509
0.107991
0.882183
0.590584
0.396295
0.642771
0.292346
0.617317
0.412153
0.597841
0.617787
0.429651
0.969998
0.377542
0.59661
0.911667
0.862503
0.250871
0.762258
0.607192
0.346731
0.858065
0.722445
0.743707
0.498951
0.892066
0.305629
0.710632
0.2796
0.685925
0.044862
0.446972
0.191624
0.681747
0.587866
0.124827
0.744144
0.871469
0.178576
0.642331
0.671736
0.718676
0.764692
0.78915
0.396948
0.301269
0.423416
0.114067
0.699716
0.620742
0.747605
0.700788
0.317925
0.044687
0.614024
0.768314
0.688215
0.539813
0.904347
0.995034
0.767886
0.922257
0.571566
0.560796
0.331228
0.134187
0.533335
0.358464
0.654561
0.169462
0.236748
0.59355
0.073078
0.52812
0.334105
0.2821
0.275218
0.88995
0.153108
0.018985
0.014326
0.524331
0.311592
0.672797
0.371779
0.667802
0.309825
0.643875
0.760457
0.472832
0.201043
0.112953
0.697089
0.77643
0.386926
0.955131
0.520974
0.734279
0.015728
0.927533
0.959824
0.243374
0.285683
0.756269
0.854719
0.616228
0.866544
0.407218
0.770857
0.486065
0.879607
0.657537
0.634179
0.597903
0.960485
0.737802
0.505933
0.026988
0.181898
0.758877
0.869289
0.543207
0.189772
0.994245
0.507412
0.674331
0.996
0.11763
0.345776
0.48624
0.778556
0.001113
0.544984
0.586691
0.961009
0.719803
0.469199
0.926673
0.244118
0.706855
0.728885
0.264684
0.653602
0.380197
0.843983
0.219253
0.713959
0.854223
0.789947
0.184897
0.672292
0.650606
0.593328
0.591424
0.978008
0.011085
0.981828
0.398904
0.604316
0.20938
0.785808
0.505862
0.594895
0.366834
0.19837
0.118701
0.170972
0.439483
0.666658
0.788654
0.769462
0.991761
0.303646
0.276919
0.827182
0.86831
0.284178
0.75843
0.569682
0.24806
0.57166
0.226832
0.662453
0.569417
0.356865
0.370357
0.56165
0.663683
0.144364
0.115572
0.750769
0.164085
0.601774
0.34231
0.393274
0.911911
0.974848
0.904493
0.059705
0.885839
0.344579
0.9845
0.105929
0.667676
0.057269
0.356731
0.026674
0.088066
0.938717
0.598544
0.189275
0.381376
0.134324
0.24556
0.116456
0.636231
0.556278
0.213601
0.691734
0.429795
0.181431
0.901552
0.224096
0.884836
0.115531
0.222648
0.981324
0.868056
0.500432
0.129771
0.782338
0.333942
0.414995
0.250903
0.312859
0.778128
0.358037
0.872535
0.540835
0.225998
0.586922
0.448553
0.958945
0.732641
0.2467
0.050934
0.231794
0.16489
0.457759
0.423117
0.934451
0.84955
0.381121
0.932587
0.063638
0.462695
0.477954
0.367295
0.437348
0.579117
0.883458
0.746449
0.686237
0.531582
0.224773
0.709416
0.598158
0.251627
0.331465
0.270626
0.491428
0.821329
0.569546
0.519385
0.51404
0.686215
0.97406
0.563439
0.954304
0.162673
0.640677
0.216727
0.996741
0.29869
0.934486
0.066973
0.371808
0.164116
0.989174
0.616721
0.976003
0.374742
0.28706
0.064884
0.566724
0.220292
0.774991
0.765142
0.580862
0.922796
0.14932
0.368886
0.719688
0.598599
0.204269
0.787518
0.854537
0.955319
0.388944
0.573026
0.418757
0.980182
0.684647
0.381708
0.695295
0.398511
0.987206
0.3666
0.839653
0.335127
0.395189
0.002919
0.683749
0.77123
0.107852
0.971967
0.143001
0.173032
0.617034
0.548832
0.018982
0.192865
0.092152
0.44007
0.110546
0.950082
0.629429
0.194657
0.832143
0.67825
0.473985
0.117813
0.387191
0.568146
0.02587
0.546748
0.330421
0.348575
0.045874
0.380617
0.822696
0.195045
0.396367
0.373444
0.817885
0.056765
0.900112
0.82246
0.195464
0.251088
0.104955
0.991244
0.187308
0.464379
0.343484
0.37473
0.185717
0.928753
0.811617
0.636062
0.655315
0.837878
0.161528
0.951715
0.818962
0.105997
0.983127
0.839816
0.980722
0.906791
0.943068
0.202969
0.13626
0.07596
0.356036
0.918928
0.47422
0.109445
0.933458
0.050298
0.777812
0.737338
0.702333
0.638246
0.39049
0.77825
0.170697
0.91913
0.83439
0.650948
0.587184
0.382306
0.963055
0.155832
0.952701
0.963348
0.696989
0.282825
0.140753
0.785305
0.840465
0.139014
0.979307
0.047109
0.934402
0.794316
0.460107
0.220625
0.455049
0.149974
0.967144
0.464104
0.180565
0.200721
0.313894
0.781112
0.532894
0.794457
0.839095
0.140535
0.615199
0.134027
0.734055
0.356331
0.182254
0.059701
0.971894
0.637918
0.480795
0.398902
0.101605
0.819979
0.006004
0.848071
0.792022
0.635809
0.921535
0.52715
0.779837
0.110406
0.709042
0.847399
0.921763
0.909911
0.44666
0.155107
0.865013
0.141482
0.544005
0.185983
0.671959
0.132611
0.980911
0.166727
0.897438
0.309836
0.461938
0.510977
0.254375
0.191356
0.639285
0.126808
0.318364
0.870046
0.769536
0.082872
0.151917
0.631521
0.878665
0.717882
0.434182
0.33551
0.953969
0.403156
0.121164
0.993011
0.155425
0.705071
0.605131
0.164485
0.218998
0.64454
0.270799
0.395588
0.62969
0.406938
0.157973
0.546151
0.882641
0.431555
0.242082
0.686865
0.834751
0.417124
0.814323
0.684972
0.541494
0.686804
0.018694
0.087092
0.450355
0.107694
0.807302
0.748961
0.719898
0.55042
0.80854
0.73632
0.236248
0.124815
0.324817
0.998409
0.93655
0.507269
0.743379
0.828213
0.122212
0.572335
0.937239
0.912895
0.761773
0.5714
0.836402
0.60722
0.295994
0.009918
0.760748
0.749167
0.251574
0.970198
0.355292
0.666428
0.992796
0.148647
0.124266
0.861588
0.421413
0.393343
0.830939
0.626679
0.650422
0.462604
0.032548
0.733517
0.866181
0.182881
0.479255
0.200953
0.495195
0.586602
0.492332
0.688277
0.233279
0.009693
0.641072
0.424769
0.749319
0.923777
0.386192
0.595145
0.165239
0.020465
0.608083
0.027665
0.808695
0.149034
0.009956
0.506019
0.598225
0.452918
0.306414
0.343124
0.469431
0.590869
0.885048
0.576211
0.906458
0.142412
0.211641
0.143403
0.566337
0.489054
0.211951
0.936341
0.235495
0.090199
0.457564
0.740385
0.587199
0.165487
0.048156
0.818755
0.583886
0.966568
0.530535
0.935078
0.609789
0.162666
0.252495
0.914293
0.631576
0.328409
0.466947
0.470305
0.101644
0.367105
0.01867
0.037937
0.195848
0.299117
0.009033
0.793801
0.634265
0.794277
0.198027
0.971587
0.672624
0.876992
0.924074
0.757948
0.018254
0.133132
0.936263
0.15437
0.856319
0.971211
0.109859
0.839546
0.513275
0.638423
0.908716
0.655788
0.89326
0.376516
0.718431
0.974476
0.559637
0.458044
0.579062
0.641671
0.263134
0.781276
0.117609
0.344788
0.375653
0.072206
0.571409
0.872955
0.260822
0.712521
0.325923
0.571889
0.549603
0.053701
0.3924
0.369566
0.650256
0.347634
0.345089
0.101606
0.768309
0.633993
0.944351
0.582717
0.702652
0.132946
0.513649
0.055647
0.732985
0.286338
0.84254
0.801101
0.78986
0.416461
0.257457
0.469876
0.78998
0.426837
0.306608
0.653055
0.421616
0.236269
0.037129
0.111463
0.04619
0.504735
0.038129
0.426535
0.769972
0.982263
0.791725
0.526288
0.572545
0.953748
0.478903
0.016998
0.552319
0.803936
0.710706
0.739417
0.556524
0.3906
0.148433
0.890575
0.544036
0.434477
0.351867
0.846266
0.559609
0.372217
0.875415
0.77812
0.291267
0.529099
0.078068
0.785175
0.954178
0.053699
0.303979
0.760076
0.078776
0.283874
0.34355
0.329404
0.313355
0.203007
0.660966
0.52224
0.481472
0.440763
0.487173
0.165844
0.631648
0.184996
0.971596
0.091243
0.790076
0.445843
0.259689
0.464091
0.722401
0.307782
0.520304
0.159836
0.929596
0.883079
0.278872
0.86397
0.183646
0.963553
0.531345
0.601486
0.19335
0.315238
0.466306
0.013
0.900162
0.991204
0.81579
0.994415
0.04034
0.327604
0.699616
0.641309
0.662585
0.669047
0.611324
0.357595
0.921701
0.369198
0.451821
0.623375
0.557262
0.221581
0.162723
0.686195
0.114186
0.640348
0.191697
0.973281
0.835678
0.691644
0.983373
0.880377
0.776214
0.541237
0.659149
0.853553
0.042596
0.809673
0.839732
0.194173
0.666597
0.404537
0.597829
0.118557
0.797856
0.306558
0.106492
0.184284
0.305776
0.996072
0.900483
0.485851
0.776581
0.587918
0.062098
0.482885
0.167999
0.185772
0.842249
0.713855
0.65713
0.462112
0.900937
0.703117
0.306765
0.12609
0.182201
0.953397
0.074973
0.308078
0.661673
0.336824
0.427608
0.770846
0.74201
0.666426
0.200203
0.817543
0.855936
0.089597
0.379388
0.222737
0.248198
0.042023
0.51359
0.942862
0.773343
0.926036
0.896013
0.399897
0.416737
0.01224
0.608385
0.116831
0.601918
0.208209
0.762463
0.439251
0.456625
0.306017
0.26371
0.759985
0.594481
0.690722
0.302789
0.143694
0.217473
0.516966
0.337244
0.096727
0.231989
0.411111
0.290471
0.109742
0.401241
0.565817
0.76039
0.698563
0.231679
0.574615
0.222191
0.55031
0.076931
0.155226
0.415951
0.582854
0.721222
0.246
0.746975
0.841126
0.067556
0.080098
0.970589
0.059961
0.96575
0.003118
0.885615
0.229058
0.278872
0.324154
0.201917
0.25989
0.488392
0.666972
0.137962
0.960456
0.79539
0.084145
0.483618
0.862506
0.100209
0.683203
0.088202
0.089995
0.038884
0.258662
0.77131
0.325165
0.969337
0.594004
0.568532
0.14714
0.365161
0.829242
0.425276
0.893742
0.732173
0.578402
0.695762
0.494343
0.380156
0.526988
0.461566
0.426074
0.154037
0.611396
0.346968
0.402509
0.331968
0.374167
0.732299
0.485419
0.715694
0.960485
0.738393
0.917037
0.635494
0.737834
0.788532
0.582424
0.096266
0.545231
0.364877
0.575198
0.434859
0.051575
0.755496
0.71295
0.606692
0.589248
0.45419
0.091796
0.381822
0.311463
0.370184
0.835468
0.183398
0.571136
0.812261
0.466541
0.071819
0.802309
0.073543
0.401408
0.454787
0.781227
0.43623
0.047787
0.542046
0.925503
0.232035
0.294207
0.376016
0.535001
0.881311
0.279654
0.123803
0.169261
0.889324
0.188848
0.654326
0.92868
0.329208
0.330591
0.381728
0.984744
0.36489
0.340019
0.245502
0.732594
0.676063
0.077048
0.833547
0.55133
0.97129
0.524467
0.66169
0.755593
0.499457
0.298187
0.626952
0.271579
0.873166
0.960681
0.521534
0.213315
0.377997
0.340707
0.541629
0.509541
0.08221
0.246486
0.632955
0.195025
0.827211
0.001138
0.266821
0.213032
0.48331
0.316112
0.28033
0.485422
0.604565
0.09862
0.049538
0.144156
0.270701
0.062887
0.403338
0.684613
0.297594
0.733295
0.998678
0.378507
0.338425
0.112992
0.904714
0.779935
0.746908
0.445427
0.212465
0.457338
0.097184
0.081221
0.284848
0.443427
0.392702
0.049638
0.565563
0.67796
0.554499
0.505107
0.512438
0.43603
0.07243
0.163455
0.440858
0.746091
0.025854
0.357082
0.949079
0.735773
0.672019
0.719218
0.76833
0.51255
0.986691
0.243292
0.696671
0.869064
0.936843
0.918486
0.615459
0.673665
0.973878
0.024177
0.858263
0.322156
0.751196
0.547959
0.899952
0.360726
0.691339
0.395719
0.373076
0.613868
0.984023
0.619388
0.194729
0.016973
0.174977
0.605458
0.983602
0.700636
0.779915
0.291637
0.252505
0.995603
0.221163
0.359416
0.617126
0.296121
0.717298
0.281375
0.541636
0.042983
0.48279
0.849306
0.781613
0.910816
0.143383
0.739574
0.158403
0.918166
0.923585
0.476504
0.213995
0.532317
0.500749
0.801276
0.516747
0.564625
0.839451
0.928478
0.105181
0.998459
0.474313
0.513972
0.87902
0.849428
0.413377
0.65589
0.092397
0.823397
0.668514
0.286023
0.686837
0.567032
0.077358
0.432175
0.88377
0.660084
0.002964
0.357152
0.683117
0.297037
0.812754
0.503792
0.428337
0.017635
0.938315
0.543886
0.697891
0.088791
0.188781
0.537736
0.916101
0.329485
0.759855
0.23732
0.909897
0.753442
0.134903
0.179135
0.925198
0.556991
0.852037
0.535546
0.056767
0.20424
0.684384
0.13848
0.848654
0.21325
0.122994
0.048448
0.722107
0.862949
0.825374
0.890207
0.762393
0.396062
0.456259
0.234275
0.849615
0.755938
0.128748
0.730931
0.720828
0.016959
0.567239
0.296267
0.967129
0.556562
0.428983
0.446385
0.390592
0.920404
0.848233
0.509203
0.767064
0.708444
0.058974
0.105122
0.493827
0.949984
0.165051
0.063369
0.501924
0.759379
0.247298
0.886164
0.328743
0.235978
0.400747
0.746456
0.563985
0.066473
0.123796
0.999796
0.155981
0.373511
0.717352
0.726464
0.11675
0.95025
0.580104
0.849732
0.771528
0.875535
0.279456
0.667949
0.689332
0.585747
0.038698
0.30693
0.13873
0.741364
0.190282
0.205851
0.279806
0.432417
0.604096
0.942645
0.278213
0.991699
0.963289
0.619392
0.065355
0.448657
0.553451
0.931442
0.370703
0.13229
0.611247
0.12231
0.283076
0.758148
0.957766
0.556698
0.814881
0.166937
0.143901
0.996818
0.331653
0.471404
0.337921
0.523081
0.6918
0.834238
0.273923
0.552895
0.822854
0.963872
0.442903
0.680374
0.742286
0.033822
0.737572
0.384002
0.544783
0.251674
0.531018
0.501114
0.249956
0.975084
0.075723
0.794646
0.691593
0.626157
0.150128
0.424047
0.333742
0.383368
0.826335
0.355668
0.441402
0.462644
0.291318
0.171965
0.694667
0.293612
0.748433
0.948974
0.097209
0.975486
0.688336
0.175657
0.665739
0.173582
0.921964
0.484587
0.249587
0.809249
0.078978
0.880492
0.467675
0.050345
0.705206
0.61423
0.333654
0.460555
0.098457
0.858032
0.322045
0.255968
0.917778
0.821995
0.341742
0.785907
0.11099
0.274099
0.284237
0.903061
0.231098
0.317103
0.602619
0.710195
0.867592
0.853577
0.261182
0.473473
0.108826
0.63929
0.488936
0.713368
0.941612
0.905107
0.779854
0.019407
0.841192
0.84467
0.419188
0.433478
0.245448
0.592263
0.680562
0.106259
0.149383
0.026996
0.081478
0.857236
0.93686
0.415292
0.00677
0.716248
0.537544
0.742298
0.532472
0.438307
0.536875
0.793588
0.422111
0.684889
0.892414
0.012225
0.784148
0.567073
0.050878
0.406597
0.507935
0.253899
0.911341
0.284998
0.428216
0.656411
0.597473
0.44232
0.535478
0.268059
0.234268
0.764087
0.455241
0.574722
0.608486
0.728008
0.653113
0.573464
0.951755
0.926252
0.051608
0.530508
0.250144
0.10174
0.502185
0.323475
0.85688
0.711858
0.805648
0.887385
0.093476
0.764936
0.669516
0.562466
0.504337
0.837741
0.726127
0.113455
0.614588
0.675001
0.012575
0.088411
0.426017
0.858207
0.349293
0.865761
0.995713
0.324558
0.454242
0.887019
0.67318
0.366251
0.924293
0.844079
0.594665
0.233235
0.380722
0.87032
0.491974
0.308267
0.272009
0.003667
0.884339
0.496162
0.622013
0.126246
0.285111
0.337655
0.656169
0.022325
0.753965
0.788664
0.418701
0.892956
0.371084
0.141491
0.119571
0.527503
0.432707
0.606624
0.211153
0.196326
0.250317
0.209959
0.851147
0.925372
0.603518
0.275501
0.521894
0.239919
0.259822
0.755983
0.603412
0.794068
0.551268
0.437132
0.867159
0.014472
0.772303
0.680041
0.840794
0.077773
0.592248
0.508586
0.305503
0.798846
0.112912
0.209104
0.044364
0.78865
0.866111
0.471324
0.734938
0.268856
0.44776
0.605628
0.024531
0.92865
0.034333
0.248191
0.755703
0.395826
0.863461
0.700504
0.709442
0.421071
0.517703
0.138624
0.695428
0.091341
0.842134
0.021077
0.813526
0.331987
0.630252
0.304852
0.270978
0.038595
0.644233
0.531866
0.129953
0.570571
0.294638
0.980211
0.981032
0.717349
0.131323
0.741249
0.380364
0.222504
0.273166
0.525097
0.583673
0.978677
0.861397
0.732512
0.889448
0.55659
0.941586
0.26518
0.250467
0.647565
0.886577
0.704629
0.86401
0.630778
0.534397
0.864938
0.733189
0.117119
0.421676
0.08821
0.684941
0.780156
0.421916
0.145161
0.26843
0.114049
0.890035
0.307525
0.217542
0.314762
0.62434
0.852114
0.961072
0.891294
0.557168
0.64802
0.170206
0.890178
0.423398
0.984883
0.155676
0.225151
0.401731
0.87404
0.999054
0.294464
0.502072
0.335572
0.249341
0.990606
0.037456
0.4954
0.812003
0.005697
0.141588
0.801628
0.910622
0.135159
0.359843
0.229588
0.80077
0.074615
0.060791
0.522348
0.768538
0.960381
0.796925
0.127801
0.407894
0.035435
0.405723
0.662309
0.337272
0.149307
0.645125
0.808779
0.923809
0.512961
0.544416
0.689727
0.839413
0.162193
0.77782
0.575238
0.892039
0.502915
0.769489
0.370696
0.31095
0.79227
0.737566
0.931473
0.520132
0.224883
0.759157
0.150141
0.26006
0.145884
0.687136
0.072865
0.203716
0.582272
0.242002
0.613894
0.892943
0.001649
0.646277
0.935576
0.785764
0.085954
0.821072
0.584245
0.199403
0.542749
0.408824
0.829446
0.463136
0.757769
0.827705
0.311308
0.396508
0.767064
0.696861
0.973355
0.339404
0.014701
0.125283
0.16071
0.04094
0.150303
0.808176
0.069399
0.398067
0.500113
0.001929
0.048661
0.201897
0.317856
0.551865
0.577263
0.667452
0.071475
0.736016
0.109025
0.9683
0.851493
0.961152
0.175347
0.558528
0.876962
0.723217
0.077946
0.015009
0.609683
0.504575
0.876556
0.034509
0.881433
0.068395
0.021019
0.972387
0.053504
0.452033
0.61201
0.161394
0.292597
0.239631
0.163336
0.115777
0.468363
0.522885
0.156081
0.758766
0.116481
0.806755
0.346234
0.682499
0.889358
0.115373
0.35658
0.861983
0.233278
0.47096
0.212867
0.026386
0.024532
0.6187
0.154244
0.60721
0.297099
0.500431
0.072476
0.437623
0.279326
0.057823
0.170631
0.056818
0.121918
0.444761
0.627327
0.30985
0.267052
0.95176
0.656765
0.546971
0.027885
0.613899
0.071607
0.948013
0.045129
0.003808
0.455924
0.87323
0.400594
0.661475
0.20913
0.254053
0.270054
0.503382
0.903002
0.835169
0.149125
0.302621
0.589778
0.764689
0.313474
0.590449
0.3914
0.232516
0.012658
0.755084
0.6251
0.852074
0.900407
0.208207
0.139373
0.061791
0.100753
0.111769
0.304114
0.704479
0.453783
0.812036
0.30187
0.82479
0.220723
0.165102
0.464734
0.029167
0.0076
0.160749
0.121838
0.658631
0.730904
0.623725
0.66057
0.434621
0.06843
0.691187
0.681482
0.580411
0.938059
0.3087
0.781988
0.254322
0.932762
0.010608
0.166364
0.705895
0.887002
0.77407
0.955813
0.555523
0.051929
0.150284
0.852992
0.138315
0.991713
0.685125
0.884104
0.518977
0.610971
0.186826
0.919188
0.523785
0.306154
0.861808
0.431662
0.691554
0.765388
0.787315
0.113892
0.251676
0.265038
0.056786
0.914005
0.486364
0.186295
0.955824
0.828972
0.762161
0.934133
0.223456
0.839515
0.710606
0.410301
0.488262
0.71161
0.631799
0.745242
0.519874
0.753089
0.20056
0.755564
0.29274
0.78249
0.213355
0.715369
0.263298
0.372922
0.051509
0.342242
0.753181
0.802017
0.993231
0.094286
0.87899
0.567328
0.678819
0.224137
0.283962
0.87023
0.261535
0.585306
0.39327
0.846355
0.798394
0.667967
0.708443
0.501659
0.309669
0.559702
0.181985
0.943809
0.795873
0.143164
0.040393
0.578149
0.254766
0.57804
0.999575
0.203186
0.276321
0.62803
0.179028
0.266661
0.935913
0.191817
0.810396
0.422551
0.99255
0.005231
0.26622
0.952714
0.146086
0.332537
0.761693
0.637092
0.698909
0.533468
0.031711
0.229353
0.063712
0.953761
0.407378
0.292501
0.773786
0.86544
0.953965
0.831781
0.384708
0.407334
0.933798
0.884822
0.222727
0.919306
0.08758
0.216482
0.079385
0.143049
0.299777
0.638132
0.29068
0.185665
0.658765
0.211898
0.429395
0.984787
0.216013
0.023982
0.596324
0.466397
0.088573
0.952423
0.879971
0.209364
0.621957
0.882512
0.065606
0.598308
0.106009
0.282534
0.003793
0.464247
0.060175
0.238193
0.212394
0.557909
0.415804
0.301576
0.413066
0.372674
0.461798
0.233638
0.051436
0.864543
0.715113
0.587493
0.782495
0.821489
0.2248
0.864429
0.070142
0.902324
0.875157
0.083614
0.982233
0.493466
0.010496
0.44664
0.387774
0.216047
0.263735
0.842107
0.989785
0.76368
0.049708
0.753733
0.762322
0.224819
0.098837
0.081298
0.842053
0.231961
0.849508
0.395459
0.333566
0.396081
0.006259
0.554435
0.278196
0.230322
0.645609
0.479165
0.407629
0.633601
0.874348
0.675322
0.630944
0.486918
0.409504
0.63689
0.732579
0.158514
0.419554
0.84651
0.622895
0.461874
0.410833
0.926266
0.356418
0.319884
0.036952
0.385008
0.355461
0.469337
0.57847
0.627591
0.735314
0.083622
0.544491
0.569784
0.520009
0.608574
0.170859
0.406158
0.50905
0.601958
0.141649
0.233644
0.049149
0.076481
0.432376
0.247115
0.736372
0.344452
0.874545
0.745593
0.126902
0.384295
0.580754
0.294933
0.526649
0.424016
0.644468
0.560393
0.357494
0.165891
0.319173
0.094442
0.526063
0.779828
0.465456
0.593418
0.354388
0.105051
0.592912
0.378019
0.057772
0.36919
0.326286
0.085641
0.011485
0.482119
0.581961
0.490267
0.151068
0.329968
0.372851
0.367558
0.337072
0.265838
0.581148
0.31935
0.253245
0.755429
0.152664
0.300467
0.167498
0.490577
0.060973
0.477818
0.394689
0.813205
0.65894
0.103131
0.906517
0.02497
0.395978
0.363397
0.984764
0.260283
0.538599
0.834717
0.132342
0.995677
0.513111
0.373709
0.378694
0.089392
0.466478
0.463462
0.739737
0.827381
0.31653
0.527225
0.83187
0.970373
0.53863
0.834927
0.830787
0.794719
0.314936
0.685622
0.192773
0.283817
0.673034
0.020025
0.686333
0.563085
0.632684
0.822279
0.84079
0.570219
0.247384
0.205505
0.791117
0.387805
0.092708
0.428818
0.858829
0.36447
0.518047
0.879304
0.091183
0.806443
0.536613
0.291558
0.664085
0.311375
0.184872
0.66941
0.839588
0.196364
0.496236
0.749287
0.142809
0.787278
0.158027
0.382891
0.070938
0.365454
0.168526
0.720909
0.221423
0.128958
0.916209
0.257862
0.342936
0.583808
0.020393
0.363626
0.150571
0.903792
0.006161
0.42372
0.184027
0.388114
0.038819
0.946502
0.270869
0.347043
0.641674
0.303142
0.761282
0.520303
0.77711
0.973071
0.611483
0.832578
0.852783
0.272462
0.918826
0.022277
0.175687
0.334413
0.425535
0.6071
0.486221
0.989237
0.390338
0.742403
0.180812
0.38709
0.103669
0.484403
0.385141
0.6705
0.45578
0.265776
0.647886
0.331681
0.388514
0.306142
0.933065
0.072773
0.703474
0.42907
0.639752
0.61912
0.553621
0.453167
0.291898
0.703341
0.258933
0.297425
0.267001
0.614477
0.927908
0.030019
0.285919
0.322708
0.654696
0.577622
0.160573
0.297121
0.112215
0.011552
0.937433
0.179509
0.331555
0.998091
0.494735
0.120592
0.792267
0.917223
0.920868
0.565898
0.108657
0.14273
0.877468
0.932606
0.518452
0.829628
0.734418
0.619931
0.00564
0.294451
0.173126
0.55484
0.495935
0.366931
0.030651
0.300748
0.800217
0.419543
0.875034
0.621172
0.850696
0.159244
0.207593
0.689212
0.170102
0.458866
0.488171
0.981358
0.669237
0.687235
0.018507
0.93542
0.132199
0.382175
0.270569
0.307058
0.264742
0.212498
0.990063
0.771195
0.600506
0.569174
0.123745
0.163973
0.360683
0.139841
0.274082
0.744049
0.593519
0.189567
0.757475
0.623423
0.713862
0.345248
0.503822
0.526341
0.14354
0.756222
0.952864
0.749077
0.966867
0.058344
0.062864
0.008645
0.93717
0.762911
0.634134
0.276841
0.063491
0.964579
0.944604
0.53087
0.053343
0.218425
0.306382
0.973251
0.908024
0.050759
0.172508
0.234552
0.730841
0.625071
0.634393
0.893588
0.132426
0.947643
0.496861
0.683188
0.108854
0.064676
0.93299
0.022348
0.711884
0.451704
0.502428
0.662126
0.634793
0.519071
0.501973
0.717418
0.983277
0.196285
0.751046
0.997721
0.947142
0.993235
0.421343
0.172883
0.081564
0.093577
0.815252
0.842626
0.686567
0.327606
0.10449
0.411764
0.667245
0.013887
0.533528
0.32097
0.94623
0.835743
0.755329
0.870503
0.419267
0.895535
0.012815
0.71369
0.938754
0.065789
0.57795
0.317619
0.377569
0.656022
0.3464
0.42702
0.774479
0.223115
0.765351
0.717308
0.975307
0.851227
0.345131
0.238669
0.74684
0.832911
0.432226
0.387835
0.958666
0.927021
0.653798
0.470176
0.47822
0.636594
0.228388
0.503765
0.477015
0.716921
0.150574
0.756768
0.134182
0.630758
0.305791
0.396639
0.455364
0.561806
0.628118
0.470589
0.604494
0.620787
0.862455
0.529201
0.958389
0.08881
0.239188
0.289172
0.195991
0.152398
0.644152
0.840447
0.821813
0.932652
0.298728
0.510404
0.216017
0.499696
0.497858
0.116204
0.87851
0.22745
0.965455
0.784591
0.46043
0.166579
0.342126
0.804332
0.025595
0.048413
0.902153
0.832194
0.152073
0.876673
0.241902
0.156918
0.412313
0.265471
0.330868
0.218203
0.96294
0.254105
0.316981
0.603881
0.413532
0.534292
0.06051
0.50787
0.958145
0.668208
0.341545
0.046995
0.118454
0.998931
0.137632
0.091655
0.681977
0.365483
0.424818
0.976123
0.091497
0.491978
0.634408
0.471649
0.077943
0.670899
0.270738
0.663232
0.018497
0.974456
0.091783
0.124589
0.146362
0.849452
0.053501
0.679783
0.184818
0.614712
0.888108
0.846379
0.641552
0.910735
0.579892
0.256755
0.021179
0.850781
0.968016
0.496008
0.471283
0.878945
0.094727
0.472668
0.972974
0.651947
0.03221
0.252076
0.936474
0.141517
0.015115
0.999377
0.460473
0.305103
0.559516
0.877724
0.284843
0.230786
0.467203
0.941001
0.707537
0.621563
0.565276
0.750684
0.798409
0.035191
0.924691
0.18996
0.995662
0.053536
0.495907
0.484855
0.651078
0.341331
0.292078
0.909853
0.269746
0.777059
0.428863
0.816391
0.689331
0.60729
0.85471
0.175248
0.457936
0.350208
0.641345
0.095055
0.886105
0.334887
0.809868
0.925103
0.082022
0.836283
0.157363
0.425904
0.390139
0.185214
0.132643
0.72107
0.979545
0.372413
0.244955
0.509464
0.276178
0.121659
0.763407
0.554972
0.230893
0.906542
0.592872
0.746855
0.774977
0.422684
0.816981
0.303166
0.017365
0.988297
0.783709
0.054229
0.173359
0.403836
0.475045
0.241701
0.367825
0.096199
0.556839
0.814033
0.847495
0.920006
0.897605
0.760611
0.268569
0.62656
0.834651
0.635072
0.989001
0.744076
0.80543
0.310971
0.278529
0.039104
0.768788
0.302796
0.921965
0.597899
0.540809
0.285992
0.491408
0.313598
0.976964
0.91309
0.713912
0.849926
0.508219
0.667477
0.248504
0.583396
0.312504
1.1e-05
0.46876
0.586662
0.067665
0.728901
0.49413
0.065173
0.510968
0.999231
0.143361
0.297528
0.498912
0.591445
0.246492
0.609258
0.504957
0.993671
0.167548
0.874581
0.170051
0.101751
0.885678
0.843823
0.868447
0.799831
0.927561
0.334684
0.367585
0.137517
0.305058
0.139347
0.578664
0.934475
0.467751
0.271422
0.183278
0.748925
0.193626
0.022454
0.78197
0.148135
0.1025
0.456881
0.617734
0.578242
0.883729
0.129288
0.32723
0.834872
0.398004
0.95836
0.979947
0.813498
0.23255
0.807984
0.480711
0.033695
0.193948
0.156338
0.285166
0.746374
0.732232
0.433185
0.122979
0.323898
0.995227
0.135839
0.27181
0.594539
0.434221
0.212589
0.673908
0.018112
0.438401
0.459378
0.157672
0.706911
0.302206
0.673496
0.674434
0.375535
0.904863
0.895074
0.830131
0.838258
0.564428
0.962686
0.6522
0.712079
0.574122
0.822229
0.393594
0.487582
0.049759
0.47181
0.124257
0.419071
0.949872
0.520022
0.497193
0.270089
0.545079
0.711425
0.093687
0.227181
0.599371
0.220144
0.690116
0.874837
0.951741
0.178212
0.793766
0.991281
0.632818
0.607903
0.813122
0.255945
0.128043
0.206488
0.158953
0.805601
0.237263
0.854383
0.685042
0.53094
0.360768
0.024485
0.036614
0.880222
0.872804
0.922666
0.994907
0.207932
0.784359
0.719398
0.496771
0.964314
0.300027
0.508047
0.666994
0.806001
0.830589
0.948644
0.260864
0.492442
0.664335
0.147925
0.459768
0.640686
0.938589
0.610299
0.491392
0.077546
0.883037
0.847675
0.089639
0.523016
0.698236
0.197727
0.697119
0.000913
0.619826
0.087041
0.496985
0.639439
0.974401
0.57141
0.969502
0.999749
0.806081
0.398044
0.488116
0.655845
0.240059
0.517699
0.965588
0.849353
0.402107
0.213593
0.932324
0.091834
0.700334
0.468852
0.081657
0.109384
0.508772
0.649236
0.02644
0.507761
0.07913
0.810956
0.458783
0.441464
0.25334
0.791892
0.485269
0.589204
0.84571
0.969434
0.255458
0.262
0.869211
0.511139
0.798283
0.926977
0.473299
0.245254
0.899888
0.128252
0.677955
0.551406
0.236928
0.043887
0.571143
0.147882
0.881072
0.601489
0.33775
0.812949
0.762165
0.470488
0.907841
0.334295
0.361342
0.522688
0.459355
0.085665
0.992055
0.550142
0.201807
0.705453
0.683567
0.446701
0.149017
0.945111
0.122571
0.992396
0.353196
0.521895
0.352277
0.186981
0.272901
0.02817
0.05825
0.048891
0.226958
0.04424
0.634755
0.127775
0.050115
0.912811
0.65906
0.784963
0.430967
0.455467
0.027206
0.444041
0.997027
0.831814
0.56609
0.442054
0.288588
0.300844
0.674796
0.464786
0.866976
0.10669
0.862599
0.243911
0.33066
0.609325
0.010724
0.583025
0.03465
0.060759
0.601462
0.396814
0.185024
0.683368
0.536801
0.114029
0.653284
0.605009
0.279647
0.28595
0.130481
0.189687
0.318392
0.49302
0.147913
0.620969
0.723179
0.023697
0.61889
0.955967
0.379649
0.650854
0.137051
0.265621
0.667366
0.450394
0.727218
0.630124
0.638509
0.736558
0.608972
0.945904
0.996788
0.302408
0.645519
0.88672
0.356446
0.965549
0.821691
0.205754
0.592839
0.856141
0.13239
0.811139
0.978861
0.912984
0.138377
0.900825
0.41203
0.048568
0.434927
0.204256
0.602555
0.701199
0.264217
0.25599
0.232877
0.63619
0.413802
0.915603
0.174513
0.703785
0.273085
0.032902
0.944758
0.726601
0.574699
0.15859
0.398351
0.139424
0.15973
0.488048
0.568829
0.784793
0.447697
0.833237
0.068644
0.822087
0.227773
0.14155
0.924136
0.518776
0.582138
0.30398
0.455996
0.076669
0.789793
0.503301
0.091449
0.162523
0.974935
0.247581
0.340404
0.162778
0.440826
0.864655
0.440489
0.509123
0.755598
0.649384
0.251337
0.013098
0.066971
0.818185
0.8673
0.352677
0.139759
0.180686
0.321723
0.667105
0.440657
0.157871
0.050107
0.069866
0.460473
0.134411
0.358226
0.684679
0.020187
0.950119
0.839467
0.055366
0.731634
0.200515
0.956047
0.353119
0.822225
0.670223
0.348842
0.927641
0.20442
0.277527
0.277092
0.209818
0.076876
0.360232
0.760436
0.570374
0.866222
0.839792
0.074279
0.866503
0.663353
0.625439
0.642244
0.094153
0.809866
0.756233
0.416232
0.705573
0.094121
0.991879
0.782298
0.904678
0.670838
0.384428
0.093124
0.74199
0.175662
0.615534
0.604706
0.496885
0.034623
0.608387
0.877994
0.263797
0.864507
0.78364
0.766137
0.9559
0.431361
0.803044
0.908177
0.72349
0.23095
0.915521
0.214699
0.745052
0.327741
0.362623
0.744233
0.675506
0.776193
0.621414
0.697099
0.723817
0.769411
0.669545
0.833916
0.070365
0.272028
0.450141
0.090929
0.444742
0.557003
0.013264
0.047926
0.829419
0.929633
0.610224
0.594238
0.681567
0.56953
0.974751
0.218682
0.425538
0.470073
0.645452
0.702926
0.263817
0.851902
0.025962
0.933354
0.258824
0.210272
0.104361
0.21056
0.060632
0.120528
0.042602
0.018753
0.212385
0.897394
0.396938
0.924803
0.430483
0.413124
0.936635
0.121994
0.790102
0.004787
0.124186
0.233438
0.510291
0.3476
0.343095
0.472963
0.388447
0.499109
0.103848
0.710242
0.102036
0.592504
0.791566
0.550113
0.056667
0.737585
0.816451
0.952206
0.212078
0.155147
0.259352
0.569831
0.557312
0.613233
0.944958
0.431598
0.749778
0.342332
0.405915
0.148507
0.090706
0.625534
0.847203
0.689331
0.217566
0.094086
0.56916
0.558617
0.235912
0.659836
0.768181
0.976636
0.012999
0.987414
0.702083
0.764008
0.691737
0.337457
0.115415
0.333978
0.021983
0.356742
0.353702
0.867642
0.259399
0.784441
0.822817
0.234574
0.838674
0.262944
0.583705
0.162692
0.343254
0.555976
0.81006
0.127925
0.803994
0.095767
0.62917
0.261283
0.703913
0.222322
0.765586
0.974819
0.221742
0.664889
0.500682
0.508372
0.168965
0.183166
0.334075
0.257642
0.097786
0.276847
0.136287
0.788075
0.378473
0.256879
0.052868
0.541545
0.281286
0.396292
0.035988
0.453711
0.629752
0.586002
0.435726
0.745159
0.487086
0.870178
0.032914
0.466222
0.772935
0.696228
0.318293
0.398698
0.00573
0.540052
0.994823
0.586189
0.982121
0.377188
0.36519
0.944065
0.399271
0.956956
0.117492
0.95256
0.650546
0.388456
0.251781
0.755125
0.456722
0.273492
0.939796
0.752308
0.832151
0.223615
0.597673
0.558771
0.880837
0.486136
0.952801
0.737333
0.828796
0.888468
0.930413
0.223574
0.790135
0.871105
0.215879
0.36945
0.65265
0.140956
0.235904
0.763447
0.958992
0.871506
0.141889
0.264663
0.687255
0.373524
0.772191
0.314759
0.609494
0.168277
0.609018
0.118208
0.759907
0.490449
0.264869
0.025144
0.404571
0.237937
0.104488
0.4889
0.568422
0.522343
0.979609
0.510827
0.021371
0.254558
0.224585
0.895264
0.858446
0.71238
0.536182
0.945487
0.918322
0.682775
0.252331
0.468809
0.755491
0.853863
0.85988
0.853811
0.783426
0.701848
0.233595
0.523904
0.320225
0.331375
0.577316
0.203215
0.300594
0.047472
0.629349
0.911235
0.980537
0.70225
0.427418
0.196488
0.144557
0.104868
0.92996
0.370611
0.436295
0.634452
0.540682
0.589328
0.523394
0.256778
0.129618
0.178624
0.892088
0.48847
0.238001
0.910756
0.225172
0.81505
0.54686
0.443758
0.251329
0.208572
0.156964
0.090105
0.77881
0.848618
0.193681
0.377314
0.397846
0.421046
0.143688
0.103114
0.398667
0.739947
0.188599
0.792753
0.524808
0.377241
0.874714
0.290601
0.399504
0.484675
0.935473
0.090109
0.737339
0.709304
0.878192
0.789982
0.36075
0.940196
0.448195
0.649898
0.963128
0.924216
0.687775
0.440794
0.758507
0.066531
0.352638
0.785518
0.948114
0.558353
0.515202
0.617003
0.874952
0.984844
0.0477
0.95633
0.046156
0.103662
0.235537
0.596285
0.607136
0.333536
0.447423
0.884792
0.743003
0.988828
0.305679
0.808626
0.582297
0.550771
0.925608
0.053155
0.762603
0.067224
0.522565
0.317965
0.312208
0.37526
0.123505
0.109302
0.918703
0.26385
0.674525
0.387993
0.472548
0.810979
0.962735
0.441283
0.994564
0.053345
0.565991
0.00037
0.931723
0.145715
0.111124
0.057899
0.179734
0.750604
0.900798
0.301116
0.686344
0.372315
0.43944
0.993273
0.062913
0.1698
0.510957
0.4679
0.207284
0.579749
0.785434
0.857073
0.016682
0.610428
0.890361
0.289714
0.515472
0.37235
0.078753
0.138131
0.556187
0.065797
0.129783
0.26188
0.403129
0.889705
0.179947
0.799371
0.087954
0.476478
0.488077
0.557876
0.019071
0.984629
0.624546
0.79411
0.260161
0.637384
0.551318
0.285327
0.490212
0.501372
0.146364
0.727531
0.061857
0.519047
0.819147
0.299169
0.351538
0.53244
0.497569
0.02702
0.002247
0.538163
0.221429
0.311037
0.468397
0.810845
0.279063
0.236995
0.990269
0.01058
0.037899
0.497422
0.216369
0.959215
0.065595
0.473086
0.1245
0.638508
0.239977
0.806282
0.701502
0.115225
0.94632
0.792566
0.556181
0.990713
0.103753
0.084281
0.946455
0.615162
0.032491
0.298449
0.337719
0.572921
0.043402
0.439741
0.15668
0.49259
0.880431
0.342273
0.107708
0.843774
0.641833
0.36316
0.742591
0.029879
0.891969
0.303531
0.898273
0.598233
0.322765
0.898018
0.790461
0.310204
0.41674
0.737026
0.363391
0.819458
0.933382
0.556301
0.992838
0.281712
0.887416
0.79498
0.632507
0.602707
0.030578
0.256411
0.002846
0.723768
0.17564
0.817423
0.640746
0.620137
0.894818
0.97432
0.016655
0.812489
0.414615
0.990229
0.464443
0.294913
0.469053
0.185845
0.357088
0.256984
0.132932
0.556245
0.20318
0.512607
0.447988
0.601494
0.422558
0.753762
0.297622
0.071648
0.930022
0.389148
0.225922
0.052333
0.65848
0.480082
0.092075
0.437355
0.165137
0.577966
0.318947
0.485474
0.73409
0.536706
0.08979
0.154903
0.475825
0.444628
0.544119
0.467623
0.174462
0.137856
0.536317
0.037632
0.455564
0.601308
0.642998
0.461381
0.333046
0.863458
0.92622
0.689184
0.712024
0.876615
0.971811
0.899087
0.244938
0.17226
0.317841
0.686836
0.017845
0.481527
0.49008
0.945
0.457048
0.947868
0.557354
0.413446
0.259461
0.561648
0.540892
0.110906
0.447775
0.315186
0.626932
0.865408
0.40603
0.369857
0.336649
0.936141
0.419096
0.303828
0.6333
0.224661
0.585965
0.736401
0.316293
0.603879
0.026229
0.460117
0.40696
0.503703
0.028126
0.108423
0.049444
0.954562
0.210673
0.702564
0.619855
0.768444
0.830569
0.988039
0.252883
0.774525
0.028157
0.327516
0.840448
0.760944
0.760733
0.686024
0.79258
0.488364
0.607987
0.69144
0.410422
0.14539
0.125055
0.415787
0.436069
0.176586
0.854954
0.135139
0.982153
0.109621
0.502309
0.050356
0.746947
0.311056
0.239572
0.950399
0.058309
0.729085
0.623788
0.361074
0.479973
0.309521
0.761738
0.860763
0.607482
0.772593
0.783368
0.930919
0.212041
0.765531
0.482201
0.873746
0.744558
0.572966
0.600358
0.181222
0.00548
0.556616
0.437872
0.381387
0.083028
0.248597
0.950611
0.192618
0.232252
0.918521
0.422992
0.430938
0.876343
0.566984
0.642576
0.757502
0.030623
0.551674
0.912834
0.809713
0.120233
0.167841
0.79696
0.967772
0.978855
0.738043
0.115756
0.050778
0.978548
0.640338
0.76127
0.957055
0.81312
0.810282
0.688548
0.066904
0.22261
0.04941
0.045413
0.121566
0.995058
0.134022
0.693803
0.720179
0.047254
0.902475
0.142989
0.931327
0.889503
0.125563
0.743591
0.618548
0.791275
0.536529
0.717564
0.278351
0.92184
0.151549
0.636924
0.876851
0.614581
0.712271
0.255761
0.091848
0.257371
0.261476
0.888475
0.524865
0.326837
0.296664
0.642231
0.798614
0.971822
0.759812
0.167948
0.12745
0.684085
0.52725
0.03415
0.293534
0.739125
0.376988
0.370372
0.793254
0.956751
0.558667
0.622533
0.148674
0.997403
0.605232
0.386968
0.087982
0.225597
0.778772
0.012125
0.098003
0.421363
0.352843
0.750905
0.366841
0.165092
0.745161
0.212619
0.118174
0.58186
0.54868
0.099476
0.772984
0.412257
0.339995
0.858734
0.312146
0.608288
0.506338
0.717068
0.87797
0.890538
0.725351
0.984299
0.233468
0.5977
0.363286
0.744894
0.498757
0.089383
0.045519
0.776761
0.05248
0.719408
0.438904
0.22069
0.983422
0.691823
0.046808
0.776339
0.291049
0.137466
0.137002
0.395002
0.435639
0.979964
0.048922
0.855193
0.573513
0.258576
0.411228
0.402513
0.52411
0.516636
0.787304
0.369036
0.774249
0.918599
0.293738
0.4903
0.222398
0.324616
0.226577
0.962538
0.001431
0.433712
0.238317
0.960194
0.255946
0.859111
0.190202
0.514073
0.279892
0.373445
0.828605
0.304252
0.713611
0.826034
0.583398
0.321497
0.663564
0.054734
0.071275
0.154027
0.789988
0.981315
0.948866
0.266473
0.330271
0.771228
0.793068
0.925515
0.157837
0.760013
0.463798
0.743212
0.044296
0.313449
0.79414
0.710258
0.749663
0.808206
0.834008
0.214763
0.536962
0.44435
0.068159
0.876368
0.643833
0.789334
0.951351
0.552268
0.102677
0.688996
0.790657
0.149492
0.357206
0.785873
0.416268
0.499305
0.068754
0.598517
0.559696
0.037797
0.784817
0.047093
0.80941
0.301492
0.723619
0.002779
0.085568
0.990436
0.634732
0.273433
0.213605
0.387507
0.374204
0.907611
0.311439
0.235826
0.227195
0.516379
0.278356
0.248218
0.506698
0.48329
0.991864
0.083245
0.554641
0.306794
0.51779
0.494486
0.969982
0.785196
0.781642
0.078385
0.247871
0.529651
0.613519
0.941892
0.019639
0.116464
0.865559
0.746351
0.404293
0.634824
0.156164
0.936073
0.017083
0.445634
0.636795
0.72416
0.750257
0.591389
0.586353
0.549528
0.085683
0.191628
0.921644
0.120116
0.223497
0.950909
0.687777
0.039668
0.993717
0.873912
0.243789
0.049843
0.348658
0.88465
0.03715
0.99701
0.00146
0.542874
0.392456
0.301682
0.305661
0.441844
0.583605
0.28281
0.520213
0.404469
0.428998
0.984013
0.352733
0.068144
0.014695
0.121929
0.203217
0.522406
0.536621
0.628369
0.100161
0.480692
0.504236
0.753339
0.407964
0.472725
0.166305
0.922123
0.703429
0.534176
0.984474
0.870535
0.387486
0.148402
0.271482
0.741768
0.622552
0.536908
0.783625
0.818726
0.080136
0.277346
0.118698
0.563421
0.910081
0.808776
0.941768
0.1043
0.661247
0.134349
0.867293
0.675606
0.38246
0.134647
0.266669
0.804194
0.545264
0.976561
0.321048
0.767578
0.885866
0.934996
0.062583
0.630484
0.920719
0.07495
0.411053
0.058676
0.0053
0.772713
0.536564
0.42644
0.868529
0.170222
0.855957
0.262584
0.299063
0.94938
0.730016
0.196659
0.792494
0.22658
0.058026
0.518567
0.874492
0.224332
0.636802
0.6022
0.696544
0.063926
0.696947
0.258334
0.82454
0.544768
0.778791
0.178505
0.035211
0.393347
0.344473
0.136657
0.758431
0.816055
0.422811
0.3384
0.293094
0.07998
0.552842
0.441938
0.283858
0.245349
0.879232
0.335024
0.103016
0.149875
0.382165
0.778876
0.640969
0.470576
0.473252
0.745574
0.388733
0.861359
0.727986
0.722191
0.46361
0.096633
0.844731
0.287885
0.380917
0.862956
0.37854
0.549089
0.396118
0.147233
0.651827
0.064474
0.860064
0.965863
0.748297
0.960096
0.591416
0.845389
0.361046
0.256296
0.403838
0.403713
0.230465
0.957583
0.778304
0.902245
0.315665
0.179199
0.513228
0.19978
0.573072
0.994812
0.005738
0.376893
0.582034
0.360379
0.482523
0.729246
0.7762
0.93108
0.171706
0.848199
0.09689
0.063959
0.774014
0.504499
0.43815
0.78068
0.691263
0.632877
0.889462
0.24174
0.987837
0.936843
0.095457
0.692556
0.68067
0.26001
0.996671
0.296658
0.269592
0.045569
0.284079
0.701389
0.44311
0.343676
0.705282
0.273491
0.948739
0.940929
0.744142
0.430949
0.450458
0.289481
0.271776
0.471878
0.779209
0.348202
0.884789
0.4328
0.413307
0.820812
0.242947
0.378951
0.336352
0.200668
0.056948
0.70846
0.091847
0.922411
0.562924
0.852471
0.321493
0.392258
0.164042
0.052796
0.239503
0.246007
0.898169
0.720198
0.991255
0.260395
0.187947
0.155499
0.370951
0.137053
0.352272
0.800124
0.450257
0.408921
0.596783
0.880056
0.039683
0.222212
0.897516
0.200926
0.307992
0.441298
0.563236
0.635142
0.169099
0.427371
0.69608
0.819912
0.727301
0.228368
0.308876
0.310127
0.281045
0.52436
0.842329
0.71852
0.270153
0.986
0.533907
0.94913
0.230232
0.440252
0.503584
0.525062
0.985247
0.996752
0.153355
0.354267
0.457781
0.633541
0.629351
0.487019
0.389548
0.142954
0.31258
0.364511
0.157452
0.118774
0.169193
0.701187
0.465765
0.514416
0.932271
0.57453
0.466941
0.171952
0.988467
0.789223
0.241653
0.599084
0.52071
0.648566
0.537097
0.09758
0.973182
0.198441
0.55815
0.492237
0.60663
0.881777
0.208961
0.541856
0.020176
0.038016
0.106513
0.337921
0.904136
0.872444
0.216385
0.880947
0.355797
0.556003
0.274612
0.927039
0.04331
0.002674
0.791512
0.323137
0.230938
0.393455
0.254784
0.912753
0.167937
0.236918
0.994807
0.627909
0.073132
0.460427
0.055199
0.982228
0.679336
0.16623
0.094044
0.921988
0.218478
0.418759
0.104022
0.385023
0.453481
0.909324
0.110541
0.426592
0.870138
0.459098
0.530639
0.273938
0.37587
0.268026
0.766306
0.201174
0.143667
0.77639
0.404942
0.831341
0.825637
0.713458
0.241884
0.592055
0.917826
0.515109
0.828281
0.55103
0.439549
0.963788
0.33528
0.035324
0.7402
0.722172
0.999231
0.144491
0.197438
0.821311
0.758045
0.621039
0.915973
0.491702
0.986207
0.482008
0.515474
0.453535
0.048614
0.511874
0.280471
0.910636
0.724037
0.8159
0.166503
0.424457
0.364345
0.918594
0.413323
0.395129
0.116509
0.66097
0.02057
0.820604
0.130989
0.940806
0.459258
0.171905
0.605384
0.4603
0.994454
0.697544
0.427688
0.866308
0.192332
0.854604
0.588389
0.910279
0.404232
0.249555
0.686295
0.654517
0.974503
0.315127
0.068465
0.281118
0.647661
0.674155
0.322028
0.163656
0.653368
0.694079
0.562781
0.055416
0.63644
0.833831
0.619064
0.621505
0.198525
0.578417
0.4899
0.669851
0.192085
0.589624
0.732908
0.096902
0.338099
0.986143
0.488009
0.121315
0.079668
0.581764
0.068214
0.036125
0.189216
0.460056
0.697359
0.390191
0.796087
0.076883
0.283385
0.734857
0.192655
0.935099
0.331922
0.874628
0.224133
0.531744
0.251403
0.082329
0.708991
0.900182
0.780016
0.398427
0.941181
0.219325
0.78084
0.852058
0.687865
0.390592
0.462109
0.650896
0.900661
0.645445
0.951142
0.022582
0.654192
0.403106
0.762569
0.568626
0.220089
0.937586
0.241725
0.797997
0.14436
0.241017
0.038511
0.934997
0.45778
0.642878
0.056333
0.110405
0.37325
0.565229
0.92151
0.805583
0.250089
0.711882
0.193272
0.510078
0.826763
0.766927
0.428317
0.830147
0.959673
0.370572
0.025148
0.717612
0.567303
0.099692
0.906783
0.073525
0.430057
0.470116
0.352088
0.268401
0.644594
0.605344
0.718295
0.08298
0.459239
0.642298
0.685217
0.835591
0.885817
0.022718
0.192115
0.479488
0.019331
0.730395
0.546223
0.666688
0.473293
0.982366
0.788663
0.046293
0.967243
0.319156
0.531552
0.723145
0.374958
0.288807
0.501192
0.654938
0.924291
0.877828
0.594457
0.544642
0.687486
0.400859
0.317777
0.300346
0.221197
0.587364
0.625038
0.750376
0.385653
0.592657
0.224153
0.615028
0.159314
0.802734
0.130655
0.748516
0.794839
0.463624
0.762945
0.355671
0.280613
0.588949
0.474416
0.950469
0.344213
0.833727
0.617272
0.003864
0.42359
0.114203
0.810083
0.311762
0.343031
0.299252
0.952145
0.944992
0.218778
0.77534
0.877968
0.655885
0.833709
0.855066
0.97414
0.216817
0.105879
0.882515
0.660111
0.748084
0.132215
0.626676
0.117829
0.131738
0.692058
0.359822
0.439746
0.384609
0.995734
0.20661
0.239756
0.175031
0.497901
0.580879
0.977038
0.126789
0.366293
0.775037
0.219729
0.072868
0.683964
0.278815
0.990964
0.371955
0.463421
0.82038
0.553227
0.040986
0.40979
0.985696
0.931907
0.851429
0.460351
0.882011
0.858753
0.761809
0.438133
0.787534
0.452962
0.494839
0.203437
0.950453
0.880039
0.8892
0.86145
0.136458
0.045178
0.643784
0.629132
0.692002
0.632834
0.377396
0.442787
0.001071
0.892869
0.857476
0.569174
0.866215
0.134203
0.959298
0.136805
0.797593
0.793384
0.846531
0.150778
0.617655
0.659229
0.853974
0.619557
0.428618
0.553855
0.562972
0.146042
0.152006
0.976628
0.692233
0.275823
0.68473
0.235853
0.152815
0.333618
0.801289
0.952148
0.623145
0.244167
0.647522
0.953834
0.8147
0.839093
0.769257
0.708941
0.139056
0.58328
0.224461
0.101077
0.762096
0.03221
0.29712
0.469593
0.291707
0.943272
0.945037
0.543207
0.966831
0.583677
0.29701
0.977705
0.614287
0.781191
0.861057
0.825749
0.249035
0.515748
0.684009
0.868406
0.609673
0.764669
0.984791
0.574384
0.952474
0.291806
0.234543
0.022117
0.524829
0.250706
0.65309
0.394114
0.153233
0.341649
0.059281
0.97918
0.571337
0.49065
0.736521
0.690222
0.025225
0.251974
0.305265
0.083158
0.485769
0.813469
0.159048
0.154345
0.810659
0.201118
0.541004
0.775749
0.644853
0.505779
0.431818
0.095437
0.06525
0.314662
0.812677
0.355306
0.70582
0.821239
0.183327
0.840147
0.990036
0.627139
0.177233
0.632383
0.889356
0.826588
0.833363
0.177549
0.452929
0.426984
0.051893
0.345482
0.46527
0.894597
0.68115
0.587741
0.859838
0.569892
0.596774
0.840822
0.31804
0.544383
0.174414
0.420258
0.208761
0.653285
0.491242
0.352355
0.901299
0.722643
0.194896
0.634367
0.204948
0.017321
0.261112
0.188664
0.638179
0.115321
0.459575
0.266801
0.507552
0.312823
0.792669
0.939683
0.988747
0.627305
0.599016
0.178458
0.158395
0.141621
0.29542
0.47721
0.181177
0.217568
0.690138
0.988053
0.947002
0.992225
0.154179
0.975315
0.256737
0.2505
0.892137
0.666293
0.640217
0.843234
0.109294
0.093765
0.755471
0.998278
0.647018
0.756239
0.740293
0.508119
0.291037
0.914924
0.882641
0.621585
0.411673
0.670326
0.640147
0.993699
0.275624
0.756528
0.967991
0.259521
0.700302
0.6633
0.106154
0.958495
0.131451
0.590455
0.065677
0.208354
0.843772
0.789285
0.847202
0.139713
0.849303
0.749024
0.102598
0.95061
0.535005
0.290221
0.197259
0.049424
0.076965
0.079687
0.848309
0.864234
0.032762
0.509722
0.673125
0.675137
0.889496
0.611508
0.215824
0.032986
0.126177
0.433255
0.074572
0.923408
0.020459
0.309965
0.069149
0.31944
0.122915
0.665944
0.807478
0.953873
0.653609
0.542484
0.081615
0.434815
0.114057
0.609904
0.68704
0.14287
0.079197
0.205588
0.741114
0.988727
0.379502
0.227222
0.284921
0.363658
0.397207
0.96034
0.237805
0.004291
0.930489
0.090508
0.006912
0.916306
0.272942
0.867784
0.932015
0.324664
0.985855
0.843625
0.74593
0.477579
0.12118
0.325909
0.977437
0.283925
0.29703
0.399201
0.879673
0.636787
0.485946
0.339502
0.032301
0.901335
0.866481
0.937494
0.152248
0.744676
0.79541
0.663889
0.228981
0.553675
0.82175
0.88195
0.210819
0.475278
0.510929
0.519566
0.275874
0.437535
0.173356
0.797207
0.089472
0.172275
0.780502
0.064561
0.227538
0.130379
0.402724
0.686134
0.393876
0.739617
0.668657
0.503027
0.107563
0.679496
0.10436
0.160801
0.518822
0.497191
0.930087
0.270303
0.875069
0.916327
0.328904
0.213431
0.676104
0.079924
0.093304
0.569258
0.29175
0.486434
0.375859
0.603115
0.81508
0.165704
0.509538
0.504925
0.518042
0.848659
0.723527
0.28271
0.930989
0.482379
0.640123
0.414024
0.453217
0.797973
0.117074
0.090312
0.249057
0.387515
0.902965
0.642981
0.300588
0.406623
0.122407
0.601465
0.648618
0.50656
0.772934
0.008743
0.415915
0.182938
0.583201
0.912524
0.168612
0.468519
0.937274
0.885853
0.230354
0.753301
0.077626
0.208159
0.037899
0.740343
0.838458
0.585444
0.633917
0.591843
0.150761
0.0245
0.343262
0.171348
0.150239
0.336156
0.587717
0.45132
0.264293
0.029322
0.943
0.554571
0.629123
0.156625
0.478966
0.94255
0.544066
0.704641
0.767364
0.075488
0.012802
0.040356
0.835583
0.008909
0.601156
0.09414
0.128611
0.745502
0.038901
0.619577
0.307911
0.211831
0.77963
0.430755
0.418613
0.043707
0.421571
0.210683
0.679883
0.135769
0.497011
0.294382
0.898722
0.174822
0.738554
0.793231
0.610412
0.267207
0.017159
0.00345
0.083584
0.404858
0.474275
0.981178
0.812856
0.905603
0.87408
0.959927
0.108261
0.231063
0.391936
0.741626
0.023178
0.967486
0.579127
0.642526
0.028109
0.197943
0.500172
0.56525
0.118209
0.989049
0.076831
0.489087
0.513527
0.327139
0.008547
0.614747
0.7735
0.059951
0.552293
0.141074
0.334899
0.424039
0.299219
0.400156
0.156497
0.102324
0.119311
0.821485
0.642814
0.407153
0.137902
0.607517
0.934776
0.485977
0.933202
0.812717
0.866143
0.323438
0.026518
0.255411
0.794163
0.05152
0.889558
0.701872
0.864836
0.7136
0.52232
0.413392
0.022936
0.218457
0.728647
0.176236
0.590463
0.943666
0.37749
0.200352
0.67233
0.630609
0.727767
0.924637
0.445921
0.752341
0.553547
0.468403
0.611771
0.602308
0.042359
0.866038
0.524056
0.231126
0.152456
0.248732
0.939108
0.453294
0.043819
0.798554
0.58274
0.133553
0.752968
0.265266
0.972434
0.77967
0.62148
0.860885
0.866889
0.489578
0.108267
0.602432
0.512055
0.748365
0.197071
0.827677
0.649886
0.71851
0.618048
0.13405
0.430284
0.929304
0.828074
0.097488
0.10577
0.719756
0.920609
0.185217
0.54704
0.540508
0.0627
0.024186
0.849443
0.704098
0.163526
0.41601
0.907219
0.228292
0.749035
0.234221
0.184082
0.966218
0.127635
0.050025
0.19995
0.24817
0.986365
0.147123
0.061596
0.399114
0.793011
0.159857
0.912441
0.690134
0.325
0.074577
0.514325
0.908788
0.697636
0.312317
0.121533
0.291406
0.672648
0.569157
0.731114
0.610472
0.054224
0.479234
0.643485
0.470399
0.855782
0.23347
0.517314
0.10538
0.931198
0.145831
0.372519
0.493478
0.982939
0.638708
0.055916
0.91133
0.644067
0.498979
0.424789
0.425947
0.08896
0.256993
0.474636
0.661029
0.74148
0.730835
0.355571
0.753804
0.994708
0.596549
0.908852
0.21283
0.994629
0.927471
0.427704
0.034393
0.715467
0.051831
0.212749
0.216417
0.666568
0.009
0.27512
0.511885
0.606078
0.71207
