256 2 3
0
64
96
1
15
127
2
26
78
3
46
152
4
71
96
5
83
246
6
51
123
7
77
239
8
97
100
9
88
206
10
176
212
11
82
226
12
32
216
0
13
68
12
14
195
15
37
61
2
16
208
17
215
234
9
18
162
19
123
168
7
20
55
21
91
110
22
108
119
1
23
130
24
195
239
25
183
222
26
90
213
27
154
159
28
134
166
29
135
159
30
34
98
31
138
232
32
158
176
2
6
33
3
34
159
35
130
244
36
168
230
37
117
245
38
105
197
39
119
160
22
40
233
41
109
162
42
90
162
43
53
201
44
55
63
41
45
195
4
46
227
47
64
133
5
48
216
49
80
191
50
68
197
51
118
142
24
52
174
19
53
54
54
55
252
55
191
255
4
56
81
57
75
176
58
82
149
13
35
59
60
203
213
7
61
88
62
187
188
63
100
148
64
77
140
65
165
191
66
108
131
67
189
237
68
166
254
69
117
153
70
155
250
36
71
104
26
72
126
10
72
73
44
66
74
75
156
253
12
76
126
51
57
77
15
78
245
79
127
170
80
133
255
81
173
194
62
82
109
31
83
193
59
84
200
12
85
221
6
11
86
20
23
87
4
88
219
66
89
164
29
90
214
59
91
243
65
76
92
93
123
180
94
111
195
95
110
223
96
198
206
7
97
230
98
101
239
99
104
191
100
152
178
9
101
195
102
177
209
78
103
193
11
82
104
1
105
237
106
125
193
107
144
224
108
123
231
55
109
122
110
142
170
111
128
233
25
112
164
109
113
252
39
114
201
95
115
220
20
116
238
47
114
117
24
118
244
41
119
219
46
120
238
108
121
253
111
122
164
47
56
123
45
124
225
32
125
233
111
126
238
111
127
129
128
133
183
6
129
193
130
152
169
5
131
189
108
132
159
14
22
133
134
137
209
87
135
195
135
136
170
123
137
202
138
229
230
2
139
234
5
46
140
137
141
213
18
142
188
9
143
193
76
79
144
24
145
164
86
110
146
147
180
196
25
148
233
149
179
254
18
150
227
16
115
151
54
130
152
58
153
158
154
167
219
36
59
155
59
156
157
79
157
168
81
158
249
112
141
159
125
160
228
161
217
245
32
162
230
51
71
163
6
23
164
165
251
253
61
166
175
167
197
237
3
168
205
141
151
169
53
170
195
171
186
234
48
172
184
57
87
173
58
174
220
12
175
215
55
126
176
9
27
177
178
180
188
91
179
203
44
139
180
181
183
219
45
64
182
183
210
236
29
184
243
5
26
185
25
158
186
82
137
187
116
183
188
25
41
189
175
190
194
93
134
191
13
120
192
28
193
222
70
194
200
48
195
239
118
196
234
81
197
255
6
36
198
76
111
199
171
200
230
12
170
201
25
189
202
161
203
221
81
86
204
81
193
205
13
206
251
20
139
207
141
208
238
155
209
231
77
134
210
49
185
211
129
206
212
93
141
213
144
149
214
35
142
215
80
163
216
41
196
217
65
89
218
64
83
219
101
220
225
66
221
252
153
190
222
113
164
223
14
165
224
62
137
225
8
145
226
8
160
227
71
165
228
93
141
229
3
91
230
113
219
231
199
232
234
114
136
233
71
208
234
75
196
235
189
223
236
55
129
237
238
245
251
76
177
239
38
154
240
84
142
241
73
81
242
116
157
243
89
240
244
108
223
245
77
172
246
131
225
247
2
193
248
14
108
249
6
119
250
46
98
251
23
139
252
102
238
253
112
137
254
166
240
255
0.83197
0.532173
0.487375
0.353049
0.963346
0.19833
0.363003
0.558051
0.711664
0.985896
0.760187
0.395254
0.786653
0.58163
0.356209
0.613196
0.306443
0.947517
0.920904
0.482567
0.380699
0.375683
0.782764
0.020922
0.673401
0.303348
0.91006
0.201849
0.634941
0.348227
0.283334
0.841233
0.936393
0.953435
0.469137
0.345922
0.694566
0.546674
0.552233
0.665851
0.495654
0.317128
0.842799
0.835329
0.917196
0.193843
0.652325
0.55273
0.670447
0.288647
0.51231
0.066928
0.150054
0.465876
0.295687
0.199654
0.477009
0.578894
0.075543
0.898214
0.011307
0.146629
0.20553
0.553484
0.316271
0.411974
0.658132
0.619721
0.971748
0.743447
0.174362
0.225138
0.46132
0.490844
0.916224
0.166449
0.49422
0.007045
0.8296
0.101871
0.609332
0.25159
0.699174
0.596758
0.163179
0.321759
0.812992
0.647033
0.541255
0.234907
0.45096
0.506862
0.015015
0.781177
0.039048
0.914797
0.419994
0.435812
0.022135
0.450808
0.363482
0.814051
0.247663
0.028247
0.001356
0.26678
0.933819
0.19766
0.519745
0.74825
0.626545
0.597104
0.617588
0.108829
0.522428
0.870533
0.700484
0.184078
0.660274
0.647137
0.17635
0.615117
0.416816
0.529692
0.24311
0.039828
0.879903
0.457521
0.778999
0.472249
0.975714
0.078742
0.22243
0.889156
0.023085
0.473393
0.270295
0.131956
0.223321
0.278337
0.079737
0.057321
0.742075
0.819604
0.879871
0.122348
0.269321
0.39774
0.770384
0.959833
0.432744
0.038179
0.577905
0.364295
0.616475
0.369244
0.200307
0.941532
0.289767
0.838814
0.929442
0.918074
0.226761
0.834806
0.926066
0.064051
0.873533
0.388497
0.872287
0.454155
0.886678
0.083125
0.300059
0.344527
0.189717
0.184355
0.596806
0.53491
0.583871
0.355687
0.142488
0.901262
0.789182
0.554419
0.189123
0.426429
0.440086
0.052071
0.481862
0.882695
0.272325
0.446455
0.048483
0.036307
0.537851
0.413628
0.814546
0.075594
0.689923
0.473142
0.822017
0.698968
0.546093
0.401294
0.570138
0.555313
0.971522
0.475995
0.37681
0.552292
0.49047
0.622154
0.54814
0.857967
0.233202
0.337631
0.912579
0.387071
0.848501
0.904802
0.595384
0.623971
0.651848
0.855186
0.37317
0.081417
0.832201
0.317695
0.234639
0.241892
0.383114
0.917978
0.68305
0.890615
0.911909
0.077506
0.823336
0.973856
0.893687
0.880887
0.421888
0.116145
0.159498
0.587141
0.020728
0.318957
0.829388
0.064118
0.771193
0.112597
0.378117
0.629031
0.536396
0.865487
0.846863
0.300076
0.232182
0.702673
0.775424
0.929226
0.425022
0.525579
0.912853
0.436329
0.950077
0.626602
0.982113
0.635544
0.072635
0.360027
0.063965
0.139915
0.304501
0.158888
0.475996
0.5328
0.92786
0.530423
0.390039
0.193274
0.483059
0.185759
0.817756
0.637895
0.556785
0.647218
0.358768
0.240969
0.171502
0.111815
0.697423
0.070173
0.109669
0.487515
0.529001
0.014021
0.868644
0.927449
0.947375
0.100691
0.719826
0.602629
0.147349
0.28994
0.932809
0.108669
0.576311
0.245528
0.695542
0.819445
0.962553
0.273529
0.245651
4e-05
0.983996
0.126989
0.245253
0.626749
0.940856
0.186456
0.830829
0.799454
0.861948
0.83425
0.371247
0.725683
0.959447
0.762001
0.944806
0.285705
0.415644
0.294376
0.156161
0.709489
0.260313
0.742319
0.371611
0.685095
0.313261
0.445386
0.283615
0.38622
0.118666
0.444336
0.68605
0.533627
0.547295
0.480775
0.297628
0.67547
0.961157
0.887723
0.233193
0.974884
0.898734
0.26792
0.075335
0.228512
0.808742
0.601575
0.764813
0.358244
0.20527
0.510832
0.412989
0.528434
0.22334
0.61739
0.620038
0.852999
0.056791
0.149911
0.858199
0.486262
0.98435
0.610325
0.161275
0.801799
0.060064
0.55862
0.29478
0.93938
0.724298
0.895645
0.474951
0.278544
0.152288
0.924576
0.678647
0.861428
0.380404
0.941105
0.149065
0.543269
0.945705
0.716111
0.185746
0.863818
0.200032
0.126
0.819991
0.515266
0.25441
0.618802
0.914527
0.651904
0.292292
0.642523
0.232876
0.538953
0.731657
0.945013
0.418242
0.216965
0.826941
0.840453
0.786935
0.785829
0.150362
0.641607
0.580746
0.319665
0.293858
0.700862
0.74823
0.01389
0.099453
0.399385
0.553568
0.669919
0.488727
0.140955
0.6695
0.175889
0.285234
0.874365
0.771544
0.688887
0.49116
0.747376
0.335114
0.189958
0.694338
0.143762
0.228924
0.707917
0.12726
0.644477
0.308238
0.488844
0.733342
0.490073
0.361061
0.990586
0.177953
0.071807
0.32723
0.826967
0.829533
0.625159
0.585104
0.4655
0.57513
0.665898
0.925518
0.031541
0.776744
0.02774
0.371681
0.94422
0.310807
0.426403
0.969617
0.750309
0.973921
0.548381
0.872421
0.179326
0.015373
0.630016
0.385072
0.036325
0.828066
0.29355
0.572241
0.363645
0.560477
0.233698
0.22521
0.788123
0.126233
0.931829
0.359138
0.496029
0.333069
0.952667
0.757782
0.249987
0.295614
0.590711
0.623514
0.550734
0.67385
0.262009
0.494118
0.954705
0.892645
0.07978
0.292216
0.945219
0.996211
0.488511
0.72794
0.572734
0.149078
0.429389
0.660691
0.616452
0.133164
0.515537
0.365141
0.312241
0.031805
0.012148
0.312724
0.445726
0.984636
0.94107
0.05416
0.730935
0.284873
0.68459
0.672409
0.507205
0.650828
0.166782
0.756758
0.741589
0.503617
0.822275
0.195501
0.739564
0.147741
0.041921
0.271104
0.804673
0.072754
0.781475
0.55005
0.163853
0.644344
0.659578
0.777211
0.32187
0.81907
0.848401
0.820428
0.684899
0.618989
0.697536
0.566433
0.230033
0.6596
0.024833
0.750201
0.626519
0.082566
0.622385
0.046274
0.957056
0.165506
0.272499
0.097127
0.549433
0.041895
0.670915
0.722052
0.40916
0.755241
0.894624
0.389261
0.278443
0.640702
0.913882
0.452795
0.108477
0.843197
0.801086
0.24973
0.616145
0.163956
0.436963
0.195584
0.728019
0.609075
0.640528
0.181486
0.49645
0.690396
0.586485
0.041436
0.685225
0.910977
0.057325
0.742488
0.49283
0.912163
0.307162
0.295399
0.872774
0.079147
0.990509
0.337681
0.352949
0.63562
0.622134
0.919172
0.987302
0.410845
0.12343
0.038888
0.986985
0.979544
0.265109
0.8935
0.136253
0.51771
0.251315
0.253416
0.053203
0.556284
0.659822
0.860844
0.997503
0.98274
0.474045
0.002183
0.784863
0.281733
0.250587
0.309278
0.227853
0.793075
0.96182
0.567428
0.245788
0.356714
0.353034
0.660815
0.420475
0.657836
0.329216
0.216832
0.584105
0.167675
0.454061
0.574006
0.086817
0.210783
0.178978
0.971357
0.093762
0.640475
0.426317
0.154744
0.946337
0.069469
0.517577
0.997701
0.894837
0.412501
0.431172
0.081432
0.240349
0.343724
0.052552
0.424227
0.771622
0.552385
0.146666
0.350448
0.134737
0.603159
0.630942
0.981378
0.142272
0.23924
0.439003
0.86986
0.246839
0.858311
0.01435
0.006599
0.20872
0.211449
0.536985
0.091484
0.739286
0.346143
0.20751
0.360434
0.59704
0.976314
0.470982
0.408734
0.764632
0.687682
0.08889
0.614808
0.694686
0.862215
0.515456
0.703496
0.33098
0.336165
0.733435
0.980686
0.66281
0.921823
0.836803
0.217587
0.225996
0.92065
0.848173
0.526873
0.603347
0.478755
0.220033
0.991983
0.938978
0.63485
0.290002
0.091159
0.773724
0.766356
0.1012
0.02232
0.316343
0.070688
0.505675
0.432891
0.909282
0.075383
0.547243
0.077941
0.097565
0.816342
0.06581
0.081876
0.539314
0.33992
0.199398
0.14169
0.237851
0.533527
0.452922
0.329873
0.625369
0.337943
0.76587
0.085047
0.842839
0.462088
0.987917
0.390837
0.038766
0.432385
0.119721
0.891675
0.452915
0.207376
0.034518
0.161836
0.477773
0.545046
0.97354
0.706562
0.892398
0.817579
0.914857
0.499188
0.392707
0.033575
0.745735
0.283868
0.487521
0.036819
0.333476
0.661147
0.97945
0.022008
0.925627
0.431837
0.32609
0.42909
0.136757
0.024529
0.51747
0.275325
0.157498
0.404617
0.047778
0.674425
0.136022
0.326457
0.234509
0.121577
0.853092
0.924971
0.854215
0.391795
0.324089
0.64672
0.083335
0.57859
0.788718
0.639877
0.375145
0.905233
0.251916
0.404504
0.557604
0.521973
0.256404
0.716214
0.561705
0.272259
0.355953
0.726631
0.826075
0.556982
0.075667
0.317628
0.041281
0.469733
0.972925
0.195078
0.228196
0.661004
0.573255
0.874252
0.208416
0.593349
0.477726
0.619521
0.18392
0.84237
0.32049
0.650638
0.762499
0.532463
0.973579
0.680854
0.750475
0.485632
0.188568
0.964352
0.424123
0.21041
0.593545
0.645356
0.389447
0.656306
0.639085
0.674021
0.910307
0.681617
0.321744
0.064499
0.768971
0.954889
0.584714
0.827925
0.57651
0.306121
0.18124
0.212361
0.048929
0.883334
0.522423
0.71377
0.295552
0.908971
0.081591
0.761678
0.553989
0.615373
0.53613
0.496463
0.856336
0.326875
0.385175
0.619088
0.613676
0.26531
0.768046
0.027832
0.660296
0.741216
0.948417
0.84427
0.377975
0.374246
0.853693
0.315793
0.801431
0.906927
0.370532
0.638203
0.790741
0.18467
0.963221
0.562335
0.476746
0.944528
0.095931
0.854734
0.609305
0.487222
0.606556
0.911751
0.450532
0.915317
0.831345
0.444317
0.377304
0.116435
0.881984
0.269697
0.026356
0.353754
0.481401
0.236368
0.351123
0.743119
0.412045
0.180281
0.403288
0.780955
0.229406
0.633829
0.617362
0.953291
0.616221
0.01799
0.304943
0.074502
0.250734
0.47856
0.098516
0.429341
0.357986
0.43298
0.88972
0.084539
0.588189
0.572077
0.216959
0.175791
0.981106
0.910927
0.794332
0.594116
0.554917
0.264796
0.88815
0.636915
0.825622
0.219893
0.345164
0.692784
0.095298
0.529058
0.467494
0.366578
0.895032
0.526347
0.596382
0.064063
0.833102
0.915955
0.651101
0.928458
0.301994
0.404159
0.226274
0.066236
0.44278
0.367953
0.887694
0.965162
0.56195
0.093048
0.221619
0.238631
0.846648
0.773447
0.844718
0.575697
0.381887
0.582387
0.506282
0.125011
0.269644
0.488678
0.375949
0.304913
0.541759
0.144064
0.020866
0.367946
0.690641
0.684307
0.750623
0.86031
0.999972
0.360294
0.403235
0.263627
0.713451
0.720837
0.276846
0.178747
0.317915
0.051325
0.71808
0.118019
0.807462
0.47283
0.296556
0.005917
0.729343
0.155069
0.065277
0.207665
0.782205
0.7226
0.769055
0.95923
0.009001
0.548523
0.777979
0.930595
0.663957
0.034589
0.215683
0.02653
0.346284
0.965022
0.092812
0.964632
0.329969
0.86162
0.918334
0.865916
0.028418
0.036564
0.185454
0.274863
0.27666
0.126401
0.291866
0.587174
0.717182
0.285028
0.776333
0.762061
0.457697
0.372352
0.293099
0.37194
0.699831
0.279245
0.752817
0.058343
0.428891
0.514202
0.708642
0.011401
0.797115
0.201426
0.556124
0.673955
0.914194
0.06377
0.549823
0.657564
0.432425
0.08423
0.290088
0.160226
0.355207
0.879501
0.831058
0.073389
0.330436
0.023875
0.778854
0.416985
0.888125
0.89751
0.944411
0.463901
0.155801
0.017463
0.988181
0.014565
0.933269
0.215785
0.22549
0.340631
0.447992
0.429123
0.669249
0.370807
0.685846
0.10809
0.13387
0.761873
0.332682
0.815871
0.1107
0.703108
0.265372
0.718537
0.000553
0.810049
0.848948
0.99679
0.401532
0.517921
0.370234
0.435391
0.291833
0.973299
0.326537
0.24611
0.148487
0.596671
0.08381
0.085238
0.222763
0.632249
0.495808
0.653418
0.081292
0.734379
0.096314
0.198769
0.335426
0.154031
0.870212
0.223482
0.791016
0.649817
0.190804
0.539752
0.850033
0.950632
0.188476
0.790316
0.02108
0.442576
0.692021
0.759828
0.35711
0.315588
0.859773
0.377919
0.947409
0.304709
0.769855
0.003312
0.022479
0.587099
0.907261
0.126152
0.594361
0.698188
0.295858
0.718038
0.443365
0.450386
0.947723
0.140008
0.719009
0.139608
0.861312
0.530071
0.957175
0.206322
0.418897
0.849918
0.284189
0.532282
0.797582
0.851066
0.034291
0.304587
0.694542
0.383661
0.253946
0.251266
0.357372
0.887475
0.490261
0.836253
0.125304
0.300624
0.942341
0.629642
0.559556
0.604542
0.125165
0.046176
0.370137
0.568519
0.812836
0.086382
0.876138
0.673505
0.663249
0.40961
0.236249
0.32888
0.848288
0.223421
0.480348
0.549705
0.376801
0.411009
0.89817
0.384146
0.536147
0.477751
0.518298
0.377271
0.621724
0.661618
0.293743
0.345823
0.330329
0.670245
0.497979
0.840084
0.895713
0.418363
0.739578
0.321384
0.793958
0.657582
0.11291
0.324089
0.352876
0.394335
0.355566
0.959513
0.146949
0.97714
0.038203
0.094931
0.112597
0.036097
0.630996
0.611022
0.598708
0.389611
0.728602
0.669955
0.438491
0.567563
0.927738
0.362666
0.232979
0.152708
0.771876
0.296207
0.470971
0.150128
0.039813
0.042312
0.737286
0.278235
0.768887
0.106782
0.409652
0.683441
0.253472
0.290209
0.889041
0.881761
0.09672
0.294226
0.877462
0.796037
0.605873
0.386912
0.318092
0.962601
0.277421
0.441761
0.811043
0.82961
0.757951
0.458807
0.439476
0.986278
0.977485
0.728059
0.460119
0.817959
0.071754
0.74009
0.581659
0.272202
0.377278
0.497861
0.702848
0.614893
0.118565
0.432227
0.278004
0.824868
0.96275
0.567418
0.09878
0.663527
0.659406
0.433368
0.265458
0.858205
0.547525
0.479206
0.512004
0.169944
0.755933
0.282016
0.229229
0.565403
0.269517
0.627328
0.471173
0.296227
0.901106
0.86532
0.933676
0.544323
0.969753
0.466483
0.331109
0.789593
0.722567
0.888522
0.349165
0.064689
0.940188
0.672319
0.584951
0.71042
0.357703
0.778452
0.146302
0.411829
0.567117
0.77677
0.664524
0.648799
0.252881
0.798493
0.831889
0.27716
0.615537
0.572901
0.55181
0.483268
0.493404
0.043719
0.747481
0.928636
0.408579
0.27075
0.827964
0.664569
0.034267
0.386312
0.725388
0.230804
0.674031
0.169721
0.271931
0.595037
0.981685
0.193585
0.775869
0.67461
0.496545
0.332917
0.949971
0.511754
0.105747
0.422442
0.243435
0.558933
0.213374
0.285408
0.837825
0.984928
0.03103
0.138009
0.91399
0.891358
0.617146
0.383672
0.568359
0.335733
0.148658
0.907707
0.180117
0.113366
0.057432
0.974188
0.725325
0.218996
0.827492
0.426446
0.679242
0.841623
0.393546
0.231183
0.275159
0.375709
0.476964
0.863822
0.176089
0.805865
0.859978
0.257109
0.228579
0.986687
0.878559
0.62316
0.036223
0.80969
0.023902
0.452025
0.132304
0.319947
0.18446
0.048536
0.958026
0.927663
0.898963
0.617703
0.237156
0.259868
0.546318
0.331835
0.309745
0.593507
0.334627
0.305593
0.00635
0.702778
0.052932
0.794918
0.086126
0.982621
0.259594
0.086989
0.357906
0.296371
0.550481
0.045827
0.559914
0.863399
0.37627
0.200964
0.137531
0.736172
0.030327
0.455918
0.59652
0.434301
0.601702
0.463483
0.644694
0.577855
0.658076
0.820732
0.104223
0.088592
0.303785
0.971733
0.479377
0.254207
0.566381
0.222923
0.263413
0.488632
0.514497
0.433642
0.090055
0.157263
0.538154
0.846958
0.020306
0.837956
0.99117
0.1514
0.013092
0.649406
0.959777
0.007359
0.239673
0.788315
0.172863
0.48735
0.608143
0.611844
0.776471
0.944772
0.116
0.78189
0.224387
0.501254
0.916285
0.776413
0.073182
0.253318
0.329078
0.150428
0.04468
0.415318
0.898831
0.170619
0.898775
0.350659
0.074153
0.108944
0.325876
0.43058
0.27293
0.574504
0.507727
0.546564
0.704785
0.972521
0.266218
0.25856
0.926536
0.737793
0.747398
0.171962
0.252059
0.304004
0.921569
0.343935
0.536241
0.32773
0.398649
0.528321
0.711791
0.496161
0.063432
0.073668
0.192941
0.781122
0.768525
0.29819
0.6126
0.585024
0.60585
0.832445
0.272347
0.550984
0.614925
0.712366
0.117908
0.758523
0.704442
0.311463
0.888023
0.39416
0.382296
0.951462
0.58232
0.19781
0.329309
0.430102
0.993031
0.170186
0.069384
0.657101
0.311029
0.416132
0.702951
0.34186
0.75673
0.448007
0.766336
0.450964
0.41643
0.036693
0.571546
0.354072
0.590618
0.705685
0.17096
0.655279
0.396422
0.456787
0.827303
0.858124
0.682142
0.178868
0.982761
0.723576
0.00667
0.454582
0.698892
0.410365
0.892787
0.283444
0.140947
0.351139
0.169564
0.37605
0.95529
0.74429
0.784092
0.634238
0.491756
0.034363
0.38668
0.588922
0.258815
0.833575
0.093558
0.173077
0.454412
0.126569
0.028709
0.185209
0.521739
0.54239
0.363748
0.765258
0.215622
0.167902
0.23617
0.811706
0.684467
0.446105
0.002275
0.215346
0.886307
0.741225
0.603084
0.102499
0.410012
0.815613
0.428213
0.08294
0.327018
0.743883
0.616857
0.068727
0.567662
0.771705
0.614845
0.593571
0.113676
0.209924
0.411313
0.599878
0.471725
0.30534
0.224565
0.007825
0.585897
0.511551
0.358745
0.825881
0.534479
0.21324
0.543492
0.187016
0.201359
0.662096
0.809457
0.535586
0.700396
0.472002
0.890965
0.999269
0.663855
0.763275
0.784465
0.40403
0.254031
0.262478
0.946062
0.687246
0.581282
0.527326
0.822561
0.941737
0.763077
0.296145
0.202813
0.179555
0.177166
0.223454
0.470452
0.842514
0.455192
0.248191
0.483225
0.597172
0.94222
0.153493
0.412487
0.857404
0.802415
0.488323
0.828392
0.188561
0.663312
0.976256
0.801507
0.314536
0.730146
0.475921
0.199819
0.467664
0.08823
0.710582
0.61932
0.09093
0.315089
0.051917
0.612531
0.579036
0.865355
0.209728
0.380497
0.410515
0.464573
0.385745
0.651801
0.53657
0.509397
0.271285
0.513288
0.064884
0.986297
0.931772
0.755631
0.570968
0.842177
0.467856
0.516084
0.710776
0.381825
0.0285
0.766684
0.670997
0.200443
0.24727
0.790523
0.292152
0.779299
0.214391
0.748715
0.010819
0.086662
0.617622
0.361889
0.042141
0.868378
0.354275
0.513057
0.492462
0.375478
0.584446
0.831899
0.04611
0.013281
0.979078
0.060767
0.055894
0.300246
0.112896
0.376262
0.33377
0.058924
0.946443
0.291964
0.887195
0.262916
0.62731
0.985115
0.320561
0.063987
0.515855
0.211808
0.402028
0.738492
0.107337
0.272265
0.678329
0.122231
0.682388
0.52579
0.518803
0.30551
0.944499
0.380984
0.091541
0.187675
0.054632
0.683784
0.201734
0.708893
0.400219
0.662244
0.420694
0.105875
0.693786
0.589716
0.591005
0.098276
0.636885
0.142398
0.289556
0.47403
0.192441
0.174143
0.69894
0.892361
0.360459
0.953418
0.382113
0.56626
0.490062
0.706117
0.990398
0.906481
0.154031
0.317925
0.757049
0.116716
0.584205
0.697709
0.696564
0.851537
0.777936
0.080656
0.552889
0.841385
0.74275
0.029271
0.49458
0.623036
0.933717
0.648533
0.31272
0.36172
0.595109
0.648659
0.418407
0.727323
0.488692
0.803886
0.623635
0.681584
0.02935
0.552623
0.170323
0.403531
0.043377
0.958488
0.953635
0.351167
0.82497
0.031988
0.447635
0.546353
0.653401
0.983865
0.687701
0.053147
0.790493
0.088263
0.778046
0.010416
0.491161
0.98123
0.541779
0.713847
0.48622
0.76297
0.105151
0.258726
0.324665
0.272205
0.009724
0.080522
0.803916
0.997645
0.144608
0.623203
0.633923
0.683581
0.934912
0.848394
0.795041
0.494595
0.511272
0.098328
0.018035
0.868855
0.465355
0.346215
0.435414
0.896217
0.127064
0.623038
0.921289
0.857753
0.877799
0.787072
0.080293
0.324641
0.427735
0.375805
0.639768
0.20966
0.035821
0.821667
0.46397
0.806549
0.555032
0.487235
0.440538
0.206814
0.220491
0.734694
0.613272
0.121133
0.650016
0.354281
0.046961
0.494557
0.17357
0.801555
0.831394
0.914224
0.521731
0.309822
0.137049
0.307359
0.493247
0.423041
0.191917
0.868515
0.79014
0.287744
0.875233
0.321737
0.317038
0.873336
0.370468
0.998919
0.438887
0.503354
0.623181
0.427072
0.357135
0.33071
0.410128
0.512833
0.124382
0.849137
0.295322
0.339698
0.395876
0.682572
0.83175
0.695519
0.852086
0.31186
0.643793
0.212673
0.941286
0.038742
0.04762
0.985677
0.556372
0.390313
0.536444
0.685671
0.336275
0.638383
0.257649
0.584644
0.767925
0.868166
0.868547
0.887637
0.68814
0.301098
0.539707
0.182211
0.722315
0.978976
0.926301
0.213039
0.197046
0.19769
0.546849
0.577584
0.711645
0.333742
0.040261
0.945644
0.797468
0.290124
0.850346
0.357407
0.796276
0.902725
0.571383
0.988432
0.625871
0.918107
0.189702
0.074999
0.711535
0.122214
0.002561
0.522754
0.980876
0.73635
0.640525
0.877721
0.006844
0.805768
0.388827
0.997488
0.180161
0.088077
0.514018
0.981467
0.281941
0.539283
0.438698
0.653381
0.873207
0.301637
0.722997
0.086158
0.610999
0.067944
0.293749
0.838967
0.453445
0.323314
0.647499
0.146389
0.790833
0.502482
0.574629
0.124376
0.347983
0.380569
0.189835
0.544331
0.372712
0.757467
0.477752
0.87129
0.607739
0.142131
0.680954
0.186977
0.150449
0.811159
0.487928
0.956528
0.954227
0.886062
0.942926
0.89379
0.262328
0.485233
0.152863
0.392282
0.893487
0.65775
0.425557
0.020669
0.65582
0.72863
0.532121
0.877803
0.911574
0.968767
0.092853
0.707703
0.801054
0.436166
0.984312
0.717674
0.292813
0.592596
0.072527
0.045699
0.186298
0.377248
0.199599
0.569716
0.917761
0.346717
0.853887
0.579557
0.413156
0.574323
0.910368
0.460933
0.122476
0.721123
0.017252
0.036961
0.434955
0.830432
0.479905
0.630121
0.476512
0.497243
0.688689
0.483283
0.373533
0.351418
0.049741
0.722151
0.736812
0.44754
0.488046
0.414315
0.557792
0.33846
0.235265
0.165122
0.53044
0.797021
0.992326
0.814657
0.238307
0.067993
0.969329
0.988969
0.758736
0.836868
0.57198
0.208789
0.559778
0.423207
0.034264
0.996198
0.166849
0.525551
0.224448
0.079855
0.513617
0.657317
0.41706
0.794201
0.323541
0.149829
0.568507
0.417161
0.802808
0.777149
0.010258
0.442487
0.087627
0.50276
0.842481
0.993792
0.772248
0.192565
0.305935
0.068277
0.372671
0.59567
0.424966
0.159576
0.506014
0.981013
0.424074
0.391965
0.703271
0.749535
0.122136
0.154309
0.67349
0.641048
0.493993
0.020836
0.883597
0.386043
0.739064
0.856847
0.938673
0.766059
0.234815
0.71144
0.49094
0.437601
0.786255
0.505379
0.672969
0.425882
0.706425
0.010252
0.402491
0.285463
0.363321
0.206565
0.484928
0.272702
0.588835
0.521181
0.028305
0.025092
0.11571
0.474634
0.792178
0.811952
0.921535
0.872858
0.379347
0.236137
0.789121
0.252708
0.852903
0.107212
0.973879
0.362902
0.220112
0.312492
0.023785
0.60585
0.870584
0.316536
0.628848
0.268278
0.072238
0.403454
0.136625
0.665325
0.301718
0.362169
0.939393
0.721292
0.113892
0.115518
0.644525
0.955148
0.561294
0.382898
0.064503
0.064613
0.463088
0.343813
0.951295
0.487007
0.000931
0.303489
0.058647
0.744734
0.952709
0.615663
0.383751
0.332489
0.945521
0.754785
0.963582
0.961765
0.73323
0.840072
0.508801
0.268806
0.596519
0.51944
0.099042
0.606735
0.251845
0.855563
0.792201
0.665426
0.116065
0.419464
0.790462
0.870741
0.307922
0.416394
0.915742
0.248713
0.134536
0.61493
0.830162
0.749278
0.409542
0.808386
0.972449
0.988914
0.313019
0.73512
0.466349
0.697715
0.390243
0.701329
0.257279
0.895043
0.624251
0.560338
0.866676
0.218103
0.864381
0.767709
0.659451
0.887149
0.904345
0.419081
0.753884
0.090357
0.367657
0.059251
0.22831
0.189084
0.857401
0.016165
0.719943
0.009886
0.709719
0.073292
0.047087
0.003259
0.832657
0.916053
0.593951
0.564734
0.316377
0.735683
0.385409
0.720761
0.253521
0.461736
0.265307
0.087092
0.441249
0.35738
0.451801
0.654346
0.449992
0.864937
0.175381
0.319611
0.452397
0.317769
0.020442
0.751524
0.858909
0.405321
0.74695
0.218137
0.103179
0.256342
0.350117
0.385321
0.235581
0.445906
0.188125
0.634031
0.039305
0.953523
0.951131
0.987156
0.157965
0.495167
0.94662
0.13604
0.024643
0.704332
0.899908
0.422654
0.092344
0.428588
0.024274
0.051887
0.609436
0.819235
0.00897
0.807103
0.45967
0.577803
0.350694
0.752696
0.764106
0.668527
0.944351
0.915502
0.08435
0.997848
0.231254
0.172475
0.489674
0.076119
0.898875
0.245975
0.595047
0.420202
0.232107
0.117652
0.725642
0.029828
0.660929
0.084792
0.375191
0.240354
0.512793
0.505
0.927448
0.14141
0.852712
0.455354
0.468971
0.171045
0.658838
0.092287
0.299261
0.12909
0.475812
0.183466
0.613352
0.896549
0.894512
0.97704
0.924061
0.262937
0.545922
0.602438
0.333069
0.133447
0.860486
0.431831
0.511073
0.117453
0.650836
0.840047
0.675928
0.189971
0.149983
0.955264
0.631386
0.696889
0.952135
0.234642
0.38361
0.149971
0.910704
0.789392
0.746458
0.139248
0.911002
0.597198
0.444933
0.202575
0.581556
0.889273
0.494989
0.77649
0.55166
0.885841
0.631395
0.835619
0.738028
0.576318
0.865527
0.25138
0.151109
0.621538
0.572232
0.631843
0.355929
0.327761
0.421928
0.973504
0.059392
0.440336
0.313541
0.317394
0.930463
0.612134
0.508496
0.209269
0.375428
0.842126
0.205086
0.834963
0.754422
0.17344
0.786812
0.421719
0.929865
0.033607
0.35823
0.625815
0.669222
0.958674
0.768585
0.132171
0.002013
0.419016
0.943833
0.68616
0.910148
0.11357
0.744869
0.444009
0.752453
0.405089
0.196947
0.120007
0.621866
0.422172
0.108496
0.090991
0.094927
0.589067
0.398022
0.135958
0.943224
0.843853
0.028397
0.413755
0.879032
0.464232
0.371943
0.853506
0.537403
0.399075
0.369496
0.090981
0.725789
0.177069
0.27816
0.94762
0.896205
0.960663
0.593925
0.953635
0.17856
0.254004
0.815002
0.801442
0.59253
0.489417
0.820113
0.704052
0.637297
0.253972
0.722503
0.20208
0.985157
0.492734
0.072723
0.526309
0.391761
0.238979
0.44249
0.584944
0.688265
0.251453
0.136465
0.393832
0.363272
0.638998
0.499836
0.461417
0.642599
0.26503
0.503822
0.682742
0.416005
0.777394
0.289656
0.384637
0.057175
0.877418
0.451227
0.865766
0.338861
0.368307
0.520833
0.879391
0.802045
0.749359
0.550302
0.811388
0.906275
0.655602
0.190768
0.537059
0.112324
0.345455
0.217771
0.891534
0.479335
0.566032
0.02176
0.41338
0.762175
0.774038
0.604016
0.156099
0.668951
0.381126
0.656871
0.820546
0.406475
0.126241
0.586915
0.916026
0.418454
0.132823
0.172839
0.438912
0.495743
0.813995
0.871701
0.572827
0.832399
0.49722
0.946701
0.979639
0.439827
0.630473
0.014835
0.462227
0.912567
0.323727
0.031929
0.512771
0.912989
0.411645
0.521999
0.589809
0.865665
0.675739
0.806665
0.488373
0.883281
0.451843
0.301671
0.563707
0.745287
0.717321
0.038947
0.170399
0.553442
0.145135
0.179498
0.730508
0.189323
0.865441
0.318093
0.160962
0.283711
0.301668
0.526083
0.742173
0.832848
0.141992
0.194359
0.802904
0.601916
0.613602
0.347475
0.511964
0.903227
0.438015
0.932865
0.539643
0.756395
0.961395
0.210342
0.466856
0.117937
0.667756
0.046291
0.742375
0.719422
0.715408
0.729464
0.807619
0.034269
0.292625
0.785093
0.893359
0.456347
0.154721
0.372241
0.048278
0.896912
0.809559
0.062343
0.860035
0.171609
0.55064
0.253412
0.303748
0.514887
0.430084
0.210341
0.086958
0.113607
0.456448
0.579441
0.571999
0.684322
0.57476
0.381989
0.671684
0.765141
0.575341
0.188184
0.228386
0.131724
0.07397
0.714637
0.341406
0.028559
0.118872
0.980102
0.843436
0.103343
0.447232
0.292183
0.469803
0.606746
0.563743
0.87565
0.833589
0.815468
0.783487
0.424642
0.579364
0.432976
0.726654
0.525802
0.998763
0.781857
0.090654
0.714045
0.815201
0.710799
0.131641
0.462839
0.242943
0.690468
0.558574
0.808232
0.050336
0.656529
0.607361
0.982853
0.648291
0.773585
0.377441
0.898114
0.350946
0.086798
0.108962
0.908435
0.727786
0.653652
0.686695
0.039654
0.363549
0.53145
0.171931
0.364851
0.834492
0.098647
0.663661
0.468403
0.976646
0.265318
0.618925
0.582653
0.345053
0.402546
0.660159
0.023827
0.705639
0.260345
0.805055
0.157301
0.750899
0.726403
0.200276
0.815622
0.036888
0.749077
0.100422
0.828582
0.189318
0.258379
0.655151
0.687501
0.228665
0.168469
0.109682
0.928986
0.989948
0.277545
0.522907
0.02208
0.812639
0.597335
0.122988
0.00839
0.457973
0.051224
0.607722
0.36807
0.170767
0.884891
0.362227
0.381767
0.042985
0.558257
0.736706
0.053068
0.435161
0.014682
0.472956
0.264325
0.876457
0.697571
0.116503
0.238917
0.712173
0.874631
0.082375
0.950833
0.567342
0.822877
0.44063
0.693229
0.292713
0.66104
0.665702
0.682535
0.965242
0.26859
0.619792
0.992097
0.19018
0.386602
0.5371
0.863939
0.0381
0.636285
0.027403
0.536309
0.901776
0.586199
0.47761
0.535772
0.320628
0.041473
0.981303
0.673571
0.696216
0.859086
0.983414
0.624582
0.089031
0.615866
0.966439
0.655605
0.250754
0.504913
0.789065
0.910403
0.21586
0.524364
0.044417
0.662275
0.33149
0.333062
0.067741
0.049775
0.571499
0.970087
0.280108
0.052568
0.585682
0.997507
0.235076
0.992375
0.275009
0.184993
0.057435
0.407433
0.026651
0.949308
0.845627
0.817826
0.145045
0.615051
0.885026
0.455418
0.012888
0.68259
0.917356
0.182588
0.042937
0.961789
0.523888
0.930276
0.698054
0.122495
0.348795
0.95301
0.880005
0.714873
0.894822
0.813872
0.694552
0.715223
0.786173
0.237272
0.87836
0.878403
0.037758
0.067806
0.664062
0.355036
0.995243
0.571317
0.139064
0.022531
0.6891
0.269429
0.150268
0.853956
0.163917
0.478344
0.426399
0.970267
0.82052
0.892594
0.269146
0.313646
0.509856
0.799137
0.762218
0.884186
0.517449
0.188768
0.070812
0.760736
0.949507
0.055621
0.884582
0.109225
0.736152
0.205042
0.208168
0.123814
0.188456
0.299321
0.37129
0.140232
0.008341
0.321136
0.699264
0.734053
0.516895
0.295533
0.363899
0.843112
0.242692
0.516404
0.446565
0.461813
0.711342
0.670007
0.491622
0.832895
0.076654
0.786397
0.867277
0.247388
0.952861
0.11429
0.417266
0.816434
0.3495
0.232144
0.901419
0.425056
0.828952
0.612387
0.848967
0.069935
0.127699
0.154247
0.552958
0.511694
0.36013
0.920138
0.904018
0.877652
0.859925
0.941039
0.908195
0.79905
0.334921
0.104714
0.896365
0.345806
0.058247
0.862649
0.938893
0.997721
0.994193
0.811961
0.181568
0.800877
0.83247
0.882443
0.653082
0.387628
0.935577
0.176345
0.847924
0.613065
0.999267
0.806482
0.90003
0.422987
0.508604
0.724715
0.298558
0.847894
0.182349
0.916826
0.450942
0.047756
0.695811
0.615805
0.785214
0.988859
0.289574
0.607242
0.412075
0.438258
0.718162
0.403131
0.381489
0.949788
0.936295
0.935897
0.006612
0.0993
0.835322
0.166677
0.513295
0.208357
0.489354
0.994915
0.831884
0.298527
0.293928
0.905023
0.593566
0.334097
0.748707
0.472505
0.376375
0.697671
0.569125
0.042668
0.804507
0.662938
0.157672
0.675079
0.192902
0.231683
0.177575
0.514085
0.281059
0.769636
0.129996
0.524326
0.052745
0.279426
0.605999
0.97676
0.558076
0.224353
0.116437
0.945615
0.614493
0.160437
0.862777
0.572344
0.801626
0.514741
0.842806
0.506063
0.983751
0.780472
0.289109
0.319952
0.590181
0.373676
0.666558
0.557045
0.528848
0.079338
0.664524
0.04738
0.509187
0.903686
0.62355
0.044132
0.362427
0.54215
0.222267
0.383987
0.66641
0.17043
0.69848
0.624693
0.113015
0.268373
0.074742
0.200564
0.106887
0.371098
0.304921
0.045853
0.846386
0.292915
0.327025
0.349786
0.444939
0.650337
0.272512
0.730142
0.983016
0.129163
0.31297
0.435104
0.658628
0.175102
0.208022
0.886642
0.812226
0.032049
0.490378
0.893711
0.003481
0.837003
0.185479
0.657563
0.401714
0.027188
0.504169
0.231883
0.921415
0.733724
0.925163
0.793981
0.034719
0.677285
0.950335
0.579567
0.723692
0.584086
0.993808
0.754247
0.046854
0.814967
0.126354
0.162567
0.413967
0.106818
0.291636
0.361949
0.685703
0.696341
0.06
0.487456
0.806887
0.384952
0.841335
0.704242
0.121775
0.116483
0.702465
0.927917
0.137739
0.160237
0.544945
0.996878
0.270878
0.331129
0.777549
0.947584
0.630688
0.3279
0.575009
0.094785
0.206907
0.570313
0.539015
0.532948
0.522728
0.181193
0.973951
0.112198
0.102446
0.963577
0.018142
0.041542
0.075604
0.69528
0.818633
0.425462
0.153455
0.050914
0.112361
0.627547
0.812594
0.559703
0.523937
0.007543
0.170453
0.867512
0.199898
0.326129
0.091824
0.203727
0.288895
0.680912
0.303531
0.795423
0.657202
0.978161
0.864009
0.966813
0.656205
0.567147
0.523578
0.713528
0.083529
0.90481
0.326692
0.199511
0.067145
0.290928
0.01162
0.041338
0.261312
0.804964
0.810193
0.487276
0.63218
0.980842
0.032968
0.142301
0.915504
0.47755
0.99729
0.202588
0.058749
0.072933
0.563881
0.939073
0.805208
0.246209
0.881443
0.076057
0.002304
0.984052
0.440115
0.592416
0.288494
0.671751
0.573099
0.367103
0.616525
0.08945
0.252228
0.208825
0.733798
0.557256
0.188676
0.807761
0.983969
0.511569
0.582258
0.668808
0.787804
0.605891
0.568802
0.408524
0.074623
0.970725
0.972246
0.855586
0.270866
0.375989
0.194746
0.314461
0.473158
0.123859
0.173553
0.871313
0.268524
0.238022
0.302795
0.867312
0.554764
0.409022
0.668708
0.871331
0.059118
0.79904
0.595496
0.515567
0.717592
0.038401
0.925736
0.050024
0.138243
0.350949
0.04845
0.951457
0.63805
0.28202
0.322052
0.79352
0.409863
0.656152
0.741742
0.536132
0.559936
0.570649
0.99535
0.99963
0.265729
0.603142
0.478543
0.111136
0.757491
0.598668
0.844827
0.856893
0.128068
0.709315
0.66459
0.08218
0.964544
0.508541
0.094004
0.459645
0.59665
0.824891
0.689201
0.272945
0.894665
0.534611
0.811352
0.281261
0.363545
0.119408
0.372476
0.906323
0.137571
0.136747
0.974709
0.290326
0.944502
0.695416
0.941018
0.881408
0.217537
0.614081
0.733785
0.447833
0.733949
0.186949
0.159012
0.215901
0.477444
0.848658
0.897614
0.432261
0.142464
0.190344
0.242226
0.420059
0.431047
0.373828
0.383316
0.805725
0.149191
0.96788
0.622185
0.701887
0.105919
0.275738
0.996456
0.071071
0.860744
0.234456
0.840139
0.303435
0.635116
0.846981
0.315842
0.490484
0.337421
0.989583
0.664515
0.221078
0.967349
0.275802
0.713467
0.689217
0.14628
0.524084
0.634443
0.725836
0.059584
0.102093
0.32514
0.68364
0.345833
0.982677
0.72783
0.652863
0.983505
0.774155
0.520741
0.239558
0.568313
0.191051
0.37399
0.846432
0.34641
0.202204
0.150654
0.011961
0.232498
0.647325
0.45616
0.258582
0.113932
0.265547
0.022293
0.925262
0.296131
0.69709
0.056532
0.212239
0.166351
0.946787
0.737537
0.399208
0.126824
0.060652
0.746315
0.930993
0.696371
0.070849
0.303409
0.418692
0.971235
0.720173
0.332795
0.940112
0.292958
0.467265
0.696645
0.245507
0.728774
0.481001
0.698466
0.417568
0.524756
0.21778
0.067407
0.231227
0.336035
0.621423
0.909663
0.419975
0.588417
0.492741
0.097299
0.354182
0.418125
0.607366
0.921374
0.520874
0.140293
0.383353
0.515986
0.918508
0.276309
0.67409
0.631595
0.301672
0.794349
0.460374
0.559215
0.137075
0.930376
0.461776
0.143713
0.254044
0.375539
0.907078
0.872826
0.805249
0.216129
0.762587
0.644043
0.474578
0.953899
0.906398
0.597412
0.575754
0.92752
0.699138
0.16931
0.210727
0.014984
0.429997
0.343006
0.553384
0.95635
0.814122
0.62705
0.12088
0.958417
0.170333
0.478949
0.601676
0.336233
0.655613
0.763753
0.464794
0.377394
0.541044
0.707959
0.314674
0.899446
0.055207
0.244183
0.87122
0.63349
0.707664
0.978539
0.191105
0.798416
0.955787
0.944443
0.510019
0.536882
0.727653
0.28204
0.093364
0.879667
0.074694
0.23658
0.603444
0.30298
0.194701
0.635294
0.801332
0.817719
0.498342
0.660146
0.792582
0.132064
0.906002
0.239189
0.699005
0.488754
0.05019
0.56013
0.411118
0.565929
0.912675
0.005583
0.504568
0.655485
0.352504
0.356127
0.161148
0.593429
0.085793
0.511415
0.928972
0.295966
0.99301
0.288928
0.502595
0.827386
0.221673
0.73441
0.844021
0.278981
0.393372
0.007932
0.733429
0.521414
0.943131
0.399815
0.228807
0.381604
0.207093
0.447727
0.314587
0.009283
0.682785
0.831913
0.466934
0.951451
0.125298
0.158464
0.617228
0.984617
0.217972
0.877013
0.09145
0.157776
0.70304
0.071245
0.099382
0.046465
0.204649
0.847128
0.795173
0.930966
0.334715
0.89016
0.483286
0.499714
0.691238
0.676388
0.68236
0.311307
0.476426
0.609947
0.093451
0.552526
0.983531
0.732572
0.263566
0.832521
0.835382
0.349278
0.400901
0.387158
0.65842
0.931102
0.101519
0.441615
0.759429
0.485066
0.005282
0.254053
0.48881
0.869035
0.182081
0.249753
0.265702
0.17634
0.953653
0.133393
0.71645
0.472368
0.599124
0.976373
0.532957
0.275198
0.490618
0.199829
0.208587
0.860431
0.144152
0.261066
0.888024
0.446186
0.570979
0.072936
0.342476
0.592662
0.461996
0.139246
0.35207
0.728475
0.574743
0.948001
0.271558
0.331344
0.797959
0.426378
0.256641
0.526388
0.965137
0.452525
0.628515
0.411143
0.524812
0.843805
0.745563
0.161803
0.187525
0.032441
0.493131
0.66139
0.570364
0.293077
0.611826
0.324497
0.489318
0.818536
0.986029
0.431345
0.411067
0.818589
0.750392
0.193148
0.086054
0.066424
0.398776
0.590054
0.661285
0.821238
0.125485
0.464445
0.514548
0.257685
0.770102
0.485208
0.782857
0.641952
0.018833
0.104926
0.687607
0.367263
0.015827
0.076682
0.36527
0.545397
0.94706
0.96406
0.25004
0.953421
0.928595
0.754326
0.263027
0.491176
0.219942
0.778336
0.352184
0.245804
0.403282
0.571577
0.65364
0.245316
0.386559
0.707747
0.621927
0.959604
0.726384
0.66769
0.346972
0.215453
0.666642
0.981322
0.816287
0.065149
0.166401
0.415088
0.288002
0.021415
0.148446
0.882762
0.964515
0.466867
0.779819
0.390354
0.448059
0.083757
0.629358
0.550642
0.105804
0.031304
0.59289
0.894749
0.357927
0.916797
0.05715
0.509561
0.240753
0.173336
0.885515
0.316418
0.362739
0.576098
0.451304
0.255448
0.753458
0.309807
0.735028
0.216834
0.647791
0.63684
0.903294
0.738983
0.133393
0.641537
0.934301
0.273916
0.703131
0.30738
0.959921
0.290001
0.503337
0.471527
0.23063
0.600088
0.250142
0.80648
0.078465
0.413801
0.868676
0.458828
0.373791
0.368951
0.952046
0.439853
0.553269
0.631615
0.312026
0.351659
0.876017
0.727855
0.499855
0.545898
0.261576
0.78403
0.041032
0.291574
0.305743
0.43833
0.461469
0.511267
0.965974
0.689731
0.160847
0.581069
0.187059
0.268634
0.723947
0.075605
0.323391
0.627353
0.034839
0.291953
0.279492
0.654691
0.75516
0.027927
0.221862
0.037365
0.403397
0.380602
0.364326
0.132368
0.747873
0.57714
0.631808
0.592387
0.452927
0.077652
0.510227
0.494786
0.449918
0.158961
0.966747
0.566397
0.107237
0.079626
0.715639
0.872384
0.583676
0.764754
0.982454
0.845152
0.018425
0.244841
0.29584
0.401463
0.302592
0.853656
0.451599
0.67346
0.304188
0.226085
0.412822
0.575071
0.037201
0.474914
0.435842
0.108396
0.464587
0.142405
0.556156
0.968731
0.500144
0.210598
0.675502
0.606619
0.860791
0.405025
0.547098
0.55205
0.763559
0.539566
0.992964
0.340657
0.063097
0.232927
0.111824
0.151655
0.717208
0.431803
0.168602
0.50583
0.321675
0.926782
0.182906
0.329699
0.443314
0.794808
0.395174
0.423586
0.192059
0.030708
0.421692
0.350787
0.744825
0.370319
0.26366
0.412731
0.903105
0.620742
0.392916
0.059861
0.73604
0.561905
0.693762
0.876771
0.288638
0.082028
0.729494
0.790384
0.842554
0.094223
0.841741
0.695772
0.898407
0.238916
0.244512
0.089908
0.579739
0.968094
0.567684
0.573513
0.206853
0.860419
0.482673
0.916163
0.083932
0.973064
0.572301
0.29257
0.533881
0.060143
0.52217
0.105668
0.407292
0.806199
0.90685
0.495959
0.526429
0.735127
0.048439
0.584616
0.983513
0.86689
0.252117
0.870288
0.219968
0.182636
0.459774
0.361794
0.151249
0.58578
0.518177
0.634268
0.741164
0.961935
0.76971
0.388625
0.704515
0.905704
0.179783
0.814613
0.334557
0.491378
0.860394
0.418264
0.959678
0.184729
0.632963
0.021205
0.322963
0.552428
0.331735
0.505357
0.24656
0.500139
0.934023
0.592441
0.831166
0.891181
0.517779
0.125913
0.402113
0.738279
0.663124
0.659468
0.51882
0.669044
0.680114
0.846917
0.797252
0.133258
0.030283
0.078607
0.602424
0.074077
0.275943
0.844668
0.904038
0.613099
0.401363
0.987891
0.56114
0.768424
0.909752
0.215901
0.204074
0.763022
0.377478
0.358449
0.611073
0.199804
0.598114
0.362317
0.97796
0.741329
0.25239
0.897087
0.190489
0.811149
0.532605
0.830117
0.487816
0.311499
0.670056
0.938263
0.232666
0.637543
0.113717
0.276035
0.849259
0.697702
0.494142
0.357015
0.959483
0.763253
0.231184
0.833223
0.458872
0.233014
0.186127
0.554969
0.620012
0.53736
0.099826
0.61677
0.250349
0.868141
0.261509
0.080918
0.952899
0.929038
0.661606
0.409012
0.547128
0.825134
0.659071
0.640094
0.967785
0.877944
0.681233
0.906695
0.208744
0.779779
0.690296
0.374456
0.424425
0.057993
0.177234
0.227957
0.639131
0.736488
0.114479
0.688042
0.35912
0.167895
0.073981
0.346899
0.018622
0.02755
0.563582
0.573716
0.297961
0.632637
0.567552
0.932425
0.358645
0.527643
0.206133
0.982606
0.117819
0.84052
0.673391
0.536472
0.642959
0.228772
0.886124
0.563997
0.302793
0.074689
0.136612
0.064674
0.317485
0.493233
0.791373
0.701101
0.965872
0.415297
0.855778
0.32079
0.531141
0.37736
0.445444
0.45135
0.112001
0.742988
0.07497
0.363613
0.456768
0.13336
0.374929
0.16177
0.512928
0.704224
0.410984
0.073916
0.71817
0.872442
0.959347
0.938248
0.847121
0.648597
0.600248
0.530181
0.199812
0.310188
0.00477
0.255826
0.387911
0.792422
0.660533
0.883611
0.316366
0.410161
0.994707
0.701377
0.982775
0.763845
0.651388
0.867154
0.168224
0.619572
0.268526
0.808589
0.318011
0.755208
0.665682
0.154202
0.825716
0.379114
0.941725
0.720664
0.823215
0.860946
0.723499
0.526746
0.078209
0.262299
0.293904
0.690852
0.739968
0.313893
0.213415
0.138037
0.632757
0.690172
0.359354
0.507494
0.497193
0.058293
0.192525
0.508609
0.461679
0.896838
0.625127
0.190244
0.292589
0.919347
0.923633
0.67093
0.210082
0.167951
0.507283
0.244433
0.3215
0.322121
0.697708
0.684347
0.369965
0.52827
0.527207
0.86454
0.597921
0.255633
0.675192
0.873971
0.553391
0.665937
0.438054
0.778871
0.002903
0.445037
0.444311
0.536967
0.292235
0.360901
0.766973
0.555111
0.45946
0.593777
0.74196
0.516295
0.127219
0.74845
0.200379
0.689865
0.027681
0.63297
0.947327
0.680814
0.528066
0.189848
0.523882
0.385222
0.644013
0.749077
0.463193
0.876513
0.384749
0.768129
0.436832
0.827922
0.102033
0.296867
0.235071
0.852333
0.546678
0.562529
0.293379
0.560511
0.854166
0.416784
0.65604
0.263298
0.516418
0.404143
0.577611
0.468652
0.979541
0.115311
0.448626
0.892475
0.724796
0.122602
0.939874
0.541126
0.11567
0.365914
0.826257
0.183021
0.444745
0.583444
0.592053
0.965905
0.353731
0.623438
0.669251
0.636515
0.825718
0.102196
0.976565
0.9225
0.054859
0.566286
0.964537
0.812299
0.815162
0.134061
0.045847
0.059391
0.16326
0.73417
0.104206
0.589109
0.433021
0.204649
0.425906
0.930888
0.873651
0.703273
0.558895
0.746975
0.596587
0.414968
0.122875
0.904004
0.042377
0.091047
0.873884
0.014094
0.735112
0.880955
0.528853
0.967659
0.680405
0.301081
0.033897
0.377425
0.128616
0.520583
0.955914
0.770939
0.200478
0.342925
0.392304
0.082439
0.082137
0.673742
0.050723
0.566478
0.548705
0.282397
0.439271
0.448599
0.985959
0.368394
0.979394
0.248147
0.618919
0.094371
0.676498
0.228215
0.741312
0.90528
0.025291
0.801633
0.866958
0.952609
0.461141
0.563167
0.045219
0.910205
0.17886
0.912572
0.485524
0.145392
0.600492
0.790048
0.463894
0.554036
0.034194
0.324266
0.47875
0.301396
0.405999
0.018627
0.583812
0.835186
0.506691
0.6571
0.638742
0.637711
0.909615
0.761752
0.427554
0.11593
0.419276
0.851378
0.168415
0.548239
0.959784
0.288259
0.918381
0.929546
0.322816
0.430278
0.510172
0.315077
0.061926
0.0831
0.575042
0.443328
0.44762
0.113717
0.115916
0.293113
0.413778
0.367687
0.979629
0.627051
0.09345
0.866774
0.804731
0.24106
0.325741
0.556114
0.683363
0.901488
0.502499
0.876367
0.285351
0.257733
0.752149
0.045661
0.441648
0.428638
0.404133
0.530331
0.025416
0.818312
0.397315
0.161735
0.125833
0.395722
0.775679
0.918173
0.990418
0.102958
0.38184
0.752792
0.768492
0.742143
0.190261
0.698075
0.277931
0.794355
0.501292
0.230216
0.115024
0.321031
0.027514
0.248866
0.53403
0.259105
0.311736
0.638271
0.356461
0.352114
0.433413
0.426516
0.303108
0.294899
0.590395
0.07535
0.173979
0.389135
0.559136
0.182973
0.694115
0.150441
0.853179
0.254766
0.520443
0.754081
0.826234
0.530176
0.069333
0.631918
0.470616
0.035411
0.192416
0.687462
0.103097
0.952645
0.567644
0.738379
0.74392
0.07416
0.905195
0.889366
0.219708
0.728419
0.953159
0.419479
0.081149
0.235364
0.672708
0.136841
0.529655
0.426307
0.505921
0.105512
0.877399
0.428973
0.903785
0.765872
0.704267
0.287232
0.846513
0.435736
0.370823
0.547331
0.237827
0.342741
0.211706
0.658132
0.079305
0.006465
0.295941
0.261903
0.025801
0.408912
0.367195
0.75625
0.989342
0.409781
0.081147
0.492975
0.481395
0.314428
0.144865
0.744716
0.681886
0.253979
0.951038
0.371031
0.782529
0.665702
0.919626
0.500606
0.876644
0.292487
0.125547
0.964026
0.531658
0.139878
0.881974
0.111957
0.400346
0.526248
0.477084
0.940243
0.777124
0.202008
0.468617
0.051887
0.811916
0.29576
0.495973
0.787137
0.758773
0.867117
0.047894
0.224594
0.660004
0.971148
0.594006
0.168645
0.851801
0.00882
0.127021
0.083435
0.340883
0.83262
0.063782
0.552489
0.122635
0.089823
0.858577
0.185948
0.543613
0.219483
0.6285
0.172483
0.745259
0.119015
0.089163
0.635508
0.094994
0.466639
0.950164
0.888748
0.604291
0.393858
0.580473
0.198397
0.588167
0.063848
0.663188
0.343355
0.303696
0.007316
0.679069
0.237472
0.541405
0.333461
0.362286
0.677375
0.719499
0.017943
0.525526
0.044693
0.277032
0.583101
0.743219
0.031058
0.859921
0.571982
0.208091
0.31274
0.308652
0.220389
0.826044
0.290682
0.35259
0.644646
0.882885
0.985946
0.118832
0.443244
0.408036
0.248413
0.056796
0.12387
0.509378
0.687157
0.17574
0.944785
0.00737
0.741659
0.957221
0.101248
0.164914
0.292882
0.549029
0.659433
0.472836
0.986181
0.470149
0.816065
0.022418
0.886999
0.110251
0.598335
0.89902
0.396829
0.537351
0.26471
0.928535
0.518151
0.616837
0.407873
0.915191
0.705948
0.040596
0.11345
0.619376
0.592871
0.827792
0.245554
0.381289
0.434209
0.847404
0.875157
0.299972
0.419844
0.422792
0.636918
0.317945
0.267245
0.450062
0.517869
0.301714
0.985348
0.805615
0.248665
0.161862
0.409093
0.463615
0.670097
0.859956
0.243991
0.150897
0.461611
0.527132
0.606928
0.074775
0.392731
0.1139
0.082645
0.335982
0.323237
0.750143
0.104267
0.81679
0.402576
0.86143
0.174147
0.84831
0.248681
0.786088
0.158351
0.593671
0.822333
0.578382
0.987398
0.270505
0.384808
0.742358
0.122059
0.375301
0.819779
0.852034
0.938219
0.73658
0.77412
0.260536
0.327493
0.314505
0.376667
0.234309
0.832493
0.652256
0.84012
0.795455
0.230871
0.684075
0.503401
0.398759
0.160483
0.914452
0.557655
0.231262
0.022953
0.128273
0.094726
0.349192
0.739492
0.387699
0.483474
0.920058
0.999372
0.555513
0.390156
0.171588
0.497446
0.214599
0.073747
0.929274
0.156429
0.627508
0.10688
0.762495
0.475495
0.776415
0.146337
0.326389
0.190782
0.620167
0.675054
0.144165
0.155555
0.190534
0.0639
0.716486
0.110586
0.208241
0.385314
0.810431
0.374884
0.474141
0.884315
0.877402
0.955044
0.944005
0.522697
0.689349
0.978133
0.925741
0.320039
0.476266
0.25358
0.877255
0.735478
0.029363
0.02919
0.921334
0.94957
0.804354
0.111713
0.978895
0.433725
0.862672
0.420396
0.661766
0.968334
0.427307
0.455609
0.626292
0.930061
0.372712
0.740044
0.847456
0.959055
0.187878
0.488342
0.127178
0.070874
0.187861
0.303522
0.497356
0.403533
0.488001
0.301216
0.285948
0.779162
0.602694
0.439581
0.565265
0.248687
0.230888
0.267258
0.411187
0.268583
0.790545
0.237258
0.309612
0.215801
0.064566
0.272588
0.244341
0.954259
0.022849
0.404075
0.818274
0.460792
0.911889
0.56569
0.996103
0.530268
0.553923
0.226389
0.298795
0.41117
0.471291
0.379582
0.759401
0.444711
0.147261
0.957406
0.570645
0.717198
0.967902
0.170788
0.708218
0.503127
0.906085
0.789264
0.9382
0.18885
0.024782
0.453718
0.110824
0.01581
0.3755
0.514865
0.90256
0.017111
0.672511
0.750516
0.978696
0.247519
0.999604
0.609607
0.838237
0.283819
0.935471
0.506198
0.543915
0.108411
0.991497
0.790882
0.699146
0.744488
0.745157
0.692249
0.155333
0.456181
0.388159
0.587728
0.460157
0.259744
0.934731
0.848676
0.549601
0.991478
0.413125
0.861076
0.966125
0.541568
0.506201
0.324882
0.217177
0.018586
0.350276
0.916005
0.975329
0.602537
0.710651
0.14368
0.324189
0.883062
0.438629
0.40473
0.289557
0.823226
0.172349
0.285769
0.629494
0.177738
0.755227
0.415592
0.966078
0.015479
0.197659
0.669971
0.114166
0.071014
0.219697
0.841592
0.161463
0.246743
0.069813
0.043763
0.226076
0.614877
0.141894
0.796652
0.622564
0.373494
0.430406
0.832306
0.527532
0.669681
0.819754
0.987925
0.943501
0.694704
0.699008
0.329438
0.093002
0.457861
0.794281
0.680476
0.208284
0.092435
0.268429
0.595267
0.586214
0.668685
0.567367
0.025167
0.83057
0.414987
0.812658
0.711696
0.665787
0.037748
0.374318
0.354412
0.726653
0.241576
0.430649
0.389884
0.327591
0.37648
0.624834
0.418613
0.904191
0.861521
0.428095
0.386095
0.996609
0.608317
0.641364
0.816525
0.894139
0.326646
0.979076
0.611649
0.3227
0.529912
0.151499
0.953904
0.486041
0.484514
0.816122
0.629413
0.953797
0.671839
0.5805
0.774353
0.330259
0.534477
0.329961
0.965603
0.070158
0.038781
0.248109
0.883605
0.789237
0.461481
0.166194
0.944475
0.395062
0.654964
0.854296
0.116681
0.243382
0.351092
0.850374
0.732673
0.613933
0.362881
0.347461
0.208944
0.928292
0.343729
0.60185
0.601647
0.749246
0.344375
0.559536
0.800235
0.745053
0.904291
0.871499
0.546465
0.314928
0.920679
0.548632
0.965045
0.486488
0.057062
0.738922
0.662392
0.934498
0.674719
0.480003
0.120079
0.033151
0.162023
0.590342
0.37256
0.028816
0.770413
0.709907
0.555312
0.475575
0.869795
0.951828
0.361083
0.598324
0.373966
0.053967
0.903242
0.096354
0.68068
0.718702
0.033664
0.782728
0.978459
0.395772
0.2401
0.993252
0.965158
0.887647
0.35135
0.600458
0.635899
0.490895
0.814812
0.908923
0.49026
0.280034
0.281505
0.790116
0.580368
0.392723
0.159077
0.293015
0.751761
0.726034
0.19663
0.521314
0.138976
0.178736
0.528768
0.763458
0.575721
0.244724
0.050579
0.180977
0.22525
0.366638
0.109451
0.335621
0.273069
0.410824
0.173824
0.591563
0.191348
0.939208
0.247531
0.861268
0.976505
0.083102
0.610381
0.494855
0.435495
0.821114
0.515272
0.230663
0.113339
0.640556
0.910937
0.409292
0.196388
0.585347
0.571237
0.533615
0.97608
0.372421
0.07497
0.837871
0.452714
0.633491
0.56887
0.369457
0.212931
0.967924
0.685306
0.337258
0.100269
0.332681
0.312932
0.744633
0.594716
0.304791
0.992359
0.951661
0.079635
0.318229
0.081949
0.209538
0.031088
0.085014
0.723623
0.930163
0.519767
0.624991
0.140324
0.601705
0.264666
0.503282
0.889011
0.453501
0.387873
0.483939
0.434045
0.015226
0.341473
0.211757
0.009377
0.222305
0.281845
0.467326
0.485874
0.816443
0.866679
0.668147
0.210918
0.095165
0.34088
0.135058
0.932743
0.543958
0.812183
0.958479
0.16157
0.67671
0.872531
0.860259
0.82715
0.742557
0.937946
0.428925
0.3845
0.96595
0.183984
0.635245
0.558724
0.98062
0.535327
0.050687
0.163156
0.785497
0.930506
0.790792
0.055242
0.32053
0.309383
0.866647
0.477943
0.577586
0.094678
0.866824
0.591686
0.252965
0.28555
0.715523
0.966473
0.958396
0.801082
0.859358
0.037965
0.349437
0.075243
0.384749
0.133509
0.430486
0.777374
0.038784
0.114784
0.947284
0.679826
0.457422
0.116391
0.475802
0.759852
0.308204
0.344565
0.198067
0.632569
0.841637
0.154695
0.59491
0.23628
0.424556
0.005113
0.555159
0.207553
0.929196
0.643762
0.711702
0.310616
0.656117
0.206924
0.664436
0.236366
0.748694
0.507796
0.023276
0.718328
0.069466
0.864958
0.295394
0.666663
0.665265
0.884665
0.939155
0.909552
0.169844
0.263693
0.283242
0.574394
0.960696
0.236658
0.001618
0.911384
0.051927
0.668838
0.621512
0.864741
0.666319
0.238224
0.898113
0.000555
0.805998
0.599972
0.678923
0.884397
0.291027
0.966515
0.049022
0.877232
0.277627
0.281362
0.295573
0.771574
0.998535
0.438121
0.399538
0.760149
0.413304
0.906278
0.860882
0.805229
0.654076
0.100153
0.539388
0.670411
0.011805
0.32555
0.03244
0.279049
0.128092
0.54742
0.092992
0.23124
0.104475
0.47862
0.699446
0.685206
0.095154
0.48295
0.448442
0.754278
0.421081
0.394243
0.880563
0.924066
0.24823
0.053289
0.617076
0.514534
0.988832
0.575209
0.088715
0.242481
0.396977
0.190508
0.111043
0.097253
0.143452
0.234856
0.545366
0.545502
0.130807
0.228826
0.117798
0.049126
0.355958
0.784159
0.750049
0.285569
0.876756
0.747142
0.338764
0.801692
0.356344
0.350342
0.999517
0.472824
0.55666
0.221595
0.85304
0.640624
0.800491
0.789862
0.96483
0.220218
0.052555
0.187376
0.586064
0.773828
0.552041
0.222068
0.540639
0.242732
0.590383
0.134519
0.720654
0.388951
0.941385
0.667718
0.757435
0.497095
0.108354
0.362063
0.540595
0.352577
0.286253
0.0418
0.622314
0.570455
0.502392
0.522901
0.41015
0.65548
0.113005
0.750599
0.109576
0.411801
0.102112
0.80475
0.221867
0.926958
0.402829
0.022364
0.994844
0.264025
0.085919
0.411131
0.687994
0.75229
0.206321
0.552805
0.113387
0.262681
0.56776
0.289225
0.498333
0.619327
0.012943
0.136824
0.920141
0.557382
0.677215
0.208553
0.314883
0.982004
0.306269
0.502716
0.518876
0.979609
0.806281
0.750093
0.281501
0.024505
0.537145
0.743366
0.613779
0.099873
0.879393
0.817377
0.643108
0.529469
0.941696
0.554689
0.427887
0.618118
0.167263
0.619191
0.466301
0.741338
0.318325
0.590442
0.503291
0.866489
0.297036
0.81429
0.048386
0.84974
0.354869
0.116841
0.86837
0.31497
0.961416
0.548926
0.61745
0.436993
0.548284
0.822648
0.930794
0.568544
0.010177
0.519307
0.503108
0.861558
0.110629
0.946426
0.900611
0.245356
0.989097
0.400989
0.319309
0.104975
0.010559
0.667272
0.455616
0.592764
0.535728
0.113808
0.540958
0.417429
0.456457
0.619622
0.558003
0.88169
0.779392
0.171117
0.566922
0.703267
0.965849
0.496698
0.993844
0.199782
0.390961
0.128673
0.838836
0.841071
0.961452
0.432861
0.090866
0.483065
0.929019
0.417526
0.547371
0.849483
0.590529
0.986212
0.916249
0.673866
0.089322
0.085477
0.873509
0.101109
0.298885
0.130142
0.04125
0.367658
0.089107
0.405047
0.563487
0.355446
0.724894
0.798275
0.235035
0.429885
0.940689
0.646154
0.77684
0.43769
0.064519
0.33882
0.879893
0.612041
0.643793
0.50247
0.611368
0.40276
0.70144
0.873277
0.657512
0.338139
0.887777
0.664792
0.764549
0.402575
0.041188
0.351557
0.886038
0.984627
0.994987
0.188962
0.222855
0.767627
0.513992
0.534938
0.827171
0.349061
0.554102
0.54778
0.094014
0.771461
0.066661
0.671362
0.951272
0.658709
0.440472
0.911868
0.142378
0.498764
0.403135
0.525854
0.255328
0.567459
0.662823
0.481849
0.784354
0.104499
0.349449
0.015213
0.028873
0.750242
0.503258
0.19284
0.809424
0.514867
0.806795
0.669111
0.756286
0.089684
0.806802
0.690546
0.389054
0.956964
0.990666
0.884039
0.302263
0.63237
0.145412
0.050139
0.613496
0.092746
0.649866
0.522029
0.308889
0.873269
0.215209
0.039921
0.327546
0.525786
0.386985
0.119949
0.75557
0.27537
0.635176
0.176923
0.881811
0.68696
0.697917
0.700629
0.91932
0.046234
0.910603
0.951369
0.825324
0.199979
0.54686
0.207926
0.265998
0.931261
0.674259
0.607086
0.492872
0.67203
0.675256
0.378399
0.539633
0.226255
0.478509
0.045217
0.375069
0.819085
0.398632
0.223935
0.831545
0.5746
0.250772
0.096228
0.845608
0.416696
0.366721
0.987904
0.225416
0.269256
0.900498
0.084095
0.294453
0.925595
0.411271
0.228448
0.543119
0.05722
0.527817
0.252809
0.77117
0.22614
0.237035
0.137766
0.509555
0.190467
0.418348
0.93612
0.581754
0.700623
0.094155
0.057803
0.170177
0.693149
0.493848
0.222732
0.040069
0.275023
0.579825
0.516363
0.247191
0.967658
0.754186
0.807209
0.110008
0.562734
0.086836
0.536776
0.996008
0.947282
0.029514
0.314579
0.954893
0.453925
0.288746
0.652178
0.383038
0.351876
0.373252
0.107828
0.275093
0.176532
0.057298
0.329674
0.083632
0.351071
0.86022
0.361882
0.215005
0.835658
0.509042
0.27706
0.538008
0.217195
0.097472
0.460832
0.809315
0.678015
0.80933
0.563281
0.338938
0.056919
0.365738
0.511085
0.830085
0.968462
0.98261
0.448447
0.585198
0.599799
0.733013
0.484302
0.389793
0.154619
0.092982
0.196501
0.864565
0.375443
0.984501
0.221907
0.735935
0.765999
0.485023
0.609284
0.01699
0.944711
0.710714
0.263148
0.244825
0.16811
0.650475
0.638819
0.685906
0.864025
0.550721
0.623218
0.427249
0.775001
0.3554
0.416832
0.548023
0.703911
0.550138
0.544166
0.527662
0.351494
0.654939
0.312242
0.363701
0.966636
0.666611
0.858824
0.458859
0.193166
0.740021
0.226643
0.081637
0.569059
0.560987
0.012077
0.399482
0.117846
0.758779
0.052033
0.573532
0.236646
0.598242
0.849375
0.634261
0.165277
0.290575
0.063452
0.962356
0.140658
0.305913
0.974558
0.695004
0.652763
0.728467
0.036901
0.299621
0.426786
0.335917
0.953886
0.994288
0.76709
0.068246
0.245676
0.504105
0.842061
0.763228
0.897903
0.708516
0.889508
0.433373
0.685255
0.438256
0.835196
0.112563
0.472883
0.574404
0.178233
0.794329
0.482558
0.618838
0.551229
0.856644
0.565274
0.892356
0.76594
0.663539
0.148825
0.861339
0.978431
0.593848
0.996633
0.321595
0.706014
0.369384
0.336455
0.230001
0.817681
0.866438
0.665566
0.049145
0.938965
0.007073
0.555379
0.191473
0.345059
0.898561
0.197229
0.409462
0.61432
0.413114
0.708354
0.060021
0.863871
0.879017
0.336165
0.099631
0.443315
0.992852
0.402203
0.234534
0.779599
0.89026
0.058919
0.597648
0.28072
0.007582
0.854873
0.887381
0.158646
0.557581
0.610076
0.190326
0.383631
0.758485
0.186537
0.874357
0.701847
0.93263
0.386099
0.668916
0.176903
0.721445
0.355725
0.071597
0.316978
0.170428
0.102424
0.462124
0.674704
0.472744
0.449102
0.08175
0.304073
0.669357
0.180559
0.550257
0.220776
0.977575
0.157807
0.211145
0.375332
0.399967
0.014693
0.969413
0.849037
0.753929
0.236521
0.59155
0.750582
0.312771
0.391252
0.489383
0.39951
0.848045
0.886578
0.426911
0.634848
0.557722
0.40918
0.713304
0.998644
0.962685
0.090206
0.328419
0.749583
0.248592
0.999196
0.63481
0.62465
0.13384
0.558827
0.200125
0.638857
0.463027
0.54382
0.739769
0.510658
0.368858
0.720284
0.990849
0.717263
0.506431
0.410093
0.027015
0.226888
0.996849
0.544795
0.138746
0.502025
0.976646
0.294915
0.925817
0.006139
0.543792
0.774029
0.10563
0.701097
0.912155
0.269097
0.673023
0.993798
0.536825
0.119569
0.287991
0.883778
0.857541
0.44869
0.423672
0.27523
0.711187
0.024112
0.99302
0.985749
0.100787
0.018226
0.870597
0.398675
0.665339
0.059638
0.783731
0.230253
0.297999
0.231315
0.99643
0.236565
0.01224
0.022411
0.049527
0.945413
0.866393
0.552659
0.445637
0.226607
0.358374
0.577429
0.805765
0.835047
0.786354
0.796065
0.18834
0.995543
0.493387
0.497981
0.079686
0.292545
0.826781
0.647568
0.878208
0.4566
0.319565
0.703769
0.246125
0.112543
0.848477
0.207741
0.223586
0.94038
0.752031
0.105921
0.645805
0.787868
0.6256
0.254353
0.271757
0.499579
0.079328
0.741573
0.790782
0.727314
0.084046
0.13303
0.161882
0.802671
0.574201
0.732285
0.782642
0.523952
0.768989
0.579929
0.95025
0.876642
0.930601
0.633999
0.475115
0.593815
0.218571
0.536583
0.846175
0.879908
0.184154
0.435512
0.569178
0.66947
0.25466
0.573863
0.385019
0.476729
0.928377
0.861565
0.255714
0.965136
0.996908
0.233895
0.387032
0.424935
0.464675
0.297181
0.050618
0.576171
0.858116
0.931587
0.003212
0.272616
0.891917
0.031243
0.351576
0.040706
0.331457
0.790311
0.17738
0.427623
0.217053
0.779874
0.292442
0.579137
0.732902
0.170619
0.36926
0.303207
0.450539
0.394426
0.712784
0.313794
0.299602
0.238629
0.632092
0.399325
0.97913
0.341556
0.395082
0.22647
0.412975
0.601898
0.571235
0.994995
0.931991
0.998653
0.304487
0.110865
0.284197
0.583397
0.141273
0.760367
0.600646
0.452667
0.296053
0.90295
0.775486
0.397164
0.186513
0.758008
0.575018
0.732071
0.390643
0.217271
0.908783
0.970585
0.912809
0.517262
0.636015
0.392
0.702322
0.335154
0.999449
0.644728
0.085658
0.513279
0.252662
0.699261
0.979699
0.631233
0.957113
0.470832
0.612872
0.685719
0.23227
0.942519
0.053318
0.636408
0.723811
0.939832
0.487661
0.195902
0.292605
0.110915
0.467582
0.454529
0.755489
0.600586
0.557772
0.87801
0.803539
0.871378
0.260869
0.559953
0.608371
0.402933
0.603123
0.276493
0.279352
0.574448
0.504463
0.982826
0.502636
0.016342
0.233807
0.139596
0.093694
0.241006
0.535041
0.530068
0.254776
0.609734
0.553547
0.893277
0.043736
0.988431
0.790132
0.069905
0.51002
0.980846
0.50776
0.464791
0.958748
0.120072
0.002904
0.788618
0.6164
0.682515
0.491953
0.515505
0.364926
0.622879
0.430979
0.261328
0.352303
0.53367
0.412262
0.502012
0.546437
0.760437
0.009512
0.436071
0.069329
0.583285
0.853287
0.882389
0.248502
0.695129
0.154553
0.066781
0.405627
0.080533
0.724397
0.825773
0.488368
0.186582
0.472503
0.163908
0.371583
0.467531
0.344186
0.751401
0.573061
0.163032
0.47939
0.648363
0.971326
0.673831
0.421723
0.776886
0.637102
0.789391
0.367455
0.835901
0.605812
0.340465
0.42341
0.547427
0.641248
0.946227
0.015702
0.173957
0.762213
0.574953
0.289926
0.031329
0.899317
0.496937
0.082218
0.795639
0.621954
0.985288
0.193179
0.3736
0.332567
0.769873
0.776495
0.932618
0.134994
0.067248
0.969074
0.352399
0.921496
0.689169
0.196316
0.082476
0.038554
0.285845
0.648512
0.881963
0.043983
0.451451
0.216841
0.762722
0.530955
0.911354
0.137753
0.542799
0.616317
0.471019
0.318548
0.600546
0.6177
0.870564
0.842042
0.002753
0.158456
0.353341
0.443832
0.634056
0.350206
0.132697
0.9002
0.082491
0.254603
0.004942
0.773359
0.40698
0.573839
0.630362
0.190356
0.093484
0.839536
0.882912
0.728393
0.754715
0.922891
0.031816
0.063013
0.039852
0.21409
0.419492
0.648342
0.790661
0.809236
0.476081
0.789889
0.323247
0.603351
0.464313
0.959399
0.463587
0.82715
0.932971
0.721448
0.541668
0.200486
0.218388
0.578154
0.594859
0.130917
0.833277
0.774867
0.787247
0.550494
0.090975
0.519673
0.957653
0.984198
0.435627
0.662867
0.618773
0.690408
0.641532
0.328925
0.580695
0.025553
0.535887
0.563078
0.987808
0.625694
0.983369
0.773725
0.074518
0.357213
0.215837
0.88632
0.142976
0.679554
0.303652
0.268454
0.217989
0.550121
0.248901
0.185945
0.146916
0.313062
0.705802
0.227074
0.542563
0.532789
0.062803
0.30726
0.175461
0.684625
0.669478
0.488857
0.218172
0.499786
0.367899
0.954075
0.029672
0.164645
0.906769
0.919387
0.622554
0.07244
0.320596
0.647175
0.232412
0.290983
0.243085
0.844163
0.125825
0.782185
0.52816
0.499506
0.912308
0.662874
0.72855
0.63653
0.566557
0.981829
0.244985
0.907382
0.721039
0.141709
0.409386
0.809347
0.890928
0.70931
0.298667
0.219796
0.716793
0.242856
0.962503
0.172877
0.834318
0.674414
0.920929
0.596271
0.231636
0.82056
0.133521
0.350981
0.043977
0.747279
0.711554
0.026549
0.252426
0.846551
0.138426
0.43537
0.552215
0.130175
0.811854
0.173518
0.213966
0.32341
0.491093
0.252434
0.654706
0.479387
0.255873
0.868728
0.716267
0.522751
0.120118
0.991892
0.816771
0.398378
0.105392
0.673634
0.243288
0.858566
0.071169
0.683005
0.086661
0.235998
0.796129
0.633645
0.341157
0.616255
0.668488
0.905614
0.582826
0.011157
0.922808
0.690651
0.717267
0.863543
0.69705
0.022839
0.493104
0.477506
0.819945
0.226102
0.161126
0.756057
0.012236
0.195973
0.042808
0.986024
0.825061
0.988227
0.352432
0.770147
0.332652
0.366226
0.920762
0.199478
0.604513
0.00896
0.343567
0.14305
0.061484
0.141315
0.230445
0.822716
0.819187
0.363491
0.556363
0.256444
0.310962
0.713421
0.73718
0.057329
0.777043
0.629205
0.275127
0.383064
0.163519
0.732699
0.237812
0.480415
0.865632
0.386551
0.451165
0.710571
0.625933
0.49773
0.482907
0.355497
0.741544
0.236661
0.722416
0.913445
0.316961
0.235859
0.385492
0.934261
0.866892
0.943983
0.379068
0.436729
0.694412
0.996181
0.449498
0.17135
0.598469
0.511148
0.279501
0.0456
0.057858
0.740843
0.547445
0.597373
0.939159
0.591865
0.018575
0.165705
0.37965
0.885344
0.155622
0.30289
0.799163
0.597998
0.254367
0.978178
0.413481
0.577966
0.49707
0.603435
0.807634
0.49995
0.281993
0.426961
0.138877
0.934843
0.906597
0.678258
0.795197
0.100669
0.377022
0.730128
0.57375
0.363737
0.220058
0.22124
0.76134
0.370127
0.091107
0.234345
0.494675
0.057398
0.862674
0.55938
0.839296
0.243338
0.070643
0.860725
0.366122
0.039046
0.658483
0.467714
0.084098
0.275546
0.063724
0.352614
0.873662
0.265837
0.535258
0.933337
0.005047
0.838416
0.484154
0.576141
0.998709
0.443633
0.542234
0.972376
0.916529
0.806196
0.158845
0.052127
0.21837
0.641699
0.720982
0.671081
0.995201
0.249472
0.758814
0.749303
0.899867
0.997645
0.850552
0.867658
0.653877
0.372139
0.355797
0.619576
0.77502
0.858253
0.176325
0.175968
0.22458
0.471095
0.354634
0.574103
0.309805
0.84702
0.248612
0.296412
0.678693
0.402809
0.396339
0.351935
0.60565
0.3149
0.501811
0.04032
0.746222
0.719608
0.784082
0.716672
0.227661
0.586692
0.578977
0.964576
0.175077
0.623108
0.646987
0.348197
0.153718
0.662256
0.47059
0.634018
0.586026
0.08218
0.28735
0.975562
0.394379
0.957063
0.482909
0.552499
0.566548
0.510853
0.110339
0.510964
0.899019
0.280071
0.742756
0.999015
0.044762
0.611774
0.01178
0.734073
0.6982
0.949059
0.889518
0.435179
0.436394
0.006963
0.304624
0.908039
0.496393
0.887053
0.039784
0.367179
0.026176
0.410032
0.619183
0.452527
0.220052
0.220119
0.601853
0.388181
0.144477
0.000316
0.807882
0.977569
0.886478
0.16408
0.32907
0.776576
0.369687
0.031918
0.301622
0.485792
0.596582
0.866369
0.909706
0.071349
0.650227
0.460018
0.070132
0.304597
0.833305
0.112294
0.780872
0.509757
0.066833
0.988708
0.206023
0.837253
0.333578
0.846414
0.668344
0.057808
0.285793
0.250482
0.983474
0.483897
0.883958
0.733582
0.560128
0.724492
0.990462
0.039902
0.006334
0.683829
0.521961
0.326615
0.007622
0.673917
0.410757
0.739318
0.934073
0.437678
0.067459
0.333946
0.443558
0.734922
0.155008
0.784654
0.873519
0.796295
0.77591
0.653287
0.364297
0.476715
0.855646
0.017237
0.956029
0.841817
0.274427
0.662402
0.518494
0.965842
0.37907
0.964243
0.842246
0.964587
0.431634
0.091803
0.633106
0.836546
0.348405
0.473317
0.445405
0.117921
0.553125
0.702177
0.097399
0.639301
0.70328
