256 2 3
0
13
186
1
9
73
2
220
230
3
18
205
4
49
65
5
135
254
6
54
200
7
61
163
8
43
223
9
64
165
10
29
207
11
240
245
11
12
207
13
90
106
14
147
226
15
128
217
16
215
238
17
74
114
18
30
97
19
105
138
20
85
212
21
56
81
22
177
200
23
84
181
5
20
24
25
59
175
26
81
249
7
27
165
28
166
196
2
29
155
30
87
227
31
147
248
32
124
200
33
94
214
34
57
69
35
39
182
30
36
89
37
201
220
23
38
67
39
62
115
40
139
174
41
59
119
42
69
179
43
163
194
44
167
195
45
109
146
16
46
132
18
47
103
48
127
186
49
66
179
24
27
50
51
195
207
52
220
252
53
65
136
54
90
188
55
111
172
56
163
213
57
121
131
46
58
194
13
46
59
60
224
225
2
61
117
62
158
168
63
135
212
49
64
90
29
65
199
66
157
209
53
67
118
68
205
248
69
132
247
57
70
147
27
71
200
42
72
81
23
73
181
74
130
248
75
141
206
48
76
186
77
97
137
78
207
228
36
79
159
80
188
224
10
30
81
40
58
82
83
119
200
84
127
251
85
109
129
36
86
99
62
87
90
58
88
189
40
89
200
90
185
240
5
91
244
92
93
140
80
93
158
66
94
224
95
168
172
96
143
213
97
224
242
98
207
242
82
99
209
100
111
234
101
121
235
69
102
160
77
103
196
15
50
104
105
116
158
106
198
235
66
107
220
93
108
182
105
109
125
44
107
110
2
111
221
49
99
112
9
113
211
1
87
114
115
169
173
3
116
169
48
49
117
4
59
118
16
119
235
26
120
163
33
121
243
111
122
210
107
123
205
50
124
149
40
125
249
34
126
238
40
68
127
66
72
128
17
73
129
130
131
153
25
131
163
132
174
214
27
133
223
128
134
149
6
135
227
136
196
233
47
123
137
138
212
237
19
139
190
51
139
140
90
115
141
63
106
142
38
143
201
31
144
217
52
119
145
100
146
242
11
147
192
148
162
225
131
149
224
19
150
177
96
118
151
69
152
220
13
153
158
67
141
154
27
155
164
33
128
156
39
157
160
6
158
231
42
153
159
20
112
160
142
157
161
55
118
162
11
158
163
124
164
226
76
165
195
76
83
166
93
111
167
60
78
168
57
169
209
103
126
170
44
171
235
92
172
190
74
173
247
154
174
178
74
81
175
56
176
207
102
177
184
9
32
178
45
154
179
44
74
180
155
178
181
7
100
182
90
171
183
84
184
203
44
185
237
60
186
225
187
191
244
145
188
225
158
189
237
15
110
190
18
166
191
116
143
192
134
193
195
43
169
194
181
195
221
185
196
233
81
188
197
78
87
198
70
199
225
9
200
210
5
62
201
117
165
202
122
203
250
86
135
204
138
158
205
2
206
254
22
177
207
152
159
208
54
164
209
82
97
210
95
211
249
145
197
212
37
203
213
124
200
214
151
206
215
160
194
216
89
164
217
99
101
218
112
138
219
0
130
220
74
221
225
38
178
222
164
223
230
205
224
233
63
225
239
142
215
226
148
224
227
180
189
228
73
229
235
167
186
230
25
231
236
138
203
232
170
233
254
105
115
234
38
226
235
94
119
236
25
147
237
21
117
238
53
119
239
56
163
240
103
181
241
122
188
242
35
96
243
1
229
244
23
48
245
7
72
246
226
246
247
43
122
248
241
249
250
89
244
250
110
133
251
18
159
252
15
23
253
63
68
254
40
219
255
0.889278
0.103618
0.992569
0.683414
0.942665
0.06414
0.484042
0.279034
0.948404
0.571288
0.990272
0.503468
0.052994
0.395544
0.347919
0.892616
0.569106
0.044732
0.196127
0.724212
0.080867
0.517053
0.885121
0.029556
0.500651
0.173271
0.720738
0.754634
0.397798
0.327031
0.336503
0.490838
0.270527
0.927139
0.717076
0.999039
0.418599
0.005626
0.010367
0.164505
0.860028
0.453656
0.415018
0.260473
0.040025
0.337192
0.667372
0.721849
0.101563
0.23868
0.448813
0.199027
0.932271
0.650228
0.987212
0.221618
0.521468
0.997196
0.847033
0.779207
0.478758
0.449094
0.059773
0.294111
0.632509
0.938275
0.393801
0.487523
0.567104
0.18213
0.374717
0.020509
0.65813
0.83258
0.714196
0.794671
0.799429
0.10788
0.141557
0.516804
0.601351
0.3607
0.085952
0.758115
0.132596
0.56121
0.456247
0.282881
0.664974
0.257183
0.502534
0.907589
0.900818
0.877685
0.827216
0.640514
0.950824
0.308086
0.654113
0.653225
0.484408
0.0864
0.13861
0.258095
0.735768
0.132564
0.162101
0.807219
0.24874
0.592438
0.022968
0.417283
0.475013
0.668121
0.932109
0.213342
0.236448
0.177681
0.347106
0.885702
0.395488
0.229789
0.950691
0.655698
0.952903
0.454099
0.838633
0.858487
0.662799
0.175349
0.516187
0.858841
0.786449
0.345147
0.928423
0.58717
0.191306
0.82215
0.411802
0.539081
0.790878
0.727156
0.194403
0.166703
0.463975
0.73682
0.895981
0.034677
0.765605
0.101822
0.718419
0.593075
0.841108
0.507071
0.937062
0.152116
0.771405
0.424261
0.107206
0.380651
0.527545
0.939116
0.549307
0.35387
0.044594
0.784138
0.709394
0.701515
0.681385
0.829589
0.066598
0.90521
0.313765
0.161375
0.022031
0.261671
0.807356
0.138961
0.091577
0.147085
0.400042
0.188016
0.916721
0.92758
0.622828
0.054672
0.473299
0.917935
0.899318
0.831686
0.248422
0.747928
0.998022
0.733168
0.40621
0.777818
0.855349
0.127341
0.429991
0.839138
0.616169
0.48037
0.726381
0.286774
0.240574
0.065206
0.173131
0.153184
0.193255
0.263659
0.503009
0.087408
0.428597
0.236008
0.716314
0.186376
0.674143
0.966451
0.420562
0.022711
0.545054
0.879289
0.275336
0.829758
0.634785
0.921892
0.695023
0.469424
0.89536
0.630315
0.968611
0.187345
0.105053
0.297093
0.266393
0.845107
0.16832
0.395875
0.673747
0.321419
0.89271
0.191914
0.453483
0.750101
0.562681
0.566865
0.77477
0.410784
0.061743
0.798956
0.7815
0.1678
0.810191
0.961199
0.726718
0.187791
0.543603
0.880518
0.058917
0.190039
0.300679
0.221359
0.968761
0.553735
0.48138
0.652428
0.516716
0.333507
0.358194
0.27519
0.429202
0.266384
0.154893
0.486925
0.239519
0.037072
0.923676
0.060192
0.834647
0.405706
0.613254
0.386911
0.823894
0.821817
0.602338
0.160929
0.524662
0.17913
0.730304
0.425361
0.519909
0.001876
0.834554
0.034445
0.671154
0.122203
0.691727
0.404524
0.158171
0.477168
0.570005
0.982898
0.786656
0.223677
0.705335
0.448045
0.564964
0.169973
0.729729
0.791583
0.505821
0.456616
0.902061
0.826515
0.624106
0.69771
0.221817
0.366669
0.604112
0.611299
0.921018
0.285863
0.84873
0.195602
0.044362
0.063562
0.225708
0.315913
0.47883
0.393649
0.144912
0.507323
0.574937
0.521721
0.903225
0.768955
0.794865
0.701956
0.70526
0.933588
0.341478
0.515719
0.039905
0.97663
0.360361
0.204218
0.696261
0.979956
0.633796
0.559671
0.738638
0.670331
0.41411
0.431922
0.746984
0.244939
0.028818
0.154369
0.335462
0.108539
0.71965
0.844075
0.152248
0.165438
0.699876
0.30568
0.487632
0.706575
0.522649
0.351106
0.9317
0.003413
0.85818
0.559803
0.500129
0.334679
0.591622
0.00031
0.056843
0.536658
0.671476
0.015584
0.548757
0.743384
0.609232
0.174983
0.33379
0.794
0.391616
0.309204
0.909247
0.695892
0.578566
0.084367
0.362478
0.99265
0.385594
0.895793
0.741785
0.697105
0.686473
0.628026
0.288463
0.086232
0.262493
0.351916
0.776726
0.047907
0.094849
0.422852
0.91298
0.9694
0.144911
0.219599
0.924283
0.790244
0.372061
0.108282
0.144897
0.775288
0.522986
0.868455
0.726932
0.962299
0.541518
0.484565
0.657835
0.304477
0.477145
0.156189
0.58777
0.09047
0.639826
0.841737
0.50196
0.48743
0.080523
0.600938
0.313284
0.030582
0.11094
0.285478
0.96296
0.130886
0.301333
0.049172
0.277095
0.968071
0.173239
0.377186
0.240115
0.754823
0.614104
0.006529
0.812791
0.502932
0.125054
0.443784
0.369072
0.57325
0.181818
0.493282
0.170084
0.247133
0.173425
0.487317
0.705238
0.857888
0.784217
0.717701
0.642644
0.010775
0.285718
0.888269
0.792871
0.115795
0.737395
0.628455
0.409184
0.89771
0.257629
0.038787
0.738069
0.343644
0.097366
0.154816
0.940566
0.150146
0.59817
0.974426
0.687306
0.010063
0.560111
0.600764
0.659675
0.723505
0.64907
0.103872
0.345339
0.82109
0.803506
0.898148
0.823551
0.231023
0.033636
0.685806
0.380091
0.699883
0.232804
0.816464
0.038966
0.113864
0.213446
0.624779
0.430841
0.341708
0.803749
0.281088
0.394228
0.575872
0.977346
0.276969
0.124678
0.349466
0.8847
0.620399
0.954786
0.991395
0.476876
0.646644
0.251109
0.968462
0.714134
0.95476
0.297376
0.525551
0.404729
0.063777
0.155296
0.981917
0.847036
0.086885
0.966208
0.115713
0.579766
0.035609
0.195094
0.362172
0.465842
0.475717
0.414139
0.751681
0.908893
0.444995
0.991233
0.587556
0.280903
0.111048
0.890986
0.297535
0.635922
0.324484
0.007864
0.842013
0.72784
0.111987
0.351134
0.963104
0.57811
0.75463
0.562785
0.323593
0.754939
0.469073
0.366849
0.876539
0.107924
0.360325
0.188236
0.008708
0.318253
0.917802
0.000652
0.276531
0.570672
0.459105
0.608059
0.266397
0.922635
0.158116
0.115179
0.524895
0.662536
0.98201
0.588953
0.182803
0.35762
0.149553
0.764778
0.114762
0.610306
0.710836
0.655446
0.824505
0.197036
0.875909
0.063779
0.039881
0.838017
0.76926
0.93556
0.44973
0.560505
0.333383
0.313276
0.489359
0.127532
0.562653
0.447757
0.390363
0.134379
0.705455
0.601605
0.898984
0.293174
0.947919
0.129926
0.843661
0.032627
0.590737
0.444773
0.326714
0.199873
0.609765
0.226302
0.117308
0.109757
0.515313
0.063663
0.645278
0.171667
0.472179
0.210541
0.349594
0.172777
0.129035
0.065837
0.206774
0.476693
0.660373
0.004222
0.883036
0.293964
0.884666
0.646921
0.327067
0.005026
0.486293
0.94871
0.680709
0.804362
0.264325
0.930951
0.269505
0.810566
0.001974
0.484957
0.373055
0.564155
0.296997
0.124639
0.752374
0.180897
0.835331
0.368417
0.951441
0.825637
0.52373
0.469502
0.498465
0.6542
0.486332
0.025575
0.331951
0.050231
0.265265
0.494909
0.05707
0.121457
0.577819
0.763817
0.351245
0.302079
0.751082
0.850912
0.079686
0.787787
0.930709
0.160027
0.298908
0.566931
0.803425
0.582022
0.557799
0.367606
0.476092
0.804867
0.912452
0.230499
0.455018
0.565256
0.288522
0.571434
0.140137
0.953871
0.66438
0.135023
0.087061
0.022031
0.892822
0.708462
0.226965
0.434312
0.881182
0.645041
0.96149
0.227055
0.224746
0.516598
0.027001
0.002337
0.28912
0.067452
0.065138
0.340621
0.343786
0.928314
0.870761
0.404481
0.219243
0.523388
0.599262
0.188063
0.932913
0.283481
0.287171
0.318653
0.805706
0.983501
0.737017
0.019595
0.458634
0.441801
0.568884
0.262001
0.864099
0.266196
0.601769
0.501028
0.651977
0.574752
0.869077
0.696989
0.506619
0.594218
0.362464
0.963226
0.947515
0.732893
0.650526
0.05553
0.49791
0.544842
0.926142
0.999273
0.162983
0.586841
0.979434
0.920977
0.305687
0.885728
0.960263
0.642885
0.243554
0.044806
0.688803
0.719304
0.600449
0.580975
0.13473
0.356469
0.646438
0.152169
0.070592
0.137188
0.115258
0.994652
0.324534
0.884524
0.24314
0.746688
0.607029
0.738783
0.647084
0.420071
0.033537
0.84183
0.840265
0.821852
0.442664
0.100319
0.166352
0.005557
0.022496
0.17312
0.730107
0.190901
0.04075
0.016913
0.645077
0.669731
0.75091
0.096834
0.803342
0.109459
0.969375
0.218628
0.645352
0.621258
0.693807
0.797195
0.934557
0.569597
0.009756
0.528906
0.020452
0.768328
0.806084
0.963737
0.514415
0.030999
0.538946
0.554915
0.886799
0.974297
0.919374
0.741488
0.897363
0.180969
0.119465
0.790752
0.595144
0.760735
0.34835
0.083133
0.741065
0.228255
0.770378
0.011931
0.840276
0.535852
0.667423
0.095906
0.956495
0.322673
0.680188
0.250423
0.259775
0.264004
0.731703
0.002689
0.585019
0.174663
0.351623
0.360535
0.227183
0.352314
0.939549
0.077119
0.135694
0.245017
0.894332
0.577184
0.252043
0.664098
0.082237
0.743188
0.230822
0.192787
0.097461
0.909326
0.019497
0.749326
0.513817
0.956868
0.405041
0.920172
0.801208
0.229195
0.184563
0.200555
0.139852
0.638264
0.538623
0.944849
0.620423
0.020645
0.530527
0.722018
0.890154
0.053065
0.829583
0.808236
0.801705
0.36612
0.098141
0.434053
0.141395
0.839187
0.343913
0.496788
0.443692
0.931806
0.371189
0.881064
0.879551
0.575857
0.160383
0.920278
0.32468
0.582229
0.614485
0.073177
0.207292
0.199629
0.617124
0.167641
0.583466
0.519019
0.005273
0.798755
0.513941
0.338438
0.33254
0.220187
0.666449
0.363834
0.775263
0.663943
0.840549
0.077955
0.437873
0.088793
0.950727
0.971262
0.562215
0.474452
0.39034
0.8497
0.528471
0.48408
0.449811
0.344658
0.799998
0.285284
0.119557
0.667369
0.474618
0.172164
0.099254
0.949627
0.830044
0.470709
0.539446
0.058984
0.421269
0.347558
0.863489
0.118737
0.063916
0.262965
0.313396
0.776971
0.742808
0.878704
0.345406
0.645381
0.482544
0.361252
0.77908
0.19014
0.42278
0.387
0.223899
0.423829
0.168402
0.325398
0.728463
0.084137
0.099958
0.727461
0.904016
0.291863
0.148975
0.184899
0.258156
0.404345
0.978755
0.683058
0.347734
0.62513
0.230477
0.59488
0.26617
0.739264
0.664286
0.130665
0.350271
0.879894
0.962963
0.433409
0.759376
0.153432
0.908687
0.44488
0.170142
0.359245
0.14891
0.699085
0.061707
0.311421
0.923963
0.759114
0.629688
0.244047
0.801313
0.695911
0.844602
0.124302
0.420664
0.1392
0.11291
0.013607
0.827599
0.036622
0.09888
0.828861
0.947316
0.754458
0.965993
0.662342
0.515711
0.461641
0.471741
0.493288
0.636741
0.84441
0.653994
0.149741
0.817291
0.033213
0.695955
0.920116
0.550989
0.978276
0.566922
0.793247
0.359307
0.626149
0.853119
0.728134
0.848496
0.075146
0.246163
0.706894
0.033508
0.132932
0.155691
0.278472
0.374363
0.407105
0.484695
0.35382
0.087007
0.017297
0.754829
0.708069
0.157121
0.355129
0.223901
0.873054
0.676342
0.27167
0.911943
0.537858
0.921938
0.020341
0.152662
0.32478
0.382275
0.789925
0.264234
0.220985
0.588426
0.178076
0.660551
0.347409
0.150521
0.127069
0.794131
0.677467
0.251775
0.016091
0.475948
0.75985
0.492362
0.353932
0.062739
0.272953
0.757737
0.671162
0.904236
0.287337
0.397979
0.227637
0.744652
0.126247
0.170937
0.051373
0.147364
0.821401
0.530714
0.258424
0.452338
0.568132
0.734385
0.684392
0.498228
0.091572
0.021802
0.330591
0.710322
0.843265
0.12919
0.612848
0.494255
0.713852
0.704146
0.873751
0.655368
0.071807
0.160236
0.601677
0.284664
0.271485
0.411281
0.134921
0.069437
0.317313
0.341006
0.370693
0.506025
0.8531
0.30385
0.056774
0.763381
0.431196
0.019652
0.166247
0.020006
0.956633
0.371795
0.796045
0.313987
0.843714
0.646797
0.82518
0.412562
0.661172
0.890079
0.278809
0.152541
0.082972
0.77331
0.248425
0.12822
0.612788
0.619544
0.104764
0.323322
0.311508
0.006776
0.597908
0.92476
0.783921
0.453175
0.510792
0.357448
0.858847
0.876297
0.982821
0.989855
0.007557
0.455781
0.231821
0.220253
0.081511
0.595751
0.27749
0.031521
0.063938
0.971056
0.347528
0.592238
0.438811
0.332898
0.882891
0.17513
0.711737
0.421551
0.575601
0.37425
0.43006
0.851043
0.786713
0.515493
0.492056
0.741335
0.739958
0.17318
0.900912
0.585589
0.8792
0.537227
0.486244
0.248036
0.473192
0.308972
0.645593
0.49257
0.255516
0.01386
0.785622
0.638801
0.545655
0.989026
0.764596
0.352515
0.334907
0.111953
0.886847
0.514745
0.420629
0.320733
0.546442
0.659578
0.180788
0.503816
0.025284
0.798516
0.909246
0.981796
0.899565
0.945689
0.026163
0.267367
0.085649
0.912284
0.632997
0.887007
0.219221
0.118964
0.643906
0.778207
0.752883
0.549261
0.44953
0.945445
0.083574
0.459187
0.048211
0.59291
0.467113
0.92435
0.395722
0.632065
0.344462
0.855975
0.952801
0.027425
0.27717
0.032633
0.397011
0.659501
0.795815
0.578111
0.752767
0.338706
0.270329
0.510218
0.225789
0.202158
0.07802
0.683759
0.526883
0.261803
0.560898
0.60194
0.034063
0.618306
0.514731
0.345603
0.949525
0.171221
0.021516
0.993688
0.320541
0.42352
0.251944
0.534982
0.352574
0.1628
0.061593
0.718761
0.469362
0.431073
0.616365
0.215392
0.569327
0.144139
0.840097
0.915254
0.379671
0.191813
0.880052
0.506421
0.810528
0.1673
0.276503
0.941034
0.024998
0.603961
0.529007
0.483425
0.153773
0.699485
0.527883
0.633183
0.010294
0.545403
0.76363
0.373097
0.93791
0.712692
0.892088
0.972748
0.447604
0.606758
0.293013
0.950589
0.515191
0.867501
0.14224
0.674177
0.553858
0.95568
0.115582
0.497909
0.542701
0.63784
0.887688
0.14755
0.601513
0.476766
0.010579
0.665902
0.009938
0.402866
0.321096
0.153275
0.980358
0.734839
0.091401
0.924702
0.126611
0.966357
0.977031
0.089288
0.337951
0.319023
0.468007
0.96068
0.759229
0.400697
0.540119
0.308622
0.060991
0.856536
0.154838
0.801781
0.126228
0.233298
0.823557
0.94633
0.087671
0.170292
0.899587
0.073403
0.065368
0.630486
0.750379
0.462158
0.179056
0.716389
0.00236
0.143393
0.298115
0.03339
0.210265
0.314231
0.816626
0.057041
0.631171
0.088254
0.386553
0.879186
0.924286
0.860966
0.651726
0.085993
0.329193
0.153332
0.979779
0.035294
0.716316
0.087045
0.978985
0.696833
0.022458
0.825478
0.5607
0.372583
0.084036
0.12528
0.253657
0.390507
0.190367
0.977121
0.362266
0.877837
0.482092
0.056797
0.02648
0.809377
0.216417
0.870734
0.143581
0.206292
0.824892
0.762199
0.661363
0.62082
0.707632
0.225234
0.555484
0.096447
0.65126
0.157414
0.770298
0.01609
0.050316
0.986418
0.079612
0.492387
0.463943
0.544508
0.958005
0.821951
0.551283
0.932939
0.523874
0.252692
0.151451
0.225205
0.498043
0.30581
0.939602
0.701443
0.281802
0.670759
0.528703
0.11972
0.374002
0.429548
0.182829
0.462671
0.597246
0.992018
0.512637
0.985932
0.156684
0.130127
0.32662
0.458637
0.647428
0.865016
0.335063
0.198528
0.15307
0.823821
0.339537
0.253362
0.557494
0.63536
0.313843
0.078053
0.863079
0.506891
0.807327
0.298404
0.666487
0.518863
0.912024
0.220563
0.716881
0.991039
0.829589
0.867501
0.431595
0.838151
0.362358
0.937158
0.012202
0.017689
0.566555
0.456243
0.720869
0.066152
0.633037
0.572278
0.3787
0.859724
0.903789
0.981629
0.508946
0.804535
0.467494
0.244618
0.080747
0.104513
0.239043
0.586494
0.74345
0.765948
0.536921
0.821545
0.694239
0.777061
0.468916
0.776898
0.995648
0.801668
0.601555
0.007389
0.031572
0.580749
0.898977
0.729198
0.266045
0.660147
0.767516
0.787386
0.180807
0.704733
0.009806
0.480887
0.119832
0.900145
0.880348
0.736292
0.17603
0.576102
0.18078
0.316149
0.86678
0.003248
0.382806
0.879898
0.692621
0.133255
0.011016
0.113605
0.001185
0.638436
0.230439
0.713507
0.116166
0.930273
0.180378
0.651497
0.543539
0.735064
0.751506
0.48535
0.488696
0.297389
0.282973
0.885615
0.244125
0.149241
0.200086
0.899415
0.488158
0.311684
0.225395
0.390097
0.953
0.441678
0.295023
0.231029
0.673691
0.782875
0.786774
0.339608
0.600526
0.750178
0.714055
0.3509
0.43652
0.984839
0.653317
0.691448
0.829168
0.691759
0.394412
0.265037
0.545332
0.386802
0.68167
0.891037
0.066565
0.427061
0.224965
0.182785
0.953998
0.317042
0.039983
0.554326
0.73837
0.771353
0.994431
0.859642
0.164103
0.163982
0.407483
0.602772
0.759694
0.573024
0.059997
0.398199
0.030569
0.448315
0.421013
0.0339
0.999482
0.412837
0.295063
0.330427
0.897436
0.92135
0.817472
0.326373
0.254025
0.412081
0.347253
0.968832
0.709127
0.345125
0.751643
0.503935
0.363517
0.055283
0.073006
0.500059
0.688438
0.988858
0.632111
0.698479
0.442243
0.789983
0.158345
0.629283
0.014325
0.620904
0.031026
0.524381
0.789931
0.845105
0.989386
0.622801
0.840476
0.639748
0.126275
0.732762
0.177413
0.736373
0.307066
0.33965
0.970243
0.715099
0.062455
0.324822
0.281592
0.925051
0.647698
0.335731
0.235355
0.52731
0.887238
0.130124
0.539684
0.690315
0.71595
0.805209
0.404312
0.050737
0.163184
0.254786
0.723501
0.996306
0.524249
0.200814
0.438531
0.380263
0.209275
0.439529
0.914563
0.973924
0.275994
0.873454
0.828202
0.900323
0.180371
0.30434
0.005821
0.467234
0.276551
0.947066
0.228425
0.994184
0.955861
0.019268
0.588841
0.924953
0.115187
0.644661
0.08266
0.670531
0.481724
0.980359
0.962357
0.999888
0.60431
0.577057
0.01155
0.560348
0.053426
0.564807
0.000342
0.074935
0.566096
0.741014
0.55978
0.535403
0.556845
0.157091
0.64935
0.690157
0.063835
0.831867
0.639978
0.878006
0.575959
0.031451
0.569397
0.677395
0.022513
0.554367
0.947268
0.522249
0.346564
0.552866
0.402502
0.9127
0.491847
0.221277
0.611816
0.985051
0.014034
0.057696
0.690389
0.049924
0.543492
0.994231
0.676014
0.137995
0.72794
0.518445
0.936949
0.991765
0.939985
0.631698
0.600286
0.80084
0.061377
0.818936
0.176688
0.625829
0.569108
0.99255
0.34668
0.146543
0.267497
0.280651
0.785144
0.173859
0.410329
0.630096
0.640333
0.115042
0.281517
0.355931
0.704943
0.788503
0.662375
0.929465
0.648753
0.060023
0.209569
0.835321
0.263682
0.017869
0.648493
0.527667
0.389133
0.388417
0.010731
0.777882
0.656322
0.061396
0.142785
0.608074
0.961702
0.358569
0.210576
0.339646
0.693067
0.914945
0.524709
0.21564
0.542707
0.333111
0.184535
0.517214
0.536073
0.066321
0.012923
0.03221
0.030635
0.443099
0.467597
0.103169
0.508853
0.470754
0.605477
0.803475
0.795995
0.602935
0.23099
0.39754
0.158491
0.779364
0.208851
0.776878
0.147633
0.328945
0.778014
0.86349
0.306413
0.591764
0.590368
0.037223
0.75692
0.700849
0.124569
0.234814
0.530486
0.944368
0.856374
0.690349
0.640074
0.15632
0.469692
0.789931
0.297745
0.795632
0.484028
0.034935
0.631363
0.49428
0.915861
0.316956
0.495734
0.942249
0.415399
0.30843
0.223357
0.122217
0.468636
0.337155
0.206676
0.132627
0.519957
0.950176
0.132707
0.57709
0.419277
0.985704
0.901946
0.16176
0.39859
0.38565
0.532802
0.781003
0.038816
0.877564
0.356308
0.958122
0.333272
0.981338
0.205875
0.134383
0.349354
0.503793
0.16778
0.35545
0.116797
0.606763
0.670709
0.188479
0.469123
0.45559
0.794494
0.809206
0.426119
0.047504
0.872914
0.102894
0.974869
0.09194
0.48329
0.859544
0.123708
0.399771
0.956635
0.999429
0.752306
0.237405
0.674131
0.281461
0.563084
0.045532
0.415661
0.155416
0.063454
0.982533
0.318982
0.131993
0.040089
0.619469
0.588354
0.39664
0.581804
0.42717
0.02275
0.676934
0.085393
0.107553
0.601657
0.657019
0.711654
0.949964
0.238481
0.375663
0.607358
0.316891
0.203566
0.633876
0.148233
0.386544
0.448048
0.17494
0.011174
0.243039
0.08821
0.507153
0.525993
0.969096
0.858576
0.386373
0.576045
0.063538
0.170939
0.49275
0.45234
0.70469
0.493971
0.612611
0.388472
0.007947
0.213183
0.203353
0.227285
0.091084
0.705147
0.130254
0.606769
0.864464
0.393198
0.822465
0.260513
0.999536
0.549567
0.043339
0.091909
0.233631
0.045863
0.149466
0.491463
0.97241
0.911725
0.965782
0.4257
0.140223
0.872258
0.423625
0.132389
0.901584
0.697093
0.447458
0.233934
0.914578
0.030227
0.53483
0.554215
0.007112
0.308471
0.689275
0.733155
0.497339
0.800402
0.053641
0.166904
0.756155
0.658118
0.656707
0.611753
0.898574
0.409589
0.370204
0.584141
0.826939
0.983605
0.976967
0.244056
0.777248
0.001086
0.460447
0.858005
0.145034
0.352383
0.683447
0.150364
0.016363
0.104964
0.513288
0.754916
0.768861
0.498469
0.3004
0.373192
0.337607
0.544946
0.891164
0.601744
0.593209
0.102614
0.764889
0.938778
0.316401
0.270463
0.922046
0.673988
0.606978
0.521117
0.756962
0.205489
0.605012
0.363634
0.134029
0.262681
0.542726
0.347594
0.476449
0.449196
0.266836
0.114243
0.616846
0.246491
0.411385
0.530676
0.659703
0.275195
0.532295
0.139984
0.602407
0.312257
0.997998
0.512185
0.208094
0.457499
0.636518
0.662616
0.592559
0.722638
0.35872
0.26136
0.453265
0.300102
0.580939
0.482177
0.977895
0.876682
0.173692
0.002247
0.114632
0.845353
0.40022
0.437525
0.723241
0.375247
0.129131
0.461404
0.464086
0.726107
0.24116
0.130834
0.985326
0.13333
0.625593
0.663003
0.839478
0.22786
0.772388
0.306152
0.505918
0.221422
0.63319
0.221028
0.029827
0.586992
0.842013
0.221948
0.674795
0.889702
0.358071
0.256477
0.85884
0.513909
0.064482
0.506114
0.98978
0.598255
0.109994
0.080666
0.560807
0.915483
0.596998
0.224226
0.7662
0.53934
0.844531
0.638116
0.040264
0.039707
0.903641
0.43915
0.263684
0.844628
0.634525
0.362822
0.892294
0.498521
0.943267
0.804568
0.214881
0.131369
0.526839
0.040967
0.489536
0.544466
0.617632
0.556923
0.099241
0.735107
0.602674
0.45249
0.60554
0.231273
0.358082
0.665113
0.86691
0.46792
0.86092
0.090279
0.620621
0.091365
0.967466
0.771317
0.206538
0.648728
0.835494
0.94062
0.715806
0.261042
0.673146
0.869445
0.234241
0.715583
0.12716
0.037907
0.798128
0.775377
0.290694
0.307612
0.531075
0.909097
0.747716
0.50498
0.570925
0.749199
0.761631
0.36797
0.654554
0.867505
0.5303
0.798528
0.589383
0.495132
0.459515
0.840739
0.111854
0.22346
0.322986
0.252728
0.949606
0.14074
0.507538
0.565774
0.875722
0.735272
0.259401
0.368052
0.223714
0.760358
0.691549
0.581379
0.329681
0.211749
0.239891
0.426415
0.492302
0.860695
0.091861
0.26133
0.681328
0.598026
0.227304
0.34322
0.172709
0.663304
0.128221
0.56725
0.171667
0.615596
0.960514
0.109836
0.189695
0.566021
0.925747
0.188508
0.622851
0.717142
0.59855
0.918673
0.56006
0.565662
0.716567
0.976698
0.013681
0.943576
0.611876
0.548193
0.581859
0.717814
0.638316
0.032259
0.299874
0.784504
0.18462
0.365545
0.175225
0.911182
0.134631
0.847694
0.902534
0.341502
0.953709
0.778878
0.953898
0.12973
0.633061
0.557752
0.000862
0.632739
0.28944
0.495636
0.30255
0.543255
0.652173
0.002936
0.530831
0.380734
0.332622
0.03261
0.992868
0.508472
0.732237
0.964822
0.983365
0.272724
0.794893
0.148254
0.740719
0.248224
0.933509
0.349349
0.596494
0.405957
0.280409
0.041386
0.597457
0.076815
0.426236
0.694796
0.845858
0.271248
0.926913
0.032799
0.039357
0.742287
0.324386
0.413809
0.773629
0.12882
0.536432
0.000619
0.527591
0.083981
0.630194
0.187167
0.016161
0.592276
0.614233
0.506133
0.208159
0.012831
0.616168
0.231344
0.533683
0.778667
0.188114
0.384777
0.520341
0.954214
0.167244
0.555931
0.20124
0.971699
0.195624
0.78197
0.673718
0.000939
0.999746
0.723245
0.705781
0.240699
0.315297
0.205302
0.461872
0.21667
0.780124
0.274627
0.2308
0.539855
0.779394
0.503347
0.099293
0.856129
0.190396
0.065469
0.273764
0.706438
0.421437
0.307922
0.295368
0.867585
0.323947
0.781339
0.328961
0.366916
0.037177
0.579972
0.428903
0.298651
0.008016
0.936991
0.080926
0.511854
0.603218
0.214061
0.697696
0.637938
0.294985
0.698316
0.770666
0.629846
0.918646
0.577709
0.212689
0.227349
0.207136
0.100761
0.011348
0.560313
0.48525
0.950544
0.890293
0.332985
0.131155
0.295651
0.864081
0.805937
0.330089
0.520181
0.949372
0.036412
0.114957
0.706933
0.879345
0.992776
0.799556
0.120683
0.060777
0.017469
0.14195
0.128572
0.533616
0.985877
0.817292
0.371869
0.387351
0.810085
0.788328
0.519118
0.273156
0.215881
0.483411
0.42678
0.351544
0.677187
0.379664
0.448261
0.569319
0.921269
0.46421
0.072544
0.570334
0.807378
0.275526
0.882253
0.037737
0.482177
0.533599
0.732667
0.464094
0.66772
0.358644
0.829438
0.585661
0.933379
0.307393
0.534384
0.257935
0.922676
0.151819
0.737926
0.039109
0.205211
0.860553
0.267941
0.247411
0.751768
0.198118
0.587648
0.157845
0.454633
0.464089
0.106322
0.803609
0.049636
0.527938
0.76277
0.075622
0.792996
0.260379
0.815734
0.985406
0.663592
0.464245
0.258712
0.401355
0.646047
0.49199
0.66638
0.68915
0.706631
0.375962
0.064591
0.242065
0.335555
0.713097
0.862815
0.576002
0.464684
0.820984
0.463286
0.605198
0.881513
0.101588
0.091431
0.611876
0.939709
0.215346
0.818313
0.434398
0.811725
0.198201
0.672362
0.802399
0.802078
0.762479
0.631093
0.625331
0.666109
0.402776
0.130867
0.838872
0.964563
0.302426
0.361688
0.421735
0.129586
0.606826
0.100039
0.707698
0.796407
0.142446
0.176994
0.659986
0.522343
0.292933
0.204096
0.473252
0.015487
0.435389
0.161753
0.120767
0.257229
0.079889
0.601303
0.684136
0.43535
0.222135
0.67853
0.198525
0.012418
0.340742
0.151333
0.596851
0.142719
0.740405
0.622746
0.153572
0.982057
0.407796
0.207844
0.074565
0.859657
0.211218
0.384835
0.105519
0.104546
0.038234
0.792639
0.38081
0.143075
0.768955
0.88587
0.705051
0.115157
0.849171
0.888985
0.942035
0.243306
0.808222
0.491047
0.436474
0.145559
0.115903
0.909665
0.398693
0.917963
0.960106
0.34858
0.181582
0.828383
0.795144
0.130042
0.114849
0.490312
0.325048
0.511362
0.010976
0.991344
0.530186
0.93529
0.27125
0.383331
0.823672
0.074338
0.362465
0.085444
0.952058
0.046274
0.936556
0.733837
0.130374
0.715413
0.37689
0.816647
0.129674
0.103628
0.014319
0.741466
0.244482
0.98301
0.321965
0.520742
0.894878
0.669008
0.159828
0.449631
0.378352
0.243438
0.223893
0.39186
0.363152
0.206386
0.138397
0.38083
0.804404
0.377091
0.062368
0.24806
0.889281
0.22701
0.762789
0.804792
0.839296
0.00315
0.338845
0.631006
0.35152
0.809167
0.803982
0.814302
0.545343
0.8352
0.166256
0.412244
0.997262
0.357881
0.264855
0.442707
0.161821
0.475312
0.038848
0.988844
0.757392
0.926831
0.568751
0.046043
0.667076
0.048078
0.370137
0.225419
0.60115
0.109888
0.625235
0.299669
0.732178
0.537685
0.405094
0.124002
0.843593
0.739967
0.209916
0.527485
0.779193
0.142635
0.749542
0.263793
0.742336
0.179956
0.115061
0.395761
0.47019
0.307538
0.092167
0.445514
0.583922
0.181983
0.453066
0.899273
0.925367
0.799671
0.657265
0.996012
0.341832
0.095496
0.409267
0.651494
0.063506
0.623914
0.407132
0.203775
0.996114
0.380155
0.974087
0.567834
0.68523
0.177329
0.968896
0.255949
0.891953
0.09526
0.21559
0.303417
0.955658
0.220053
0.590848
0.670621
0.452691
0.117396
0.957421
0.443744
0.388691
0.082461
0.212555
0.031125
0.069455
0.762893
0.862864
0.426305
0.930317
0.729742
0.432673
0.705539
0.129577
0.272327
0.469739
0.308779
0.478799
0.910283
0.826878
0.510518
0.549177
0.411385
0.300478
0.694429
0.300938
0.140639
0.821625
0.566337
0.72898
0.352315
0.270938
0.777651
0.66296
0.705032
0.600684
0.683651
0.202434
0.313984
0.745908
0.079726
0.116833
0.361765
0.232096
0.446033
0.678106
0.518671
0.225915
0.291256
0.219889
0.091246
0.52085
0.232009
0.690439
0.593607
0.053567
0.961372
0.649609
0.762477
0.562772
0.905584
0.35768
0.303335
0.187106
0.582132
0.490804
0.869955
0.959785
0.918117
0.001839
0.901455
0.600097
0.344664
0.270452
0.581978
0.660922
0.557435
0.725907
0.313019
0.355262
0.265448
0.850471
0.173428
0.59865
0.692235
0.060017
0.447825
0.714845
0.331977
0.94682
0.572325
0.118868
0.189857
0.116999
0.773003
0.611627
0.009992
0.375263
0.139953
0.439214
0.579433
0.723535
0.449857
0.531532
0.783284
0.905489
0.168419
0.246767
0.128165
0.5261
0.457037
0.448358
0.416891
0.945076
0.731208
0.144319
0.395013
0.955141
0.511636
0.31193
0.546424
0.134659
0.024958
0.015447
0.397577
0.846925
0.058197
0.134331
0.341164
0.511556
0.938916
0.07275
0.279473
0.423104
0.437976
0.40644
0.593217
0.073606
0.832639
0.180585
0.917677
0.798944
0.173565
0.632418
0.915664
0.092981
0.151576
0.195816
0.842971
0.681557
0.534353
0.795407
0.254926
0.608322
0.163001
0.644416
0.803603
0.493223
0.678438
0.331258
0.404179
0.889016
0.949229
0.850793
0.025947
0.439322
0.144107
0.910713
0.713882
0.459245
0.215364
0.191372
0.39322
0.299746
0.603723
0.441981
0.733208
0.872753
0.029579
0.112368
0.455973
0.049606
0.048811
0.287874
0.163551
0.925431
0.789782
0.651287
0.30902
0.590727
0.165927
0.306176
0.687736
0.269742
0.095906
0.067524
0.303941
0.465054
0.50221
0.612731
0.262633
0.240889
0.841591
0.696357
0.216711
0.298177
0.143076
0.171877
0.491407
0.668791
0.161966
0.388412
0.363948
0.737968
0.967564
0.640685
0.834206
0.513188
0.209231
0.091591
0.786555
0.584968
0.769515
0.706397
0.223039
0.743047
0.081991
0.269978
0.329564
0.047795
0.362232
0.085623
0.666118
0.283611
0.062009
0.694537
0.712499
0.0128
0.257375
0.333439
0.270457
0.503112
0.907679
0.37302
0.210114
0.925089
0.34077
0.558994
0.225489
0.458084
0.191485
0.826205
0.479203
0.030413
0.491287
0.797392
0.946115
0.904898
0.622606
0.986635
0.115447
0.578475
0.32066
0.831947
0.693193
0.140754
0.508854
0.427245
0.624516
0.12479
0.550141
0.49639
0.02351
0.312907
0.520512
0.505315
0.288154
0.161039
0.586619
0.00985
0.386962
0.408056
0.572276
0.10396
0.49613
0.714673
0.515247
0.59653
0.477658
0.92744
0.663189
0.902932
0.442986
0.088322
0.021105
0.07025
0.154428
0.680916
0.817561
0.222647
0.818154
0.472213
0.270966
0.033938
0.757911
0.450156
0.172093
0.68161
0.234218
0.368661
0.442815
0.901157
0.027191
0.398331
0.192043
0.24991
0.933526
0.565121
0.614537
0.180416
0.159982
0.752068
0.890323
0.366905
0.534987
0.257877
0.201548
0.119569
0.323708
0.347723
0.037966
0.544766
0.850141
0.847602
0.061594
0.316108
0.80174
0.782896
0.251469
0.444617
0.253674
0.989273
0.012271
0.390265
0.68759
0.843908
0.223469
0.326335
0.916548
0.721074
0.561232
0.814765
0.01689
0.08254
0.029331
0.04628
0.900762
0.645927
0.48033
0.156661
0.125839
0.592698
0.482729
0.039025
0.306995
0.092354
0.969661
0.032731
0.090208
0.898912
0.305639
0.863411
0.56612
0.395577
0.110475
0.616278
0.209838
0.531252
0.693829
0.380238
0.063352
0.600658
0.321301
0.808827
0.861323
0.085233
0.761566
0.292709
0.542742
0.957239
0.775347
0.094469
0.892016
0.158268
0.32956
0.759736
0.390558
0.336574
0.26649
0.167648
0.96229
0.571163
0.868263
0.331726
0.393238
0.192403
0.015499
0.161649
0.018304
0.718987
0.482438
0.014445
0.532132
0.79133
0.177827
0.853248
0.849332
0.751171
0.861604
0.3101
0.838132
0.38556
0.13604
0.713278
0.724853
0.7845
0.206028
0.275318
0.354719
0.555434
0.25828
0.424043
0.022296
0.824074
0.589721
0.803918
0.759983
0.088929
0.27825
0.086147
0.344692
0.418303
0.655661
0.943595
0.398186
0.996909
0.837729
0.248117
0.649868
0.259202
0.81886
0.671484
0.597302
0.292845
0.987332
0.587336
0.769309
0.86588
0.114705
0.267337
0.060914
0.104272
0.761563
0.847347
0.856784
0.135697
0.076736
0.645297
0.027917
0.017348
0.134123
0.976802
0.447819
0.863191
0.296119
0.732618
0.01531
0.523895
0.067264
0.225367
0.497232
0.134606
0.165785
0.931769
0.70624
0.116965
0.351864
0.542966
0.900252
0.127829
0.270961
0.988211
0.987557
0.415116
0.713027
0.808371
0.377531
0.941021
0.933398
0.652045
0.641679
0.931063
0.182875
0.923808
0.878341
0.401139
0.473757
0.397165
0.499138
0.173783
0.788891
0.124405
0.582151
0.177364
0.891811
0.708431
0.286601
0.903816
0.768539
0.705016
0.530981
0.59974
0.362694
0.164661
0.905807
0.089218
0.108934
0.231865
0.758676
0.1194
0.092002
0.868405
0.183473
0.668793
0.330734
0.235608
0.177406
0.812087
0.86236
0.33804
0.776322
0.766279
0.112181
0.180175
0.902872
0.030308
0.874325
0.15369
0.386553
0.840565
0.06331
0.068234
0.90471
0.839993
0.304469
0.521027
0.199543
0.589819
0.623436
0.523303
0.203403
0.21941
0.969681
0.284301
0.561589
0.938485
0.244015
0.514477
0.57247
0.055634
0.949628
0.648099
0.559097
0.36385
0.408377
0.624247
0.256492
0.992502
0.810028
0.571275
0.687192
0.927482
0.718462
0.990134
0.599898
0.059902
0.591515
0.319384
0.302399
0.380677
0.612895
0.177739
0.210257
0.082715
0.912483
0.38637
0.110489
0.92427
0.885433
0.733141
0.25257
0.163264
0.085196
0.424649
0.285603
0.262376
0.316977
0.524387
0.494911
0.846793
0.647612
0.848614
0.72449
0.599761
0.07591
0.352862
0.6652
0.158136
0.862385
0.466492
0.704319
0.165638
0.640719
0.791749
0.695222
0.190829
0.111212
0.920952
0.127253
0.393523
0.813635
0.638144
0.504813
0.085621
0.007938
0.533699
0.562717
0.600609
0.244619
0.045753
0.729181
0.524059
0.521742
0.134761
0.898125
0.121812
0.298568
0.13798
0.809149
0.815974
0.801967
0.273357
0.7281
0.422518
0.185728
0.656355
0.387122
0.665964
0.411233
0.752097
0.174802
0.655109
0.999884
0.698282
0.23046
0.500471
0.580986
0.400268
0.566239
0.57701
0.420065
0.8355
0.146343
0.301367
0.42832
0.136286
0.288848
0.275411
0.782274
0.59863
0.903594
0.340299
0.899255
0.466469
0.086731
0.324922
0.993954
0.650994
0.80146
0.017569
0.915519
0.434635
0.3087
0.853142
0.530111
0.066927
0.516403
0.854616
0.974033
0.904973
0.208429
0.680188
0.308772
0.910618
0.464323
0.273561
0.306994
0.265665
0.327459
0.364936
0.086648
0.783004
0.735981
0.930521
0.349902
0.647086
0.509684
0.134163
0.843366
0.150524
0.735164
0.454874
0.782383
0.115121
0.93083
0.029543
0.511794
0.161574
0.96469
0.780601
0.956358
0.744929
0.243814
0.847532
0.360847
0.58803
0.748586
0.666718
0.840259
0.851076
0.02016
0.430136
0.282367
0.275073
0.72827
0.659196
0.445687
0.580393
0.390914
0.09665
0.705686
0.447391
0.948114
0.200877
0.711554
0.928359
0.711202
0.50969
0.673165
0.65483
0.245014
0.405421
0.911187
0.897543
0.846703
0.813185
0.01256
0.482229
0.063193
0.029081
0.623653
0.124919
0.697596
0.512369
0.019501
0.258593
0.579617
0.908007
0.74634
0.375291
0.066365
0.823598
0.510903
0.711062
0.123034
0.147449
0.086275
0.90942
0.919198
0.518868
0.626565
0.263681
0.581937
0.591065
0.403395
0.894882
0.943107
0.167524
0.444287
0.830162
0.818127
0.887064
0.000295
0.178327
0.051682
0.796665
0.643959
0.805508
0.286602
0.251134
0.572145
0.060473
0.592964
0.634595
0.984362
0.065075
0.41027
0.833346
0.49716
0.856098
0.642853
0.262767
0.117669
0.10603
0.638146
0.653916
0.184556
0.120822
0.046499
0.918956
0.774803
0.982479
0.917481
0.827417
0.454216
0.478957
0.969658
0.189263
0.252329
0.062656
0.191868
0.193798
0.271714
0.687746
0.344598
0.32301
0.436229
0.494334
0.929085
0.236616
0.855359
0.019408
0.936582
0.316996
0.838266
0.615051
0.400281
0.937669
0.06096
0.334688
0.463904
0.449813
0.136479
0.892767
0.343028
0.310191
0.017815
0.393184
0.956372
0.682781
0.965585
0.359948
0.485126
0.039965
0.611515
0.13012
0.760845
0.890675
0.850141
0.907111
0.641729
0.556275
0.779333
0.56541
0.162906
0.805703
0.315089
0.027112
0.043717
0.211592
0.962205
0.28892
0.165169
0.755275
0.060412
0.955886
0.31966
0.032897
0.754036
0.463344
0.370371
0.499167
0.714984
0.676761
0.393337
0.906173
0.866036
0.775516
0.496559
0.130283
0.058495
0.658463
0.599634
0.474244
0.657261
0.724927
0.389567
0.505088
0.855166
0.433374
0.659452
0.333779
0.150287
0.662726
0.188057
0.291901
0.312636
0.36536
0.063086
0.283012
0.966557
0.365684
0.200417
0.386703
0.616787
0.018061
0.188664
0.422496
0.123246
0.163837
0.152086
0.398948
0.136091
0.217459
0.676406
0.282877
0.328675
0.202849
0.925935
0.997373
0.84418
0.185247
0.563741
0.114503
0.278542
0.941239
0.010175
0.652195
0.884842
0.31068
0.653422
0.117298
0.517566
0.228185
0.687298
0.559726
0.93194
0.599781
0.204294
0.97645
0.120588
0.32051
0.1743
0.601697
0.920904
0.83824
0.645575
0.804136
0.075246
0.732744
0.724756
0.150654
0.655019
0.201765
0.893053
0.954048
0.197333
0.78887
0.547691
0.961947
0.20763
0.751249
0.539138
0.931663
0.585966
0.901493
0.298746
0.15365
0.64557
0.690611
0.179003
0.471659
0.627452
0.68439
0.528923
0.277961
0.619185
0.308783
0.245351
0.457538
0.756906
0.628912
0.739086
0.849615
0.678415
0.506138
0.282976
0.524423
0.221475
0.347105
0.710753
0.266145
0.238731
0.005336
0.650152
0.012007
0.503932
0.79717
0.078821
0.862989
0.953243
0.505045
0.581532
0.896688
0.062688
0.793755
0.089533
0.704706
0.38497
0.320349
0.348276
0.624869
0.876465
0.256669
0.013184
0.242155
0.540021
0.90351
0.663395
0.289583
0.807735
0.380185
0.03988
0.734837
0.323959
0.586271
0.40942
0.56474
0.333828
0.724175
0.130651
0.864123
0.640262
0.577795
0.23033
0.178583
0.349215
0.302618
0.315667
0.818541
0.108332
0.762571
0.654564
0.113489
0.903936
0.16147
0.742035
0.127854
0.532459
0.887613
0.85301
0.757191
0.075346
0.858906
0.572769
0.924729
0.250213
0.322375
0.491233
0.520891
0.928842
0.821647
0.426397
0.349142
0.930839
0.086543
0.710358
0.367228
0.127951
0.809903
0.465019
0.432174
0.506697
0.818315
0.772289
0.649147
0.13062
0.640908
0.801896
0.026079
0.93844
0.13373
0.738106
0.623466
0.597495
0.299362
0.305672
0.060505
0.683507
0.247866
0.040286
0.565389
0.131418
0.269061
0.437644
0.33297
0.629443
0.075534
0.462612
0.718105
0.43677
0.052539
0.483369
0.890159
0.717795
0.985697
0.075891
0.253786
0.897402
0.500403
0.949461
0.900147
0.847846
0.546109
0.498783
0.550533
0.353094
0.788211
0.317229
0.70503
0.929064
0.439673
0.828715
0.68308
0.093656
0.087394
0.217663
0.459403
0.148904
0.72671
0.223745
0.039298
0.494783
0.444939
0.70687
0.645817
0.996253
0.329535
0.887433
0.573115
0.534367
0.719195
0.684777
0.936855
0.648669
0.593353
0.422276
0.580622
0.811236
0.314509
0.267282
0.565455
0.889039
0.873924
0.191984
0.209356
0.719852
0.334165
0.095463
0.311439
0.770437
0.51768
0.693651
0.123702
0.130996
0.833643
0.936338
0.482964
0.870883
0.159957
0.733287
0.792217
0.926024
0.627271
0.656282
0.872267
0.923832
0.880245
0.15674
0.003983
0.320424
0.644975
0.916387
0.556987
0.93844
0.308664
0.575418
0.530664
0.929121
0.093806
0.166877
0.174397
0.113502
0.817428
0.938984
0.669744
0.285249
0.795724
0.850916
0.406666
0.816127
0.430691
0.782198
0.33599
0.659724
0.155954
0.524554
0.429937
8.4e-05
0.535355
0.13965
0.233967
0.017663
0.22916
0.746716
0.300927
0.036507
0.94205
0.579562
0.146518
0.293821
0.652411
0.236705
0.862628
0.764154
0.262859
0.442199
0.995369
0.778501
0.866258
0.273555
0.833953
0.756525
0.402765
0.294846
0.926127
0.29264
0.151121
0.782698
0.025632
0.067974
0.476498
0.416393
0.425138
0.039901
0.646964
0.026887
0.252009
0.928078
0.666026
0.93671
0.88309
0.688821
0.037891
0.169326
0.379128
0.980258
0.4856
0.90545
0.54526
0.026746
0.696385
0.88736
0.131374
0.926121
0.905042
0.509487
0.86102
0.994536
0.06579
0.943664
0.21913
0.303515
0.337762
0.469951
0.239654
0.102917
0.698842
0.761144
0.108915
0.454681
0.130505
0.877603
0.746796
0.50525
0.683733
0.073539
0.493808
0.999568
0.301789
0.836421
0.45815
0.385195
0.734187
0.887259
0.872405
0.9447
0.608412
0.135708
0.136016
0.676764
0.180829
0.124479
0.300975
0.696727
0.255579
0.660354
0.395327
0.547656
0.704211
0.904135
0.797165
0.076723
0.90242
0.631311
0.675279
0.35684
0.465321
0.232952
0.433432
0.383766
0.761623
0.104988
0.287627
0.883808
0.990851
0.110938
0.01829
0.492103
0.376298
0.130632
0.941008
0.892226
0.356397
0.353981
0.769431
0.592753
0.757707
0.177633
0.048605
0.282788
0.754703
0.134201
0.535965
0.11646
0.503016
0.540878
0.566878
0.622275
0.010628
0.302172
0.835603
0.022138
0.927134
0.189634
0.33502
0.228871
0.370273
0.726097
0.269399
0.371175
0.649763
0.761638
0.443122
0.345452
0.158761
0.655755
0.065917
0.190073
0.196229
0.195195
0.729709
0.45045
0.849991
0.774968
0.604626
0.814336
0.940569
0.872791
0.44228
0.877888
0.208306
0.971761
0.845125
0.551153
0.234317
0.272586
0.77608
0.852716
0.284486
0.188661
0.620726
0.516302
0.639838
0.28171
0.022027
0.284784
0.638243
0.038309
0.469489
0.021875
0.952125
0.155152
0.809236
0.519427
0.01562
0.673851
0.234884
0.23066
0.968072
0.032968
0.102903
0.822734
0.878233
0.294572
0.550135
0.907461
0.125786
0.312466
0.708497
0.656536
0.01026
0.045117
0.060777
0.645965
0.277266
0.609685
0.497611
0.242923
0.144343
0.553245
0.205912
0.650127
0.666122
0.763075
0.805962
0.968503
0.863606
0.768005
0.021937
0.813701
0.210958
0.682576
0.362788
0.085131
0.766355
0.858851
0.868954
0.609365
0.090188
0.086416
0.829094
0.054591
0.276957
0.739302
0.256232
0.979867
0.205129
0.623257
0.510391
0.969209
0.098278
0.715772
0.13785
0.803173
0.541747
0.260747
0.464003
0.572095
0.578357
0.824103
0.215513
0.494131
0.713347
0.855271
0.278968
0.443724
0.981205
0.237376
0.458367
0.760891
0.332054
0.021319
0.596268
0.94537
0.338786
0.615659
0.971888
0.294126
0.30157
0.495531
0.875983
0.922632
0.301117
0.913999
0.290216
0.282649
0.347919
0.812968
0.774486
0.70257
0.923605
0.593782
0.57531
0.933713
0.189446
0.42914
0.791687
0.757803
0.991903
0.286265
0.067142
0.899503
0.037405
0.830032
0.294286
0.685499
0.370975
0.863041
0.964706
0.815512
0.504916
0.072435
0.51627
0.353034
0.7879
0.094518
0.537228
0.291534
0.906799
0.111664
0.701061
0.955381
0.736316
0.46961
0.517397
0.829498
0.79436
0.047361
0.783661
0.357934
0.683087
0.89645
0.568029
0.555134
0.772352
0.533113
0.346713
0.366124
0.686044
0.851464
0.809263
0.382139
0.33904
0.877675
0.415008
0.100976
0.87663
0.001168
0.238985
0.036889
0.316704
0.813641
0.46368
0.836417
0.404188
0.570934
0.003598
0.819641
0.010407
0.797164
0.249761
0.318165
0.539674
0.665885
0.133305
0.512436
0.794102
0.906364
0.200601
0.582667
0.88048
0.614449
0.673954
0.812862
0.137958
0.571905
0.61104
0.698299
0.226657
0.496041
0.085653
0.004419
0.379894
0.665453
0.127226
0.980728
0.769356
0.429352
0.368871
0.931605
0.067164
0.708061
0.431726
0.47818
0.445864
0.863969
0.621393
0.472318
0.560629
0.987784
0.733103
0.957556
0.456314
0.021198
0.907029
0.247862
0.633189
0.916127
0.168442
0.338525
0.654312
0.742611
0.224906
0.769188
0.647368
0.058826
0.181287
0.056656
0.516034
0.195939
0.647018
0.451033
0.615432
0.50194
0.888824
0.70696
0.655516
0.653283
0.741941
0.374847
0.074327
0.938695
0.404556
0.317133
0.331179
0.761057
0.624962
0.037465
0.798298
0.529596
0.612331
0.975989
0.251368
0.217579
0.189854
0.667629
0.107398
0.560326
0.988135
0.983957
0.072122
0.537093
0.494902
0.125046
0.381508
0.536644
0.338837
0.031254
0.629716
0.866903
0.484154
0.827967
0.662943
0.305919
0.034593
0.680343
0.403312
0.883424
0.447873
0.641263
0.181954
0.599347
0.306717
0.568567
0.981691
0.461111
0.722234
0.915691
0.186805
0.896043
0.189423
0.63355
0.726796
0.148324
0.630195
0.201353
0.920083
0.26214
0.230996
0.236167
0.390144
0.583539
0.991664
0.742382
0.878509
0.649204
0.211463
0.903442
0.426473
0.528254
0.597855
0.733186
0.840531
0.631835
0.927579
0.137721
0.663769
0.771984
0.018513
0.418415
0.276211
0.574346
0.861478
0.429679
0.853801
0.911315
0.341024
0.391079
0.210835
0.348902
0.999817
0.685615
0.370305
0.026527
0.450953
0.17163
0.302218
0.245664
0.058032
0.192606
0.533804
0.417053
0.64139
0.575502
0.709982
0.847537
0.364119
0.951689
0.776265
0.676873
0.108312
0.068604
0.396885
0.046088
0.823969
0.887352
0.259194
0.106867
0.048191
0.448322
0.377911
0.608585
0.112444
0.236897
0.271412
0.133113
0.858271
0.178657
0.66936
0.228479
0.490598
0.658736
0.318964
0.932842
0.108044
0.213232
0.354143
0.5836
0.333244
0.694352
0.860112
0.207213
0.060879
0.52851
0.275349
0.583937
0.009044
0.038101
0.404684
0.635329
0.564369
0.801098
0.569104
0.722508
0.910567
0.505243
0.242318
0.832658
0.388818
0.997493
0.783824
0.672722
0.551538
0.684922
0.570903
0.542141
0.503183
0.973581
0.707408
0.5547
0.961011
0.626791
0.800955
0.116683
0.810813
0.58592
0.211294
0.245683
0.785566
0.864177
0.769676
0.719507
0.288463
0.352464
0.156335
0.690917
0.742837
0.312456
0.08956
0.718375
0.669439
0.816571
0.398185
0.008695
0.010101
0.64034
0.616826
0.082278
0.971127
0.971164
0.295789
0.511106
0.555664
0.87747
0.020062
0.220597
0.411997
0.064136
0.871318
0.526664
0.060933
0.596343
0.765075
0.823632
0.894005
0.14801
0.933509
0.307368
0.822656
0.518785
0.795445
0.013369
0.1138
0.929925
0.568454
0.828742
0.606387
0.877315
0.334636
0.534424
0.084401
0.215814
0.024023
0.360053
0.221386
0.96745
0.082639
0.106789
0.132253
0.692452
0.437382
0.683747
0.501921
0.586281
0.268552
0.23397
0.977943
0.291892
0.883049
0.157027
0.638479
0.339466
0.648548
0.371559
0.88417
0.252895
0.64649
0.412274
0.672512
0.689905
0.111262
0.366042
0.760003
0.384947
0.031121
0.775873
0.300711
0.710307
0.843121
0.878443
0.504205
0.973451
0.584476
0.038482
0.188547
0.41312
0.342082
0.779118
0.220036
0.647288
0.754636
0.162845
0.030179
0.35576
0.881738
0.013946
0.762038
0.888289
0.31871
0.470844
0.568191
0.652724
0.161535
0.95323
0.571902
0.390668
0.911016
0.657494
0.180093
0.180887
0.069464
0.23791
0.485883
0.807763
0.314958
0.546922
0.597203
0.867613
0.028903
0.308164
0.979986
0.768927
0.17125
0.148234
0.018607
0.359061
0.325858
0.184364
0.937238
0.734046
0.174823
0.812971
0.389627
0.251041
0.572783
0.168784
0.445481
0.736083
0.749613
0.885537
0.343878
0.82526
0.462965
0.42578
0.379981
0.038567
0.961948
0.772622
0.863063
0.313935
0.740514
0.113216
0.557492
0.974054
0.281593
0.674343
0.766759
0.954709
0.300688
0.856954
0.576286
0.834066
0.67088
0.569317
0.616268
0.702725
0.222969
0.249839
0.002244
0.01004
0.926979
0.682418
0.693502
0.954729
0.173026
0.659993
0.147006
0.951635
0.628629
0.534601
0.948865
0.823119
0.903994
0.144021
0.081923
0.254094
0.22006
0.702055
0.213995
0.075689
0.053987
0.446245
0.307275
0.722488
0.725629
0.180551
0.742595
0.301947
0.710283
0.008269
0.951117
0.425506
0.760028
0.888034
0.076687
0.197448
0.855134
0.79135
0.633837
0.173709
0.904018
0.320677
0.332755
0.607581
0.518418
0.4853
0.331382
0.295267
0.504465
0.555306
0.75238
0.637762
0.54797
0.178097
0.174522
0.690229
0.251021
0.199615
0.818175
0.319423
0.25333
0.745353
0.118534
0.196821
0.963524
0.789325
0.243558
0.957219
0.279114
0.713418
0.598574
0.793702
0.241513
0.426053
0.816578
0.825066
0.757337
0.571863
0.970159
0.075798
0.025762
0.656767
0.313939
0.874017
0.473057
0.77017
0.793379
0.59878
0.912908
0.271072
0.8449
0.56953
0.293247
0.625764
0.258919
0.281801
0.00975
0.991382
0.085678
0.097178
0.883861
0.93645
0.974964
0.695327
0.793886
0.882108
0.547066
0.645063
0.010023
0.744061
0.658908
0.673031
0.883926
0.577068
0.80833
0.174112
0.716144
0.837184
0.885763
0.380461
0.840961
0.070728
0.33705
0.616282
0.374619
0.089208
0.735675
0.68183
0.465633
0.328228
0.184
0.834534
0.05226
0.450374
0.172812
0.809094
0.960073
0.323238
0.983473
0.978937
0.371485
0.087305
0.159899
0.744172
0.363806
0.976371
0.370275
0.522039
0.717309
0.945599
0.683426
0.117657
0.540178
0.692441
0.373626
0.267792
0.694408
0.446638
0.435703
0.645549
0.002573
0.095077
0.428694
0.390065
0.723182
0.740192
0.37636
0.52347
0.787339
0.276699
0.375461
0.015403
0.504665
0.839813
0.037314
0.989586
0.306886
0.162061
0.981061
0.484382
0.081354
0.608484
0.918063
0.105843
0.333135
0.995978
0.415216
0.63196
0.226644
0.049415
0.866551
0.763354
0.50659
0.655147
0.135111
0.843894
0.951855
0.868946
0.366026
0.282983
0.65473
0.411667
0.84152
0.735461
0.976058
0.665709
0.783432
0.350287
0.47095
0.434844
0.711685
0.870848
0.195347
0.370944
0.580153
0.032934
0.122942
0.223802
0.673576
0.707564
0.791267
0.991335
0.274716
0.270739
0.486073
0.321315
0.763914
0.216996
0.821433
0.402361
0.208855
0.010699
0.832806
0.475175
0.08795
0.369299
0.450401
0.628221
0.67328
0.906262
0.148992
0.248859
0.030936
0.048572
0.628943
0.432748
0.239558
0.870786
0.466135
0.716535
0.48381
0.890548
0.79885
0.604207
0.516833
0.054311
0.757095
0.194893
0.875528
0.484214
0.010421
0.536797
0.256101
0.294021
0.324551
0.771279
0.923671
0.897971
0.33229
0.97108
0.641527
0.725191
0.476337
0.452146
0.383774
0.253911
0.615074
0.401936
0.652126
0.713671
0.73582
0.173232
0.838552
0.51567
0.841215
0.885494
0.142487
0.659449
0.21385
0.744419
0.671799
0.71811
0.523044
0.77515
0.232752
0.618032
0.076181
0.131531
0.325056
0.480179
0.393896
0.502903
0.675074
0.913173
0.413475
0.655294
0.753908
0.871546
0.697974
0.404916
0.998206
0.875273
0.670117
0.241777
0.989212
0.432753
0.24532
0.035019
0.569626
0.705361
0.942325
0.332779
0.631969
0.205702
0.18668
0.527278
0.86177
0.844731
0.327882
0.991725
0.246783
0.490396
0.501795
0.716255
0.77955
0.230173
0.238779
0.028468
0.089532
0.615471
0.227194
0.185788
0.590205
0.447265
0.308709
0.731375
0.867738
0.500519
0.848078
0.889341
0.668352
0.785616
0.711716
0.141027
0.775928
0.937859
0.231837
0.766419
0.488921
0.527139
0.848319
0.091037
0.88824
0.283031
0.904818
0.741527
0.746036
0.309783
0.337779
0.380217
0.711531
0.452141
0.432212
0.724261
0.728336
0.616773
0.826977
0.993099
0.62642
0.097402
0.466031
0.889488
0.473299
0.244234
0.189827
0.968935
0.688723
0.115205
0.409688
0.153904
0.063092
0.109306
0.487967
0.243962
0.176016
0.7224
0.795709
0.107164
0.211475
0.423348
0.976129
0.217185
0.030742
0.225004
0.904709
0.732486
0.985459
0.326027
0.324666
0.425834
0.494487
0.415551
0.293151
0.691406
0.804624
0.434783
0.517812
0.279779
0.373392
0.72754
0.522784
0.791368
0.147109
0.692924
0.054916
0.979737
0.574577
0.530665
0.612016
0.334051
0.713403
0.650304
0.911232
0.976908
0.31242
0.16112
0.806896
0.625258
0.123631
0.188885
0.973831
0.734272
0.843892
0.056451
0.9129
0.183308
0.80907
0.098659
0.338012
0.908453
0.129565
0.731535
0.568726
0.035646
0.476543
0.482155
0.904309
0.972882
0.554623
0.912823
0.900767
0.754203
0.30028
0.544743
0.913691
0.100015
0.70022
0.910074
0.583893
0.083772
0.852579
0.819454
0.183682
0.121996
0.569171
0.380832
0.61325
0.832769
0.584506
0.772102
0.355493
0.907712
0.955054
0.955438
0.866635
0.150623
0.43139
0.583025
0.998711
0.86116
0.052712
0.913194
0.86103
0.820399
0.659669
0.711888
0.287537
0.571972
0.36063
0.965417
0.661271
0.7327
0.376304
0.609586
0.08624
0.772401
0.709294
0.288882
0.426967
0.291663
0.832134
0.408054
0.818203
0.581079
0.609733
0.779414
0.376488
0.893833
0.745696
0.414651
0.890691
0.76262
0.559279
0.625
0.427634
0.391024
0.65143
0.245342
0.25321
0.269082
0.384463
0.01342
0.328449
0.937518
0.14922
0.840438
0.148166
0.172252
0.796718
0.705814
0.274237
0.474832
0.524546
0.701448
0.700613
0.483636
0.310138
0.004912
0.413319
0.265307
0.073115
0.173353
0.505614
0.91734
0.283579
0.458086
0.371039
0.539601
0.463478
0.46241
0.672735
0.689994
0.984806
0.594424
0.477651
0.044623
0.033245
0.220309
0.882769
0.92058
0.130743
0.233113
0.23573
0.267733
0.62301
0.513973
0.440359
0.782114
0.012246
0.304915
0.481386
0.911348
0.577217
0.979692
0.226746
0.55747
0.948079
0.541115
0.73937
0.293692
0.431389
0.347342
0.231628
0.137346
0.630688
0.465363
0.41694
0.489365
0.033769
0.648657
0.615876
0.598039
0.451419
0.472098
0.118416
0.636966
0.90251
0.815967
0.904334
0.925983
0.750167
0.230083
0.471831
0.794129
0.726391
0.86025
0.51222
0.682964
0.51257
0.437653
0.517928
0.375961
0.694594
0.094291
0.139743
0.838178
0.198446
0.032519
0.725519
0.979787
0.477235
0.869109
0.610947
0.654407
0.690698
0.892646
0.259443
0.004509
0.87273
0.977866
0.673669
0.259543
0.287268
0.24742
0.142724
0.712478
0.004032
0.814966
0.244171
0.387994
0.754027
0.122337
0.671234
0.286946
0.451334
0.993848
0.839129
0.580763
0.218003
0.380617
0.337593
0.280727
0.283912
0.364265
0.928933
0.334748
0.393823
0.501325
0.416132
0.418143
0.346
0.958175
0.77716
0.259421
0.066109
0.627623
0.272444
0.092151
0.560399
0.449623
0.287588
0.797777
0.240928
0.605435
0.541863
0.326733
0.434873
0.17718
0.231587
0.363354
0.279772
0.71371
0.909257
0.370504
0.876679
0.543791
0.049675
0.469784
0.023995
0.197189
0.125669
0.317442
0.594459
0.424111
0.775519
0.276001
0.866521
0.83362
0.297146
0.668603
0.178778
0.161628
0.188623
0.893404
0.422826
0.912824
0.253286
0.264837
0.118751
0.709398
0.778705
0.854988
0.132699
0.978574
0.257305
0.89836
0.22572
0.144027
0.419524
0.537328
0.833736
0.97664
0.017102
0.466532
0.966616
0.010268
0.851661
0.113155
0.371129
0.413923
0.320851
0.92921
0.394953
0.472046
0.499573
0.112949
0.352092
0.062584
0.428393
0.576385
0.00236
0.200105
0.759158
0.350126
0.981998
0.765954
0.124659
0.454479
0.617589
0.471158
0.407058
0.993462
0.423446
0.13587
0.367017
0.728561
0.734858
0.117233
0.959971
0.956557
0.115378
0.321806
0.336653
0.297808
0.283136
0.692794
0.163088
0.638049
0.909406
0.821249
0.694789
0.069749
0.218208
0.274465
0.67676
0.790672
0.554279
0.381243
0.559688
0.020508
0.469937
0.969894
0.011106
0.965916
0.211326
0.167496
0.455416
0.4694
0.171302
0.444864
0.611877
0.89196
0.404347
0.496814
0.429978
0.726181
0.869708
0.573825
0.239073
0.812029
0.678129
0.608828
0.498452
0.627325
0.571695
0.831447
0.273536
0.652429
0.526254
0.905025
0.296717
0.217623
0.486601
0.973198
0.417843
0.410293
0.593237
0.213059
0.701434
0.440825
0.331103
0.698148
0.922333
0.691168
0.649495
0.67247
0.886589
0.032039
0.795514
0.343776
0.803133
0.001744
0.712261
0.774132
0.365417
0.701556
0.965876
0.714423
0.713854
0.297542
0.299087
0.131447
0.310405
0.563962
0.238144
0.322373
0.371124
0.491352
0.147111
0.375989
0.745166
0.644081
0.151344
0.347341
0.196645
0.266881
0.108823
0.12694
0.543357
0.309545
0.145715
0.783293
0.123764
0.414665
0.737919
0.972842
0.40791
0.650427
0.108814
0.90718
0.77872
0.706451
0.985281
0.37828
0.06147
0.384879
0.033749
0.833583
0.841655
0.875068
0.921864
0.936259
0.540986
0.17173
0.598471
0.849986
0.696849
0.809594
0.251026
0.557741
0.823979
0.176289
0.588649
0.646526
0.000622
0.886308
0.460367
0.496063
0.053428
0.413991
0.4894
0.24669
0.116421
0.038156
0.951531
0.561748
0.506777
0.850951
0.161827
0.618335
0.189706
0.574423
0.260698
0.323185
0.458258
0.021964
0.364057
0.545147
0.984405
0.799026
0.319912
0.060674
0.025691
0.532904
0.928784
0.461795
0.504122
0.706109
0.228925
0.794018
0.453508
0.694514
0.945555
0.345643
0.802196
0.165933
0.879891
0.057122
0.832314
0.70648
0.293617
0.223148
0.595181
0.292837
0.797751
0.055878
0.634778
0.425669
0.651862
0.093845
0.60087
0.400721
0.364066
0.473515
0.254232
0.880692
0.470217
0.53404
0.552615
0.818159
0.495583
0.940351
0.092789
0.639829
0.077357
0.013862
0.907844
0.737951
0.072795
0.650895
0.965312
0.182017
0.628219
0.286181
0.253711
0.069112
0.160629
0.22333
0.054849
0.7846
0.375113
0.239055
0.911512
0.694211
0.913821
0.175446
0.93317
0.998365
0.317029
0.968498
0.870673
0.522308
0.173559
0.696308
0.499777
0.166454
0.128142
0.832608
0.811862
0.241053
0.293383
0.615036
0.029527
0.174434
0.430813
0.786436
0.472464
0.524615
0.995907
0.267363
0.274615
0.877022
0.899586
0.473527
0.836479
0.538401
0.232425
0.375161
0.200787
0.008599
0.84069
0.355405
0.377457
0.033966
0.30187
0.842971
0.338081
0.903326
0.416743
0.605414
0.146885
0.943222
0.32959
0.542768
0.127646
0.04234
0.31635
0.189117
0.429616
0.489071
0.967262
0.749915
0.321209
0.757369
0.712684
0.292262
0.255956
0.268643
0.330259
0.224965
0.142661
0.679045
0.208099
0.505442
0.476681
0.516035
0.902293
0.288152
0.166772
0.920104
0.067457
0.552478
0.918246
0.777152
0.228663
0.782736
0.696668
0.499605
0.162801
0.250429
0.815928
0.502105
0.645489
0.264752
0.129302
0.484212
0.628996
0.08219
0.261407
0.629908
0.989996
0.51736
0.331516
0.843464
0.116299
0.596878
0.798822
0.857185
0.024142
0.076429
0.399299
0.949133
0.376241
0.386497
0.984007
0.965244
0.414698
0.153758
0.776541
0.403112
0.912229
0.129357
0.296689
0.418029
0.357965
0.656421
0.610623
0.028282
0.229268
0.191939
0.009459
0.077736
0.801502
0.665095
0.130553
0.905551
0.506618
0.805828
0.734107
0.006078
0.829678
0.318332
0.835649
0.534365
0.139509
0.875888
0.187391
0.645835
0.963162
0.045697
0.800083
0.628921
0.749455
0.916915
0.466958
0.181384
0.553672
0.680945
0.823165
0.786562
0.774569
0.121185
0.646812
0.47667
0.316799
0.333264
0.252606
0.324187
0.163801
0.852495
0.290494
0.828124
0.109306
0.422695
0.152334
0.31991
0.021664
0.537449
0.416626
0.689132
0.747351
0.384558
0.561401
0.503967
0.533215
0.038156
0.544741
0.695137
0.716
0.262447
0.575346
0.706402
0.252143
0.132305
0.465621
0.660179
0.793031
0.639086
0.900827
0.789339
0.346382
0.743507
0.427665
0.62389
0.865353
0.01295
0.826456
0.779827
0.83623
0.63076
0.917857
0.965514
0.007352
0.957614
0.756899
0.884833
0.319296
0.702269
0.812612
0.686282
0.224148
0.942029
0.574103
0.553725
0.579453
0.779813
0.393954
0.044057
0.088851
0.218065
0.522691
0.915503
0.437416
0.473734
0.37234
0.249581
0.646735
0.760665
0.517291
0.434474
0.697858
0.662697
0.795434
0.451729
0.930403
0.233931
0.954103
0.602666
0.175668
0.066069
0.69797
0.578607
0.802363
0.615081
0.207441
0.435179
0.511056
0.119174
0.544287
0.482168
0.974407
0.412752
0.347692
0.306494
0.740083
0.750613
0.949802
0.797136
0.478204
0.632017
0.762328
0.885656
0.983592
0.659397
0.197317
0.032729
0.992711
0.446014
0.451304
0.794775
0.260453
0.779245
0.510138
0.195278
0.332609
0.085432
0.762342
0.071344
0.037302
0.840138
0.960172
0.387798
0.797022
0.725982
0.280922
0.626214
0.557068
0.193306
0.186861
0.802916
0.867494
0.159974
0.707715
0.883166
0.000689
0.262771
0.326111
0.748928
0.189662
0.581075
0.562885
0.639589
0.666875
0.25675
0.416577
0.695051
0.86694
0.149043
0.340842
0.269684
0.053909
0.890653
0.110717
0.8661
0.86389
0.462728
0.915335
0.06932
0.383746
0.819586
0.475214
0.373592
0.363076
0.352171
0.058391
0.643749
0.161033
0.753312
0.229119
0.819095
0.428309
0.292538
0.955287
0.484656
0.562314
0.314238
0.964919
0.653034
0.44094
0.493023
0.264529
0.314828
0.685431
0.157528
0.031822
0.088309
0.579875
0.690982
0.294057
0.932429
0.111124
0.84777
0.812812
0.498107
0.727909
0.209338
0.046599
0.898373
0.240761
0.058353
0.669641
0.574584
0.461506
0.678021
0.722641
0.639372
0.095223
0.03006
0.064958
0.2996
0.348405
0.037689
0.051914
0.15388
0.840301
0.144818
0.736273
0.495182
0.42788
0.326037
0.391844
0.55085
0.583139
0.054297
0.684902
0.158517
0.841077
0.012355
0.226439
0.02131
0.617567
0.193953
0.348191
0.006494
0.601925
0.674048
0.765709
0.195355
0.764745
0.308789
0.310265
0.529856
0.525656
0.219951
0.744255
0.706032
0.149047
0.977565
0.836829
0.403015
0.501702
0.636508
0.012477
0.79082
0.80597
0.67493
0.739848
0.040426
0.325
0.487422
0.990776
0.062335
0.87952
0.139069
0.340811
0.540473
0.129036
0.502695
0.055758
0.987117
0.023648
0.783362
0.179067
0.451895
0.947962
0.394365
0.407816
0.454944
0.036027
0.275877
0.459208
0.412188
0.138436
0.204415
0.577277
0.628173
0.878601
0.721389
0.09157
0.807392
0.515185
0.812036
0.639188
0.199067
0.604916
0.312894
0.377771
0.655037
0.884464
0.099551
0.112635
0.193606
0.937828
0.802666
0.022381
0.964155
0.145578
0.916276
0.990174
0.98575
0.57555
0.996957
0.029194
0.07068
0.621442
0.084502
0.629373
0.739286
0.869153
0.006309
0.656438
0.676499
0.256827
0.549831
0.229603
0.163557
0.379901
0.155728
0.171393
0.851267
0.858859
0.198323
0.610401
0.211479
0.138859
0.55791
0.51161
0.775786
0.696881
0.055973
0.56805
0.163466
0.299166
0.849527
0.512463
0.249797
0.133947
0.661413
0.8477
0.319666
0.04721
0.61423
0.1361
0.727626
0.738049
0.40705
0.909058
0.123504
0.949796
0.304799
0.466731
0.950302
0.009376
0.60755
0.457292
0.770672
0.591601
0.061591
0.232325
0.534319
0.847592
0.229692
0.056195
0.667867
0.291624
0.963115
0.648648
0.437729
0.958152
0.10485
0.735696
0.653034
0.867724
0.534363
0.195704
0.542652
0.359564
0.955169
0.907346
0.162021
0.658312
0.522449
0.996985
0.0803
0.217091
0.511013
0.892863
0.558577
0.120515
0.913479
0.821644
0.999664
0.430848
0.287195
0.145447
0.054814
0.06352
0.181199
0.766832
0.624555
0.276906
0.733497
0.575899
0.878733
0.648334
0.193743
0.513748
0.660498
0.982429
0.79424
0.512855
0.661377
0.171106
0.394314
0.001966
0.070767
0.010138
0.076498
0.249303
0.096286
0.712154
0.741586
0.418883
0.627076
0.935323
0.384393
0.848751
0.310813
0.87841
0.735747
0.277632
0.026614
0.849051
0.890029
0.414001
0.978322
0.275771
0.026519
0.762589
0.681316
0.578213
0.296226
0.306606
0.814134
0.736414
0.26688
0.923592
0.832422
0.684601
0.729945
0.109882
0.144125
0.047346
0.337507
0.184459
0.371264
0.548167
0.719076
0.616799
0.82818
0.581917
0.070779
0.675552
0.79292
0.166529
0.694713
0.682211
0.215169
0.96132
0.533453
0.687628
0.71883
0.989865
0.102738
0.86979
0.676583
0.643093
0.711913
0.672286
0.072644
0.668936
0.010308
0.176189
0.723404
0.262611
0.096168
0.813195
0.282201
0.896454
0.122494
0.496197
0.935671
0.459268
0.773055
0.623888
0.602896
0.746761
0.213142
0.586693
0.832892
0.222938
0.133168
0.853188
0.418605
0.397008
0.563292
0.172721
0.112921
0.739296
0.491488
0.760128
0.927187
0.226374
0.444476
0.779001
0.916688
0.299791
0.39349
0.549559
0.813027
0.008388
0.831057
0.759364
0.761469
0.585038
0.696271
0.672348
0.978932
0.223124
0.79728
0.890147
0.020914
0.508978
0.61383
0.463285
0.19161
0.968153
0.799644
0.04785
0.365503
0.224274
0.764614
0.452956
0.989316
0.637067
0.206809
0.37065
0.085674
0.024036
0.395455
0.939986
0.034917
0.204311
0.498502
0.011468
0.676411
0.72034
0.301377
0.026617
0.165766
0.280195
0.559727
0.918183
0.783264
0.019303
0.813946
0.327856
0.659977
0.368386
0.507777
0.899764
0.503415
0.187253
0.42856
0.249282
0.25801
0.245504
0.889216
0.108554
0.316053
0.093173
0.46296
0.098444
0.453482
0.740922
0.285044
0.975135
0.339799
0.157503
0.581234
0.823491
0.08988
0.405285
0.23464
0.122782
0.599643
0.841098
0.164246
0.006599
0.432805
0.837643
0.223821
0.739918
0.970306
0.097477
0.520025
0.975781
0.877385
0.615433
0.085574
0.463962
0.68061
0.280609
0.102054
0.801752
0.040464
0.140888
0.890163
0.616895
0.556379
0.660193
0.41926
0.142128
0.718805
0.026941
0.098558
0.238953
0.948403
0.421573
0.681105
0.079664
0.150909
0.45739
0.211925
0.952064
0.492756
0.84495
0.598145
0.002046
0.372081
0.355454
0.121593
0.400663
0.198507
0.256392
0.951171
0.097389
0.597443
0.299275
0.106317
0.463063
0.541872
0.41079
0.876643
0.526725
0.269481
0.566675
0.721401
0.079784
0.044294
0.880521
0.563221
0.374125
0.400446
0.072194
0.867856
0.366824
0.01485
0.819506
0.587347
0.729933
0.320648
0.31196
0.511395
0.181502
0.385365
0.724233
0.330884
0.353266
0.596323
0.121902
0.547323
0.330659
0.355212
0.656236
0.002248
0.73294
0.983811
0.927197
0.666133
0.556081
0.467329
0.875814
0.434358
0.213271
0.853568
0.896697
0.602738
0.562719
0.266369
0.443826
0.885594
0.680225
0.097345
0.49399
0.295355
0.171057
0.335249
0.490712
0.339175
0.883319
0.865561
0.17008
0.928164
0.529066
0.474862
0.208876
0.651046
0.475145
0.021082
0.256107
0.55044
0.005899
0.226146
0.773215
0.419585
0.960122
0.860678
0.258273
0.635237
0.757228
0.646034
0.254877
0.09588
0.597466
0.835249
0.558609
0.07603
0.369361
0.082252
0.859603
0.872577
0.261559
0.522627
0.229359
0.683522
0.582872
0.551088
0.973404
0.83073
0.842086
0.182825
0.087227
0.321499
0.594869
0.811689
0.24797
0.118303
0.683379
0.562262
0.664354
0.157884
0.33307
0.550804
0.657757
0.28791
0.631074
0.228205
0.325785
0.292799
0.400872
0.660006
0.296505
0.482682
0.565551
0.944368
0.959397
0.450835
0.749219
0.000319
0.379633
0.743348
0.269312
0.260428
0.483944
0.49006
0.431503
0.936208
0.959315
0.968403
0.546776
0.994452
0.8204
0.900613
0.858811
0.94435
0.853425
0.706888
0.906807
0.344352
0.157922
0.829209
0.196569
0.341916
0.707141
0.913671
0.491378
0.434909
0.126428
0.42123
0.97052
0.597133
0.575791
0.262252
0.11135
0.580932
0.594452
0.630952
0.237884
0.642149
0.637245
0.045971
0.152305
0.398316
0.440259
0.939851
0.800127
0.669235
0.871874
0.175646
0.877471
0.797484
0.177581
0.696429
0.918087
0.336752
0.72558
0.531341
0.075556
0.531187
0.880829
0.159401
0.762937
0.673927
0.727757
0.359942
0.518057
0.982075
0.164229
0.121059
0.829671
0.785109
0.615663
0.614958
0.871025
0.206867
0.849148
0.673884
0.599125
0.507009
0.619227
0.444744
0.264869
0.337837
0.583684
0.143673
0.674374
0.874988
0.209518
0.146101
0.30974
0.155777
0.332633
0.291964
0.268767
0.748706
0.87575
0.916796
0.775884
0.359714
0.00067
0.183706
0.830742
0.449169
0.069205
0.725602
0.437153
0.240801
0.145784
0.787402
0.317646
0.135502
0.873614
0.38448
0.627415
0.042007
0.56563
0.3296
0.78553
0.462677
0.18477
0.90191
0.499872
0.44712
0.031016
0.442467
0.971488
0.746901
0.301205
0.738431
0.664836
0.759023
0.691394
0.919515
0.736893
0.959939
0.828977
0.996868
0.155701
0.526484
0.209803
0.752977
0.357758
0.942447
0.568553
