256 2 3
0
101
141
1
116
213
2
171
236
3
149
253
4
79
170
5
53
98
6
228
253
7
25
114
5
8
65
9
41
129
4
10
92
11
118
152
12
17
63
13
36
244
14
15
41
15
105
183
16
194
215
17
132
235
18
182
251
19
111
186
20
39
194
7
21
170
22
140
153
23
95
100
24
126
222
25
44
148
4
26
46
27
204
218
28
60
252
23
29
87
30
187
204
31
236
243
23
32
204
33
46
189
34
214
254
35
71
254
36
51
205
0
34
37
38
119
147
18
39
231
40
54
141
41
94
146
42
124
235
18
43
220
36
44
58
45
91
139
15
46
90
47
90
148
48
95
140
49
120
152
25
50
122
51
72
195
45
52
116
53
119
152
54
152
254
55
152
243
56
186
190
57
162
171
58
223
254
59
105
174
60
86
243
43
61
174
62
124
206
63
164
237
64
187
231
60
65
179
66
177
227
62
67
215
68
113
174
16
69
90
32
70
73
35
71
249
51
72
132
1
73
191
43
74
105
5
75
201
76
155
212
77
117
231
78
153
204
38
79
162
80
95
181
9
38
81
65
69
82
57
83
104
84
94
157
85
133
150
26
86
225
87
98
172
39
88
233
89
189
209
90
97
242
37
88
91
27
75
92
89
93
170
2
19
94
34
95
255
57
96
123
97
190
200
64
98
135
99
135
221
80
87
100
16
101
178
38
54
102
103
172
201
70
104
135
21
59
105
106
205
250
20
92
107
64
108
148
59
109
169
81
110
244
67
111
135
23
24
112
76
113
253
94
114
249
115
178
240
116
169
237
117
164
173
118
217
224
119
135
169
78
120
241
38
121
232
84
122
209
123
196
253
16
124
134
21
125
231
126
196
233
28
59
127
81
128
222
129
175
230
130
152
171
112
131
218
36
132
175
40
103
133
9
20
134
8
92
135
44
83
136
20
48
137
127
138
210
117
139
227
140
219
244
34
139
141
127
142
176
82
138
143
83
144
203
9
45
145
86
119
146
74
147
223
145
148
213
5
47
149
150
167
222
78
151
244
151
152
249
62
92
153
99
154
173
24
155
246
38
138
156
157
220
225
133
158
163
107
159
160
81
160
186
161
166
182
60
162
238
163
164
207
125
164
203
31
165
201
102
105
166
25
104
167
69
74
168
0
169
178
60
170
172
22
108
171
125
143
172
134
173
190
174
206
218
68
149
175
176
230
250
142
177
232
134
178
188
65
88
179
16
128
180
21
181
236
9
62
182
27
33
183
20
184
193
27
69
185
119
151
186
137
180
187
30
112
188
67
126
189
162
190
200
104
191
199
19
192
214
79
193
205
7
144
194
81
103
195
90
131
196
100
197
247
135
170
198
189
199
229
166
187
200
183
201
213
22
126
202
22
203
248
171
199
204
37
164
205
114
206
245
42
207
226
36
176
208
117
185
209
39
169
210
60
211
224
158
212
221
41
121
213
78
214
250
192
215
223
94
156
216
57
193
217
55
142
218
12
18
219
83
166
220
137
212
221
84
171
222
46
153
223
38
76
224
150
153
225
41
67
226
60
110
227
167
228
238
124
173
229
97
123
230
47
55
231
178
189
232
38
87
233
26
90
234
14
230
235
46
125
236
79
237
251
16
158
238
15
216
239
92
218
240
40
147
241
8
208
242
95
139
243
22
213
244
17
75
245
135
228
246
10
209
247
40
248
251
2
14
249
90
94
250
6
188
251
113
237
252
63
184
253
77
211
254
82
88
255
0.614661
0.763581
0.965049
0.289129
0.016541
0.351566
0.854308
0.521342
0.395725
0.52954
0.950166
0.790889
0.337066
0.712987
0.741082
0.335488
0.593367
0.754584
0.649511
0.522741
0.869342
0.2603
0.239696
0.761303
0.549934
0.582062
0.466137
0.885894
0.664642
0.277491
0.472483
0.217383
0.407235
0.447685
0.843315
0.695643
0.759743
0.587488
0.875155
0.283614
0.219683
0.285451
0.968314
0.260347
0.967906
0.097823
0.275895
0.400545
0.917341
0.058734
0.146598
0.79037
0.47555
0.522406
0.299081
0.847728
0.550628
0.62871
0.43581
0.380523
0.0055
0.88696
0.017724
0.882668
0.318034
0.248956
0.10087
0.315141
0.694782
0.031803
0.801389
0.440175
0.198774
0.354681
0.131633
0.252913
0.917753
0.936132
0.276594
0.060616
0.456049
0.401553
0.794912
0.588612
0.512612
0.977199
0.547469
0.441462
0.239468
0.660834
0.494244
0.399679
0.180665
0.344299
0.143553
0.674554
0.627896
0.109621
0.209111
0.337363
0.817546
0.388106
0.800397
0.918898
0.211768
0.978621
0.92475
0.125299
0.026782
0.189998
0.856101
0.654184
0.356032
0.204956
0.005853
0.354925
0.592737
0.494866
0.050721
0.535724
0.062657
0.89045
0.063922
0.274016
0.111859
0.330761
0.25076
0.160206
0.758583
0.39619
0.812761
0.398367
0.876729
0.023088
0.699874
0.602926
0.49501
0.970814
0.266781
0.827592
0.810684
0.635781
0.967083
0.290273
0.954301
0.702072
0.30856
0.199186
0.574778
0.942681
0.615004
0.745043
0.455014
0.013941
0.298393
0.37467
0.896622
0.535234
0.819101
0.315305
0.426828
0.601534
0.089662
0.493447
0.597102
0.611266
0.346521
0.512942
0.111472
0.695645
0.315169
0.762588
0.707502
0.054451
0.994299
0.946566
0.716577
0.544937
0.071685
0.238669
0.792329
0.897627
0.259271
0.633385
0.854551
0.850772
0.726427
0.987674
0.362818
0.179798
0.270567
0.67219
0.467653
0.029417
0.161789
0.40629
0.610254
0.838268
0.13754
0.318439
0.90653
0.949413
0.744389
0.811703
0.694004
0.175724
0.221368
0.3178
0.246527
0.765088
0.615094
0.873623
0.774893
0.408584
0.251105
0.998414
0.441753
0.548391
0.929408
0.007076
0.520701
0.089384
0.898587
0.633713
0.877963
0.431486
0.616407
0.083464
0.739521
0.938462
0.279643
0.497034
0.417357
0.664603
0.308372
0.29994
0.014457
0.682889
0.102241
0.59507
0.95517
0.669012
0.810462
0.770088
0.232227
0.775503
0.238777
0.31136
0.324025
0.501322
0.454096
0.412545
0.462125
0.286844
0.516765
0.13721
0.104335
0.115223
0.176918
0.713298
0.227218
0.292257
0.512187
0.672843
0.131365
0.17752
0.695012
0.213764
0.937042
0.176757
0.728216
0.484887
0.372313
0.158848
0.286311
0.007755
0.099138
0.306503
0.248423
0.642421
0.704766
0.397455
0.890615
0.016617
0.911278
0.648095
0.340457
0.64648
0.583469
0.738808
0.796254
0.852105
0.409281
0.69808
0.934275
0.514333
0.657501
0.046984
0.158324
0.503388
0.038423
0.192593
0.013466
0.021445
0.531825
0.487004
0.854917
0.61646
0.681519
0.124761
0.070046
0.36504
0.527502
0.359117
0.786013
0.3143
0.908017
0.074193
0.566929
0.165679
0.608958
0.558004
0.546342
0.1324
0.434454
0.145842
0.636207
0.972503
0.938563
0.458522
0.963381
0.488564
0.439486
0.486844
0.037674
0.848426
0.975219
0.802734
0.374982
0.73368
0.581026
0.241292
0.585354
0.226964
0.567535
0.667696
0.499167
0.044385
0.96631
0.475821
0.630756
0.153905
0.124025
0.988099
0.721494
0.131345
0.405264
0.514521
0.183851
0.558354
0.483601
0.446521
0.283622
0.053017
0.973349
0.828483
0.274417
0.042333
0.228676
0.529102
0.458867
0.340368
0.511642
0.828704
0.138623
0.592647
0.987857
0.302301
0.58259
0.081303
0.685108
0.329275
0.723386
0.739039
0.20145
0.429596
0.01072
0.588853
0.767521
0.278419
0.054459
0.822489
0.764232
0.676717
0.985891
0.46513
0.926286
0.845578
0.265682
0.791444
0.527624
0.976467
0.240877
0.232551
0.285597
0.027
0.567529
0.355921
0.328241
0.366832
0.872728
0.263153
0.510713
0.222138
0.044847
0.852228
0.697161
0.169148
0.056507
0.344976
0.344302
0.467227
0.318395
0.288526
0.467849
0.330464
0.549143
0.52476
0.221964
0.128748
0.218086
0.73961
0.345077
0.393603
0.714399
0.120775
0.837937
0.523279
0.343993
0.565053
0.95816
0.779048
0.726779
0.483018
0.025179
0.433516
0.388782
0.32739
0.445214
0.08234
0.344998
0.048093
0.070213
0.923484
0.623045
0.557413
0.424808
0.514915
0.052022
0.472667
0.610373
0.084147
0.695157
0.058879
0.253855
0.293037
0.937463
0.783444
0.826019
0.547572
0.526084
0.734142
0.263658
0.860328
0.133241
0.727616
0.824665
0.221995
0.64469
0.300069
0.203385
0.134795
0.929992
0.203661
0.871445
0.265715
0.581696
0.392514
0.586061
0.71775
0.399128
0.892294
0.359246
0.694121
0.273234
0.297088
0.672815
0.275549
0.491419
0.815053
0.041875
0.796365
0.6591
0.42228
0.404273
0.267611
0.67679
0.72419
0.232079
0.709929
0.126244
0.569544
0.823645
0.70656
0.004483
0.713658
0.662074
0.282219
0.974022
0.283341
0.982019
0.191993
0.436955
0.154281
0.848382
0.890308
0.603163
0.682296
0.767145
0.20958
0.417026
0.084045
0.281519
0.857818
0.987216
0.792774
0.132918
0.658612
0.02788
0.520666
0.979046
0.890285
0.529584
0.961736
0.5119
0.196132
0.566961
0.328035
0.989895
0.794164
0.039436
0.288425
0.700566
0.516264
0.13411
0.775032
0.257144
0.991229
0.937809
0.481144
0.018481
0.610996
0.953035
0.780125
0.77015
0.940799
0.637271
0.486995
0.582812
0.095608
0.746683
0.288278
0.306657
0.589739
0.541399
0.998471
0.992579
0.04864
0.450498
0.40001
0.507875
0.266592
0.369551
0.15135
0.510788
0.245424
0.836089
0.021787
0.538873
0.882026
0.475833
0.48404
0.969845
0.824099
0.754929
0.097774
0.025339
0.595565
0.236945
0.119267
0.341144
0.370843
0.559283
0.793302
0.486014
0.079904
0.072884
0.876056
0.248076
0.976849
0.879359
0.621861
0.407349
0.244934
0.265515
0.922253
0.40143
0.658312
0.108232
0.980279
0.895174
0.737759
0.113138
0.271941
0.746018
0.085861
0.539056
0.682183
0.805455
0.913633
0.8212
0.078575
0.808513
0.309309
0.27302
0.224985
0.734254
0.907478
0.093816
0.604227
0.554088
0.907924
0.153151
0.824188
0.381825
0.003739
0.97699
0.242328
0.171394
0.127906
0.786356
0.783759
0.769804
0.30085
0.783606
0.271247
0.717506
0.777283
0.224286
0.678523
0.599445
0.629235
0.752305
0.916693
0.075969
0.289409
0.719621
0.897709
0.989194
0.411363
0.636905
0.586144
0.575758
0.843053
0.830763
0.272697
0.087359
0.711935
0.355212
0.713218
0.240667
0.562122
0.405638
0.360895
0.840875
0.857206
0.760276
0.672002
0.495138
0.598868
0.376552
0.196495
0.363437
0.517711
0.037501
0.996897
0.340661
0.244147
0.524418
0.405855
0.666026
0.399188
0.413693
0.161011
0.915147
0.036394
0.793887
0.159301
0.196775
0.505871
0.224837
0.006177
0.937142
0.333946
0.03083
0.370195
0.08042
0.385188
0.389972
0.303848
0.800326
0.196502
0.545027
0.757919
0.124235
0.980082
0.988338
0.376752
0.74861
0.102268
0.206832
0.648271
0.147855
0.980127
0.815142
0.482161
0.908543
0.15169
0.44896
0.523263
0.423032
0.319458
0.26161
0.8864
0.978744
0.763349
0.504872
0.414731
0.270653
0.313182
0.374877
0.585357
0.199649
0.954371
0.735236
0.688301
0.832686
0.893092
0.069466
0.33929
0.808333
0.296774
0.861297
0.088997
0.276639
0.428883
0.461119
0.547684
0.187175
0.742839
0.620857
0.859322
0.795299
0.579825
0.772056
0.842516
0.959938
0.791863
0.910069
0.811327
0.056998
0.708277
0.913387
0.433073
0.872729
0.637487
0.934511
0.686729
0.381133
0.030084
0.501898
0.757532
0.745424
0.446518
0.995646
0.242125
0.330733
0.156509
0.599506
0.678204
0.46224
0.41011
0.968728
0.663878
0.444612
0.014629
0.274211
0.664942
0.051906
0.823169
0.699901
0.966505
0.951004
0.043352
0.575238
0.114974
0.158187
0.586218
0.122555
0.974315
0.083314
0.997603
0.240405
0.60091
0.146415
0.31182
0.643335
0.02458
0.143247
0.666486
0.605257
0.062319
0.141901
0.969119
0.648454
0.059207
0.40312
0.272428
0.69821
0.002681
0.659168
0.372375
0.399149
0.855371
0.457328
0.153154
0.857629
0.338194
0.540732
0.60685
0.975326
0.031123
0.636846
0.815162
0.493451
0.74869
0.590938
0.245674
0.529777
0.768698
0.097027
0.042783
0.017198
0.952081
0.426508
0.569782
0.485031
0.216149
0.642425
0.107224
0.07161
0.59164
0.315372
0.379736
0.430657
0.845061
0.790655
0.10798
0.017785
0.160256
0.749641
0.540607
0.625674
0.680417
0.853537
0.620194
0.005208
0.574129
0.832663
0.932099
0.517735
0.479791
0.331854
0.340228
0.306974
0.931045
0.753601
0.417857
0.616514
0.34994
0.733979
0.258267
0.140584
0.849482
0.707908
0.545193
0.884153
0.776256
0.865627
0.741236
0.614619
0.126467
0.637981
0.589935
0.671077
0.243529
0.881565
0.275213
0.188983
0.155385
0.725436
0.912815
0.700388
0.368172
0.599056
0.569437
0.875721
0.214779
0.663969
0.945127
0.78942
0.634358
0.416456
0.907014
0.168052
0.265095
0.347572
0.121138
0.620213
0.146105
0.591237
0.851924
0.765167
0.29513
0.386554
0.380618
0.117495
0.854351
0.423006
0.777878
0.643822
0.766758
0.975378
0.264256
0.72357
0.398161
0.808062
0.614955
0.819775
0.076702
0.281235
0.032675
0.530886
0.988266
0.917893
0.651041
0.207187
0.528655
0.064901
0.164022
0.667462
0.492554
0.26052
0.222639
0.477823
0.144735
0.809594
0.684237
0.498038
0.387365
0.764898
0.45991
0.45647
0.913687
0.457394
0.378528
0.86735
0.647216
0.547814
0.428544
0.819516
0.535044
0.405095
0.624619
0.682104
0.900877
0.921984
0.896375
0.013673
0.419015
0.979386
0.975983
0.486098
0.930571
0.275465
0.597343
0.806665
0.84734
0.950802
0.272216
0.121988
0.067797
0.774259
0.254396
0.001723
0.525337
0.241193
0.733723
0.65507
0.723344
0.212595
0.572561
0.238608
0.099868
0.877811
0.288805
0.058242
0.845833
0.780889
0.90321
0.819857
0.578912
0.333872
0.872101
0.860295
0.632299
0.296704
0.964538
0.180618
0.925701
0.557257
0.370075
0.586865
0.513196
0.269636
0.026477
0.274867
0.120051
0.120653
0.573055
0.920193
0.973536
0.15506
0.788331
0.93329
0.499282
0.730078
0.578555
0.244617
0.947099
0.946041
0.720214
0.003746
0.122539
0.448013
0.974959
0.498543
0.430546
0.15611
0.166219
0.276056
0.212418
0.986402
0.5978
0.172961
0.857073
0.060629
0.473376
0.600669
0.317191
0.627066
0.479858
0.488692
0.370453
0.852246
0.214046
0.496066
0.022483
0.331085
0.125887
0.871111
0.366914
0.596842
0.118377
0.749802
0.364786
0.495066
0.088456
0.201227
0.311138
0.634007
0.83934
0.475888
0.435423
0.887447
0.152596
0.636412
0.557303
0.045623
0.090083
0.12195
0.016367
0.62302
0.05948
0.650524
0.474418
0.805224
0.563701
0.839482
0.195351
0.184809
0.291106
0.080774
0.775432
0.668808
0.254366
0.881647
0.61944
0.031468
0.304589
0.45018
0.480723
0.670135
0.570522
0.508245
0.848011
0.204766
0.244464
0.862454
0.768285
0.480412
0.45037
0.149605
0.579846
0.332146
0.179333
0.917058
0.835625
0.684901
0.062674
0.785498
0.607769
0.317228
0.050387
0.691329
0.93967
0.699486
0.708346
0.121943
0.261477
0.830816
0.398833
0.867847
0.846816
0.560543
0.517577
0.757228
0.471338
0.189333
0.276906
0.542544
0.317941
0.604158
0.564589
0.633971
0.562479
0.069413
0.801741
0.466861
0.880906
0.305856
0.587697
0.566746
0.02266
0.443842
0.634328
0.052135
0.81884
0.019377
0.49963
0.248577
0.426578
0.287107
0.733091
0.997755
0.446743
0.466499
0.522118
0.578401
0.727512
0.981742
0.559736
0.746795
0.358963
0.535178
0.622855
0.329969
0.957028
0.108763
0.583774
0.944287
0.618292
0.140586
0.592456
0.744864
0.202458
0.287023
0.587431
0.404903
0.229217
0.042191
0.546495
0.630756
0.549046
0.24173
0.178552
0.88015
0.322643
0.23679
0.25246
0.070566
0.50331
0.623921
0.186414
0.403213
0.591556
0.372127
0.552545
0.294325
0.581739
0.476567
0.841592
0.450839
0.457765
0.636054
0.837345
0.945293
0.788196
0.936687
0.20028
0.47086
0.522736
0.254088
0.505139
0.333415
0.724425
0.350657
0.370518
0.855337
0.094673
0.868913
0.348403
0.133206
0.640233
0.343741
0.232121
0.632814
0.345618
0.89066
0.439689
0.920144
0.4961
0.460254
0.619815
0.010782
0.309112
0.418162
0.309943
0.046289
0.705752
0.165001
0.724456
0.58189
0.317352
0.795387
0.796175
0.015803
0.402383
0.446934
0.549676
0.110434
0.016804
0.114309
0.3689
0.716012
0.311698
0.962353
0.666986
0.799163
0.041747
0.204695
0.452918
0.112226
0.507488
0.218922
0.144154
0.820789
0.883425
0.542324
0.860131
0.206517
0.989164
0.876165
0.865832
0.896844
0.574343
0.354539
0.413801
0.954308
0.189233
0.940546
0.905396
0.700806
0.821741
0.805324
0.46944
0.13771
0.757116
0.175352
0.764258
0.378185
0.739978
0.517841
0.358459
0.247646
0.618568
0.530994
0.817945
0.853724
0.907566
0.924409
0.964835
0.724882
0.498163
0.532453
0.013249
0.214563
0.426991
0.241673
0.916737
0.553854
0.336195
0.101228
0.499273
0.346366
0.565457
0.843091
0.490867
0.345381
0.756488
0.381692
0.865131
0.916285
0.516938
0.420715
0.373688
0.961819
0.132113
0.52838
0.103922
0.984705
0.722057
0.135538
0.547511
0.123365
0.287243
0.877883
0.382185
0.911856
0.313345
0.164475
0.792572
0.59552
0.354983
0.173365
0.020748
0.684712
0.851181
0.723904
0.415815
0.855972
0.144458
0.676098
0.709766
0.660207
0.895316
0.390764
0.467637
0.339028
0.838125
0.370512
0.280095
0.864696
0.889673
0.410378
0.800029
0.764552
0.50975
0.273586
0.70758
0.161259
0.346663
0.118611
0.377593
0.985849
0.974587
0.362779
0.166812
0.269471
0.25741
0.224086
0.544008
0.265231
0.465792
0.825678
0.483723
0.914651
0.239269
0.402639
0.282336
0.253526
0.154152
0.172677
0.778913
0.820972
0.96463
0.753185
0.950538
0.670919
0.364186
0.289499
0.369762
0.514867
0.836615
0.718215
0.393871
0.562177
0.027585
0.236995
0.064948
0.286298
0.306994
0.031047
0.284878
0.217135
0.523393
0.566883
0.877016
0.368684
0.10555
0.395038
0.719989
0.99317
0.851868
0.229825
0.525279
0.26329
0.543449
0.947271
0.73365
0.693333
0.078866
0.659718
0.074917
0.390395
0.051732
0.904528
0.195934
0.450414
0.040514
0.371998
0.593893
0.780307
0.556837
0.614137
0.483846
0.499206
0.624045
0.005393
0.166447
0.55482
0.754039
0.154558
0.414318
0.368031
0.378085
0.116221
0.111574
0.707382
0.978586
0.847664
0.382845
0.722563
0.822319
0.228346
0.435255
0.790586
0.354402
0.54225
0.970756
0.810605
0.261875
0.546114
0.55607
0.179912
0.012709
0.105887
0.720835
0.290175
0.41569
0.080029
0.070062
0.131772
0.124417
0.539344
0.209821
0.637625
0.263551
0.5732
0.704537
0.264209
0.293016
0.417539
0.234443
0.700185
0.618697
0.625553
0.73515
0.303419
0.109104
0.438874
0.402351
0.762114
0.809543
0.278979
0.032871
0.722683
0.706641
0.427617
0.498723
0.942942
0.823361
0.839979
0.015638
0.39946
0.638761
0.224846
0.232906
0.851569
0.90171
0.040688
0.338374
0.108624
0.607301
0.898051
0.681302
0.694462
0.923249
0.443941
0.824302
0.640565
0.555455
0.524146
0.976663
0.44175
0.802368
0.545496
0.977401
0.282131
0.32311
0.233663
0.187043
0.034086
0.21881
0.370349
0.298883
0.592555
0.786948
0.62968
0.666586
0.628269
0.693596
0.402581
0.493927
0.950783
0.106766
0.316384
0.319179
0.876852
0.597809
0.383923
0.263543
0.190621
0.029698
0.180493
0.166409
0.662924
0.953016
0.103327
0.871898
0.092305
0.801797
0.916095
0.047482
0.777805
0.309139
0.863072
0.893287
0.407708
0.293968
0.468329
0.163165
0.636446
0.369362
0.78028
0.10467
0.730658
0.531601
0.532451
0.158993
0.655493
0.320907
0.673963
0.469283
0.207941
0.793373
0.334642
0.613003
0.780504
0.763059
0.219454
0.830599
0.634568
0.17551
0.022608
0.548262
0.977424
0.396289
0.063388
0.256417
0.658283
0.089204
0.855493
0.251823
0.84081
0.174918
0.789171
0.272027
0.825384
0.961027
0.206502
0.201561
0.386814
0.862796
0.137113
0.899839
0.757406
0.975015
0.579076
0.743922
0.620369
0.826564
0.096261
0.589407
0.824529
0.98721
0.129592
0.577315
0.55091
0.064949
0.509088
0.736704
0.193362
0.611221
0.757699
0.210226
0.609898
0.660319
0.341677
0.22098
0.123538
0.206306
0.592887
0.303107
0.254666
0.350149
0.498021
0.727415
0.910715
0.560299
0.059168
0.58135
0.543349
0.012044
0.55531
0.034675
0.539825
0.560522
0.70808
0.811758
0.770927
0.185004
0.729534
0.304218
0.74964
0.339498
0.266205
0.803131
0.848015
0.830316
0.26279
0.388476
0.819342
0.516286
0.653498
0.507337
0.631423
0.623854
0.088261
0.652662
0.999902
0.3579
0.725332
0.693761
0.868958
0.371941
0.232942
0.60044
0.686754
0.348158
0.976946
0.96607
0.655247
0.1789
0.234901
0.134758
0.237992
0.489596
0.895239
0.275142
0.502571
0.022703
0.122611
0.007358
0.993447
0.311935
0.141465
0.283137
0.384558
0.333576
0.304518
0.421408
0.705474
0.231679
0.992898
0.172697
0.293137
0.129259
0.208314
0.592787
0.264343
0.804847
0.858019
0.591267
0.855737
0.520135
0.477182
0.397818
0.375304
0.6439
0.879285
0.983725
0.027839
0.464681
0.677977
0.545054
0.696217
0.002855
0.354608
0.27825
0.675358
0.013044
0.201544
0.980773
0.02345
0.942001
0.598493
0.773147
0.105817
0.710948
0.005834
0.611312
0.544813
0.94725
0.601447
0.559073
0.428239
0.887537
0.88298
0.353476
0.674373
0.48695
0.121558
0.829206
0.986991
0.529751
0.854942
0.288337
0.130273
0.661673
0.234816
0.016841
0.531145
0.718382
0.379739
0.111283
0.683837
0.635799
0.480057
0.75737
0.734151
0.29248
0.028978
0.686075
0.095862
0.730179
0.273549
0.824084
0.499499
0.851089
0.01805
0.823761
0.769668
0.344566
0.932536
0.60081
0.358023
0.440345
0.504631
0.21119
0.388164
0.913219
0.365402
0.586774
0.264654
0.747634
0.426782
0.363913
0.171848
0.328377
0.505228
0.003325
0.475081
0.023759
0.051428
0.397415
0.626992
0.05595
0.041449
0.121396
0.993844
0.387474
0.218197
0.409265
0.29223
0.766005
0.671869
0.42488
0.081199
0.989005
0.111369
0.029757
0.783855
0.617204
0.726407
0.057778
0.222713
0.412606
0.75557
0.168169
0.982547
0.146973
0.095599
0.627224
0.160262
0.952181
0.372487
0.109185
0.404255
0.212035
0.433992
0.093186
0.468795
0.524776
0.523705
0.33689
0.472967
0.355645
0.339514
0.877157
0.748051
0.928697
0.549371
0.611479
0.230474
0.657864
0.415352
0.683367
0.670521
0.277126
0.391991
0.688829
0.963307
0.660294
0.883114
0.737505
0.013613
0.736616
0.370982
0.517775
0.433587
0.469797
0.205335
0.150762
0.969295
0.700641
0.4063
0.874383
0.900453
0.753798
0.58594
0.887776
0.459467
0.922472
0.439354
0.767547
0.378153
0.265164
0.727342
0.563462
0.161937
0.735926
0.327235
0.420088
0.075929
0.649276
0.994761
0.759075
0.025109
0.042976
0.177956
0.975847
0.311676
0.763885
0.20295
0.638831
0.549281
0.031986
0.389968
0.138749
0.949821
0.709637
0.753158
0.221292
0.808449
0.319531
0.825948
0.415838
0.541883
0.800369
0.797525
0.516718
0.95577
0.347605
0.152395
0.467005
0.611111
0.090303
0.127217
0.862699
0.547339
0.771305
0.722585
0.687742
0.373406
0.442595
0.884507
0.075769
0.2587
0.237067
0.158574
0.356543
0.775056
0.896191
0.5348
0.406382
0.154213
0.77061
0.54673
0.427401
0.819686
0.417869
0.133934
0.407379
0.107344
0.345001
0.426758
0.568493
0.891219
0.632986
0.723678
0.351455
0.027882
0.12486
0.330785
0.921781
0.765561
0.568886
0.708012
0.197426
0.90463
0.336462
0.887066
0.489709
0.377797
0.695921
0.169663
0.832234
0.097167
0.948968
0.782406
0.319692
0.979007
0.783283
0.706711
0.109966
0.675678
0.084222
0.127822
0.418922
0.094267
0.102407
0.735339
0.966086
0.481115
0.97004
0.012398
0.790319
0.042573
0.919355
0.694869
0.658013
0.084443
0.18687
0.706316
0.886937
0.862956
0.831225
0.428726
0.739564
0.524912
0.510029
0.317169
0.797495
0.891088
0.489157
0.277744
0.433056
0.177457
0.868874
0.495928
0.262362
0.573154
0.608703
0.789834
0.800373
0.35505
0.788953
0.152803
0.72104
0.164193
0.867156
0.737665
0.9727
0.935443
0.993382
0.114993
0.584636
0.660278
0.369053
0.556047
0.709991
0.512107
0.65759
0.165694
0.672777
0.365305
0.29407
0.671815
0.532067
0.665234
0.616102
0.782008
0.327992
0.099628
0.509657
0.099553
0.639045
0.525154
0.963402
0.258107
0.600448
0.766536
0.411982
0.752425
0.389745
0.162473
0.396953
0.499407
0.265965
0.32509
0.387201
0.499472
0.511353
0.466688
0.026027
0.745443
0.76824
0.424145
0.475722
0.00052
0.220363
0.516746
0.418934
0.035457
0.43818
0.364282
0.677859
0.76374
0.48609
0.801831
0.419154
0.740017
0.665691
0.521215
0.791564
0.295037
0.589291
0.126365
0.001545
0.652863
0.930196
0.751343
0.747843
0.895825
0.388688
0.387089
0.522163
0.704701
0.261719
0.375232
0.991691
0.440175
0.478057
0.274111
0.461041
0.868732
0.431771
0.446929
0.846835
0.224877
0.457802
0.676525
0.591763
0.112957
0.868104
0.872087
0.882546
0.748712
0.233868
0.651828
0.044195
0.459077
0.64482
0.250598
0.810639
0.562031
0.715257
0.026452
0.47592
0.776425
0.13439
0.587893
0.3535
0.777298
0.683493
0.232356
0.689915
0.256933
0.809569
0.361213
0.635733
0.513916
0.859063
0.84562
0.874855
0.099658
0.953488
0.885254
0.268255
0.949318
0.527774
0.741119
0.104199
0.227377
0.714079
0.666943
0.470321
0.474606
0.117419
0.207026
0.795933
0.448086
0.718207
0.623502
0.855692
0.420591
0.518409
0.36017
0.874487
0.090832
0.483144
0.017303
0.456907
0.633155
0.806349
0.343369
0.656845
0.959152
0.962249
0.828758
0.617052
0.90367
0.714929
0.150143
0.934774
0.776184
0.391205
0.016272
0.220344
0.461925
0.608485
0.805554
0.501056
0.55658
0.496157
0.728044
0.84211
0.784287
0.655909
0.943545
0.039977
0.938763
0.345361
0.457249
0.237012
0.000648
0.94169
0.73635
0.803131
0.585714
0.747135
0.836283
0.406278
0.302455
0.200375
0.066051
0.948594
0.017031
0.327123
0.863001
0.53142
0.806724
0.976755
0.91099
0.388556
0.471144
0.080086
0.552711
0.047789
0.986894
0.941881
0.96304
0.215813
0.302354
0.178647
0.131813
0.471147
0.810178
0.336683
0.737504
0.370112
0.346187
0.572109
0.097717
0.295113
0.47019
0.046129
0.405977
0.363368
0.947287
0.867917
0.027658
0.638816
0.780447
0.544176
0.432479
0.290013
0.951313
0.564893
0.036474
0.354349
0.638776
0.608578
0.912064
0.589659
0.491057
0.132464
0.503915
0.306623
0.449969
0.752253
0.339151
0.414941
0.917826
0.342764
0.460679
0.544374
0.255477
0.239078
0.233311
0.214818
0.116755
0.80377
0.766374
0.300846
0.937598
0.480474
0.895981
0.149196
0.012827
0.404046
0.892673
0.756334
0.011078
0.521445
0.669896
0.873558
0.153046
0.987899
0.114483
0.538769
0.378635
0.722886
0.963658
0.045258
0.109184
0.375703
0.127386
0.125924
0.322158
0.164703
0.124582
0.88556
0.418783
0.141655
0.362443
0.140569
0.098519
0.707842
0.706928
0.010749
0.344505
0.310096
0.348107
0.844991
0.666934
0.504546
0.365187
0.572739
0.622525
0.671988
0.899373
0.038387
0.319401
0.984772
0.540911
0.887014
0.823228
0.372682
0.999577
0.939799
0.682981
0.339415
0.253908
0.222965
0.588345
0.886002
0.312205
0.003025
0.777691
0.863085
0.971572
0.319156
0.800827
0.362559
0.90039
0.007396
0.103839
0.344728
0.198107
0.507552
0.624363
0.686061
0.580292
0.159938
0.670224
0.644391
0.548035
0.118401
0.820276
0.894469
0.766091
0.21251
0.111478
0.747122
0.978189
0.353083
0.876392
0.179241
0.360279
0.090662
0.096089
0.044017
0.262022
0.99166
0.766234
0.764931
0.097444
0.173863
0.756664
0.973832
0.279221
0.498099
0.45648
0.510843
0.214916
0.403236
0.84768
0.071964
0.042282
0.485486
0.369533
0.174517
0.36854
0.604761
0.989423
0.915834
0.350618
0.062729
0.710186
0.062229
0.292078
0.732045
0.617574
0.031808
0.392515
0.882416
0.789445
0.726192
0.729344
0.21487
0.052273
0.393574
0.866669
0.671184
0.656285
0.920839
0.210068
0.58897
0.225971
0.253461
0.573318
0.749786
0.881203
0.70387
0.066593
0.397607
0.753391
0.441626
0.878454
0.396457
0.486028
0.804268
0.293339
0.822036
0.234196
0.522141
0.622014
0.382226
0.267063
0.77324
0.850933
0.290626
0.434991
0.270316
0.150583
0.586322
0.974771
0.775682
0.285284
0.800036
0.064213
0.099381
0.177808
0.535815
0.775849
0.218378
0.866431
0.836732
0.287957
0.933965
0.48204
0.627277
0.577175
0.872188
0.890164
0.589311
0.217803
0.237496
0.319597
0.966343
0.798549
0.655739
0.058169
0.204512
0.970518
0.778228
0.752398
0.449112
0.807154
0.191215
0.506607
0.980913
0.38111
0.152715
0.220734
0.239698
0.812749
0.055457
0.706625
0.620146
0.314343
0.256183
0.120767
0.01487
0.82252
0.384377
0.263197
0.141351
0.438307
0.670638
0.844873
0.931867
0.139867
0.596428
0.612963
0.205346
0.274407
0.476027
0.37376
0.262283
0.207735
0.779156
0.135759
0.377132
0.224913
0.816355
0.949679
0.258337
0.300629
0.649268
0.978348
0.617087
0.661527
0.664438
0.680779
0.531652
0.337414
0.156139
0.86836
0.489892
0.081146
0.398393
0.459381
0.975649
0.449748
0.273861
0.429871
0.488987
0.11392
0.677246
0.525384
0.77378
0.793845
0.195983
0.618159
0.367611
0.313647
0.601047
0.863734
0.773954
0.8789
0.736776
0.013736
0.641682
0.590351
0.01447
0.576119
0.572706
0.682021
0.281944
0.229496
0.680125
0.968608
0.192248
0.1447
0.001281
0.064342
0.652378
0.053778
0.916289
0.846333
0.5108
0.172641
0.940894
0.619126
0.422167
0.523314
0.563841
0.95555
0.227976
0.128385
0.095097
0.413752
0.638261
0.284222
0.496928
0.452406
0.282661
0.409568
0.779976
0.810858
0.971709
0.071639
0.092
0.472547
0.278258
0.169908
0.335135
0.467536
0.264496
0.180354
0.627886
0.517639
0.481388
0.212909
0.976832
0.675259
0.763177
0.171503
0.79082
0.431804
0.099573
0.736363
0.919953
0.571425
0.502367
0.821804
0.510309
0.225087
0.221326
0.120079
0.1235
0.535561
0.064451
0.656589
0.427698
0.932677
0.36244
0.04057
0.959359
0.931903
0.788055
0.73085
0.609572
0.297172
0.069637
0.66184
0.003255
0.782166
0.716243
0.065462
0.980558
0.881339
0.140286
0.648912
0.873562
0.250753
0.68095
0.166401
0.895718
0.690395
0.314938
0.463076
0.770491
0.965822
0.820879
0.220872
0.738437
0.508039
0.939961
0.86695
0.006872
0.078289
0.090543
0.219722
0.119806
0.585
0.58436
0.261308
0.064932
0.718029
0.353894
0.253441
0.476023
0.460375
0.088436
0.261138
0.39996
0.160115
0.341549
0.610281
0.929692
0.041727
0.626334
0.808075
0.182613
0.694801
0.07454
0.375707
0.530889
0.154958
0.491056
0.193482
0.728663
0.588895
0.3712
0.933395
0.187228
0.70973
0.4066
0.351267
0.13567
0.523963
0.872598
0.629446
0.452335
0.494929
0.302566
0.562658
0.475558
0.857002
0.316545
0.939429
0.057867
0.596705
0.449286
0.733686
0.819117
0.262223
0.537469
0.061845
0.712968
0.967072
0.481087
0.653867
0.287631
0.473763
0.300506
0.695422
0.183173
0.503958
0.718451
0.959827
0.470021
0.837256
0.929227
0.727892
0.763747
0.219142
0.925551
0.552307
0.194473
0.346589
0.828949
0.485796
0.660414
0.259831
0.412702
0.03119
0.067939
0.513239
0.776311
0.718198
0.394231
0.339353
0.128285
0.822136
0.491604
0.216976
0.121043
0.541109
0.748643
0.175982
0.92958
0.667511
0.517634
0.128799
0.449315
0.615171
0.04607
0.668778
0.184317
0.305581
0.709948
0.87791
0.683953
0.720107
0.680601
0.899438
0.493575
0.009285
0.676518
0.294336
0.537231
0.371452
0.606623
0.54397
0.224341
0.291034
0.279044
0.727966
0.524137
0.266372
0.265795
0.367287
0.354884
0.129257
0.7625
0.501787
0.179061
0.36767
0.957847
0.490485
0.324989
0.968066
0.213731
0.827894
0.246994
0.03652
0.368372
0.457498
0.332529
0.214929
0.689471
0.431413
0.093619
0.441704
0.462442
0.059504
0.378138
0.649629
0.132455
0.512327
0.286974
0.640461
0.517418
0.742474
0.023724
0.668397
0.891798
0.75835
0.22685
0.799678
0.934465
0.592991
0.207536
0.633297
0.856722
0.453846
0.743726
0.043004
0.234102
0.468329
0.666036
0.068635
0.456125
0.943379
0.249258
0.059649
0.972415
0.794153
0.072576
0.398009
0.903634
0.204902
0.243255
0.730099
0.488446
0.743109
0.321065
0.747263
0.823224
0.078121
0.658233
0.404828
0.363647
0.946574
0.0357
0.403678
0.700831
0.709489
0.456481
0.176506
0.748922
0.409066
0.05623
0.514167
0.049259
0.047687
0.127
0.409794
0.979635
0.847995
0.734415
0.744562
0.201428
0.615967
0.134084
0.161528
0.212902
0.761183
0.365242
0.17766
0.818504
0.428911
0.565482
0.531467
0.300556
0.577593
0.593561
0.442258
0.469441
0.782854
0.215865
0.221959
0.667898
0.247539
0.447695
0.45787
0.976859
0.463104
0.669223
0.217294
0.75167
0.449849
0.412839
0.355793
0.749869
0.575142
0.091088
0.199379
0.407998
0.802539
0.234141
0.387378
0.848935
0.13019
0.190802
0.820436
0.999379
0.207153
0.151323
0.423655
0.790392
0.686379
0.303204
0.110206
0.552184
0.400973
0.274662
0.114997
0.560163
0.968098
0.822209
0.954922
0.734302
0.225108
0.161107
0.746603
0.765503
0.028272
0.117251
0.000531
0.185866
0.244331
0.977352
0.538822
0.618618
0.536261
0.523404
0.080132
0.355667
0.915562
0.764945
0.133356
0.86515
0.405494
0.704148
0.682581
0.178548
0.933322
0.905195
0.863158
0.62332
0.319922
0.171119
0.614478
0.205448
0.047827
0.84395
0.683457
0.087779
0.33369
0.862346
0.467101
0.087109
0.673448
0.166763
0.172108
0.875664
0.543682
0.104715
0.631098
0.996117
0.431076
0.362558
0.595658
0.136922
0.731516
0.169205
0.47503
0.274299
0.579872
0.593483
0.292146
0.701643
0.649992
0.512515
0.665239
0.524159
0.421963
0.729838
0.917375
0.233947
0.396624
0.040113
0.092019
0.737794
0.90516
0.095897
0.603983
0.561327
0.344588
0.910703
0.887766
0.455036
0.614536
0.560655
0.356809
0.396208
0.57393
0.01807
0.199916
0.806396
0.209837
0.914
0.305172
0.454752
0.488302
0.454926
0.584078
0.143921
0.549815
0.376853
0.520436
0.495352
0.214257
0.52641
0.369281
0.10289
0.879746
0.153443
0.442449
0.919507
0.238883
0.907631
0.91013
0.840114
0.345175
0.461915
0.904112
0.714385
0.49017
0.602128
0.161377
0.134747
0.936269
0.192027
0.158808
0.992808
0.96817
0.710369
0.916873
0.749967
0.771844
0.257913
0.006929
0.028151
0.274939
0.042774
0.771386
0.83343
0.467036
0.668279
0.021115
0.434505
0.639916
0.105783
0.530244
0.191978
0.320479
0.839484
0.07854
0.47953
0.969694
0.788258
0.015936
0.916637
0.745704
0.785775
0.307745
0.233665
0.931937
0.465439
0.49221
0.180369
0.525813
0.492015
0.770031
0.37956
0.49625
0.779133
0.11788
0.953354
0.93792
0.509895
0.710116
0.362441
0.932434
0.226937
0.163664
0.157122
0.473743
0.631616
0.83277
0.211973
0.020948
0.531456
0.840048
0.739269
0.4708
0.566446
0.508935
0.685232
0.671492
0.114151
0.893476
0.7625
0.873844
0.874042
0.371056
0.063109
0.831145
0.025657
0.118909
0.581597
0.328795
0.401693
0.480755
0.688169
0.914771
0.549579
0.155736
0.999601
0.841966
0.590596
0.075599
0.170128
0.967679
0.195178
0.211378
0.976832
0.707399
0.039537
0.550112
0.497505
0.929057
0.584014
0.668974
0.866391
0.151836
0.374081
0.002002
0.337559
0.243775
0.050845
0.431601
0.197095
0.813756
0.179965
0.193857
0.075243
0.953338
0.640935
0.023214
0.665952
0.844057
0.376915
0.651637
0.187935
0.836001
0.430958
0.573728
0.522045
0.44142
0.622213
0.765929
0.894012
0.33254
0.896218
0.50399
0.464146
0.001478
0.769624
0.44474
0.44422
0.923174
0.708045
0.016267
0.451024
0.43028
0.495551
0.277571
0.621332
0.58044
0.824999
0.222046
0.387414
0.621785
0.495199
0.841622
0.521256
0.935944
0.735546
0.115803
0.592758
0.793003
0.546934
0.905349
0.920833
0.072277
0.273605
0.893394
0.385711
0.349349
0.519589
0.388939
0.55293
0.51422
0.269204
0.303278
0.091797
0.725389
0.010268
0.364374
0.786156
0.636111
0.365469
0.977619
0.446057
0.759711
0.110701
0.738146
0.986353
0.276334
0.857102
0.994464
0.827729
0.325321
0.978093
0.544071
0.421506
0.125934
0.14037
0.567326
0.049198
0.813515
0.938848
0.526742
0.541098
0.986286
0.342872
0.287933
0.12335
0.043298
0.108191
0.189679
0.886457
0.990634
0.638171
0.208105
0.642562
0.810617
0.091528
0.739794
0.280378
0.438029
0.91628
0.910016
0.070468
0.703059
0.722582
0.646437
0.812572
0.110257
0.651217
0.441619
0.996866
0.683603
0.984762
0.373601
0.545824
0.921827
0.196787
0.215896
0.27842
0.68927
0.274334
0.758958
0.682832
0.513734
0.02466
0.340537
0.16838
0.514517
0.601391
0.596792
0.343262
0.264869
0.626693
0.390312
0.033368
0.385472
0.871317
0.903017
0.712864
0.737388
0.562283
0.212294
0.85989
0.777871
0.949183
0.282962
0.169649
0.24118
0.123089
0.66101
0.066389
0.913332
0.631079
0.607775
0.432176
0.770025
0.663375
0.90656
0.826487
0.637537
0.163915
0.411956
0.270227
0.172411
0.095043
0.99573
0.172101
0.749984
0.743222
0.287904
0.9487
0.605568
0.971261
0.752884
0.320879
0.405649
0.738905
0.647146
0.720566
0.143848
0.317647
0.125478
0.667839
0.792404
0.274518
0.497402
0.155305
0.347296
0.390571
0.922571
0.983525
0.980704
0.776246
0.392807
0.386986
0.843748
0.353594
0.027429
0.338099
0.792731
0.740977
0.591928
0.212609
0.124685
0.804196
0.314669
0.713839
0.362462
0.063743
0.925072
0.214509
0.128647
0.032849
0.040163
0.637864
0.560942
0.948274
0.906684
0.831527
0.512316
0.793376
0.427029
0.280482
0.38058
0.003415
0.27072
0.712287
0.105002
0.399829
0.957366
0.632337
0.004908
0.024638
0.204195
0.765693
0.998358
0.688817
0.316625
0.987342
0.095152
0.334866
0.807039
0.422733
0.105964
0.806376
0.005636
0.715781
0.725038
0.88503
0.320993
0.079706
0.16487
0.178784
0.123032
0.049412
0.342301
0.819806
0.805303
0.283326
0.00182
0.743421
0.612801
0.614789
0.110446
0.318382
0.057084
0.780559
0.189541
0.544686
0.811534
0.012398
0.1318
0.570959
0.097296
0.747819
0.740333
0.988995
0.835053
0.058625
0.328987
0.358925
0.929114
0.999032
0.698685
0.200532
0.54042
0.005721
0.808148
0.387785
0.021491
0.442902
0.271925
0.489421
0.514191
0.315172
0.555376
0.937906
0.870092
0.964976
0.82344
0.139274
0.813356
0.802511
0.39358
0.972649
0.414222
0.945558
0.085656
0.376518
0.295347
0.944242
0.023933
0.013747
0.465495
0.205566
0.897275
0.4875
0.527254
0.412069
0.293261
0.359921
0.12485
0.262473
0.363489
0.034014
0.14546
0.553561
0.359356
0.641969
0.079192
0.699771
0.031609
0.891398
0.653411
0.244419
0.710419
0.289204
0.339732
0.272227
0.609614
0.467984
0.884595
0.024289
0.981185
0.099156
0.7103
0.14666
0.793768
0.057703
0.168624
0.718236
0.633947
0.346668
0.829049
0.954034
0.837012
0.966811
0.48788
0.4335
0.091659
0.561628
0.574082
0.405232
0.206732
0.353371
0.646498
0.420195
0.8511
0.947364
0.107158
0.846763
0.497563
0.786607
0.155532
0.886651
0.23108
0.443514
0.269007
0.586319
0.953701
0.535801
0.039544
0.31215
0.91516
0.222675
0.418164
0.686249
0.647022
0.764759
0.066774
0.283149
0.572702
0.588325
0.281356
0.742988
0.177308
0.629045
0.293535
0.698414
0.065413
0.742467
0.399558
0.626066
0.007325
0.07315
0.46533
0.432539
0.870859
0.588783
0.51576
0.72837
0.462731
0.920366
0.899765
0.961261
0.753877
0.610302
0.729224
0.840772
0.103139
0.549321
0.286235
0.142255
0.99459
0.92684
0.325036
0.869978
0.347651
0.507162
0.36489
0.24638
0.330612
0.943852
0.392675
0.35781
0.353461
0.881145
0.690467
0.316553
0.874159
0.709241
0.408773
0.443607
0.780931
0.049836
0.867792
0.535661
0.948583
0.317686
0.652233
0.957497
0.201091
0.167355
0.598627
0.140308
0.090596
0.938934
0.685796
0.403932
0.129662
0.250948
0.439378
0.537509
0.007606
0.445544
0.903551
0.848
0.600279
0.269041
0.634894
0.483807
0.160464
0.896474
0.208091
0.251368
0.72493
0.288407
0.867759
0.149456
0.270706
0.959219
0.210059
0.061064
0.94367
0.187125
0.857538
0.831101
0.211254
0.47394
0.208734
0.01324
0.237887
0.294534
0.754204
0.040812
0.642507
0.486812
0.464642
0.227339
0.448386
0.987108
0.288595
0.608817
0.337112
0.546408
0.421211
0.546229
0.271587
0.258622
0.054512
0.39251
0.478621
0.790927
0.042512
0.351126
0.460055
0.14522
0.500577
0.057463
0.566117
0.408479
0.021774
0.044767
0.93703
0.522651
0.203576
0.354929
0.565588
0.295142
0.698707
0.615454
0.898588
0.699704
0.806048
0.626895
0.924143
0.674159
0.847547
0.283259
0.601674
0.479658
0.265135
0.091619
0.424677
0.244706
0.476714
0.178881
0.143951
0.972447
0.725368
0.525492
0.614709
0.544196
0.248293
0.685253
0.261724
0.40971
0.09026
0.740245
0.336508
0.49851
0.395369
0.623187
0.460736
0.904752
0.370042
0.039975
0.638772
0.225694
0.006982
0.723424
0.992337
0.161453
0.792389
0.81355
0.565212
0.661239
0.498654
0.598102
0.206652
0.196694
0.142396
0.295665
0.275803
0.315061
0.28375
0.043365
0.459838
0.340449
0.748434
0.27495
0.580638
0.238161
0.367231
0.063533
0.476198
0.899614
0.044294
0.909662
0.517151
0.196281
0.981363
0.200427
0.071974
0.904967
0.533731
0.814885
0.620728
0.051545
0.909374
0.661925
0.156837
0.426667
0.376087
0.241131
0.499054
0.351549
0.905428
0.798138
0.913462
0.907324
0.941259
0.441335
0.33233
0.067975
0.702108
0.011135
0.221774
0.770633
0.50947
0.632791
0.557305
0.658767
0.066736
0.174704
0.813186
0.867045
0.274296
0.669507
0.918236
0.877514
0.973433
0.947496
0.802304
0.820228
0.147593
0.128623
0.982752
0.765929
0.956124
0.165855
0.396802
0.709549
0.985892
0.295669
0.553012
0.826151
0.605337
0.401835
0.323728
0.811309
0.52118
0.42956
0.403796
0.559635
0.648416
0.944226
0.813819
0.190492
0.827754
0.413994
0.953069
0.217794
0.430276
0.82271
0.915119
0.499206
0.462761
0.840477
0.120509
0.708058
0.137323
0.667838
0.66961
0.083399
0.834894
0.690208
0.864347
0.429464
0.675901
0.086713
0.411429
0.430231
0.410053
0.078407
0.226356
0.503105
0.447726
0.021786
0.164871
0.07722
0.153704
0.788355
0.96571
0.962235
0.253625
0.502699
0.298234
0.48171
0.832427
0.332977
0.814862
0.332185
0.559779
0.126136
0.323016
0.732146
0.603079
0.068781
0.099129
0.286132
0.291406
0.218483
0.601258
0.012332
0.365572
0.307335
0.564355
0.306518
0.338104
0.888189
0.37109
0.483003
0.137205
0.179249
0.024048
0.164925
0.707977
0.194979
0.628186
0.10057
0.739002
0.097304
0.068588
0.703717
0.745676
0.005476
0.32628
0.63514
0.366389
0.709723
0.392166
0.447179
0.677667
0.605351
0.496075
0.90187
0.379282
0.678872
0.186586
0.802913
0.708202
0.077989
0.03202
0.290749
0.744166
0.401329
0.889837
0.025717
0.138341
0.559168
0.458422
0.823348
0.777304
0.039849
0.468055
0.113729
0.470745
0.53547
0.093165
0.105491
0.882725
0.19873
0.835532
0.925076
0.486564
0.504227
0.194939
0.589887
0.418348
0.3922
0.052236
0.14081
0.868223
0.450748
0.815035
0.250197
0.648035
0.885432
0.854044
0.182355
0.376372
0.756411
0.870226
0.393171
0.014142
0.488611
0.420157
0.387282
0.735399
0.205965
0.707336
0.49704
0.132765
0.138721
0.881055
0.295489
0.88657
0.563554
0.847544
0.99719
0.698433
0.056177
0.597352
0.878138
0.464267
0.408069
0.801304
0.476955
0.440905
0.238219
0.094023
0.754559
0.072371
0.490034
0.312389
0.126347
0.545973
0.866858
0.851161
0.947168
0.618993
0.04305
0.149166
0.334283
0.36277
0.292083
0.346856
0.723284
0.649078
0.06487
0.653624
0.867435
0.425271
0.818838
0.65548
0.39788
0.966248
0.038337
0.440668
0.656974
0.82615
0.878022
0.594179
0.478081
0.53164
0.872018
0.469518
0.664512
0.879861
0.342018
0.646595
0.116094
0.347093
0.274335
0.853932
0.602807
0.345573
0.035844
0.929976
0.315717
0.914491
0.256841
0.153929
0.314648
0.772277
0.196072
0.986657
0.297739
0.685371
0.146566
0.453991
0.73156
0.866788
0.455688
0.678511
0.683031
0.468763
0.016734
0.544145
0.126332
0.127893
0.487489
0.26259
0.762865
0.536174
0.965158
0.021273
0.388201
0.217402
0.936187
0.803069
0.477634
0.723414
0.974208
0.332408
0.88949
0.037155
0.198782
0.463533
0.671748
0.93756
0.108231
0.022312
0.189235
0.002276
0.604678
0.197198
0.10096
0.477608
0.284823
0.983766
0.993618
0.606824
0.305441
0.294386
0.56997
0.300742
0.888874
0.066256
0.906757
0.624588
0.652658
0.44285
0.840644
0.697711
0.642361
0.730717
0.589208
0.069452
0.616846
0.117705
0.694001
0.327753
0.522269
0.418622
0.017937
0.128718
0.913658
0.260694
0.305195
0.131621
0.930154
0.062972
0.788526
0.245009
0.866543
0.668381
0.355894
0.768183
0.992596
0.684417
0.352796
0.351238
0.792129
0.168044
0.423025
0.240488
0.043361
0.95274
0.684584
0.692161
0.376591
0.812345
0.855997
0.46014
0.521716
0.110057
0.665173
0.818933
0.465478
0.107266
0.390555
0.362839
0.388004
0.252814
0.015521
0.717951
0.716997
0.882674
0.589306
0.147599
0.095964
0.472471
0.271455
0.58471
0.421784
0.824341
0.603007
0.726931
0.737548
0.797238
0.586343
0.412162
0.659636
0.910008
0.204305
0.210741
0.772925
0.406382
0.770833
0.001338
0.527911
0.720417
0.595258
0.161631
0.434099
0.930825
0.776386
0.384753
0.92492
0.910119
0.027801
0.090809
0.096635
0.225665
0.799231
0.71783
0.59775
0.373853
0.428162
0.62865
0.930006
0.47227
0.701427
0.999751
0.305776
0.031626
0.073264
0.304877
0.568153
0.727927
0.243324
0.188734
0.066369
0.512455
0.185531
0.724401
0.150144
0.116354
0.657739
0.703851
0.272512
0.921385
0.846077
0.919281
0.396859
0.70146
0.427582
0.666705
0.163119
0.230549
0.034783
0.647155
0.947308
0.579201
0.322379
0.432981
0.547961
0.340222
0.161821
0.457181
0.491247
0.145449
0.212508
0.613188
0.813563
0.957523
0.10385
0.823335
0.140703
0.314933
0.297454
0.771891
0.81024
0.710807
0.101866
0.881552
0.971838
0.600367
0.833736
0.610607
0.28308
0.088237
0.542649
0.07959
0.27239
0.309059
0.668296
0.627043
0.129384
0.286374
0.185035
0.218944
0.049911
0.058884
0.835951
0.166866
0.01616
0.837575
0.599864
0.04406
0.198587
0.031251
0.070699
0.81609
0.382307
0.622568
0.924304
0.721288
0.224274
0.531993
0.579393
0.050282
0.180928
0.566498
0.61792
0.495838
0.73342
0.758469
0.127952
0.79556
0.38227
0.317051
0.869245
0.251088
0.020334
0.679076
0.192191
0.175067
0.169469
0.167151
0.73921
0.195183
0.463064
0.642535
0.895274
0.155933
0.64451
0.381817
0.006993
0.766767
0.459582
0.628222
0.298721
0.90869
0.086941
0.625732
0.459053
0.401374
0.464953
0.827682
0.904397
0.729637
0.720153
0.346216
0.668674
0.15237
0.719296
0.647728
0.770091
0.517613
0.839235
0.038342
0.097577
0.545138
0.331068
0.452315
0.571713
0.979891
0.859824
0.927754
0.214501
0.087658
0.568778
0.613779
0.745542
0.522567
0.145602
0.207411
0.664504
0.676844
0.459156
0.490638
0.501387
0.288361
0.377958
0.121116
0.3487
0.452347
0.66474
0.266014
0.403156
0.355752
0.976077
0.82835
0.022702
0.536011
0.785705
0.11468
0.875825
0.753107
0.274397
0.715383
0.665652
0.221408
0.33042
0.835612
0.635465
0.608191
0.830291
0.457323
0.310196
0.705885
0.224844
0.607482
0.761985
0.948388
0.421001
0.023853
0.182075
0.423183
0.143021
0.195091
0.020583
0.869578
0.584726
0.529769
0.502035
0.564546
0.346439
0.729176
0.09351
0.093443
0.315747
0.022381
0.23066
0.884323
0.586608
0.8958
0.866711
0.116846
0.112062
0.995703
0.784726
0.957678
0.2589
0.179527
0.683618
0.178383
0.768741
0.419615
0.152469
0.231396
0.681679
0.882649
0.100845
0.626809
0.38184
0.593127
0.852123
0.620541
0.507308
0.650997
0.154844
0.421912
0.745939
0.148803
0.477147
0.917539
0.829725
0.440698
0.683492
0.142691
0.529427
0.561092
0.1868
0.99812
0.848542
0.583097
0.973871
0.184915
0.909652
0.662235
0.624684
0.642249
0.764776
0.463202
0.082195
0.076825
0.502916
0.197059
0.166222
0.883347
0.467625
0.090642
0.595723
0.993529
0.926233
0.699555
0.560447
0.515012
0.514733
0.02953
0.781166
0.813371
0.359435
0.191396
0.685337
0.19983
0.74667
0.317092
0.676951
0.279162
0.585664
0.900908
0.538533
0.956755
0.133103
0.096227
0.048998
0.144372
0.6033
0.492982
0.832583
0.703397
0.024559
0.213947
0.209844
0.729584
0.456008
0.713688
0.559963
0.031692
0.574124
0.141916
0.305032
0.272057
0.485192
0.216425
0.284839
0.043198
0.277113
0.533618
0.688506
0.780756
0.624347
0.454366
0.690544
0.523284
0.26729
0.190461
0.248996
0.469023
0.645375
0.788064
0.773845
0.149269
0.428696
0.042111
0.494011
0.096433
0.012723
0.883286
0.828567
0.7359
0.016954
0.688657
0.393472
0.795975
0.008507
0.570964
0.058171
0.536382
0.221681
0.14849
0.939508
0.016679
0.320698
0.380099
0.671655
0.86467
0.635565
0.139947
0.987425
0.404981
0.144327
0.958451
0.524205
0.564346
0.149849
0.395045
0.876214
0.923845
0.370394
0.487785
0.538019
0.387563
0.708448
0.078303
0.902398
0.06179
0.45604
0.195581
0.250407
0.3064
0.559602
0.566864
0.088241
0.965262
0.514111
0.066136
0.823523
0.233993
0.477011
0.259885
0.116317
0.412061
0.807564
0.836842
0.105668
0.050023
0.489716
0.964758
0.722253
0.671605
0.007986
0.840827
0.749628
0.342902
0.548769
0.044852
0.321529
0.94488
0.134791
0.323972
0.664831
0.897386
0.083808
0.791877
0.127207
0.442672
0.398756
0.003142
0.389735
0.879739
0.675543
0.632526
0.76861
0.424011
0.384227
0.676904
0.467086
0.622793
0.396721
0.684044
0.094299
0.538358
0.981803
0.243944
0.655137
0.878406
0.054523
0.149945
0.363092
0.550445
0.233437
0.106433
0.349751
0.127517
0.865647
0.825395
0.541105
0.389193
0.354044
0.392063
0.869332
0.379
0.946668
0.277036
0.233179
0.239488
0.564463
0.500011
0.098605
0.143299
0.488674
0.820157
0.456605
0.953347
0.801918
0.166955
0.315028
0.950134
0.121087
0.979331
0.368813
0.762019
0.529516
0.453861
0.89096
0.545787
0.781287
0.930379
0.130886
0.35992
0.918759
0.874722
0.67463
0.295104
0.826158
0.443092
0.738789
0.830059
0.798487
0.901814
0.012576
0.10194
0.593559
0.632913
0.523102
0.21261
0.653899
0.381543
0.08934
0.240172
0.402236
0.579443
0.500429
0.607782
0.79651
0.810783
0.490991
0.383299
0.655921
0.030612
0.2564
0.948102
0.352425
0.691284
0.424048
0.044089
0.601963
0.568306
0.794867
0.614553
0.837606
0.215742
0.793311
0.984576
0.456524
0.455716
0.772888
0.774017
0.645634
0.311453
0.839293
0.976704
0.07094
0.213965
0.356198
0.232851
0.55422
0.216397
0.030518
0.781076
0.016723
0.353211
0.636754
0.67099
0.790665
0.30057
0.653109
0.292655
0.1585
0.930558
0.649377
0.260267
0.072174
0.648721
0.39921
0.240917
0.708873
0.055006
0.542316
0.532241
0.889458
0.961028
0.02415
0.96112
0.300427
0.50951
0.936566
0.647579
0.992037
0.622981
0.960402
0.650874
0.905422
0.492368
0.620181
0.540038
0.225186
0.945324
0.226209
0.691813
0.586371
0.718393
0.268178
0.522147
0.349267
0.451158
0.501282
0.824316
0.05581
0.740314
0.713618
0.354823
0.632721
0.088179
0.174567
0.334037
0.874682
0.104252
0.30537
0.744798
0.20748
0.837893
0.053735
0.032499
0.464538
0.044017
0.181391
0.643275
0.012711
0.615883
0.99037
0.91266
0.678931
0.72708
0.742965
0.619387
0.565663
0.558365
0.674953
0.128735
0.496499
0.127482
0.714551
0.978832
0.905101
0.860558
0.2975
0.643602
0.361375
0.915803
0.195608
0.178013
0.770547
0.093755
0.056778
0.002306
0.299782
0.274755
0.1732
0.891874
0.705418
0.316846
0.180025
0.642601
0.106194
0.217631
0.969528
0.359906
0.831023
0.497983
0.186459
0.303597
0.992782
0.727242
0.373959
0.528939
0.819037
0.772688
0.205884
0.378796
0.766406
0.144544
0.710393
0.813016
0.563342
0.811951
0.222707
0.03705
0.961592
0.777685
0.599066
0.306507
0.898848
0.228586
0.637643
0.738057
0.9126
0.924343
0.759947
0.615443
0.238757
0.577861
0.39292
0.134427
0.521688
0.285396
0.863019
0.578928
0.805899
0.517997
0.201535
0.205068
0.462476
0.960197
0.195552
0.784461
0.103498
0.793149
0.093024
0.35851
0.303386
0.275346
0.970688
0.246901
0.397424
0.065274
0.563127
0.321554
0.707972
0.386946
0.742715
0.717825
0.48613
0.827143
0.04863
0.192407
0.24575
0.04713
0.419237
0.018701
0.040981
0.757536
0.550621
0.464397
0.453966
0.363132
0.389448
0.498466
0.649117
0.41454
0.290228
0.977953
0.50461
0.897724
0.475463
0.144355
0.036417
0.727453
0.30917
0.85263
0.280294
0.504777
0.793898
0.270606
0.598933
0.510056
0.466151
0.094431
0.83731
0.532345
0.04049
0.677087
0.151385
0.816036
0.085238
0.004232
0.270875
0.828111
0.549821
0.061364
0.192399
0.946764
0.787579
0.091286
0.341602
0.041065
0.865548
0.544851
0.028828
0.200982
0.857071
0.924009
0.81145
0.287959
0.188741
0.421457
0.641067
0.879051
0.737435
0.594503
0.284502
0.951575
0.70694
0.639711
0.168318
0.096456
0.142603
0.671639
0.479843
0.901616
0.94246
0.252171
0.138311
0.355184
0.019077
0.75702
0.277046
0.407643
0.263084
0.206267
0.879452
0.44098
0.539218
0.771823
0.620031
0.938714
0.418962
0.945088
0.386577
0.12866
0.471237
0.150983
0.656804
0.118337
0.611922
0.199724
0.315801
0.459904
0.596729
0.202381
0.933521
0.456228
0.460121
0.853094
0.437615
0.457026
0.240783
0.009036
0.127274
0.476148
0.504132
0.548674
0.9107
0.297661
0.533813
0.259285
0.453709
0.229026
0.625784
0.981189
0.982207
0.506025
0.302381
0.27214
0.876281
0.561846
0.097086
0.21257
0.579455
0.35659
0.306347
0.219617
0.944031
0.383283
0.254217
0.242601
0.467467
0.954491
0.80858
0.043389
0.056551
0.353881
0.918827
0.79512
0.684828
0.829517
0.422845
0.505717
0.511837
0.637594
0.296036
0.073021
0.104153
0.19662
0.302222
0.949503
0.959507
0.502691
0.242289
0.579766
0.696039
0.240498
0.662179
0.842804
0.270818
0.465755
0.264949
0.2492
0.756716
0.127655
0.861458
0.97459
0.824899
0.112366
0.830502
0.413641
0.766622
0.866156
0.638307
0.037148
0.657936
0.578035
0.631532
0.916063
0.523951
0.585272
0.822936
0.05771
0.100483
0.691004
0.202679
0.195406
0.962032
0.191382
0.212079
0.577316
0.180845
0.682273
0.224962
0.427528
0.948664
0.729376
0.490787
0.371979
0.311522
0.370066
0.072911
0.319441
0.800601
0.34346
0.706599
0.909756
0.691563
0.177088
0.144319
0.988752
0.742714
0.473804
0.420715
0.397511
0.209937
0.440216
0.795315
0.985101
0.426348
0.44368
0.522161
0.062374
0.115449
0.520389
0.382299
0.028373
0.818488
0.67253
0.305382
0.394969
0.276538
0.699779
0.169782
0.79184
0.290381
0.494912
0.069409
0.856254
0.014057
0.933855
0.192691
0.044225
0.544451
0.515288
0.080315
0.059598
0.597523
0.844542
0.63945
0.074533
0.726503
0.885172
0.037096
0.766061
0.885019
0.900481
0.234726
0.348442
0.895612
0.725705
0.4779
0.584767
0.356854
0.83105
0.756034
0.242289
0.830652
0.683555
0.743214
0.491729
0.134047
0.888277
0.435788
0.207963
0.297581
0.58584
0.632722
0.891989
0.684908
0.71281
0.541711
0.796844
0.390068
0.346291
0.706419
0.978723
0.689549
0.79733
0.320188
0.956107
0.147459
0.808915
0.892245
0.423448
0.513857
0.890907
0.988427
0.990678
0.05267
0.482812
0.270724
0.897136
0.618915
0.521459
0.982297
0.64791
0.479318
0.046631
0.855263
0.703927
0.822948
0.532684
0.81825
0.009516
0.521913
0.943422
0.253769
0.699836
0.240522
0.957334
0.553897
0.348823
0.474666
0.396765
0.966267
0.71725
0.149094
0.569154
0.594729
0.229295
0.147142
0.257648
0.733085
0.243867
0.450572
0.163611
0.309452
0.647717
0.456478
0.156786
0.131469
0.713588
0.931095
0.045096
0.035189
0.836736
0.475169
0.086428
0.328072
0.419802
0.498182
0.303967
0.208792
0.467375
0.054732
0.183237
0.420598
0.416581
0.637114
0.395347
0.599721
0.596179
0.912681
0.171676
0.748905
0.589926
0.249871
0.842987
0.138988
0.83027
0.775513
0.944524
0.351693
0.482054
0.067007
0.446764
0.372782
0.776249
0.370213
0.426214
0.846999
0.493461
0.66214
0.347941
0.494537
0.341754
0.98317
0.871675
0.963761
0.675997
0.584463
0.10765
0.431353
0.59373
0.333659
0.424347
0.555127
0.926486
0.721172
0.188091
0.482634
0.613906
0.230983
0.796427
0.175072
0.3183
0.620299
0.464369
0.48387
0.936923
0.793174
0.900802
0.525108
0.09152
0.235356
0.071442
0.144239
0.886154
0.270033
0.67132
0.342281
0.43531
0.511687
0.613441
0.53785
0.03105
0.628025
0.010977
0.504332
0.463536
0.003303
0.552136
0.042433
0.173731
0.710225
0.899685
0.124494
0.270385
0.252752
0.246146
0.722354
0.901687
0.004222
0.988892
0.843709
0.857891
0.105936
0.131803
0.911612
0.186114
0.548314
0.135962
0.743338
0.447661
0.552248
0.155645
0.687903
0.665701
0.947702
0.921197
0.811144
0.936008
0.040909
0.098754
0.44419
0.860327
0.711917
0.466366
0.715138
0.746087
0.603696
0.38187
0.265502
0.930892
0.780264
0.05795
0.398634
0.289011
0.10058
0.589864
0.520361
0.724132
0.599769
0.587935
0.284538
0.826835
0.458171
0.268895
0.45002
0.863856
0.539655
0.110909
0.188258
0.212523
0.532081
0.866309
0.257907
0.750998
0.90387
0.555233
0.833963
0.825303
0.583872
0.835983
0.454608
0.025423
0.135625
0.419392
0.612875
0.939601
0.307585
0.116047
0.176861
0.657094
0.570819
0.792295
0.370776
0.044743
0.324616
0.427294
0.258937
0.594728
0.747113
0.400285
0.140461
0.536898
0.518935
0.526719
0.319108
0.079108
0.220303
0.26488
0.913299
0.721978
0.316948
0.192285
0.288481
0.418019
0.136283
0.255111
0.572215
0.99329
0.876327
0.083116
0.383342
0.806897
0.849086
0.769113
0.499516
0.426073
0.476033
0.783351
0.454456
0.802119
0.377252
0.303516
0.135085
0.940033
0.703344
0.826205
0.000736
0.044497
0.802289
0.095914
0.126773
0.99153
0.699688
0.562715
0.544867
0.176869
0.2115
0.842528
0.334484
0.500557
0.493759
0.86974
0.554622
0.489613
0.068087
0.405977
0.778299
0.875455
0.288761
0.410163
0.511098
0.786762
0.656349
0.232815
0.920095
0.670345
0.106604
0.18935
0.621405
0.711491
0.589981
0.161636
0.942418
0.975964
0.342452
0.79091
0.742978
0.159223
0.009578
0.789704
0.446134
0.447325
0.759565
0.80518
0.024673
0.883894
0.128992
0.153338
0.282055
0.912324
0.999709
0.891701
0.780569
0.112969
0.682273
0.454493
0.817875
0.505192
0.844737
0.809665
0.86848
0.825028
0.415233
0.758134
0.927722
0.31715
0.079106
0.843105
0.648479
0.134146
0.95003
0.256448
0.208606
0.925323
0.023358
0.375021
0.210672
0.969846
0.561854
0.699087
0.933632
0.475071
0.845
0.755339
0.592686
0.104268
0.983583
0.178553
0.699014
0.079658
0.138835
0.167059
0.521608
0.230379
0.411807
0.400087
0.187593
0.020351
0.024705
0.607195
0.496745
0.819798
0.651023
0.59253
0.228308
0.034895
0.61248
0.576712
0.395853
0.471869
0.839529
0.765077
0.817303
0.549599
0.199148
0.588474
0.884873
0.98485
0.541999
0.651601
0.33937
0.887404
0.605001
0.688518
0.241962
0.583332
0.063396
0.465621
0.50413
0.694393
0.860495
0.354129
0.369843
0.905913
0.580472
0.620214
0.155591
0.616442
0.871171
0.250292
0.438387
0.772942
0.325012
0.909144
0.804009
0.787475
0.024519
0.02205
0.827476
0.496863
0.923252
0.965778
0.501643
0.378463
0.846453
0.562396
0.537862
0.572114
0.597557
0.31389
0.875489
0.074016
0.478813
0.8628
0.917911
0.073401
0.070384
0.536513
0.961508
0.802222
0.554373
0.506477
0.408714
0.745327
0.464367
0.536803
0.706245
0.689804
0.432384
0.516993
0.76842
0.978262
0.907338
0.852309
0.607902
0.902043
0.015833
0.431697
0.216683
0.176539
0.985195
0.550506
0.315064
0.031771
0.224932
0.04733
0.464378
0.300319
0.588302
0.589666
0.577016
0.802218
0.717736
0.725325
0.205376
0.559251
0.356681
0.63239
0.751308
0.717119
0.045309
0.267157
0.434355
0.836752
0.726362
0.285535
0.023978
0.858978
0.202882
0.635131
0.34376
0.153917
0.852191
0.457772
0.730254
0.67934
0.126936
0.080327
0.307366
0.626876
0.620568
0.449602
0.885193
0.138116
0.657665
0.265903
0.827068
0.924859
0.778183
0.394256
0.9814
0.301195
0.421451
0.137254
0.473522
0.709151
0.44945
0.409497
0.550032
0.583079
0.043671
0.662956
0.087188
0.739677
0.608881
0.670153
0.812577
0.097617
0.696571
0.824388
0.233312
0.825394
0.563636
0.206506
0.723535
0.746007
0.292421
0.609156
0.026807
0.74115
0.674619
0.254998
0.268813
0.916693
0.004234
0.375232
0.128098
0.81895
0.902257
0.154636
0.718869
0.220387
0.208404
0.072082
0.377338
0.541582
0.340942
0.690957
0.295675
0.962839
0.137712
0.924363
0.850652
0.182389
0.421777
0.339548
0.198603
0.158776
0.100797
0.974668
0.639499
0.337159
0.021075
0.944381
0.862391
0.933979
0.164669
0.069049
0.777028
0.024327
0.822317
0.89831
0.027541
0.228494
0.916129
0.5442
0.131907
0.313879
0.429993
0.086693
0.294314
0.318169
0.892801
0.246877
0.078737
0.44852
0.392559
0.081256
0.14858
0.845407
0.590452
0.670161
0.456221
0.461694
0.928992
0.839374
0.087455
0.508567
0.24703
0.259756
0.087404
0.850983
0.065174
0.788816
0.390986
0.396096
0.220503
0.928989
0.564856
0.617964
0.616011
0.124567
0.991004
0.778687
0.922219
0.375808
0.745695
0.576944
0.546683
0.654163
0.994244
0.784288
0.650273
0.761747
0.382911
0.527836
0.751867
0.21763
0.356344
0.88033
0.238555
0.40112
0.632539
0.442415
0.818347
0.822032
0.71224
0.985944
0.137831
0.366154
0.841053
0.992409
0.928301
0.621274
0.703173
0.574113
0.881312
0.907583
0.187485
0.480221
0.691241
0.014493
0.699999
0.576072
0.175981
0.658156
0.406265
0.574719
0.763545
0.71096
0.958103
0.27771
0.671482
0.139364
0.953091
0.234513
0.945293
0.855196
0.928146
0.50053
0.647492
0.354581
0.17989
0.855441
0.039446
0.275033
0.252902
0.007191
0.872004
0.830295
0.109444
0.839164
0.588219
0.713627
0.839125
0.130115
0.403682
0.378648
0.161414
0.44561
0.912986
0.871255
0.698378
0.273214
0.139632
0.704011
0.692699
0.939515
0.765431
0.754611
0.859367
0.745794
0.112575
0.454504
0.043988
0.270181
0.152752
0.872365
0.464769
0.361917
0.517968
0.840148
0.257774
0.849153
0.205117
0.401706
0.239607
0.020504
0.141159
0.673621
0.231532
0.693791
0.217721
0.7387
0.872086
0.397896
0.473688
0.352737
0.503713
0.555261
0.706951
0.830195
0.546343
0.340662
0.818515
0.919287
0.204977
0.266593
0.048389
0.560687
0.832908
0.412862
0.000745
0.925284
0.489689
0.633437
0.033672
0.439646
0.408317
0.286583
0.419489
0.049234
0.034361
0.266889
0.438311
0.530596
0.553535
0.610746
0.756812
0.128937
0.85624
0.687753
0.229018
0.821837
0.583215
0.956977
0.094494
0.818361
0.73434
0.916073
0.817387
0.545258
0.311306
0.881589
0.338301
0.899379
0.910585
0.410185
0.599899
0.781854
0.338697
0.647498
0.173218
0.275545
0.112039
0.471951
0.383008
0.381463
0.084582
0.330266
0.840308
0.072165
0.393038
0.288632
0.452748
0.716102
0.088846
0.935428
0.788226
0.143298
0.063953
0.752364
0.664998
0.710458
0.237409
0.445771
0.728072
0.706355
0.476226
0.949259
0.056587
0.375346
0.106424
0.750402
0.701329
0.736286
0.72024
0.825109
0.626911
0.866126
0.25465
0.220085
0.034167
0.002357
0.019303
0.301813
0.663872
0.535128
0.619717
0.190654
0.25824
0.753101
0.419484
0.823413
0.846958
0.687239
0.513782
0.73173
0.753589
0.211452
0.081035
0.789676
0.767313
0.187431
0.234602
0.200817
0.341671
0.712815
0.945088
0.241516
0.844506
0.730625
0.37262
0.093248
0.227801
0.634946
0.943887
0.735948
0.82592
0.589439
0.036251
0.713949
0.41573
0.073476
0.399256
0.162076
0.269253
0.758268
0.040847
0.168842
0.849684
0.01507
0.766539
0.836976
0.355426
0.269295
0.443922
0.048679
0.075135
0.368735
0.364373
0.464744
0.679032
0.014217
0.646429
0.101825
0.891732
0.204279
0.211538
0.498438
0.218325
0.242367
0.492259
0.16935
0.776124
0.884885
0.631244
0.906499
0.72003
0.213215
0.180271
0.187723
0.691306
0.942861
0.840626
0.034338
0.224807
0.751504
0.40866
0.957321
0.551164
0.104591
0.011623
0.879779
0.280113
0.093127
0.000197
0.30368
0.37084
0.568238
0.886913
0.951484
0.79699
0.860197
0.101189
0.238427
0.356927
0.022202
0.609347
0.064351
0.182076
0.211719
0.782768
0.661877
0.253309
0.51107
0.920586
0.111747
0.687005
0.696656
0.137195
0.506048
0.537282
0.439979
0.137193
0.390477
0.831172
0.891301
0.573595
0.206933
0.083553
0.491587
0.935904
0.275571
0.789565
0.376663
0.431466
0.433106
0.340306
0.711292
0.631042
0.930543
0.417035
0.367482
0.788549
0.586718
0.148337
0.251915
0.55788
0.409085
0.645448
0.10662
0.147519
0.199624
0.995211
0.067863
0.30911
0.895185
0.234887
0.156587
0.021964
0.207333
0.200972
0.587327
0.388747
0.29826
0.705239
0.501229
0.569728
0.700513
0.824398
0.507319
0.934986
0.691013
0.246837
0.026901
0.290558
0.61445
0.585634
0.200492
0.19823
0.729208
0.990185
0.891749
0.210568
0.803134
0.832546
0.407472
0.675545
0.668344
0.301759
0.275692
0.105507
0.103948
0.441472
0.75736
0.0907
0.033698
0.011485
0.676078
0.217248
0.356377
0.084466
0.186027
0.055614
0.120144
0.30779
0.595306
0.376354
0.638874
0.968286
0.17532
0.866046
0.254587
0.63737
0.438748
0.409423
0.036999
0.537813
0.068474
0.152808
0.719691
0.114186
0.809349
0.586757
0.590881
0.55113
0.399559
0.57884
0.381986
0.39391
0.902067
0.439367
0.394727
0.587439
0.977439
0.587824
0.233309
0.914861
0.935352
0.911322
0.199123
0.753687
0.82773
0.728713
0.252336
0.723471
0.145362
0.639346
0.216543
0.044437
0.368614
0.684199
0.30739
0.476304
0.408275
0.702304
0.051363
0.419613
0.916291
0.43518
0.096567
0.436286
0.581228
0.928734
0.293611
0.060217
0.026472
0.401118
0.582767
0.086706
0.884625
0.580828
0.169703
0.208934
0.628325
0.14425
0.990217
0.967618
0.281018
0.826212
0.832784
0.793366
0.848075
0.898341
0.636569
0.785589
0.00257
0.517101
0.777736
0.606762
0.850671
0.17045
0.012849
0.334403
0.682639
0.559108
0.535708
0.263543
0.215203
0.443217
0.712365
0.153737
0.242053
0.203166
0.810248
0.33205
0.239618
0.737527
0.039835
0.957041
0.301934
0.846289
0.406478
0.437911
0.073949
0.679586
0.168885
0.20671
0.072169
0.726145
0.592388
0.657715
0.369812
0.681925
0.299019
0.959567
0.304893
0.582271
0.842668
0.842437
0.851628
0.110623
0.92746
0.747857
0.935811
0.674598
0.633436
0.185481
0.039525
0.982841
0.104974
0.046681
0.731699
0.684765
0.482595
0.781782
0.74252
0.560052
0.038773
0.885131
0.458795
0.938614
0.953899
0.615826
0.055776
0.41401
0.260179
0.310443
0.680852
0.094402
0.499733
0.748656
0.585437
0.514529
0.749651
0.923593
0.816533
0.198539
0.292742
0.783603
0.563603
0.705493
0.706529
0.101513
0.267653
0.498663
0.899579
0.670065
0.247096
0.389557
0.803061
0.773754
0.680888
0.139196
0.398445
0.023396
0.386694
0.435371
0.598437
0.053798
0.152781
0.640378
0.517105
0.66833
0.887295
0.599873
0.580005
0.624686
0.672309
0.370881
0.803868
0.9912
0.803802
0.087822
0.389335
0.836833
0.053636
0.329175
0.150241
0.753775
0.10476
0.307899
0.847058
0.181621
0.371228
0.028357
0.002498
0.485708
0.62379
0.309901
0.959041
0.071685
0.196415
0.076168
0.966824
0.032474
0.061773
0.256962
0.212815
0.964183
0.245078
0.257401
0.932562
0.651073
0.917809
0.235928
0.35184
0.966561
0.342149
0.931306
0.334349
0.523384
0.362418
0.281762
0.046741
0.449741
0.181426
0.695907
0.459231
0.825055
0.353889
0.572117
0.417225
0.116965
0.435642
0.911936
0.247388
0.567694
0.361113
0.752583
0.161418
0.785764
0.997978
0.205627
0.775838
0.444765
0.147093
0.275983
0.988544
0.683039
0.139786
0.154556
0.984431
0.07303
0.784851
0.929027
0.491268
0.259895
0.261559
0.626981
0.050334
0.834755
0.789356
0.496787
0.984485
0.267359
0.785819
0.907348
0.199587
0.146293
0.738706
0.595994
0.536408
0.630102
0.064218
0.877307
0.140686
0.574746
0.57721
0.65741
0.33033
0.177448
0.815121
0.680196
0.36723
0.804958
0.704796
0.159715
0.610404
0.338503
0.92657
0.562788
0.668763
0.866045
0.81356
0.826492
0.059612
0.525483
0.144188
0.957203
0.242949
0.760825
0.666864
0.808037
0.550234
0.418321
0.351619
0.015837
0.946854
0.064504
0.550195
0.386626
0.144333
0.443454
0.849335
0.6616
0.070492
0.022603
0.476961
0.790192
0.620226
0.421163
0.277472
0.681868
0.492921
0.192492
0.980765
0.140417
0.853104
0.443052
0.19224
0.375252
0.369151
0.871771
0.427536
0.386204
0.517429
0.103057
0.883471
0.746158
0.063971
0.637007
0.430026
0.450971
0.893409
0.929078
0.03792
0.574474
0.332069
0.878093
0.050137
0.379927
0.415197
0.843407
0.859642
0.073355
0.130179
0.868646
0.708887
0.064605
0.729725
0.352165
0.034918
0.721045
0.159907
0.713635
0.713161
0.143777
0.258452
0.644644
0.742412
0.052903
0.580648
0.892197
0.43648
0.669192
0.81224
0.991781
0.908292
0.843399
0.759447
0.50385
0.063281
0.472992
0.527866
0.368565
0.850872
0.88177
0.874462
0.777012
0.847821
0.021283
0.015558
0.309873
0.854484
0.308434
0.487628
0.917806
0.536147
0.580618
0.161729
0.420718
0.612261
0.052141
0.080862
0.448389
0.712929
0.547859
0.707345
0.02372
0.148299
0.2389
0.652221
0.169407
0.284829
0.161754
0.369737
0.154295
0.913839
0.190271
0.965441
0.12285
0.857329
0.636899
0.556115
0.405155
0.337815
0.634694
0.595389
0.464643
0.42282
0.601598
0.563636
0.226693
0.82921
0.342675
0.310392
0.59962
0.564435
0.229125
0.695971
0.669767
0.469244
0.279189
0.522127
0.791598
0.374993
0.937324
0.538179
0.664118
0.425949
0.502744
0.553054
0.029908
0.419219
0.224753
0.831506
0.507335
0.539984
0.888053
0.834608
0.342113
0.005943
0.656012
0.931555
0.449757
0.102092
0.83745
0.004604
0.285803
0.421889
0.923628
0.397595
0.319741
0.306765
0.422886
0.875052
0.811272
0.550122
0.478959
0.711457
0.845554
0.719298
0.440468
0.818357
0.908962
0.196456
0.917985
0.831241
0.972631
0.346505
0.839373
0.999048
0.163103
0.497757
0.229913
0.648316
0.849488
0.139684
0.200319
0.077749
0.34068
0.334162
0.128836
0.250195
0.136383
0.499536
0.524604
0.68837
0.810876
0.674439
0.734405
0.859009
0.360102
0.33716
0.421255
0.37849
0.670299
0.74354
0.424147
0.175437
0.180816
0.109712
0.527258
0.240702
0.328424
