256 2
0
5
119
1
170
193
2
181
234
2
3
239
4
135
247
5
129
199
6
21
229
7
23
29
8
148
211
9
27
42
10
49
121
11
28
214
12
176
187
13
198
220
14
87
95
15
56
239
16
110
252
17
62
250
18
169
211
19
70
73
20
129
187
21
156
207
22
77
93
23
117
145
24
122
207
19
25
199
26
165
218
27
61
125
28
65
187
29
53
122
21
30
215
31
54
213
32
91
213
33
91
186
34
186
212
16
35
231
36
120
151
37
82
93
38
53
116
13
39
137
40
148
149
17
41
134
42
167
250
43
69
131
18
44
188
45
128
150
46
110
206
40
47
244
48
188
255
49
125
150
32
50
123
51
69
173
52
105
136
53
89
253
9
54
98
21
55
184
23
37
56
57
61
143
6
36
58
33
59
208
26
60
243
24
61
112
62
189
228
63
92
171
43
62
64
57
65
106
66
100
189
42
67
166
29
68
114
23
69
177
16
41
70
30
71
103
72
173
199
73
82
253
15
74
210
38
75
96
8
76
150
31
77
206
65
78
160
77
79
139
80
218
223
26
81
189
82
84
208
55
83
177
84
114
172
49
85
178
48
86
184
71
87
177
88
119
249
49
89
122
90
136
160
91
132
176
9
92
225
7
17
93
10
94
205
19
95
133
42
96
129
55
97
139
98
154
206
16
97
99
1
100
126
78
96
101
68
102
112
37
96
103
11
104
255
105
168
198
106
157
169
57
107
110
45
108
113
51
109
170
110
126
233
52
111
240
67
112
172
42
113
223
114
145
214
18
115
156
101
116
145
117
236
254
40
118
166
68
119
212
84
120
138
91
121
155
49
102
122
123
143
172
124
153
222
125
161
210
25
126
198
1
21
127
34
128
176
117
129
192
55
92
130
126
131
193
71
132
136
59
133
139
134
200
231
135
190
244
105
136
215
22
137
187
10
89
138
63
139
235
65
140
187
16
141
172
142
200
249
54
143
161
62
144
171
72
145
152
62
146
208
147
230
248
7
27
148
61
127
149
58
122
150
100
151
177
54
110
152
97
132
153
125
154
165
155
178
216
84
156
215
28
157
221
37
158
249
132
159
222
119
160
177
75
131
161
89
111
162
65
163
214
76
162
164
32
165
237
57
113
166
106
167
214
16
66
168
169
176
216
170
186
225
79
109
171
69
98
172
46
84
173
84
174
247
121
175
218
172
176
178
177
188
190
103
178
187
36
56
179
23
162
180
181
232
238
28
182
230
11
99
183
48
128
184
122
167
185
24
185
186
85
187
188
42
159
188
22
54
189
64
183
190
52
176
191
131
192
235
25
97
193
5
194
203
182
195
238
1
196
228
114
128
197
151
198
209
79
96
199
200
236
245
171
201
232
43
46
202
115
128
203
136
204
210
28
144
205
77
126
206
16
144
207
151
208
220
160
164
209
52
73
210
29
67
211
58
112
212
79
91
213
115
214
216
18
179
215
14
100
216
33
59
217
166
194
218
2
219
234
30
104
220
70
112
221
3
222
226
89
216
223
153
167
224
150
151
225
58
226
231
210
211
227
0
4
228
65
208
229
81
167
230
53
231
240
4
123
232
142
152
233
111
166
234
110
202
235
122
236
238
119
214
237
170
238
240
194
232
239
84
173
240
12
185
241
51
112
242
80
224
243
138
181
244
156
205
245
28
177
246
83
146
247
129
174
248
16
98
249
70
150
250
15
111
251
166
250
252
222
248
253
100
123
254
130
140
255
0.513631
0.987123
0.495055
0.93468
0.607153
0.082289
0.656406
0.375292
0.768409
0.622386
0.755368
0.241946
0.18832
0.593479
0.815128
0.508914
0.050663
0.588195
0.751695
0.253485
0.602761
0.062289
0.952526
0.589161
0.704
0.671686
0.65804
0.131223
0.390112
0.214541
0.501902
0.465917
0.104148
0.969311
0.202735
0.582818
0.492901
0.738379
0.139712
0.314564
0.471378
0.304448
0.378688
0.718895
0.55364
0.1386
0.951241
0.750316
0.823201
0.027341
0.670489
0.817457
0.321671
0.866511
0.62777
0.588648
0.324521
0.068345
0.36993
0.682884
0.782551
0.447186
0.258519
0.572306
0.162556
0.020365
0.339022
0.017832
0.920411
0.574908
0.896197
0.002891
0.074598
0.803681
0.966611
0.947558
0.190876
0.700304
0.228011
0.062319
0.504085
0.24262
0.881948
0.687616
0.866587
0.812946
0.473744
0.190919
0.128032
0.756128
0.031983
0.839907
0.627507
0.329934
0.69782
0.60075
0.501414
0.348695
0.235497
0.071498
0.80565
0.519754
0.254591
0.719564
0.067631
0.280151
0.772734
0.25638
0.52795
0.023901
0.049446
0.232069
0.095157
0.018778
0.968488
0.658812
0.655211
0.01166
0.944463
0.823969
0.086666
0.873014
0.471874
0.261362
0.760415
0.641474
0.624536
0.048271
0.529314
0.636467
0.262558
0.654889
0.321386
0.965661
0.876894
0.179662
0.009202
0.913874
0.0029
0.438949
0.049386
0.405289
0.609654
0.938054
0.158939
0.269022
0.368382
0.28203
0.36447
0.142075
0.751145
0.609531
0.380627
0.99949
0.890723
0.147886
0.534516
0.478532
0.627571
0.325837
0.37525
0.691694
0.106954
0.769699
0.044473
0.122459
0.476066
0.084562
0.972693
0.128169
0.874743
0.616607
0.228946
0.617582
0.966334
0.123934
0.628721
0.089164
0.39629
0.58223
0.817961
0.912968
0.394833
0.411058
0.035615
0.523963
0.375544
0.891469
0.227581
0.762144
0.092373
0.345793
0.567229
0.547429
0.773245
0.575449
0.257457
0.60115
0.475462
0.579365
0.081112
0.460434
0.281043
0.918887
0.216969
0.593141
0.878867
0.696539
0.260168
0.233078
0.812965
0.723807
0.745144
0.874752
0.645746
0.243845
0.076734
0.90938
0.495752
0.280772
0.932024
0.256436
0.314164
0.903164
0.275478
0.330354
0.518318
0.797389
0.46244
0.761151
0.701851
0.636998
0.156279
0.809447
0.659036
0.251489
0.100101
0.34731
0.839845
0.922014
0.886009
0.429259
0.730118
0.132556
0.715746
0.777995
0.629661
0.047794
0.299262
0.192691
0.951246
0.611571
0.007484
0.210509
0.160129
0.441547
0.866528
0.484908
0.537531
0.355968
0.833128
0.74371
0.248805
0.470664
0.411456
0.466573
0.401156
0.81853
0.252046
0.857692
0.719034
0.366196
0.595934
0.388686
0.80322
0.093668
0.533609
0.445364
0.859123
0.669905
0.849464
0.079661
0.183553
0.856891
0.548098
0.511657
0.382824
0.946712
0.394918
0.643098
0.169796
0.097263
0.36995
0.457116
0.057048
0.94076
0.784867
0.585571
0.887681
0.489941
0.460624
0.740007
0.791668
0.668236
0.240364
0.329858
0.746586
0.214954
0.244475
0.438963
0.257
0.034961
0.549154
0.615964
0.582124
0.27874
0.529799
0.216676
0.514011
0.622511
0.428292
0.069066
0.986764
0.086732
0.55649
0.569708
0.973723
0.177319
0.178551
0.995263
0.551071
0.90083
0.476875
0.015614
0.0839
0.323052
0.185696
0.465754
0.794349
0.474977
0.630417
0.029885
0.189047
0.855097
0.129463
0.170292
0.39824
0.419138
0.889543
0.393251
0.226817
0.594286
0.495337
0.286472
0.348611
0.390916
0.483698
0.95241
0.161608
0.886847
0.275623
0.358482
0.465675
0.533203
0.123261
0.661475
0.336623
0.264376
0.258471
0.801793
0.023232
0.929734
0.934995
0.25716
0.578146
0.797702
0.202715
0.986809
0.872416
0.352167
0.860371
0.373855
0.78418
0.783993
0.959359
0.553644
0.355011
0.848498
0.719793
0.283799
0.776934
0.217602
0.873483
0.176388
0.418303
0.158267
0.240138
0.658502
0.268153
0.250986
0.089252
0.919831
0.221292
0.511992
0.668196
0.488162
0.259796
0.250002
0.852903
0.341763
0.5579
0.068034
0.173875
0.997502
0.67443
0.531458
0.895682
0.485256
0.393992
0.310264
0.880005
0.745372
0.540487
0.966406
0.120554
0.136204
0.803022
0.13389
0.89572
0.721847
0.082705
0.969615
0.15717
0.338624
0.333097
0.66292
0.469133
0.882413
0.247486
0.077352
0.261475
0.743529
0.752676
0.951938
0.974005
0.355447
0.074179
0.763541
0.022902
0.390442
0.683609
0.991285
0.659287
0.788234
0.63319
0.02699
0.361145
0.879771
0.367311
0.271626
0.574072
0.323122
0.545531
0.525005
0.9145
0.457766
0.662273
0.219765
0.032592
0.662123
0.68161
0.238091
0.327179
0.322813
0.971425
0.210794
0.782054
0.651734
0.423521
0.988945
0.348304
0.029172
0.486993
0.990053
0.701998
0.330524
0.248758
0.526898
0.456335
0.322341
0.167418
0.695678
0.819832
0.585021
0.816709
0.865396
0.31824
0.04308
0.430087
0.207156
0.24207
0.130179
0.217507
0.906967
0.652511
0.419262
0.915157
0.113866
0.028826
0.075089
0.77895
0.090214
0.878192
0.98199
0.272551
0.965492
0.214558
0.56617
0.461321
0.027449
0.136358
0.053141
0.706604
0.018717
0.306745
0.631503
0.239307
0.696201
0.210599
0.086467
0.910476
0.125325
0.446936
0.972316
0.216079
0.424149
0.282564
0.485227
0.773026
0.543237
0.755428
0.976083
0.385002
0.643402
0.438651
0.268498
0.363842
0.83992
0.443473
0.699081
0.20355
0.126705
0.509652
0.214931
0.691435
0.923443
0.873121
0.427544
0.351231
0.925675
0.057534
0.187685
0.663069
0.15471
0.850706
0.259059
0.979209
0.920142
0.840326
0.834742
0.225173
0.910112
0.536403
0.974591
0.422915
0.709555
0.27062
0.034298
0.781847
0.751086
0.00683
0.208058
0.697566
0.626328
0.500713
0.512514
0.07934
0.016026
0.404486
0.446475
0.158409
0.490342
0.749113
0.146625
0.715199
0.905758
0.241861
0.810351
0.511426
0.49867
0.323943
0.732924
0.294401
0.699081
0.681633
0.019372
0.838583
0.855454
0.706185
0.416192
0.650305
0.411428
0.945082
0.053996
0.309339
0.191483
0.149934
0.328362
0.494061
0.157482
0.029855
0.203451
0.502057
0.158617
0.338828
0.800933
0.877901
0.182731
0.557506
0.372048
0.061452
0.019013
0.217431
0.777075
0.848819
0.56687
0.250917
0.728494
0.353816
0.014444
0.904945
0.984473
0.046948
0.571367
0.251582
0.117443
0.203501
0.683289
0.735516
0.706542
0.516948
0.994828
0.709536
0.162971
0.320781
0.92966
0.361724
0.988808
0.352839
0.414752
0.448389
0.768969
0.694515
0.101277
0.339537
0.592534
0.301491
0.106034
0.617297
0.093987
0.586301
0.261262
0.440536
0.576822
0.57126
0.643518
0.206963
0.521088
0.926433
0.632572
0.118179
0.601144
0.941394
0.677665
0.380417
0.909717
0.459158
0.000714
0.960257
0.223316
0.380923
0.817268
0.562879
0.923308
0.616232
0.870856
0.249563
0.207321
0.572035
0.419669
0.984877
0.727821
0.833408
0.647606
0.385482
0.931528
0.511327
0.366902
0.736971
0.73136
0.255344
0.938046
0.188309
0.105184
0.902993
0.124954
0.391262
0.387012
0.459738
0.723612
0.036104
0.383946
0.587672
0.77926
0.253708
0.223104
0.599331
0.80059
0.671004
0.673734
0.338644
0.182578
0.048823
0.730151
0.117552
0.282576
0.224247
0.639578
0.865014
0.316939
0.022385
0.649805
0.482715
0.861699
0.589766
0.381891
0.286496
0.430023
0.117699
0.248484
0.112113
0.200631
0.326473
0.461183
0.948872
0.510005
0.84672
0.088223
0.178098
0.673145
0.110241
0.393055
0.362014
0.660448
0.106934
0.507447
0.202068
0.781329
0.927417
0.054591
0.287671
0.83176
0.736164
0.737054
0.194423
0.170102
0.26076
0.203332
0.92157
0.994751
0.124628
0.281326
0.047407
0.822389
0.135224
0.257172
0.061864
0.231242
0.916263
0.364759
0.580357
0.118475
0.92762
0.615768
0.22811
0.959096
0.257697
0.701412
0.598933
0.189303
0.111317
0.902543
0.197759
0.897961
0.621432
0.592993
0.026333
0.226208
0.054184
0.908632
0.778008
0.718572
0.236521
0.944825
0.043678
0.57485
0.086567
0.162177
0.74524
0.340157
0.015229
0.724468
0.868714
0.156832
0.823534
0.395999
0.855903
0.856938
0.896434
0.243765
0.340539
0.982718
0.061476
0.299751
0.07518
0.136964
0.590757
0.295275
0.918485
0.799008
0.595804
0.903806
0.796292
0.720427
0.582112
0.898596
0.576656
0.428516
0.716766
0.195491
0.699787
0.891263
0.767084
0.782532
0.867536
0.591733
0.329334
0.051777
0.144324
0.11509
0.245893
0.912727
0.144636
0.381356
0.077492
0.672432
0.197315
0.289551
0.997648
0.17954
0.797688
0.66922
0.389957
0.181004
0.966751
0.59428
0.007483
0.713512
0.229831
0.112582
0.531168
0.778185
0.271635
0.999778
0.079705
0.26455
0.888734
0.201929
0.577194
0.421624
0.333417
0.018123
0.847831
0.737736
0.261586
0.393812
0.779873
0.018426
0.26425
0.580649
0.953065
0.135505
0.862129
0.027158
0.655776
0.187664
0.705843
0.272371
0.781265
0.296244
0.132628
0.215267
0.501528
0.531749
0.323292
0.802776
0.000605
0.797187
0.867559
0.476755
0.886953
0.467317
0.781377
0.306622
0.926213
0.948655
0.345158
0.634476
0.432437
0.369042
0.045475
0.028135
0.683632
0.242467
0.183133
0.506323
0.73533
0.397823
0.955104
0.343211
0.717479
0.387728
0.518794
0.198695
0.717252
0.531684
0.021611
0.994102
0.257382
0.102527
0.657177
0.588095
0.149731
0.386014
0.923833
0.922737
0.595559
0.240413
0.834205
0.56077
0.452368
0.633469
0.049883
0.458037
0.709311
0.205996
0.379411
0.230431
0.338496
0.276344
0.238363
0.924281
0.977623
0.004721
0.395244
0.916785
0.600862
0.750194
0.730228
0.591444
0.138302
0.293174
0.24619
0.163751
0.247792
0.471849
0.353421
0.08594
0.90904
0.255249
0.028926
0.409875
0.914307
0.87406
0.576331
0.905411
0.897992
0.361431
0.180649
0.468079
0.482264
0.644617
0.545639
0.045306
0.2736
0.753398
0.103052
0.813198
0.981186
0.76357
0.927132
0.116997
0.817669
0.636825
0.396867
0.952684
0.933972
0.695361
0.923541
0.149814
0.29632
0.101662
0.502566
0.290744
0.391565
0.716688
0.572512
0.391846
0.059627
0.391833
0.234214
0.000978
0.710201
0.353153
0.033809
0.347405
0.576985
0.206337
0.790049
0.251586
0.392908
0.217373
0.44454
0.215617
0.561031
0.676817
0.855807
0.711087
0.550856
0.924529
0.891632
0.433531
0.878814
0.426549
0.549608
0.742655
0.791126
0.265348
0.296067
0.858556
0.890086
0.24745
0.954017
0.885122
0.533213
0.226623
0.083073
0.255031
0.490246
0.413447
0.004305
0.846076
0.14202
0.61548
0.250337
0.994132
0.039042
0.846737
0.897093
0.048019
0.978675
0.24686
0.78119
0.86408
0.807339
0.975246
0.430481
0.777669
0.112653
0.018923
0.718816
0.284199
0.266325
0.772427
0.827267
0.929718
0.065589
0.268322
0.818657
0.085341
0.130712
0.901583
0.624936
0.290404
0.175093
0.390603
0.113959
0.066464
0.033845
0.521335
0.936395
0.970252
0.201099
0.486521
0.642651
0.94244
0.653794
0.415548
0.742072
0.442803
0.042845
0.798274
0.562636
0.687802
0.008816
0.63077
0.296566
0.814558
0.534004
0.388106
0.684723
0.921786
0.249353
0.376786
0.8241
0.616064
0.656036
0.130285
0.114135
0.265592
0.494152
0.706474
0.660172
0.388503
0.73134
0.785781
0.963333
0.911124
0.234929
0.737759
0.749514
0.915739
0.053826
0.262554
0.908348
0.423857
0.539758
0.546306
0.974952
0.410667
0.99666
0.902617
0.725121
0.810928
0.422612
0.389577
0.005578
0.663799
0.045721
0.650419
0.352698
0.066538
0.228255
0.946714
0.159194
0.13629
0.683715
0.61253
0.227183
0.157425
0.181062
0.847288
0.454566
0.812488
0.725019
0.879388
0.83031
0.380471
0.078295
0.154906
0.702095
0.873609
0.401749
0.55571
0.07203
0.246919
0.742446
0.240072
0.529136
0.233473
0.558315
0.544774
0.451233
0.836505
0.497609
0.641912
0.816807
0.532516
0.143927
0.019339
0.236997
0.295655
0.276017
0.347662
0.138605
0.724776
0.311291
0.454837
0.096594
0.246145
0.303234
0.115702
0.115377
0.370439
0.862268
0.030445
0.054466
0.987011
0.597542
0.581047
0.851017
0.047864
0.622888
0.024057
0.356554
0.532617
0.679282
0.426111
0.637199
0.974071
0.905873
0.36325
0.37972
0.575816
0.2138
0.729035
0.333247
0.799793
0.732072
0.306825
0.511437
0.309256
0.023308
0.184109
0.756626
0.511944
0.473524
0.744596
0.171322
0.221553
0.19008
0.564819
0.403694
0.853955
0.676091
0.210892
0.056402
0.53832
0.432505
0.407284
0.237663
0.410258
0.476811
0.240607
0.044556
0.918726
0.455293
0.589876
0.585449
0.524861
0.248256
0.618069
0.473684
0.655317
0.019164
0.142172
0.313949
0.268401
0.383337
0.580952
0.942258
0.904117
0.086827
0.815993
0.434414
0.990488
0.135751
0.676792
0.296066
0.540777
0.466013
0.814065
0.050336
0.561947
0.800522
0.08677
0.78051
0.384902
0.713174
0.655907
0.257428
0.961145
0.723899
0.579838
0.915066
0.697876
0.940921
0.688264
0.483081
0.955413
0.491532
0.965841
0.543239
0.700099
0.480914
0.877795
0.285131
0.792962
0.134725
0.022091
0.96343
0.499049
0.58895
0.783299
0.323578
0.849956
0.54465
0.699634
0.422923
0.222073
0.218347
0.384047
0.114901
0.428932
0.508314
0.980721
0.648404
0.369393
0.418565
0.769078
0.266383
0.413656
0.421656
0.801472
0.206438
0.385482
0.580125
0.913757
0.949746
0.77516
0.655485
0.891922
0.187361
0.923466
0.737622
0.80493
0.556273
0.163225
0.055506
0.938247
0.739207
0.067528
0.359626
0.735976
0.509114
0.933698
0.928884
0.568988
0.42842
0.934793
0.216215
0.415783
0.667372
0.888523
0.255628
0.44337
0.017588
0.682751
0.526641
0.791388
0.292855
0.203477
0.408741
0.895069
0.891425
0.962858
0.612044
0.804567
0.211747
0.873281
0.595695
0.776601
0.932817
0.354652
0.989478
0.632315
0.311733
0.133199
0.281405
0.87629
0.652204
0.878403
0.677912
0.470643
0.617583
0.474264
0.55112
0.206241
0.439529
0.895995
0.511802
0.649271
0.52048
0.291803
0.284692
0.040453
0.198783
0.421098
0.025412
0.742566
0.098296
0.033745
0.379511
0.901792
0.447168
0.704126
0.961976
0.853595
0.936293
0.988692
0.414944
0.852413
0.685254
0.189122
0.32618
0.965043
0.189577
0.981615
0.362987
0.307749
0.292362
0.551483
0.018035
0.070844
0.583615
0.499997
0.110979
0.546718
0.172257
0.744875
0.811874
0.825806
0.998908
0.055732
0.407352
0.114283
0.791173
0.642263
0.115439
0.0968
0.389538
0.976936
0.589564
0.081035
0.308217
0.904578
0.843139
0.634521
0.040113
0.990283
0.344331
0.217909
0.566933
0.859478
0.91134
0.87112
0.62326
0.959523
0.872438
0.902905
0.128485
0.633652
0.288009
0.190487
0.686333
0.586221
0.122366
0.589626
0.150751
0.791335
0.444695
0.256087
0.822279
0.367152
0.986737
0.704382
0.350986
0.369821
0.121034
0.998503
0.553794
0.864177
0.397817
0.112835
0.935211
0.278548
0.793893
0.989404
0.035083
0.458786
0.548311
0.272108
0.140193
0.384534
0.604862
0.126268
0.782219
0.391023
0.640445
0.979392
0.250211
0.825044
0.715242
0.347756
0.99232
0.65791
0.887759
0.250692
0.027464
0.210665
0.388456
0.735352
0.064928
0.920962
0.655805
0.550031
0.969822
0.94966
0.849741
0.196935
0.370039
0.737446
0.694143
0.373312
0.262391
0.486327
0.263133
0.317742
0.478102
0.154182
0.358285
0.410931
0.368124
0.346476
0.098103
0.795451
0.977193
0.877389
0.265895
0.787691
0.9911
0.766838
0.735296
0.472145
0.433476
0.566606
0.37023
0.759854
0.685797
0.500041
0.270533
0.42589
0.561897
0.471865
0.682039
0.885796
0.013839
0.951049
0.055556
0.752873
0.070456
0.09842
0.191256
0.26286
0.464595
0.156336
0.305799
0.046531
0.588726
0.0956
0.434096
0.922124
0.878756
0.233255
0.849513
0.625028
0.228856
0.989254
0.246245
0.013845
0.795931
0.7544
0.733251
0.649105
0.506004
0.227838
0.31233
0.085064
0.640864
0.067982
0.154926
0.376031
0.381588
0.967462
0.557648
0.139997
0.085414
0.768243
0.901961
0.953994
0.977203
0.569569
0.551401
0.931004
0.94508
0.055351
0.420858
0.958532
0.080742
0.512701
0.518535
0.36084
0.034619
0.918443
0.682006
0.742649
0.427763
0.124213
0.677244
0.784766
0.699198
0.554405
0.569233
0.653578
0.139908
0.411691
0.785551
0.178442
0.628797
0.85981
0.587914
0.448522
0.617638
0.567828
0.310539
0.844325
0.750314
0.587518
0.246305
0.882149
0.493815
0.162939
0.516918
0.967752
0.794191
0.158037
0.314035
0.86164
0.46752
0.444235
0.18162
0.694836
0.484753
0.482731
0.856445
0.133133
0.648375
0.962544
0.129769
0.818976
0.737402
0.531707
0.540001
0.214355
0.923615
0.139284
0.956021
0.779189
0.737928
0.612261
0.717265
0.400531
0.777134
0.881865
0.85891
0.408733
0.787196
0.610444
0.531792
0.513178
0.27585
0.705558
0.742755
0.46388
0.597081
0.462498
0.534157
0.710658
0.718365
0.240581
0.860138
0.558896
0.498212
0.505172
0.767096
0.674866
0.647596
0.986158
0.247216
0.589056
0.243138
0.290941
0.489294
0.404672
0.899948
0.866316
0.532888
0.464427
0.385664
0.861178
0.522139
0.365079
0.341213
0.39127
0.665671
0.334684
0.282099
0.097974
0.561068
0.457086
0.513116
0.445413
0.619895
0.518939
0.354268
0.222445
0.964664
0.535403
0.305803
0.183495
0.576694
0.027625
0.476224
0.498053
0.201967
0.19323
0.967166
0.447429
0.12833
0.901562
0.346505
0.23836
0.666911
0.299601
0.475357
0.917184
0.869065
0.299479
0.584113
0.049343
0.835202
0.694713
0.167484
0.377025
0.473057
0.394151
0.111356
0.675834
0.57958
0.05167
0.118269
0.80904
0.270256
0.678269
0.105542
0.079632
0.075271
0.974658
0.618218
0.531971
0.151454
0.638059
0.718807
0.553154
0.082588
0.771312
0.354272
0.470384
0.301551
0.654357
0.084611
0.821908
0.094422
0.804347
0.78344
0.256159
0.570638
0.291848
0.770411
0.895079
0.89159
0.948357
0.076357
0.134631
0.412169
0.590487
0.556115
0.432586
0.400356
0.022844
0.3224
0.954414
0.467944
0.592615
0.341496
0.889096
0.104467
0.323946
0.141587
0.927684
0.973341
0.028352
0.252911
0.307375
0.13253
0.333206
0.51226
0.74637
0.863613
0.236594
0.004834
0.065401
0.970907
0.742299
0.504534
0.355305
0.261562
0.530086
0.07047
0.583637
0.593577
0.724576
0.854436
0.256638
0.975459
0.652212
0.040401
0.480319
0.606802
0.187483
0.470005
0.517574
0.209175
0.00141
0.642545
0.993443
0.985733
0.45115
0.979194
0.734291
0.338472
0.388889
0.9636
0.227088
0.142565
0.713056
0.05269
0.748734
0.337588
0.006091
0.348366
0.700072
0.312002
0.910901
0.572715
0.488663
0.150978
0.851737
0.813476
0.809914
0.262031
0.901012
0.505926
0.956357
0.079325
0.666035
0.732372
0.635756
0.223258
0.391193
0.397207
0.106758
0.201536
0.665426
0.599737
0.975176
0.125129
0.012264
0.069742
0.52091
0.826787
0.31712
0.525037
0.240682
0.385211
0.967136
0.757404
0.102627
0.139848
0.011487
0.993776
0.967351
0.523537
0.492843
0.623046
0.991013
0.608558
0.394053
0.462132
0.404344
0.582919
0.184752
0.915663
0.075089
0.607502
0.192426
0.944106
0.831832
0.150637
0.545103
0.763615
0.592665
0.382245
0.016871
0.514095
0.238462
0.078653
0.804574
0.442509
0.463305
0.380522
0.063331
0.706188
0.669731
0.124542
0.54398
0.377866
0.830259
0.4151
0.910963
0.975011
0.023186
0.312375
0.183063
0.971851
0.115623
0.923637
0.948366
0.44334
0.613692
0.011719
0.928423
0.333234
0.110754
0.807738
0.975493
0.913722
0.68797
0.301014
0.484416
0.271106
0.23886
0.010363
0.041804
0.711597
0.538321
0.531836
0.782512
0.55949
0.679336
0.721563
0.746738
0.299802
0.550814
0.881438
0.524846
0.922713
0.376585
0.4636
0.859596
0.796558
0.067905
0.014722
0.645459
0.8115
0.389169
0.728174
0.699447
0.017421
0.914859
0.133212
0.511444
0.231892
0.136771
0.606078
0.038848
0.959956
0.537148
0.933945
0.446125
0.582855
0.424654
0.739564
0.07656
0.104847
0.225689
0.156053
0.683065
0.605978
0.03627
0.720581
0.850567
0.745998
0.152785
0.259704
0.66568
0.310828
0.142506