256 2
0
58
221
1
58
210
2
90
153
3
64
117
4
82
83
5
8
130
6
22
109
7
93
198
8
64
179
9
150
189
10
139
200
11
30
188
12
53
172
13
171
216
8
14
242
15
93
242
16
65
137
17
65
92
0
18
31
19
75
162
20
61
196
21
92
214
22
153
195
23
40
136
24
77
198
25
55
240
26
100
139
27
73
183
28
62
163
29
113
158
30
120
238
31
72
237
5
32
143
33
87
224
16
34
159
23
35
112
36
150
164
37
44
110
38
91
140
39
144
225
21
29
40
41
113
155
22
23
42
43
66
158
44
190
213
45
130
194
46
51
161
47
80
181
48
105
167
49
133
191
50
51
151
4
51
101
1
52
107
53
64
211
54
104
190
55
107
122
56
73
238
15
57
92
58
135
149
59
139
221
60
161
242
61
109
139
62
101
247
63
81
187
64
105
143
65
113
124
32
66
82
67
109
249
62
68
88
37
69
163
70
74
237
71
146
199
72
182
248
73
225
233
31
74
251
47
75
187
76
121
162
46
77
157
78
131
199
79
82
135
74
80
155
49
81
134
82
191
197
83
170
174
84
119
230
48
62
85
86
93
106
0
87
183
83
88
250
80
89
97
90
105
160
32
91
149
92
137
245
81
93
110
94
135
208
95
116
196
51
96
165
97
157
240
56
98
129
27
56
99
28
66
100
80
101
176
48
75
102
76
103
149
1
80
104
29
67
105
47
105
106
107
149
175
23
108
111
22
46
109
110
173
247
8
90
111
64
112
168
113
190
209
104
109
114
74
115
144
77
116
156
75
117
175
70
118
199
42
119
186
34
104
120
14
121
124
21
122
156
123
220
249
79
105
124
95
125
242
99
126
137
127
150
198
40
73
128
26
129
158
130
138
190
131
221
247
75
132
205
31
57
133
134
193
253
135
142
201
30
136
157
22
45
137
138
164
221
139
214
241
140
186
220
112
141
217
70
142
161
44
143
198
32
144
249
44
145
218
116
143
146
41
78
147
75
148
209
41
149
243
34
89
150
91
151
221
77
90
152
0
139
153
91
154
195
53
155
231
27
120
156
133
157
194
158
159
247
106
159
182
78
160
209
1
161
225
8
100
162
42
125
163
164
166
225
115
118
165
111
166
205
14
23
167
123
149
168
91
169
246
33
46
170
119
171
186
16
172
185
69
93
173
135
139
174
134
175
249
131
158
176
19
177
255
50
178
254
52
179
207
40
130
180
14
181
193
44
103
182
182
183
196
130
184
189
120
183
185
48
145
186
37
187
224
31
175
188
41
102
189
93
129
190
136
140
191
115
190
192
13
124
193
151
194
251
62
175
195
166
196
213
61
197
235
18
79
198
96
132
199
183
200
219
149
150
201
156
202
214
9
70
203
24
69
204
14
49
205
96
206
226
110
207
244
153
203
208
16
209
210
158
188
210
73
99
211
12
132
212
167
185
213
147
214
236
29
172
215
162
216
220
38
147
217
125
210
218
142
204
219
9
220
224
11
15
221
13
155
222
21
143
223
48
202
224
138
142
225
50
182
226
167
196
227
5
148
228
84
169
229
59
135
230
150
221
231
114
121
232
123
161
233
166
234
251
93
95
235
141
220
236
10
54
237
76
195
238
195
209
239
207
240
253
23
105
241
101
242
252
68
200
243
123
190
244
93
245
255
70
113
246
70
97
247
32
41
248
128
129
249
23
134
250
71
198
251
157
182
252
133
155
253
60
186
254
37
209
255
0.840987
0.455259
0.494396
0.567883
0.144607
0.674525
0.168164
0.01795
0.954565
0.881333
0.438162
0.793698
0.444508
0.844419
0.654208
0.331349
0.802005
0.872194
0.109502
0.37009
0.376474
0.782662
0.609614
0.749357
0.074598
0.042518
0.533016
0.782877
0.321652
0.235681
0.140701
0.825972
0.255215
0.8057
0.140469
0.448469
0.408243
0.106875
0.655903
0.911623
0.681561
0.527017
0.268061
0.51641
0.318976
0.618829
0.941642
0.429201
0.882895
0.072235
0.336127
0.597876
0.025626
0.412823
0.353887
0.704125
0.781787
0.141995
0.983563
0.162081
0.610229
0.818691
0.704017
0.476631
0.466835
0.90613
0.398279
0.608629
0.67573
0.457718
0.321099
0.971071
0.179778
0.102189
0.09324
0.27207
0.160088
0.387832
0.583933
0.414036
0.58732
0.955615
0.420913
0.271468
0.703693
0.366447
0.731583
0.526827
0.259831
0.187858
0.043116
0.724822
0.931652
0.166835
0.941807
0.292087
0.16256
0.868105
0.647235
0.455129
0.711274
0.322307
0.970755
0.503659
0.636859
0.868968
0.335059
0.379134
0.80863
0.994342
0.988483
0.899379
0.360028
0.406743
0.474239
0.272505
0.614638
0.277949
0.845694
0.860549
0.806385
0.236188
0.516636
0.427695
0.09247
0.370232
0.980795
0.589896
0.60148
0.052783
0.57389
0.320119
0.752365
0.018305
0.806093
0.72475
0.196847
0.338129
0.802279
0.764326
0.919711
0.959108
0.382521
0.763401
0.791991
0.479012
0.590297
0.496947
0.012952
0.693305
0.755283
0.929591
0.002235
0.322943
0.003112
0.736561
0.895498
0.040044
0.111115
0.697173
0.100302
0.303974
0.510673
0.955878
0.369052
0.041721
0.968064
0.152163
0.972169
0.156656
0.934425
0.072172
0.011932
0.863461
0.434821
0.31742
0.875687
0.312656
0.949989
0.102045
0.247484
0.255301
0.237589
0.2365
0.317412
0.851457
0.673793
0.613591
0.935676
0.506365
0.245254
0.31347
0.298447
0.692464
0.66757
0.181066
0.246694
0.131157
0.115796
0.289887
0.571652
0.026911
0.456777
0.81321
0.854057
0.096413
0.797781
0.620908
0.22393
0.485187
0.263886
0.880957
0.515812
0.3477
0.239678
0.074795
0.122865
0.357454
0.088257
0.506623
0.551154
0.507317
0.719257
0.788494
0.999838
0.960005
0.678375
0.035513
0.042407
0.586886
0.932776
0.609085
0.727138
0.822465
0.253501
0.417032
0.522843
0.283318
0.936689
0.542633
0.472143
0.771137
0.128164
0.643011
0.996461
0.28579
0.220004
0.520235
0.915502
0.108612
0.928731
0.735022
0.155622
0.789868
0.662397
0.162629
0.657005
0.003194
0.078561
0.046512
0.686418
0.58892
0.506587
0.345901
0.396822
0.202537
0.097776
0.022767
0.347604
0.516019
0.964199
0.043046
0.057935
0.178102
0.658129
0.243418
0.11679
0.810732
0.454229
0.022703
0.637192
0.428588
0.023299
0.152848
0.085716
0.379293
0.600893
0.755669
0.275758
0.8114
0.446249
0.705999
0.37949
0.173857
0.338429
0.888328
0.395745
0.188312
0.625299
0.016079
0.85753
0.620182
0.838818
0.090569
0.916079
0.85331
0.393134
0.838324
0.835043
0.954313
0.926077
0.277876
0.323442
0.279981
0.513437
0.757074
0.737957
0.448665
0.346031
0.894658
0.696674
0.71168
0.749518
0.497566
0.187448
0.29323
0.58097
0.8646
0.795174
0.936789
0.797615
0.257325
0.555944
0.523
0.732832
0.139411
0.027202
0.557633
0.113352
0.595777
0.239718
0.747797
0.027917
0.175794
0.34269
0.210363
0.795954
0.467071
0.840938
0.218425
0.045154
0.26414
0.419373
0.620375
0.428079
0.133209
0.530396
0.874044
0.664661
0.528936
0.03664
0.195509
0.600909
0.839905
0.027682
0.377511
0.878513
0.785075
0.759643
0.615101
0.888773
0.640752
0.064249
0.242152
0.539717
0.688119
0.580425
0.389001
0.680926
0.845851
0.12182
0.856218
0.701431
0.128075
0.121639
0.979953
0.042348
0.258942
0.398495
0.384641
0.814604
0.058467
0.611897
0.044736
0.448626
0.978815
0.740815
0.4914
0.278187
0.227889
0.075744
0.760388
0.458244
0.120152
0.805948
0.537213
0.551882
0.148046
0.512341
0.670436
0.391175
0.388583
0.308073
0.070226
0.877247
0.701341
0.487748
0.661386
0.042707
0.755263
0.746581
0.453919
0.580328
0.735491
0.178971
0.651666
0.934292
0.299811
0.942389
0.719539
0.795755
0.181032
0.830205
0.715362
0.38943
0.455541
0.656537
0.54466
0.051592
0.666883
0.601215
0.792235
0.400866
0.318368
0.843183
0.21851
0.155482
0.622119
0.216259
0.618623
0.699235
0.393709
0.1384
0.348332
0.544681
0.275768
0.285694
0.360053
0.226765
0.235506
0.19648
0.635864
0.848198
0.993139
0.504568
0.984203
0.480902
0.101454
0.062944
0.00516
0.18733
0.170077
0.132125
0.12763
0.72082
0.834709
0.641022
0.804082
0.245765
0.593875
0.114803
0.400822
0.278388
0.441583
0.546385
0.695193
0.327512
0.119954
0.363237
0.960513
0.122806
0.340351
0.356252
0.724026
0.82502
0.193314
0.089197
0.27703
0.169844
0.432053
0.066921
0.268021
0.18769
0.876996
0.859711
0.915703
0.152047
0.440653
0.002742
0.450362
0.812152
0.466766
0.310528
0.954249
0.794162
0.44294
0.04952
0.999978
0.553993
0.377707
0.402056
0.496518
0.401596
0.523372
0.226412
0.508023
0.559936
0.381836
0.141185
0.976467
0.253749
0.426337
0.249173
0.192181
0.679364
0.924906
0.007957
0.811624
0.635942
0.806785
0.016857
0.217861
0.65183
0.071441
0.673436
0.406359
0.984872
0.001633
0.906075
0.557057
0.310264
0.100402
0.104064
0.039732
0.950506
0.773931
0.271716
0.313991
0.006291
0.036532
0.200346
0.383144
0.616643
0.167013
0.43314
0.056719
0.427417
0.979836
0.543429
0.407754
0.269097
0.174589
0.999118
0.804633
0.855169
0.618736
0.354084
0.162897
0.182646
0.156576
0.167839
0.808863
0.761054
0.769972
0.515788
0.829677
0.127735
0.326912
0.455028
0.573816
0.681783
0.036427
0.266117
0.433199
0.724822
0.805915
0.455677
0.473919
0.918772
0.724348
0.133319
0.636692
0.432235
0.921934
0.54363
0.265307
0.449874
0.61375
0.899863
0.906509
0.704907
0.978286
0.067624
0.545135
0.89171
0.637358
0.072726
0.945242
0.370536
0.306938
0.372559
0.537703
0.163875
0.60713
0.532211
0.890271
0.599963
0.172486
0.740934
0.276353
0.327446
0.509144
0.448436
0.476961
0.347462
0.983452
0.442768
0.412739
0.09528
0.257457
0.393014
0.177461
0.500211
0.937936
0.294786
0.585397
0.173235
0.793801
0.711672
0.512082
0.0465
0.547123
0.43499
0.080252
0.960345
0.007514
0.131925
0.855079
0.497593
0.938925
0.543415
0.538972
0.991668
0.817199
0.842628
0.889375
0.237709
0.558111
0.173537
0.830205
0.291066
0.512764
0.752395
0.552033
0.020314
0.354206
0.323052
0.211462
0.458467
0.808405
0.102966
0.431697
0.642168
0.878782
0.712226
0.929544
0.569017
0.545116
0.691863
0.869953
0.303497
0.398801
0.230523
0.173612
0.104996
0.31654
0.827455
0.721448
0.155535
0.621959
0.363522
0.568738
0.131696
0.611073
0.206988
0.01664
0.216098
0.256579
0.397894
0.150366
0.79087
0.480948
0.213433
0.48201
0.615887
0.387023
0.378788
0.524351
0.322487
0.834751
0.661093
0.433986
0.251501
0.18697
0.394083
0.369215
0.109236
0.202568
0.615438
0.34346
0.147217
0.101852
0.326832
0.533352
0.253296
0.207784
0.03979
0.727308
0.920916
0.244445
0.269184
0.063759
0.995913
0.613494
0.596389
0.051691
0.477028
0.940934
0.5327
0.588203
0.792551
0.038074
0.065025
0.941996
0.351797
0.30024
0.920739
0.26443
0.72115
0.165843
0.223247
0.816763
0.766586
0.346428
0.919327
0.042141
0.971289
0.276208
0.61193
0.230573
0.635573
0.289215
0.50939
0.665249
0.677408
0.514092
0.482204
0.965132
0.135126
0.292879
0.953898
0.78774
0.860457
0.549226
0.359629
0.427759
0.434092
0.571405
0.177463
0.780756
0.153862
0.161474
0.460578
0.736139
0.765723
0.019144
0.184291
0.640624
0.909604
0.634948
0.281536
0.134809
0.829952
0.024012
0.359372
0.627029
0.758211
0.817614
0.90205
0.286419
0.561137
0.162254
0.652469
0.457578
0.953515
0.033932
0.395313
0.444359
0.495648
0.633721
0.932124
0.133749
0.479275
0.768292
0.38499
0.160801
0.26408
0.599993
0.71284
0.815897
0.012183
0.287436
0.571102
0.697389
0.48705
0.79843
0.247512
0.030342
0.277537
0.728343
0.722678
0.181565
0.739577
0.128676
0.711677
0.156263
0.060861
0.826963
0.045283
0.537208
0.393053
0.134411
0.322371
0.569316
0.955985
0.87344
0.660868
0.028233
0.886859
0.992524
0.803998
0.823669
0.997579
0.789037
0.716593
0.540445
0.729608
0.967791
0.392005
0.010607
0.686524
0.793609
0.89825
0.15361
0.579529
0.790825
0.41467
0.740717
0.714818
0.829547
0.284088
0.028618
0.861238
0.806193
0.267027
0.386057
0.347258
0.998569
0.52144
0.587898
0.241308
0.610043
0.483815
0.940855
0.665592
0.196222
0.852178
0.006524
0.194722
0.192321
0.316935
0.03087
0.566747
0.264214
0.040181
0.292975
0.216708
0.0941
0.706677
0.017611
0.732506
0.666053
0.472463
0.419067
0.860336
0.136445
0.410209
0.07873
0.94924
0.780969
0.120267
0.588998
0.060867
0.069621
0.438719
0.206467
0.167827
0.845104
0.886702
0.895647
0.91867
0.047487
0.795133
0.256393
0.250149
0.967719
0.209927
0.971166
0.228379
0.391986
0.794345
0.964124
0.964368
0.688669
0.917858
0.956402
0.39963
0.474635
0.325847
0.927504
0.502471
0.993452
0.017789
0.574268
0.941346
0.301306
0.471075
0.11029
0.714161
0.654012
0.055352
0.04217
0.931207
0.403915
0.145902
0.96267
0.554305
0.46048
0.221967
0.92661
0.39506
0.782757
0.838818
0.626038
0.770247
0.422427
0.204836
0.09906
0.314832
0.02508
0.932934
0.370456
0.571914
0.682999
0.530872
0.240191
0.733784
0.305256
0.141175
0.949409
0.169082
0.915476
0.2679
0.418815
0.063688
0.397369
0.730463
0.706396
0.565553
0.052493
0.412065
0.356834
0.513163
0.308873
0.030157
0.509008
0.300909
0.731488
0.637357
0.117368
0.854428
0.48205
0.889757
0.491219
0.903033
0.917207
0.031101
0.385185
0.258746
0.561596
0.663205
0.469651
0.979529
0.139101
0.415707
0.843914
0.925254
0.166769
0.740091
0.263109
0.054263
0.721471
0.750776
0.858158
0.924495
0.251085
0.129108
0.599078
0.874975
0.270505
0.891022
0.517501
0.183642
0.498337
0.20536
0.706919
0.471538
0.754772
0.833678
0.313884
0.429104
0.894383
0.980829
0.15459
0.190401
0.614341
0.984663
0.270028
0.643922
0.989741
0.345586
0.588278
0.177612
0.57929
0.309462
0.726198
0.185897
0.700979
0.471799
0.58542
0.274737
0.211505
0.296127
0.531077
0.693849
0.461398
0.319711
0.448049
0.444392
0.711008
0.527255
0.89503
0.502236
0.331748
0.405955
0.18687
0.263056
0.734219
0.435912
0.345069
0.247437
0.510055
0.312576
0.618976
0.057218
0.938095
0.515667
0.838926
0.51509
0.111196
0.307308
0.33216
0.34861
0.972344
0.497788
0.862013
0.694471
0.443391
0.117034
0.358278
0.972282
0.360002
0.792258
0.372752
0.757686
0.594258
0.920444
0.819254
0.549645
0.654347
0.394327
0.364227
0.315926
0.409844
0.53031
0.242617
0.379495
0.707746
0.963233
0.689684
0.917982
0.300842
0.821325
0.608511
0.011182
0.264192
0.863898
0.128692
0.088499
0.096059
0.346498
0.215417
0.301324
0.124789
0.355676
0.707804
0.107747
0.455078
0.896216
0.475937
0.420739
0.742828
0.775918
0.679656
0.164758
0.055949
0.001442
0.281618
0.75943
0.048951
0.046381
0.415749
0.664686
0.913094
0.060239
0.169988
0.826633
0.446153
0.486125
0.25475
0.612279
0.214319
0.941191
0.728444
0.417482
0.510405
0.493633
0.323095
0.871918
0.804076
0.087448
0.851762
0.739442
0.655712
0.531848
0.968561
0.496127
0.808029
0.246735
0.252608
0.460923
0.113905
0.680479
0.50269
0.821575
0.993198
0.615656
0.988279
0.333759
0.193751
0.646343
0.229723
0.42171
0.469145
0.801131
0.906359
0.418839
0.584623
0.415456
0.160295
0.083215
0.838644
0.708107
0.907321
0.793668
0.404961
0.755279
0.505393
0.634891
0.194482
0.760147
0.006618
0.099477
0.782228
0.586435
0.099705
0.270436
0.687575
0.335945
0.373485
0.450751
0.392225
0.617294
0.677709
0.531645
0.36358
0.861988
0.582921
0.972917
0.182887
0.641237
0.668814
0.428812
0.335411
0.751798
0.702872
0.675392
0.509132
0.683813
0.567259
0.948414
0.255052
0.92535
0.824879
0.159576
0.389912
0.11217
0.087748
0.434728
0.296172
0.101628
0.59775
0.210691
0.902651
0.303246
0.900506
0.019102
0.313426
0.148845
0.421232
0.056446
0.219075
0.486473
0.731703
0.716658
0.779542
0.688374
0.423579
0.702897
0.983515
0.477619
0.222105
0.115987
0.157617
0.790809
0.269533
0.250689
0.143757
0.734179
0.907406
0.950886
0.83538
0.569721
0.534562
0.394505
0.602068
0.035389
0.070738
0.606316
0.780646
0.467474
0.652105
0.001862
0.074569
0.592988
0.189238
0.092153
0.973067
0.059802
0.17197
0.212151
0.638514
0.502947
0.629855
0.560603
0.148404
0.06028
0.893741
0.23598
0.151606
0.251846
0.929622
0.810304
0.91439
0.631555
0.792479
0.468324
0.269561
0.684818
0.712178
0.249751
0.063085
0.582138
0.036387
0.618208
0.872687
0.801416
0.487968
0.972421
0.202634
0.122136
0.48936
0.442251
0.482377
0.956782
0.016261
0.096198
0.730444
0.023964
0.45124
0.482903
0.388685
0.006445
0.07958
0.905848
0.597694
0.579273
0.725632
0.227495
0.480914
0.76919
0.062646
0.543973
0.13258
0.11641
0.274182
0.981861
0.910141
0.275595
0.65399
0.926336
0.897221
0.80537
0.27748
0.59346
0.254557
0.127723
0.318387
0.760082
0.61692
0.276057
0.924701
0.758201
0.385801
0.188056
0.197951
0.682764
0.72386
0.767826
0.775116
0.986949
0.171021
0.991005
0.639852
0.57366
0.720544
0.876466
0.692779
0.488827
0.937695
0.829969
0.180061
0.388833
0.965163
0.468835
0.920805
0.80315
0.637377
0.716442
0.61071
0.541067
0.444546
0.420079
0.335473
0.82593
0.788438
0.150701
0.732116
0.927957
0.438376
0.477487
0.185871
0.603394
0.87236
0.04947
0.628356
0.615278
0.95094
0.63787
0.565045
0.947411
0.62774
0.179848
0.47848
0.055845
0.207898
0.192093
0.595898
0.898798
0.206944
0.177546
0.852904
0.29798
0.733239
0.49077
0.559193
0.830659
0.583535
0.403912
0.660595
0.475814
0.389978
0.474322
0.697657
0.332139
0.904339
0.141856
0.275187
0.280329
0.907533
0.997866
0.929991
0.803819
0.1389
0.272536
0.770789
0.138475
0.266472
0.835721
0.089837
0.231161
0.631297
0.422151
0.253442
0.035014
0.69086
0.593881
0.615733
0.824781
0.730742
0.90807
0.17873
0.666759
0.240628
0.474625
0.444517
0.561895
0.55595
0.711378
0.457865
0.67364
0.138295
0.941644
0.158363
0.724776
0.564613
0.981963
0.622556
0.798292
0.360314
0.403581
0.334154
0.12672
0.040594
0.715177
0.024287
0.253306
0.829084
0.781259
0.469192
0.368688
0.438519
0.461665
0.19285
0.521206
0.069581
0.256524
0.907823
0.039427
0.441837
0.286907
0.406614
0.135842
0.368284
0.418536
0.48622
0.716088
0.429956
0.743744
0.865566
0.353079
0.284207
0.127352
0.08761
0.082417
0.003612
0.25261
0.542753
0.381402
0.791154
0.378279
0.337079
0.595731
0.132303
0.694397
0.000856
0.302724
0.789012
0.85321
0.26996
0.030868
0.062932
0.547108
0.736005
0.716806
0.620901
0.49222
0.747802
0.581312
0.774696
0.815252
0.521697
0.4488
0.379234
0.335472
0.594379
0.263857
0.708596
0.972049
0.903073
0.590234
0.197344
0.004379
0.965784
0.2786
0.762337
0.01488
0.895952
0.582659
0.338253
0.773834
0.681884
0.270214
0.134915
0.241406
0.248731
0.392052
0.006263
0.969907
0.732962
0.178613
0.45806
0.100411
0.591594
0.679942
0.269548
0.902115
0.339215
0.529823
0.611102
0.073313
0.914898
0.365524
0.735835
0.341377
0.263448
0.914904
0.995938
0.337854
0.923171
0.975441
0.805401
0.475711
0.240057
0.526071
0.336296
0.460228
0.728071
0.44734
0.583396
0.186256
0.515033
0.889375
0.942261
0.492311
0.163608
0.453207
0.488404
0.18492
0.401105
0.289336
0.586042
0.422805
0.834474
0.706392
0.849223
0.288733
0.318869
0.231503
0.788089
0.109996
0.79174
0.998831
0.733778
0.043401
0.250567
0.779889
0.776246
0.806092
0.283771
0.519458
0.307055
0.007301
0.981174
0.263423
0.591519
0.346965
0.082512
0.242362
0.023956
0.783185
0.176817
0.971711
0.943761
0.89722
0.118912
0.526506
0.264485
0.987999
0.053097
0.217432
0.002883
0.608508
0.077093
0.474654
0.073159
0.089809
0.905881
0.880789
0.443475
0.084288
0.099262
0.148276
0.806295
0.13914
0.495163
0.282534
0.974968
0.264582
0.725875
0.346286
0.280202
0.710834
0.901293
0.457729
0.970892
0.857442
0.575782
0.503988
0.564595
0.682333
0.792236
0.147002
0.055854
0.092792
0.827662
0.955283
0.068681
0.151876
0.125206
0.915547
0.05709
0.417803
0.51952
0.43063
0.414075
0.226218
0.950708
0.859411
0.043934
0.795161
0.839201
0.935518
0.843109
0.169192
0.193512
0.548532
0.659647
0.880402
0.965381
0.240658
0.510108
0.681661
0.355888
0.705905
0.403574
0.208028
0.574639
0.435838
0.916618
0.558233
0.285952
0.250218
0.93128
0.036828
0.101525
0.10969
0.157994
0.658427
0.422
0.061969
0.553979
0.484901
0.197908
0.533509
0.560742
0.152913
0.445118
0.005284
0.714128
0.855713
0.620667
0.598404
0.717933
0.91418
0.99492
0.531908
0.212225
0.843774
0.674878
0.704786
0.620759
0.635398
0.319731
0.89452
0.307629
0.628053
0.288126
0.192657
0.751821
0.982511
0.786124
0.236194
0.311621
0.163012
0.608216
0.440037
0.68267
0.431843
0.325742
0.528546
0.551453
0.197102
0.663563
0.674933
0.185573
0.330466
0.244555
0.500086
0.71254
0.387089
0.790095
0.247342
0.38725
0.731508
0.990328
0.678091
0.307311
0.223545
0.051358
0.568863
0.610264
0.710279
0.979288
0.09575
0.243912
0.13209
0.486174
0.384071
0.242538
0.817616
0.243978
0.044563
0.264858
0.364602
0.821208
0.631235
0.528459
0.870186
0.724149
0.628544
0.777171
0.420861
0.927624
0.505414
0.047791
0.588153
0.071312
0.336973
0.495171
0.854456
0.80177
0.181078
0.02761
0.645396
0.473583
0.159268
0.341108
0.547049
0.726945
0.259416
0.301309
0.814235
0.226153
0.507867
0.597426
0.539127
0.207048
0.722633
0.079269
0.909078
0.534588
0.575303
0.245418
0.673451
0.23904
0.941829
0.19423
0.611777
0.03769
0.060943
0.620132
0.789382
0.501382
0.48051
0.751242
0.043047
0.684453
0.567675
0.547518
0.60468
0.7605
0.47794
0.612302
0.222265
0.113607
0.08924
0.431049
0.302718
0.08291
0.482453
0.519647
0.834745
0.337559
0.233308
0.274612
0.773893
0.780579
0.714303
0.520029
0.999501
0.77791
0.581261
0.195449
0.942786
0.316354
0.688738
0.785183
0.478089
0.042521
0.75211
0.379962
0.151932
0.05534
0.032581
0.421409
0.389756
0.988224
0.166589
0.768549
0.506627
0.553544
0.718025
0.487671
0.983611
0.603962
0.598918
0.305326
0.434367
0.184496
0.753025
0.805433
0.412297
0.08877
0.609743
0.754536
0.48054
0.405614
0.288713
0.121566
0.840383
0.602054
0.435877
0.721245
0.665214
0.948999
0.980129
0.440046
0.948558
0.943771
0.760013
0.959237
0.735517
0.58842
0.572367
0.578354
0.399089
0.258933
0.224698
0.406182
0.905584
0.733799
0.29387
0.70124
0.993533
0.918123
0.392153
0.997486
0.260962
0.906662
0.25643
0.617262
0.344864
0.126781
0.701551
0.0706
0.242712
0.337659
0.470656
0.033893
0.617865
0.600267
0.576173
0.891649
0.252408
0.924881
0.141256
0.88319
0.69765
0.326545
0.789149
0.422031
0.034329
0.054641
0.893767
0.505702
0.766077
0.747339
0.402185
0.209779
0.72322
0.041227
0.534307
0.624994
0.647979
0.353569
0.718368
0.116183
0.414257
0.925415
0.267282
0.987566
0.004437
0.336797
0.711069
0.080783
0.695785
0.979288
0.607185
0.12059
0.978534
0.272029
0.521705
0.046884
0.957898
0.266994
0.397268
0.862199
0.174289
0.652934
0.739875
0.737073
0.548983
0.972557
0.09332
0.140052
0.857526
0.225578
0.7894
0.508423
0.594781
0.07484
0.876315
0.311385
0.162319
0.919556
0.184555
0.716477