256 2
0
182
195
1
26
77
2
135
232
3
141
186
4
84
95
5
39
108
1
6
23
7
49
93
8
163
222
9
65
145
10
65
111
11
175
202
12
74
103
13
19
47
14
135
153
15
107
152
16
104
176
17
46
238
18
127
213
19
85
93
20
197
217
21
149
219
22
192
208
23
107
235
24
65
101
9
25
201
26
40
69
27
153
226
28
100
254
0
29
94
30
164
171
31
174
208
32
91
133
31
33
253
34
115
150
35
168
230
36
170
210
37
135
202
38
191
240
39
75
151
19
40
52
41
57
157
42
110
151
43
73
172
44
197
211
7
45
232
46
196
217
47
182
196
32
48
255
49
61
105
50
137
161
41
51
134
52
90
180
16
53
203
54
152
157
55
134
224
56
189
228
57
111
113
58
119
154
59
88
145
60
129
131
61
84
170
62
98
165
63
79
137
64
67
212
65
138
241
41
66
161
27
67
216
54
68
233
45
62
69
70
154
198
71
131
212
72
173
240
7
73
194
19
40
74
4
21
75
15
20
76
43
77
90
58
78
199
59
79
233
1
80
120
35
57
81
82
107
249
24
83
230
84
136
182
15
71
85
71
86
153
87
234
254
74
88
140
89
117
218
10
90
111
8
91
135
33
92
126
88
93
173
71
94
221
95
109
129
19
96
172
67
97
225
20
98
151
80
99
119
100
149
166
101
158
164
102
193
204
103
192
245
90
104
247
17
105
172
10
106
228
107
125
127
99
108
111
37
79
109
11
110
158
30
72
111
112
211
247
78
105
113
114
180
247
37
115
217
10
116
120
117
118
248
41
118
193
13
119
208
83
120
206
121
225
242
122
185
218
16
110
123
124
157
170
61
125
188
126
198
230
12
127
218
70
128
249
129
182
238
33
130
154
27
131
186
28
132
175
55
88
133
66
134
136
135
143
241
58
136
230
5
50
137
15
86
138
33
139
235
133
140
221
42
141
184
34
142
195
101
143
173
135
144
217
121
145
149
33
55
146
10
147
196
65
148
224
46
149
234
115
150
162
7
11
151
14
53
152
106
153
219
134
154
207
36
155
200
64
156
194
156
157
227
57
158
235
120
124
159
15
64
160
66
132
161
31
64
162
14
112
163
164
213
235
20
165
235
115
166
230
1
37
167
18
168
186
169
231
234
6
170
236
53
133
171
172
229
230
105
173
222
20
41
174
7
77
175
15
176
195
24
177
189
163
178
193
46
122
179
66
180
252
64
74
181
19
132
182
40
114
183
21
53
184
101
185
188
45
112
186
95
116
187
43
188
230
18
174
189
44
119
190
151
191
243
190
192
215
164
193
226
96
194
253
63
195
196
121
156
196
180
197
241
198
207
227
132
156
199
75
172
200
120
175
201
33
50
202
120
135
203
50
204
241
63
168
205
23
88
206
148
207
214
208
223
236
114
180
209
0
210
222
118
211
224
104
114
212
58
103
213
119
190
214
73
83
215
22
25
216
64
140
217
111
218
234
38
153
219
116
167
220
70
209
221
30
190
222
38
125
223
93
181
224
97
191
225
69
154
226
130
150
227
45
215
228
128
189
229
117
230
242
50
228
231
119
232
251
75
233
253
68
234
248
0
78
235
108
109
236
36
87
237
29
44
238
52
78
239
155
214
240
23
139
241
10
70
242
23
94
243
157
199
244
68
240
245
93
99
246
19
47
247
124
231
248
1
175
249
69
176
250
48
181
251
122
129
252
153
232
253
28
74
254
41
72
255
0.903884
0.3233
0.098852
0.685298
0.735102
0.473373
0.165453
0.835261
0.299221
0.216811
0.713915
0.404006
0.069541
0.210886
0.593125
0.147925
0.276889
0.603807
0.344225
0.94726
0.546164
0.140576
0.892825
0.763273
0.193467
0.51791
0.380785
0.533247
0.927747
0.220343
0.327299
0.12596
0.591707
0.507937
0.646788
0.566535
0.236471
0.985833
0.462451
0.35038
0.041776
0.261322
0.894904
0.982799
0.775159
0.44692
0.780257
0.073019
0.713622
0.972392
0.774864
0.305433
0.817754
0.334608
0.301171
0.687604
0.014638
0.822227
0.866032
0.917533
0.132916
0.780598
0.147295
0.655699
0.667765
0.330237
0.57837
0.64567
0.451395
0.848835
0.555102
0.784665
0.935884
0.150604
0.192769
0.077188
0.387707
0.472217
0.519365
0.646368
0.480914
0.617576
0.558989
0.030503
0.325469
0.914167
0.812461
0.311734
0.844509
0.873104
0.646243
0.946272
0.816608
0.610364
0.960107
0.866289
0.67244
0.598446
0.575218
0.846307
0.673276
0.998833
0.082365
0.871628
0.475058
0.746863
0.496202
0.632052
0.417937
0.257031
0.73536
0.563881
0.218363
0.263611
0.964906
0.510484
0.366524
0.388136
0.828094
0.849673
0.993334
0.896713
0.258493
0.873232
0.840725
0.27879
0.750769
0.979515
0.035088
0.7416
0.487085
0.944884
0.199372
0.429757
0.952703
0.846746
0.83679
0.347791
0.649481
0.970203
0.256507
0.851967
0.352858
0.478189
0.091291
0.477478
0.202083
0.231278
0.62047
0.862891
0.167706
0.813481
0.361047
0.563064
0.820352
0.755024
0.68647
0.819241
0.500685
0.83629
0.695745
0.660662
0.305047
0.235533
0.464338
0.525326
0.588772
0.471092
0.023335
0.344877
0.09159
0.188994
0.177253
0.709405
0.849062
0.719387
0.029482
0.942244
0.879454
0.615834
0.10623
0.601185
0.528756
0.957463
0.643596
0.246038
0.811728
0.419946
0.204695
0.170443
0.597089
0.134696
0.059389
0.749669
0.291281
0.941183
0.030964
0.201701
0.630661
0.129164
0.842235
0.150813
0.453869
0.283786
0.505096
0.727207
0.15922
0.780465
0.496866
0.079522
0.067589
0.38792
0.40547
0.478456
0.685481
0.492857
0.81724
0.915907
0.793113
0.779722
0.534824
0.659245
0.646971
0.519409
0.384354
0.410178
0.189702
0.583537
0.687415
0.376251
0.775881
0.004104
0.217675
0.456509
0.645907
0.037734
0.950264
0.816432
0.187217
0.336918
0.682048
0.088162
0.309446
0.331418
0.607039
0.274336
0.849261
0.744058
0.716547
0.673831
0.601586
0.519904
0.281977
0.064488
0.416197
0.792734
0.018132
0.41472
0.669105
0.314457
0.74035
0.389135
0.333588
0.796338
0.307181
0.516507
0.254308
0.447345
0.400211
0.480187
0.569043
0.643174
0.789959
0.025652
0.659859
0.062563
0.404059
0.776876
0.241783
0.801206
0.388934
0.038245
0.179858
0.396862
0.792977
0.541731
0.864924
0.103746
0.138503
0.38527
0.739138
0.844072
0.457714
0.168111
0.196919
0.284921
0.399127
0.157304
0.958052
0.523462
0.229912
0.608467
0.937827
0.087722
0.352592
0.693065
0.958281
0.799473
0.604842
0.130707
0.217744
0.158016
0.063199
0.819569
0.188633
0.772678
0.531509
0.826914
0.125981
0.077883
0.94947
0.818454
0.587509
0.136865
0.531306
0.134439
0.391299
0.330658
0.146695
0.506906
0.390881
0.609989
0.729651
0.907948
0.330092
0.649603
0.861119
0.425375
0.222191
0.483472
0.272228
0.385817
0.097002
0.990986
0.574804
0.675396
0.531786
0.671722
0.047877
0.336145
0.264517
0.96589
0.923389
0.346554
0.807128
0.90138
0.569547
0.896051
0.065929
0.797814
0.177702
0.289001
0.760238
0.790065
0.345507
0.315754
0.457055
0.979697
0.188667
0.123202
0.6938
0.168033
0.670632
0.657378
0.17841
0.08325
0.620945
0.606713
0.618421
0.252413
0.320123
0.85493
0.54296
0.863425
0.611931
0.794156
0.527298
0.038229
0.561417
0.000288
0.478985
0.921997
0.076973
0.734399
0.825685
0.526216
0.433494
0.598284
0.277345
0.370157
0.716947
0.820963
0.202365
0.855287
0.486236
0.077894
0.418886
0.1147
0.254464
0.759839
0.555144
0.012179
0.611243
0.310718
0.630319
0.027613
0.76853
0.282137
0.010973
0.283342
0.311201
0.548468
0.146273
0.910418
0.003557
0.551936
0.157127
0.318055
0.286542
0.61034
0.976527
0.279049
0.477385
0.719232
0.671379
0.833452
0.28838
0.651068
0.222325
0.958673
0.594327
0.49098
0.472609
0.832582
0.232754
0.422302
0.603746
0.384364
0.156573
0.818053
0.404558
0.294182
0.282689
0.259637
0.710254
0.672034
0.53948
0.658855
0.351431
0.912504
0.310469
0.902428
0.648913
0.901205
0.241922
0.886124
0.927342
0.939066
0.413406
0.162608
0.800548
0.262622
0.884539
0.464662
0.71037
0.870867
0.614561
0.790632
0.365867
0.869343
0.091857
0.427471
0.918544
0.007168
0.340193
0.450799
0.421735
0.541289
0.286257
0.542522
0.092261
0.435502
0.350397
0.960163
0.504607
0.097026
0.18526
0.956109
0.624847
0.135585
0.904614
0.8992
0.657065
0.014071
0.014292
0.139056
0.700604
0.73512
0.919155
0.522172
0.573165
0.866736
0.113974
0.046989
0.009417
0.663242
0.31339
0.506161
0.519879
0.538488
0.471836
0.891069
0.019091
0.731169
0.100757
0.359563
0.807365
0.356557
0.208042
0.437957
0.654116
0.253818
0.351057
0.28364
0.188096
0.489488
0.671213
0.682598
0.619454
0.083534
0.718748
0.246948
0.331548
0.066878
0.324828
0.127551
0.131315
0.955196
0.110776
0.008183
0.767482
0.150867
0.332525
0.843541
0.261087
0.455136
0.072372
0.051356
0.781694
0.192327
0.085656
0.553621
0.782294
0.286048
0.990241
0.204291
0.400083
0.367233
0.737204
0.232329
0.774456
0.908696
0.092281
0.648669
0.185793
0.066926
0.272512
0.76054
0.784824
0.901631
0.465367
0.816296
0.33455
0.830704
0.91056
0.094617
0.527785
0.345268
0.766637
0.108018
0.781391
0.809281
0.693942
0.523896
0.04212
0.726071
0.276338
0.510414
0.964822
0.79875
0.226177
0.910642
0.934963
0.096349
0.638509
0.337371
0.856511
0.08961
0.671441
0.141394
0.154333
0.312828
0.128676
0.484985
0.558562
0.563275
0.997261
0.357093
0.522729
0.600958
0.954576
0.188422
0.778992
0.510719
0.96924
0.782503
0.769666
0.40064
0.927939
0.651212
0.740016
0.939188
0.058493
0.50321
0.539725
0.111279
0.995628
0.948371
0.272201
0.100939
0.129775
0.5034
0.389345
0.841105
0.612868
0.695302
0.607025
0.629514
0.433138
0.164451
0.642679
0.468883
0.68592
0.262873
0.412635
0.643085
0.113724
0.077566
0.298336
0.909306
0.359921
0.60508
0.822673
0.060451
0.770744
0.67034
0.515929
0.025811
0.109435
0.144582
0.722432
0.906162
0.410299
0.814807
0.06701
0.112143
0.709181
0.383693
0.448858
0.242603
0.383249
0.086205
0.883441
0.288626
0.463323
0.887164
0.372249
0.758748
0.783044
0.402165
0.443458
0.743588
0.38063
0.818769
0.494085
0.125396
0.72605
0.02783
0.58638
0.37989
0.281599
0.186271
0.064416
0.434814
0.82274
0.33585
0.826958
0.393159
0.450356
0.673483
0.055804
0.327411
0.206119
0.948
0.252746
0.069157
0.885202
0.688163
0.262899
0.986867
0.424642
0.115135
0.789447
0.298776
0.191704
0.076408
0.411237
0.117926
0.452787
0.085889
0.02219
0.08627
0.280626
0.200715
0.099469
0.28886
0.777386
0.183919
0.253831
0.315424
0.700245
0.262216
0.588367
0.285916
0.014248
0.330069
0.655816
0.331898
0.244331
0.695432
0.212062
0.952125
0.513359
0.149473
0.60006
0.391512
0.837439
0.196301
0.813821
0.587045
0.628605
0.877903
0.273636
0.088573
0.044777
0.169896
0.099241
0.992804
0.285863
0.606022
0.440658
0.729757
0.154955
0.006502
0.670703
0.264178
0.331458
0.42694
0.607953
0.897906
0.737991
0.263621
0.496396
0.658231
0.994538
0.128613
0.255423
0.408702
0.391138
0.931711
0.674332
0.47141
0.023007
0.25932
0.783132
0.558742
0.292584
0.804944
0.039323
0.969901
0.846296
0.302847
0.37436
0.660482
0.376351
0.963368
0.527044
0.08723
0.84154
0.601394
0.556794
0.414303
0.151639
0.847871
0.87293
0.254984
0.84663
0.397406
0.589884
0.935545
0.922339
0.339084
0.951946
0.922464
0.573714
0.931914
0.888286
0.151639
0.373137
0.562138
0.595711
0.609156
0.336893
0.4172
0.184956
0.971057
0.453666
0.398814
0.407011
0.639633
0.789802
0.514876
0.216566
0.89583
0.493923
0.22791
0.701797
0.196394
0.286575
0.691845
0.120135
0.371543
0.983985
0.519151
0.394797
0.560444
0.131452
0.613512
0.873818
0.632723
0.258572
0.11701
0.833125
0.995393
0.420291
0.046692
0.243492
0.158242
0.960268
0.346657
0.642618
0.663926
0.075354
0.246643
0.642587
0.136999
0.095127
0.628718
0.886489
0.979393
0.938792
0.995064
0.282484
0.107997
0.208522
0.70718
0.055714
0.377275
0.782243
0.004293
0.790612
0.654269
0.360427
0.720816
0.013729
0.945239
0.977496
0.076944
0.513478
0.011399
0.21607
0.360978
0.316491
0.937069
0.87726
0.464688
0.969727
0.665747
0.183617
0.870999
0.544669
0.603962
0.1261
0.394672
0.383746
0.052744
0.282663
0.342573
0.755424
0.08271
0.437502
0.852223
0.68994
0.724679
0.420452
0.182996
0.673808
0.77901
0.361123
0.121502
0.518944
0.662779
0.345551
0.881444
0.776239
0.824936
0.020482
0.324382
0.723821
0.985134
0.617299
0.053615
0.161236
0.377459
0.90433
0.821311
0.63201
0.390776
0.68129
0.598205
0.05991
0.194454
0.917732
0.884392
0.086467
0.119734
0.866492
0.46784
0.00744
0.086359
0.823062
0.468792
0.318231
0.422639
0.035319
0.702003
0.25543
0.407471
0.100716
0.816806
0.936258
0.826178
0.53911
0.891153
0.074244
0.312677
0.667274
0.09422
0.903005
0.421833
0.411737
0.524959
0.270912
0.266447
0.158187
0.712809
0.710688
0.255948
0.131833
0.373565
0.786835
0.287727
0.124958
0.289978
0.419721
0.310351
0.712424
0.827592
0.086519
0.758816
0.159658
0.391143
0.506546
0.692785
0.994852
0.325599
0.250806
0.440769
0.004667
0.77059
0.222298
0.166317
0.364658
0.165143
0.072414
0.040846
0.393124
0.484542
0.803416
0.038293
0.453302
0.108722
0.990807
0.810033
0.048624
0.968727
0.361504
0.756556
0.087664
0.214306
0.772601
0.038196
0.312055
0.332052
0.557656
0.75355
0.647112
0.886817
0.855651
0.865954
0.743379
0.446963
0.194388
0.661866
0.008673
0.667543
0.565371
0.297196
0.555927
0.450245
0.219473
0.569199
0.109743
0.822114
0.252368
0.353334
0.194068
0.843262
0.911441
0.609923
0.584997
0.34118
0.475746
0.697333
0.55941
0.306303
0.669051
0.105105
0.635071
0.282891
0.825738
0.345339
0.408962
0.744792
0.397982
0.548688
0.520808
0.668347
0.26163
0.195157
0.680854
0.367419
0.145332
0.546693
0.01329
0.803342
0.029936
0.008915
0.499196
0.948146
0.061181
0.312229
0.663189
0.629611
0.144338
0.401537
0.160237
0.967106
0.662854
0.821471
0.832362
0.739609
0.237972
0.317563
0.122066
0.101504
0.204214
0.658692
0.407396
0.577462
0.27435
0.134437
0.200384
0.945617
0.765192
0.94379
0.331085
0.295068
0.473765
0.108833
0.894747
0.209983
0.696946
0.683674
0.590997
0.974858
0.051224
0.22718
0.842787
0.079384
0.908687
0.605742
0.505733
0.28066
0.475239
0.552449
0.177027
0.409757
0.754342
0.235818
0.879912
0.180193
0.044087
0.127221
0.529866
0.927645
0.416532
0.639264
0.292224
0.701504
0.583454
0.926101
0.593861
0.534282
0.684855
0.831747
0.349485
0.690533
0.124489
0.983509
0.272779
0.23803
0.294273
0.268207
0.928309
0.64829
0.183947
0.687246
0.93361
0.288481
0.417011
0.646511
0.112779
0.348575
0.169605
0.955899
0.360586
0.270121
0.90274
0.706648
0.349432
0.033577
0.437657
0.931077
0.640303
0.189122
0.534323
0.39414
0.134453
0.041301
0.802543
0.908655
0.971498
0.584005
0.226255
0.221806
0.280946
0.87842
0.829693
0.066355
0.221115
0.054004
0.574493
0.569724
0.661402
0.625188
0.408939
0.983294
0.454822
0.44854
0.305389
0.05461
0.947218
0.287469
0.3248
0.260744
0.783719
0.419993
0.60186
0.219678
0.247834
0.496733
0.52804
0.527642
0.279485
0.937185
0.710996
0.24468
0.180975
0.809865
0.634557
0.050227
0.37245
0.419912
0.614834
0.055644
0.396358
0.250283
0.789051
0.980592
0.00038
0.355443
0.407018
0.477707
0.660924
0.83671
0.674357
0.062826
0.640247
0.8506
0.603237
0.036161
0.308901
0.885976
0.321574
0.26266
0.358586
0.816516
0.67739
0.274106
0.128233
0.428377
0.962894
0.602539
0.434519
0.861664
0.162615
0.42888
0.899689
0.954704
0.726088
0.137744
0.856862
0.022147
0.176887
0.481172
0.18447
0.187584
0.170714
0.628577
0.491373
0.577979
0.040158
0.401376
0.216475
0.63442
0.892362
0.700202
0.940932
0.510192
0.195505
0.441638
0.878579
0.300768
0.971624
0.812601
0.055319
0.87147
0.618757
0.522934
0.840379
0.745827
0.926984
0.948418
0.804648
0.623036
0.070767
0.910579
0.405776
0.29417
0.397139
0.519121
0.185524
0.559733
0.499605
0.458648
0.298861
0.381996
0.325236
0.462067
0.128032
0.444311
0.234021
0.939324
0.070817
0.966453
0.356592
0.329072
0.77017
0.344317
0.961711
0.312772
0.659845
0.866956
0.294963
0.347096
0.782526
0.305679
0.764188
0.396904
0.273648
0.346136
0.329102
0.298498
0.446173
0.116713
0.79518
0.363925
0.940083
0.788235
0.621266
0.957309
0.951767
0.633921
0.916183
0.282629
0.239562
0.975572
0.098583
0.22579
0.731284
0.445639
0.999213
0.191756
0.800356
0.058338
0.331058
0.415939
0.589236
0.833666
0.608493
0.849182
0.532228
0.289333
0.946722
0.336716
0.652353
0.176453
0.401707
0.793099
0.522993
0.607736
0.242493
0.741241
0.138595
0.558573
0.37632
0.659811
0.610225
0.62696
0.489338
0.44235
0.822576
0.96934
0.764712
0.74785
0.687405
0.962035
0.986204
0.243612
0.383589
0.232629
0.480838
0.878156
0.806908
0.504468
0.626945
0.386193
0.658709
0.899653
0.218626
0.532915
0.776303
0.989233
0.019025
0.817574
0.356828
0.135286
0.212018
0.116128
0.660967
0.161844
0.852789
0.573251
0.202742
0.705715
0.320972
0.26797
0.694188
0.789168
0.372073
0.287428
0.100549
0.039497
0.863985
0.966209
0.526136
0.862447
0.114552
0.357562
0.069733
0.663071
0.117712
0.752495
0.862897
0.792142
0.355678
0.800736
0.263215
0.470263
0.82619
0.477515
0.232997
0.365037
0.626748
0.567586
0.414144
0.825249
0.781164
0.103252
0.449684
0.961517
0.11884
0.966127
0.522835
0.016986
0.013755
0.7329
0.962836
0.781855
0.608364
0.35919
0.209587
0.269493
0.48258
0.476741
0.147339
0.416495
0.734618
0.910388
0.292911
0.816748
0.125583
0.862889
0.090412
0.604028
0.424318
0.945365
0.973311
0.444673
0.557437
0.890458
0.760259
0.071398
0.87897
0.922604
0.263519
0.104351
0.535737
0.266242
0.315285
0.151417
0.664451
0.087865
0.865287
0.187628
0.470177
0.208576
0.584119
0.966117
0.279176
0.610138
0.852891
0.465107
0.338329
0.002181
0.336656
0.324422
0.034739
0.733933
0.725984
0.08604
0.163485
0.90544
0.974959
0.96997
0.995098
0.270991
0.416974
0.733716
0.700929
0.001757
0.948447
0.055234
0.250669
0.450168
0.874017
0.527813
0.211505
0.043301
0.014999
0.846818
0.351447
0.556035
0.290311
0.470887
0.951076
0.965694
0.506999
0.095176
0.310256
0.680576
0.371969
0.107163
0.192928
0.918413
0.6069
0.908823
0.727081
0.286284
0.618545
0.693879
0.348311
0.024607
0.783789
0.891574
0.133985
0.72182
0.656531
0.633086
0.342485
0.164378
0.145883
0.701725
0.637905
0.244674
0.304057
0.144981
0.515572
0.013421
0.602607
0.512456
0.621545
0.234283
0.524898
0.096459
0.346554
0.364119
0.346495
0.572679
0.819367
0.539708
0.618791
0.468774
0.345686
0.82448
0.074693
0.210696
0.928734
0.53885
0.26537
0.164492
0.005047
0.137128
0.4108
0.596376
0.901309
0.406404
0.997188
0.546525
0.574074
0.090923
0.793748
0.506794
0.686132
0.215054
0.640763
0.679672
0.071626
0.704209
0.107422
0.616016
0.549609
0.149871
0.415176
0.96208
0.933818
0.162886
0.604561
0.592314
0.340125
0.346004
0.158
0.097608
0.529455
0.908716
0.558638
0.618696
0.209406
0.838501
0.035812
0.810152
0.478967
0.168963
0.256566
0.534684
0.695022
0.099994
0.501052
0.734704
0.435911
0.209552
0.852769
0.759404
0.82362
0.669594
0.724158
0.974185
0.536521
0.046621
0.818609
0.637588
0.573687
0.271029
0.454104
0.551288
0.412952
0.319638
0.481127
0.890458
0.937325
0.042563
0.036044
0.720552
0.442436
0.097482
0.179397
0.525118
0.127071
0.981374
0.766317
0.409427
0.262868
0.016042
0.243554
0.767705
0.336097
0.66465
0.046259
0.198429
0.250285
0.76236
0.674983
0.62794
0.733301
0.963556
0.269582
0.492774
0.391696
0.371834
0.683995
0.193731
0.295282
0.466042
0.016135
0.012413
0.971369
0.232834
0.346332
0.597613
0.38558
0.400266
0.595523
0.874196
0.751151
0.968422
0.613547
0.339176
0.064642
0.735967
0.499695
0.287673
0.207852
0.222837
0.248755
0.694979
0.294747
0.062186
0.829135
0.856655
0.236768
0.611289
0.198966
0.170693
0.364838
0.673535
0.393244
0.319614
0.472877
0.100875
0.80581
0.014834
0.090526
0.65274
0.700129
0.858167
0.083992
0.00263
0.61638
0.942575
0.048848
0.044775
0.236055
0.88851
0.756789
0.011942
0.328826
0.585565
0.997221
0.708283
0.310394
0.968426
0.036125
0.77537
0.652578
0.190138
0.710344
0.30429
0.267303
0.367898
0.803328
0.521533
0.233738
0.717699
0.684331
0.785472
0.438066
0.76319
0.813031
0.862112
0.346488
0.247013
0.073078
0.646049
0.950428
0.027124
0.785813
0.6574
0.310729
0.161417
0.590805
0.46199
0.955898
0.883589
0.616182
0.293267
0.357607
0.976152
0.790157
0.813243
0.664365
0.255816
0.643149
0.286132
0.533382
0.466952
0.062193
0.837968
0.303988
0.988222
0.163288
0.188014
0.337626
0.7441
0.991396
0.316844
0.362972
0.324074
0.460597
0.454474
0.407974
0.358209
0.226314
0.392183
0.048046
0.983013
0.937374
0.2615
0.483019
0.347409
0.697422
0.446013
0.579746
0.060604
0.497237
0.323779
0.676978
0.942322
0.137395
0.389787
0.570889
0.730582
0.599736
0.515591
0.167131
0.028636
0.574806
0.875384
0.017976
0.929303
0.551244
0.792875
0.515279
0.60734
0.312452
0.1557
0.323571
0.937068
0.815512
0.171465
0.676172
0.825913
0.382467
0.647288
0.861023
0.833591
0.361028
0.409667
0.998724
0.96658
0.834267
0.554904
0.132172
0.588109
0.203293
0.501102
0.682641
0.206104
0.437256
0.072645
0.419246
0.305969
0.511556
0.584095
0.080712
0.459405
0.476612
0.276972
0.269404
0.720199
0.821774
0.809304
0.50655
0.339741
0.302986
0.303351
0.484385
0.60708
0.853966
0.401279
0.709909
0.830481
0.787787
0.929469
0.576811
0.788955
0.595297
0.72582
0.582913
0.787759
0.902083
0.313457
0.631511
0.045502
0.777036
0.731054
0.350558
0.872963
0.812361
0.759197
0.130087
0.552725
0.029354
0.211488
0.188035
0.768908
0.492258
0.492462
0.349621
0.226889
0.867898
0.875925
0.530378
0.391643
0.952678
0.877194
0.040027
0.602407
0.100543
0.337975
0.878638
0.137732
0.536746
0.543603
0.22492
0.330949
0.886415
0.467767
0.326812
0.282809
0.353727
0.948115
0.9275
0.03479
0.760016
0.342617
0.912248
0.92038
0.999511
0.242058
0.540306
0.362822
0.795725
0.11321
0.036795
0.192248
0.945942
0.657651
0.308911
0.457054
0.524863
0.977791
0.223394
0.574461
0.876934
0.996931
0.223347
0.21094
0.192591
0.03253
0.355835
0.753748
0.789106
0.502198
0.019473
0.762259
0.771166
0.08948
0.129
0.692087
0.349585
0.050151
0.399905
0.9846
0.754688
0.638902
0.575643
0.942484
0.133474
0.128742
0.740084
0.76394
0.527924
0.523499
0.655018
0.428294
0.882794
0.310185
0.86667
0.313486
0.510559
0.663826
0.39126
0.145641
0.752452
0.296095
0.917033
0.616315
0.407429
0.184971
0.526857
0.837805
0.430265
0.009463
0.317968
0.669791
0.572847
0.850991
0.886096
0.675793
0.554805
0.116465
0.520758
0.91932
0.839498
0.886359
0.937103
0.330041
0.619471
0.584657
0.953999
0.42123
0.306337
0.528938
0.306594
0.757456
0.643062
0.847844