256 2
0
66
154
1
57
158
2
23
188
3
46
147
4
114
250
5
107
225
6
17
50
7
14
194
8
76
143
9
225
239
10
101
246
10
11
151
12
120
181
13
231
251
14
30
193
15
166
251
5
16
171
17
98
204
18
66
172
19
28
33
20
108
147
21
54
193
18
22
251
23
138
215
24
100
247
25
29
229
26
83
251
25
27
139
8
28
143
17
29
148
30
109
240
31
182
241
32
102
112
33
180
204
34
232
239
35
95
175
36
69
102
31
37
165
38
161
170
39
214
217
40
129
159
29
41
254
42
44
59
2
43
230
18
44
185
32
45
213
31
46
81
47
61
209
48
165
253
42
49
121
13
50
92
51
126
252
52
164
244
53
174
183
54
111
241
55
133
148
56
99
180
30
36
57
29
58
171
59
85
99
22
46
60
61
110
165
62
142
180
63
171
192
43
64
252
65
145
209
66
196
237
20
67
85
68
100
164
47
50
69
59
70
136
71
149
208
72
106
179
49
73
234
54
74
80
24
72
75
42
76
226
77
157
247
78
82
140
79
157
187
80
87
197
42
58
81
82
141
251
19
83
178
84
161
179
85
95
251
86
93
165
87
172
178
78
88
237
35
89
233
69
90
237
86
91
161
1
69
92
36
93
155
72
94
254
95
184
239
96
109
166
5
35
97
18
98
113
54
99
109
5
100
113
19
101
139
15
98
102
78
103
236
104
162
255
55
105
178
23
106
225
22
107
215
57
108
182
46
109
127
45
110
227
40
111
135
28
107
112
113
127
131
44
114
137
7
115
199
51
113
116
1
74
117
88
100
118
119
214
235
14
53
120
79
103
121
36
122
239
67
123
253
23
105
124
46
125
241
16
126
189
114
127
215
128
173
238
14
129
164
67
130
184
127
131
241
69
83
132
133
163
213
24
81
134
135
136
250
31
130
136
137
181
222
15
59
138
139
216
226
41
140
154
100
132
141
62
142
161
108
127
143
15
144
250
78
145
216
139
146
148
147
177
200
148
182
254
60
149
228
47
150
187
15
120
151
104
146
152
21
72
153
150
154
200
89
142
155
156
184
204
157
170
179
155
158
218
29
159
219
21
160
177
20
85
161
99
138
162
22
134
163
101
156
164
14
165
216
87
89
166
61
167
212
168
234
250
21
41
169
1
124
170
26
116
171
107
172
236
40
146
173
174
180
199
75
116
175
22
73
176
46
75
177
21
115
178
78
135
179
123
161
180
117
150
181
32
129
182
50
98
183
140
184
185
122
131
185
0
127
186
145
148
187
30
147
188
20
34
189
20
139
190
23
37
191
30
76
192
10
134
193
112
194
244
179
195
228
108
136
196
173
193
197
32
103
198
147
199
250
109
127
200
45
102
201
63
77
202
190
199
203
56
73
204
27
78
205
14
52
206
23
207
239
5
208
250
37
191
209
24
116
210
34
190
211
6
164
212
84
213
242
143
214
238
38
214
215
179
180
216
181
194
217
191
218
234
219
224
240
1
142
220
36
135
221
77
93
222
46
98
223
9
217
224
24
92
225
4
226
234
68
215
227
17
167
228
209
228
229
46
139
230
52
231
243
144
203
232
15
25
233
146
234
241
162
170
235
135
187
236
136
156
237
34
108
238
49
203
239
68
147
240
35
151
241
57
191
242
76
209
243
18
66
244
119
137
245
26
27
246
93
192
247
137
170
248
28
173
249
153
229
250
120
251
255
102
185
252
111
245
253
49
231
254
38
85
255
0.088904
0.470908
0.577157
0.768521
0.079928
0.413315
0.488005
0.385775
0.892144
0.648825
0.321862
0.179833
0.2821
0.589959
0.470779
0.239465
0.883802
0.821122
0.324566
0.948606
0.614469
0.492704
0.30144
0.128806
0.359877
0.122925
0.653411
0.316182
0.304189
0.567946
0.743048
0.092715
0.700957
0.355233
0.700923
0.294911
0.752201
0.137786
0.649299
0.495665
0.45371
0.91013
0.973635
0.034152
0.851191
0.964185
0.407992
0.202512
0.422878
0.092191
0.854285
0.700588
0.72726
0.360797
0.697856
0.263843
0.033219
0.036863
0.908898
0.786843
0.630851
0.124485
0.796549
0.316295
0.225644
0.966214
0.10167
0.313241
0.144797
0.779319
0.924802
0.282313
0.793445
0.223097
0.448679
0.409311
0.359665
0.389814
0.578968
0.940572
0.847627
0.004204
0.910635
0.062121
0.020423
0.370978
0.608398
0.80057
0.049988
0.235215
0.282716
0.060618
0.959774
0.086286
0.297502
0.423715
0.935433
0.709084
0.618912
0.194046
0.42589
0.429258
0.709167
0.396797
0.28599
0.780326
0.846393
0.794227
0.026217
0.715362
0.569968
0.696894
0.228815
0.066323
0.647323
0.01156
0.913535
0.444501
0.125189
0.342879
0.376224
0.693567
0.351304
0.21541
0.807381
0.030451
0.082787
0.163783
0.657925
0.808408
0.077477
0.93312
0.284437
0.538494
0.346639
0.990716
0.951017
0.809292
0.260076
0.900659
0.257989
0.044958
0.151027
0.013131
0.915871
0.942287
0.533693
0.72784
0.289298
0.423706
0.407703
0.718599
0.203704
0.453781
0.564309
0.166903
0.831189
0.164403
0.902807
0.505655
0.924312
0.673504
0.77528
0.191691
0.709529
0.150205
0.788823
0.530198
0.583139
0.653337
0.621091
0.666069
0.627473
0.140335
0.21116
0.485899
0.574705
0.441045
0.863082
0.465326
0.061683
0.09427
0.266144
0.154265
0.243169
0.700648
0.350639
0.033664
0.695115
0.804331
0.609773
0.605009
0.808868
0.486651
0.445295
0.6865
0.624906
0.301247
0.148083
0.683004
0.778017
0.727789
0.089544
0.421724
0.897715
0.095616
0.722015
0.882074
0.650703
0.019903
0.639171
0.300682
0.241195
0.814974
0.848555
0.903587
0.405944
0.934292
0.606325
0.735172
0.583038
0.917692
0.957701
0.334846
0.069808
0.640192
0.356952
0.413625
0.787068
0.806973
0.055085
0.692591
0.428301
0.112396
0.583515
0.633276
0.187599
0.270789
0.957629
0.337628
0.949332
0.189879
0.141357
0.415998
0.714641
0.497759
0.787187
0.524089
0.269711
0.845127
0.925712
0.583929
0.238576
0.458514
0.192933
0.29342
0.497054
0.428781
0.007195
0.688608
0.720196
0.506203
0.851041
0.127619
0.342272
0.56493
0.089293
0.764807
0.476216
0.329423
0.811003
0.399337
0.980563
0.133352
0.729246
0.031668
0.640958
0.641086
0.797116
0.501971
0.324186
0.319257
0.031923
0.802205
0.367108
0.760687
0.037239
0.433292
0.345902
0.181493
0.466258
0.826983
0.568752
0.205759
0.650139
0.277571
0.019523
0.511998
0.096794
0.208643
0.40054
0.373694
0.272791
0.037839
0.55312
0.616166
0.057329
0.160428
0.328472
0.12203
0.406426
0.245855
0.866201
0.802895
0.970777
0.204276
0.85684
0.141929
0.357791
0.05761
0.234522
0.16552
0.192931
0.789521
0.753568
0.371307
0.986879
0.277524
0.476799
0.19201
0.162047
0.408028
0.905481
0.624893
0.756195
0.020719
0.742274
0.124965
0.307279
0.895578
0.596063
0.604242
0.585326
0.516396
0.752382
0.084187
0.977052
0.438408
0.13782
0.446633
0.817608
0.341248
0.648575
0.788391
0.028892
0.237403
0.25437
0.114756
0.34063
0.329688
0.237751
0.816549
0.256892
0.205517
0.930924
0.147799
0.469325
0.373023
0.832098
0.80453
0.32523
0.928385
0.071312
0.869335
0.819786
0.684148
0.482877
0.219852
0.732325
0.633329
0.48878
0.815387
0.483638
0.26304
0.394665
0.159152
0.687972
0.50087
0.234049
0.37754
0.87063
0.811196
0.470372
0.990796
0.974045
0.842385
0.429319
0.761381
0.524044
0.831633
0.469305
0.998787
0.70251
0.611177
0.181973
0.357447
0.428383
0.043297
0.495565
0.427935
0.699616
0.706621
0.513698
0.988411
0.138358
0.9472
0.336752
0.552427
0.986089
0.173806
0.848197
0.702004
0.013114
0.993966
0.422467
0.521315
0.61683
0.490082
0.08079
0.859171
0.491884
0.16933
0.699037
0.097904
0.524797
0.383673
0.161429
0.173111
0.81486
0.509142
0.795596
0.400989
0.346244
0.440066
0.736085
0.778503
0.286419
0.228274
0.34682
0.35873
0.825177
0.140908
0.493269
0.235474
0.830207
0.068989
0.14372
0.694051
0.026396
0.265143
0.751022
0.074043
0.2576
0.635869
0.894622
0.00263
0.978483
0.072568
0.487609
0.507173
0.51434
0.880746
0.207073
0.182257
0.452446
0.061553
0.70732
0.613803
0.645778
0.481596
0.696247
0.478101
0.704653
0.204
0.410775
0.11817
0.488295
0.536398
0.935365
0.899556
0.140373
0.858076
0.812428
0.241734
0.781713
0.205476
0.309556
0.138537
0.679147
0.637953
0.650848
0.513869
0.492553
0.59781
0.225568
0.401159
0.134115
0.980879
0.26541
0.978185
0.053801
0.237608
0.022716
0.709581
0.13501
0.82451
0.117298
0.72884
0.871974
0.013334
0.194833
0.982972
0.250601
0.895873
0.730327
0.831089
0.494691
0.570991
0.429692
0.211863
0.467384
0.552016
0.522778
0.432639
0.097504
0.667703
0.834338
0.414483
0.312758
0.791405
0.066
0.62322
0.167904
0.920152
0.941317
0.985567
0.787943
0.706427
0.572276
0.483518
0.882525
0.972141
0.117375
0.633999
0.522203
0.805407
0.799067
0.705697
0.449834
0.283199
0.984212
0.253268
0.452882
0.25707
0.9555
0.637619
0.854522
0.575842
0.376212
0.740475
0.874767
0.224544
0.711444
0.789576
0.62307
0.401217
0.42724
0.371905
0.930215
0.606242
0.448195
0.4123
0.434097
0.188267
0.716134
0.03106
0.838034
0.806191
0.56142
0.301008
0.515683
0.962335
0.715171
0.8974
0.209637
0.725778
0.534923
0.880229
0.476245
0.751521
0.516648
0.54062
0.277038
0.96351
0.854283
0.672445
0.820656
0.882974
0.300713
0.753002
0.189887
0.428708
0.353425
0.290944
0.705462
0.18183
0.771924
0.607432
0.66238
0.576057
0.012621
0.770643
0.779073
0.464727
0.85892
0.832166
0.722989
0.699156
0.581926
0.951718
0.412653
0.183174
0.391819
0.960835
0.921106
0.081065
0.152593
0.188191
0.919051
0.480651
0.124087
0.456781
0.385746
0.548932
0.331544
0.524006
0.009579
0.867864
0.791155
0.980437
0.502172
0.738283
0.745263
0.22047
0.453656
0.958255
0.487599
0.086466
0.098568
0.774374
0.858501
0.424619
0.382489
0.187851
0.155152
0.737085
0.402783
0.276819
0.610895
0.691427
0.789622
0.995822
0.61361
0.246395
0.644884
0.820521
0.44882
0.193913
0.798095
0.997199
0.045505
0.009623
0.851377
0.100598
0.413067
0.60775
0.57088
0.873654
0.890344
0.055216
0.796156
0.903265
0.135766
0.534776
0.780682
0.871984
0.116079
0.281126
0.457178
0.186885
0.268128
0.225594
0.959667
0.180272
0.891512
0.327293
0.290612
0.57503
0.761698
0.231242
0.254796
0.831462
0.72593
0.656956
0.196497
0.202931
0.932559
0.778348
0.711163
0.306329
0.764184
0.331694
0.108777
0.378846
0.712114
0.338857
0.005576
0.750974
0.69845
0.377685
0.908884
0.02025
0.888401
0.817377
0.524362
0.811843
0.519787
0.547645
0.7904
0.053509
0.538134
0.059219
0.40521
0.041439
0.295043
0.978492
0.795115
0.677179
0.918593
0.971637
0.726392
0.268526
0.953656
0.61641
0.239497
0.608457
0.332299
0.755872
0.497233
0.202744
0.801506
0.408651
0.550242
0.227142
0.474541
0.844977
0.464989
0.448105
0.630374
0.830142
0.010274
0.046891
0.105888
0.68789
0.521617
0.737497
0.908051
0.621049
0.96948
0.926851
0.17837
0.029631
0.126426
0.635408
0.161219
0.376673
0.246597
0.338258
0.104454
0.682769
0.825408
0.983087
0.476073
0.144417
0.571172
0.503881
0.509808
0.887982
0.693617
0.029033
0.29712
0.721259
0.232835
0.038848
0.186476
0.202515
0.792608
0.6171
0.493592
0.468986
0.516407
0.686284
0.475154
0.792739
0.866908
0.135357
0.12745
0.151124
0.785016
0.531891
0.444143
0.731648
0.767763
0.514858
0.992949
0.593626
0.229504
0.006329
0.386082
0.218132
0.380162
0.669572
0.601773
0.666496
0.991546
0.247721
0.207245
0.871726
0.507205
0.644518
0.75475
0.751406
0.094646
0.333887
0.709977
0.616402
0.45548
0.634577
0.725245
0.308638
0.314144
0.556286
0.088567
0.330775
0.235775
0.134845
0.720053
0.87262
0.183592
0.239353
0.699213
0.03794
0.420178
0.298185
0.873585
0.012797
0.860672
0.393574
0.990913
0.426623
0.724199
0.981709
0.176756
0.789509
0.459366
0.901491
0.248192
0.828408
0.492851
0.824416
0.967254
0.879515
0.371059
0.291613
0.30946
0.973133
0.667278
0.589783
0.13825
0.879932
0.43465
0.095047
0.40495
0.905091
0.504463
0.858741
0.056685
0.719079
0.47424
0.058248
0.839747
0.008075
0.674196
0.270085
0.155418
0.213684
0.71175
0.421952
0.186588
0.902841
0.894588
0.444515
0.148335
0.748094
0.097876
0.359262
0.392192
0.350249
0.076552
0.323381
0.034201
0.63469
0.881142
0.471423
0.041645
0.813477
0.241102
0.086924
0.510566
0.57977
0.127535
0.019333
0.969612
0.380489
0.131356
0.17098
0.717978
0.54043
0.927673
0.40542
0.399657
0.985326
0.194606
0.177425
0.296932
0.061597
0.627776
0.988544
0.820048
0.860976
0.280754
0.619766
0.230739
0.877902
0.841338
0.950037
0.854273
0.548084
0.594079
0.482545
0.280102
0.352148
0.606512
0.104532
0.235225
0.096629
0.616637
0.596271
0.027625
0.59347
0.214686
0.43339
0.67593
0.853254
0.315474
0.669908
0.6319
0.640374
0.930604
0.596647
0.431764
0.735885
0.661638
0.71255
0.10588
0.702552
0.802851
0.989532
0.582314
0.593514
0.285716
0.615211
0.320903
0.237761
0.723111
0.227913
0.784117
0.719157
0.964377
0.158402
0.787583
0.19128
0.152449
0.427369
0.810331
0.718307
0.063244
0.564943
0.63097
0.450197
0.965408
0.020088
0.680414
0.111494
0.829083
0.789096
0.642697
0.903628
0.188455
0.279267
0.060193
0.724773
0.367895
0.612023
0.500627
0.347037
0.394774
0.280196
0.876764
0.516001
0.315954
0.961709
0.776859
0.771036
0.596429
0.050632
0.701385
0.590533
0.492914
0.045027
0.823484
0.167771
0.453053
0.486631
0.537438
0.998819
0.489182
0.595522
0.934097
0.038937
0.711304
0.832555
0.97906
0.809917
0.455795
0.93918
0.256597
0.037786
0.206123
0.670716
0.668628
0.25159
0.058188
0.656512
0.00115
0.905657
0.414035
0.844686
0.018404
0.612112
0.67801
0.334128
0.802466
0.224131
0.997425
0.069483
0.429079
0.83372
0.461358
0.67146
0.677827
0.464493
0.217959
0.44348
0.087381
0.097156
0.580315
0.314019
0.93641
0.02331
0.620599
0.492437
0.254546
0.819009
0.016082
0.865162
0.026186
0.044829
0.884326
0.903654
0.752178
0.903517
0.906376
0.125563
0.012925
0.698819
0.728614
0.236579
0.393565
0.170049
0.053767
0.555798
0.131593
0.720398
0.834878
0.977408
0.57105
0.90527
0.488907
0.804126
0.334102
0.6537
0.945217
0.756527
0.698917
0.110728
0.330011
0.822367
0.145594
0.490965
0.766092
0.84941
0.025965
0.558629
0.639245
0.265107
0.05678
0.808118
0.605428
0.882761
0.516664
0.948497
0.205187
0.837401
0.058085
0.022357
0.783818
0.655821
0.164073
0.867606
0.691774
0.942531
0.472267
0.197522
0.471026
0.569302
0.858032
0.619408
0.709169
0.232209
0.419667
0.446784
0.425408
0.1325
0.509858
0.141437
0.331823
0.728646
0.345763
0.837753
0.429661
0.981131
0.636871
0.746531
0.845362
0.026052
0.833989
0.381774
0.172381
0.375996
0.306416
0.117291
0.949626
0.307175
0.314744
0.790144
0.813839
0.934868
0.835136
0.356499
0.798455
0.135622
0.875319
0.708226
0.188601
0.001994
0.651598
0.576049
0.60362
0.4731
0.611928
0.58285
0.844569
0.33768
0.9727
0.182706
0.798486
0.226367
0.150848
0.782842
0.979471
0.515665
0.461879
0.787701
0.513589
0.097638
0.999863
0.663345
0.25806
0.629892
0.042101
0.26694
0.411085
0.233279
0.72584
0.992989
0.587468
0.519684
0.294708
0.38877
0.185023
0.544279
0.89523
0.028992
0.086813
0.276951
0.775466
0.783289
0.818253
0.354046
0.54904
0.439988
0.829974
0.4071
0.797929
0.580039
0.158516
0.581504
0.7693
0.660138
0.730757
0.50065
0.228029
0.255251
0.755872
0.47439
0.393248
0.842625
0.974227
0.2044
0.067371
0.161408
0.674036
0.988155
0.970372
0.063515
0.111444
0.042934
0.173623
0.76312
0.127077
0.29772
0.908743
0.353798
0.684196
0.394556
0.460311
0.704251
0.349348
0.830757
0.749013
0.925542
0.557385
0.466159
0.321998
0.989985
0.664747
0.178602
0.175836
0.427574
0.207213
0.058355
0.325756
0.840026
0.166202
0.225263
0.603159
0.364002
0.732277
0.665826
0.540901
0.626147
0.451523
0.791754
0.424662
0.76067
0.717704
0.678553
0.104928
0.800103
0.262903
0.701256
0.568069
0.237711
0.418653
0.269853
0.103159
0.836631
0.284094
0.82922
0.100579
0.20714
0.767421
0.422886
0.240461
0.68419
0.923747
0.524677
0.560864
0.722297
0.602328
0.818398
0.142037
0.383549
0.679476
0.272226
0.282215
0.554519
0.806993
0.18747
0.613931
0.342336
0.750204
0.33428
0.014611
0.65234
0.565688
0.993283
0.095224
0.047916
0.191516
0.227123
0.084462
0.660562
0.277458
0.71077
0.318721
0.653212
0.642754
0.921174
0.925356
0.332067
0.463153
0.591153
0.293
0.959845
0.819128
0.572375
0.781628
0.984301
0.420303
0.785338
0.191916
0.484842
0.517615
0.072992
0.053143
0.121899
0.700837
0.792119
0.3711
0.804928
0.265723
0.529172
0.140113
0.53445
0.693304
0.166979
0.144716
0.530437
0.105667
0.661222
0.651628
0.791217
0.448497
0.261202
0.855813
0.263337
0.445433
0.319209
0.392251
0.594694
0.240823
0.61058
0.197121
0.939138
0.67256
0.574476
0.881849
0.613244
0.444199
0.58387
0.926256
0.638918
0.301491
0.890535
0.248883
0.671395
0.891961
0.942815
0.575152
0.069794
0.691897
0.241969
0.052168
0.913408
0.120089
0.622011
0.741068
0.345137
0.72855
0.598614
0.048124
0.12159
0.295147
0.054012
0.806755
0.059472
0.822093
0.904352
0.182396
0.593135
0.825882
0.865962
0.994323
0.755147
0.297743
0.481692
0.144323
0.915637
0.674606
0.162122
0.951133
0.968247
0.676362
0.459198
0.777276
0.731165
0.114753
0.031191
0.166959
0.081531
0.059737
0.26616
0.345917
0.483563
0.840267
0.809445
0.115046
0.170895
0.914245
0.382971
0.21887
0.569828
0.459858
0.450947
0.94995
0.251356
0.054786
0.367471
0.853629
0.180674
0.23688
0.53525
0.00828
0.988164
0.59316
0.256777
0.203203
0.737905
0.447568
0.605885
0.9182
0.784023
0.486473
0.765404
0.514054
0.991865
0.917573
0.329325
0.501087
0.17624
0.074446
0.180662
0.825603
0.448685
0.720115
0.848574
0.048972
0.653198
0.824062
0.51159
0.090485
0.118917
0.228791
0.017318
0.928938
0.953191
0.73131
0.317125
0.199993
0.349107
0.237332
0.565386
0.059099
0.725749
0.637434
0.655209
0.834368
0.426665
0.275211
0.439369
0.015839
0.83066
0.303321
0.614489
0.901132
0.505556
0.860198
0.064883
0.744455
0.173369
0.497091
0.566656
0.153146
0.050423
0.896306
0.776011
0.437624
0.575222
0.545066
0.152658
0.229519
0.358525
0.948683
0.80871
0.586102
0.713696
0.770378
0.537536
0.459437
0.619241
0.073779
0.330997
0.681171
0.397798
0.516977
0.504718
0.883412
0.641432
0.890822
0.053911
0.293145
0.27672
0.264618
0.989242
0.68958
0.731391
0.727786
0.300956
0.393207
0.026869
0.631052
0.212263
0.8362
0.550127
0.43393
0.901886
0.996361
0.380841
0.466713
0.750458
0.352752
0.800772
0.24485
0.07405
0.719598
0.639819
0.306047
0.783779
0.973737
0.432367
0.492655
0.812946
0.525308
0.60265
0.343374
0.56578
0.715945
0.045678
0.909622
0.924981
0.805508
0.047513
0.886383
0.473042
0.959771
0.439532
0.59659
0.937111
0.125167
0.743088
0.611165
0.352011
0.63715
0.062234
0.247892
0.553204
0.423859
0.917714
0.281056
0.943855
0.247672
0.269236
0.855037
0.926822
0.027925
0.592637
0.024841
0.310202
0.854371
0.634297
0.686063
0.219551
0.169778
0.409675
0.435707
0.600668
0.29503
0.5688
0.089357
0.576016
0.439485
0.132819
0.438453
0.992068
0.263302
0.959753
0.32677
0.233085
0.377231
0.33453
0.417259
0.589212
0.663585
0.823409
0.394318
0.403483
0.50509
0.759757
0.700587
0.988061
0.733935
0.925476
0.781594
0.312995
0.770845
0.286306
0.627604
0.742748
0.079876
0.881033
0.332971
0.481765
0.478742
0.258234
0.183505
0.336484
0.183982
0.230803
0.257336
0.604239
0.551482
0.984339
0.047805
0.784139
0.507657
0.072923
0.388385
0.587129
0.438005
0.174725
0.679148
0.738426
0.478821
0.985341
0.926972
0.780193
0.820167
0.839831
0.912186
0.043855
0.374432
0.340237
0.168869
0.495995
0.599178
0.263
0.661587
0.602153
0.713467
0.453129
0.440016
0.384225
0.091322
0.59517
0.416085
0.264822
0.22235
0.310086
0.669059
0.582058
0.897991
0.949249
0.467014
0.653859
0.206118
0.040588
0.668794
0.547188
0.500474
0.276204
0.652409
0.77194
0.0598
0.46623
0.230836
0.037016
0.212584
0.455021
0.112898
0.647052
0.893765
0.460102
0.951999
0.069307
0.792932
0.542434
0.456531
0.251087
0.13986
0.994164
0.810388
0.410388
0.230555
0.050401
0.406946
0.745975
0.579496
0.865246
0.291371
0.313984
0.161786
0.729374
0.682641
0.55388
0.856936
0.251011
0.069155
0.488886
0.89153
0.344071
0.480403
0.255356
0.69631
0.758883
0.408805
0.401825
0.973999
0.168413
0.611106
0.037333
0.237532
0.955762
0.118576
0.059173
0.445524
0.445918
0.24583
0.988505
0.510838
0.323742
0.083393
0.731771
0.312564
0.643312
0.735506
0.11561
0.960655
0.908664
0.706659
0.282864
0.34911
0.905503
0.070625
0.219461
0.279046
0.256518
0.315677
0.850534
0.89962
0.641512
0.084705
0.911889
0.728319
0.701734
0.080557
0.67116
0.998861
0.6118
0.902412
0.216977
0.268489
0.23194
0.318251
0.226658
0.431034
0.767716
0.484514
0.257084
0.074366
0.54971
0.955864
0.37628
0.472491
0.072573
0.868059
0.521465
0.11725
0.409503
0.075793
0.531788
0.612686
0.741253
0.359349
0.397018
0.725739
0.676418
0.155294
0.956032
0.196786
0.420425
0.26995
0.428703
0.071005
0.341175
0.020532
0.768238
0.766278
0.82048
0.518273
0.100425
0.116162
0.777363
0.658811
0.950855
0.966591
0.605821
0.614729
0.096226
0.800538
0.082723
0.103663
0.780435
0.099535
0.350179
0.551193
0.630464
0.23535
0.086583
0.991366
0.768593
0.722989
0.741048
0.390253
0.903761
0.640901
0.160444
0.758201
0.540036
0.271204
0.030377
0.917929
0.67915
0.842921
0.180655
0.070824
0.347197
0.030133
0.000556
0.621154
0.511762
0.261269
0.686191
0.454816
0.826735
0.747814
0.937769
0.638718
0.355678
0.739147
0.864942
0.768423
0.768436
0.154167
0.153317
0.839035
0.323646
0.948291
0.549849
0.564676
0.779826
0.44592
0.600177
0.979271
0.985006
0.617124
0.464913
0.137738
0.282111
0.887083
0.683538
0.23474
0.49134
0.430462
0.724066
0.499993
0.20987
0.548475
0.877846
0.224842
0.440673
0.853231
0.063385
0.4105
0.44006
0.87482
0.964882
0.735617
0.937369
0.354969
0.236739
0.42679
0.837612
0.213317
0.645241
0.829222
0.95201
0.962067
0.907592
0.81607
0.704396
0.796008
0.81528
0.049436
0.963059
0.812396
0.29457
0.741287
0.840022
0.162608
0.208624
0.739685
0.524351
0.120115
0.158095
0.224585
0.02905
0.314163
0.777864
0.396854
0.391359
0.518676
0.923288
0.053652
0.986147
0.482898
0.310041
0.10537
0.465292
0.379957
0.83114
0.877259
0.948207
0.85286
0.258631
0.076544
0.647592
0.044314
0.217613
0.392116
0.883778
0.988054
0.638612
0.159593
0.845845
0.880532
0.182655
0.468239
0.505621
0.281714
0.629335
0.888156
0.128797
0.84455
0.006447
0.190765
0.506678
0.407229
0.508538
0.337097
0.582839
0.27474
0.380054
0.651867
0.212263
0.04004
0.483167
0.792452
0.739754
0.264595
0.250712
0.822898
0.513362
0.410602
0.913338
0.909709
0.982272