256 2
0
186
196
1
164
179
2
216
246
3
17
162
4
42
162
5
135
213
6
109
151
7
91
169
8
84
225
9
106
152
10
22
196
11
106
163
12
106
169
13
152
180
14
198
244
15
101
134
13
16
206
17
52
101
18
189
254
19
84
220
20
156
240
21
134
200
22
116
141
23
109
174
24
42
91
25
156
255
26
134
180
27
61
199
28
69
105
29
129
134
30
156
204
31
48
161
32
235
237
25
33
193
12
34
62
34
35
93
36
94
164
11
37
98
38
143
198
39
79
126
40
71
240
0
41
199
42
162
174
43
48
74
44
202
251
16
45
157
19
46
115
47
207
209
41
48
219
49
143
217
50
72
95
51
111
221
52
144
245
42
53
82
9
54
94
55
60
245
2
52
56
22
57
237
17
58
150
59
207
237
60
125
134
23
61
101
62
102
217
26
63
203
64
219
255
65
162
236
66
108
219
67
72
240
68
175
209
6
33
69
70
135
254
71
98
222
72
195
206
70
73
83
6
74
113
32
75
94
17
19
76
51
77
169
76
78
183
63
79
108
80
221
240
39
81
195
68
82
110
49
83
203
54
84
224
85
172
190
86
196
241
87
134
251
88
201
213
3
89
104
90
187
204
89
91
156
11
92
165
73
93
209
48
94
141
59
95
232
96
119
209
94
97
149
98
122
158
99
128
161
55
100
146
61
101
122
46
102
104
103
129
189
104
194
237
10
97
105
106
226
249
2
96
107
108
133
201
100
109
180
65
110
123
62
111
222
10
112
198
35
56
113
114
189
207
56
76
115
49
116
208
117
157
182
14
19
118
46
68
119
38
73
120
121
202
214
23
122
234
123
158
195
60
124
182
41
125
253
79
115
126
11
127
241
81
128
185
88
129
213
57
130
199
68
83
131
132
193
244
8
133
243
70
134
213
135
152
199
86
136
172
8
137
180
138
173
186
96
139
147
106
140
208
1
60
141
142
156
246
25
100
143
18
105
144
20
145
224
142
146
182
0
133
147
148
185
239
139
149
223
64
150
235
149
151
208
110
136
152
153
173
254
44
154
165
77
155
252
26
66
156
157
189
199
112
158
209
16
159
201
160
216
242
161
240
247
7
94
162
130
155
163
28
58
164
25
165
202
19
66
166
39
151
167
56
72
168
169
211
236
53
170
220
38
119
171
16
70
172
76
173
236
2
174
179
127
175
210
176
231
255
104
177
183
13
178
251
8
145
179
178
180
181
34
181
232
127
159
182
101
183
232
2
61
184
69
76
185
14
81
186
57
141
187
163
188
226
27
97
189
24
74
190
191
222
225
6
120
192
21
92
193
194
201
234
130
195
246
149
193
196
61
80
197
12
89
198
90
199
247
161
200
214
3
201
212
15
36
202
11
89
203
179
190
204
15
57
205
93
206
212
44
119
207
196
208
224
46
124
209
196
199
210
142
177
211
212
218
228
53
213
229
119
214
250
7
112
215
12
121
216
3
187
217
21
96
218
35
219
224
80
149
220
189
221
233
43
201
222
13
22
223
94
224
238
157
223
225
39
136
226
35
112
227
204
218
228
31
143
229
70
211
230
1
121
231
31
232
248
134
183
233
234
242
248
105
123
235
45
135
236
1
126
237
86
183
238
132
193
239
68
95
240
90
175
241
25
100
242
117
155
243
113
130
244
66
182
245
16
110
246
61
82
247
88
137
248
99
215
249
78
100
250
141
152
251
77
78
252
18
75
253
168
207
254
26
107
255
0.309644
0.826332
0.242746
0.70478
0.998489
0.650893
0.427086
0.043199
0.305238
0.742947
0.411572
0.940875
0.797999
0.330341
0.116541
0.760535
0.288565
0.570535
0.150351
0.78772
0.275396
0.784276
0.12351
0.08163
0.107537
0.218276
0.372354
0.057156
0.668799
0.407097
0.901316
0.938328
0.571491
0.052658
0.482563
0.283466
0.388609
0.919526
0.297913
0.154893
0.890346
0.091015
0.323915
0.532888
0.030729
0.857746
0.702659
0.999264
0.868814
0.395109
0.565601
0.944719
0.36215
0.72198
0.007528
0.42969
0.068657
0.493053
0.08953
0.007159
0.798741
0.129007
0.370046
0.398275
0.695353
0.418721
0.926188
0.298
0.58936
0.680213
0.889433
0.036985
0.276312
0.716688
0.212786
0.316521
0.476608
0.554117
0.5019
0.637244
0.602951
0.312724
0.446403
0.341065
0.226432
0.25623
0.138293
0.171566
0.698046
0.871797
0.586011
0.549095
0.964786
0.335519
0.173352
0.531757
0.505564
0.062302
0.952019
0.742557
0.905247
0.126096
0.850092
0.9884
0.496516
0.88067
0.77674
0.27509
0.260649
0.336961
0.121099
0.041781
0.620753
0.978194
0.91463
0.176951
0.673644
0.446918
0.897659
0.239229
0.974733
0.697005
0.883471
0.212633
0.030784
0.327406
0.181812
0.179044
0.657844
0.018413
0.052216
0.716475
0.391918
0.737936
0.050146
0.241405
0.843951
0.297862
0.451695
0.009504
0.26634
0.451996
0.083904
0.863705
0.214305
0.916563
0.179188
0.187097
0.724022
0.225779
0.111469
0.361842
0.038528
0.048695
0.672929
0.319044
0.686637
0.935995
0.802921
0.589148
0.710704
0.017795
0.032594
0.996168
0.552246
0.292986
0.71287
0.596431
0.287705
0.230974
0.72347
0.790769
0.3108
0.018657
0.709875
0.919223
0.089236
0.868503
0.2677
0.798079
0.043841
0.45359
0.159394
0.12074
0.250881
0.132907
0.651121
0.69581
0.630233
0.271469
0.801079
0.834458
0.464597
0.54465
0.66788
0.589959
0.140355
0.171923
0.573846
0.345957
0.744191
0.954718
0.433442
0.439943
0.422255
0.901168
0.41968
0.889652
0.532816
0.828235
0.800513
0.413728
0.657257
0.074359
0.280023
0.080787
0.269643
0.022754
0.051433
0.214361
0.9599
0.911241
0.989732
0.269632
0.598627
0.833618
0.375456
0.11464
0.432688
0.016999
0.618188
0.623592
0.283089
0.315258
0.592505
0.135634
0.305628
0.985141
0.404099
0.856187
0.040133
0.321742
0.878154
0.182814
0.916291
0.133272
0.488536
0.398498
0.492507
0.20498
0.647175
0.030455
0.865664
0.712883
0.542166
0.298343
0.755352
0.937468
0.932816
0.147355
0.355976
0.499661
0.84644
0.28312
0.31939
0.237951
0.206526
0.815138
0.772185
0.022551
0.85731
0.3059
0.908011
0.352077
0.757265
0.343648
0.239392
0.289742
0.41089
0.422172
0.128734
0.909774
0.225326
0.151654
0.949081
0.766197
0.727503
0.777117
0.647386
0.37902
0.237972
0.807636
0.516932
0.524032
0.850499
0.380718
0.585084
0.138132
0.204747
0.590922
0.12526
0.830355
0.473031
0.646587
0.029614
0.512889
0.81889
0.12685
0.88876
0.040146
0.417623
0.840446
0.677107
0.854925
0.995153
0.83687
0.733634
0.627231
0.997164
0.81504
0.37511
0.937046
0.860627
0.000161
0.424384
0.370911
0.810164
0.831398
0.804988
0.665348
0.78961
0.142083
0.477129
0.237705
0.741414
0.637751
0.948301
0.515732
0.534357
0.573187
0.645626
0.776939
0.208291
0.903047
0.058319
0.674755
0.298421
0.685404
0.400038
0.392401
0.295416
0.849991
0.18877
0.904003
0.514972
0.684829
0.133594
0.02203
0.527726
0.607009
0.238659
0.817796
0.650869
0.573754
0.731651
0.651675
0.582134
0.376913
0.953034
0.484588
0.195799
0.331414
0.507142
0.607522
0.913079
0.322961
0.566898
0.054242
0.864275
0.078223
0.917355
0.243761
0.985087
0.257676
0.759693
0.349058
0.457596
0.465441
0.854637
0.030709
0.625628
0.366002
0.307825
0.649701
0.544413
0.248089
0.114059
0.241096
0.407891
0.391094
0.601954
0.369621
0.971602
0.635446
0.636394
0.775364
0.550263
0.836198
0.692287
0.711161
0.949146
0.575671
0.288599
0.264452
0.807755
0.614025
0.212683
0.2391
0.246799
0.852525
0.078348
0.122921
0.221977
0.243041
0.993622
0.316781
0.500615
0.519899
0.071749
0.112029
0.14946
0.977222
0.492773
0.696607
0.382556
0.309199
0.444042
0.965748
0.594714
0.568018
0.916165
0.748429
0.943919
0.462582
0.716649
0.441416
0.246589
0.808612
0.67094
0.37473
0.321137
0.437759
0.480565
0.185338
0.653377
0.362589
0.552411
0.247658
0.942335
0.266259
0.063433
0.016252
0.282155
0.641687
0.523848
0.867591
0.391094
0.116152
0.342139
0.091141
0.547008
0.98919
0.177273
0.292911
0.97849
0.548819
0.777705
0.168636
0.989895
0.355257
0.34891
0.85138
0.373973
0.699993
0.577557
0.941676
0.408318
0.029359
0.538368
0.46028
0.99736
0.450325
0.772256
0.777259
0.724369
0.518062
0.952842
0.143101
0.089133
0.319969
0.250931
0.995593
0.946157
0.725145
0.802226
0.86373
0.454038
0.222682
0.275853
0.277623
0.215824
0.072119
0.665094
0.125846
0.798063
0.870291
0.527477
0.873628
0.550748
0.95822
0.908332
0.721219
0.15505
0.461529
0.332716
0.973783
0.973889
0.721624
0.227333
0.962239
0.449315
0.17649
0.447611
0.514931
0.368216
0.862191
0.370189
0.518355
0.87229
0.096279
0.407796
0.735524
0.25142
0.349421
0.857441
0.11407
0.706196
0.725654
0.21808
0.196715
0.020813
0.342811
0.669054
0.674307
0.197514
0.468003
0.24997
0.181063
0.501338
0.398677
0.110624
0.669718
0.696233
0.763061
0.941412
0.282069
0.265741
0.745027
0.821023
0.931392
0.454082
0.733363
0.429266
0.415488
0.403061
0.668076
0.759675
0.066117
0.470502
0.973806
0.377753
0.879768
0.080415
0.959327
0.139644
0.862207
0.294307
0.196557
0.251645
0.598914
0.061882
0.013817
0.460306
0.431206
0.137405
0.860718
0.378238
0.954092
0.079104
0.234886
0.103742
0.912532
0.980798
0.853922
0.035504
0.86435
0.851485
0.858384
0.74981
0.037377
0.276965
0.702612
0.227693
0.27303
0.545929
0.602902
0.367564
0.694097
0.715552
0.486796
0.862614
0.355322
0.74866
0.909523
0.539954
0.316999
0.791474
0.959837
0.000315
0.550971
0.441641
0.441971
0.316503
0.928954
0.791929
0.164749
0.380589
0.387199
0.520414
0.921887
0.958743
0.501981
0.525411
0.105713
0.666344
0.140522
0.428955
0.82248
0.671453
0.907183
0.517715
0.151714
0.706611
0.294462
0.437373
0.341067
0.665744
0.576613
0.565364
0.612626
0.180437
0.059473
0.812631
0.249544
0.363999
0.375627
0.976386
0.263444
0.319548
0.35766
0.53375
0.555674
0.981983
0.393416
0.60974
0.547589
0.28297
0.322205
0.834209
0.215216
0.98441
0.225504
0.891723
0.199206
0.509821
0.069331
0.613966
0.004892
0.16655
0.568815
0.123521
0.920543
0.483906
0.746399
0.166858
0.961771
0.431434
0.69355
0.320495
0.619002
0.670718
0.588031
0.793527
0.718757
0.180698
0.351973
0.615094
0.590234
0.435439
0.927742
0.325827
0.320444
0.496206
0.49134
0.806514
0.838775
0.464777
0.433209
0.18953
0.172089
0.504698
0.22073
0.050584
0.492886
0.142843
0.45289
0.321218
0.567076
0.325175
0.936632
0.610957
0.563138
0.61356
0.92401
0.649247
0.046084
0.660078
0.496689
0.289367
0.88933
0.657217
0.752636
0.776562
0.328553
0.377043
0.132124
0.96897
0.381265
0.949515
0.428131
0.588627
0.096301
0.140558
0.316433
0.076499
0.086417
0.49311
0.491536
0.409586
0.428324
0.686667
0.252513
0.517772
0.684212
0.601367
0.742779
0.711712
0.860185
0.869917
0.48914
0.818683
0.41647
0.159837
0.009809
0.280555
0.979534
0.719929
0.258337
0.324391
0.890296
0.994203
0.640025
0.440583
0.059608
0.397705
0.636649
0.736544
0.516197
0.070469
0.471089
0.610036
0.608305
0.164295
0.209904
0.29442
0.183373
0.453566
0.844098
0.052915
0.649195
0.111654
0.046845
0.645946
0.162612
0.197225
0.79887
0.580492
0.959822
0.876017
0.427985
0.938485
0.143175
0.612256
0.388697
0.878756
0.443823
0.319417
0.739296
0.732368
0.535441
0.843427
0.541804
0.621992
0.478336
0.252489
0.186564
0.859206
0.969681
0.652825
0.024341
0.533322
0.392748
0.026682
0.860225
0.288638
0.656466
0.356377
0.926147
0.676276
0.643958
0.532657
0.609066
0.753373
0.127736
0.187613
0.679229
0.923778
0.203157
0.325775
0.540955
0.900523
0.046618
0.914914
0.881568
0.041689
0.172919
0.722184
0.654923
0.562955
0.00555
0.508499
0.202083
0.588251
0.512759
0.343176
0.097416
0.92369
0.081198
0.572518
0.344786
0.344178
0.486882
0.030449
0.941284
0.748962
0.874127
0.218122
0.947855
0.420043
0.488631
0.547338
0.465693
0.072921
0.806384
0.62441
0.957946
0.942954
0.392189
0.48898
0.607523
0.025287
0.419939
0.258502
0.317442
0.121797
0.481632
0.611962
0.546959
0.909858
0.796252
0.218202
0.96168
0.785054
0.736906
0.998322
0.097201
0.499361
0.534519
0.062585
0.986898
0.240397
0.340618
0.799686
0.623898
0.341534
0.284759
0.729189
0.955692
0.861188
0.787261
0.575622
0.21329
0.429825
0.408336
0.379071
0.256248
0.132594
0.270695
0.545224
0.016477
0.514289
0.296671
0.843499
0.810704
0.086876
0.235409
0.055873
0.243835
0.100006
0.315523
0.923593
0.40881
0.040131
0.093316
0.013875
0.566459
0.472736
0.308033
0.178446
0.566075
0.170611
0.09494
0.236134
0.281115
0.819606
0.84454
0.242507
0.829773
0.476606
0.825006
0.07996
0.225144
0.009749
0.959777
0.782904
0.279226
0.606585
0.382479
0.694586
0.132568
0.64991
0.969759
0.524575
0.420163
0.433821
0.333154
0.734387
0.475727
0.724475
0.292237
0.094696
0.492389
0.425491
0.831847
0.446926
0.417234
0.077076
0.638387
0.866804
0.477321
0.395531
0.828594
0.033178
0.615177
0.791813
0.477956
0.009312
0.932905
0.953845
0.536769
0.224548
0.797365
0.935704
0.314012
0.556833
0.978063
0.910438
0.577141
0.8807
0.472724
0.180919
0.279868
0.917008
0.778998
0.082538
0.275619
0.006831
0.670596
0.681864
0.209248
0.821792
0.233085
0.781011
0.640483
0.202387
0.306998
0.996946
0.575599
0.622951
0.857467
0.225284
0.658184
0.626481
0.980238
0.670463
0.830185
0.687536
0.18444
0.500104
0.346285
0.982157
0.908538
0.525719
0.517678
0.070562
0.276657
0.09585
0.926854
0.558492
0.530889
0.033621
0.573818
0.358571
0.907858
0.39105
0.8845
0.960154
0.666421
0.563128
0.639761
0.130299
0.36243
0.930298
0.21881
0.926768
0.288081
0.601366
0.891417
0.015157
0.837106
0.63454
0.042528
0.467569
0.673148
0.398851
0.400867
0.562188
0.843701
0.358434
0.257989
0.64055
0.078746
0.828597
0.501767
0.929174
0.570771
0.681262
0.53172
0.966249
0.315117
0.947375
0.749072
0.181891
0.50353
0.408816
0.973907
0.584921
0.229696
0.611881
0.130389
0.892691
0.641962
0.748738
0.404115
0.087426
0.963244
0.430273
0.882507
0.210096
0.450559
0.297478
0.700315
0.196364
0.473161
0.764546
0.052298
0.482052
0.41349
0.785694
0.521913
0.149292
0.141042
0.224291
0.879654
0.426726
0.461618
0.311139
0.007698
0.031961
0.659285
0.75351
0.811474
0.440891
0.554923
0.153997
0.619683
0.315002
0.079572
0.013999
0.75989
0.675256
0.7608
0.330685
0.42798
0.801492
0.059776
0.952676
0.257258
9e-06
0.310519
0.945038
0.087291
0.188596
0.637799
0.879387
0.996146
0.405712
0.076214
0.310838
0.090402
0.869308
0.740273
0.371269
0.38436
0.710645
0.908013
0.870579
0.988754
0.124199
0.964946
0.845263
0.095803
0.060225
0.452082
0.006055
0.136786
0.620176
0.605423
0.509473
0.567374
0.725054
0.155666
0.550372
0.768176
0.529259
0.387315
0.747626
0.1864
0.72366
0.798525
0.86803
0.239885
0.119587
0.023932
0.771812
0.666461
0.900708
0.882628
0.648137
0.220561
0.054426
0.882867
0.08788
0.415468
0.106734
0.409985
0.894843
0.924439
0.67496
0.669012
0.482222
0.593439
0.920931
0.237892
0.947358
0.920726
0.786164
0.499232
0.401854
0.058339
0.092712
0.62006
0.203964
0.512226
0.924518
0.460394
0.634141
0.533672
0.934591
0.899394
0.739109
0.89271
0.013467
0.957247
0.944436
0.767259
0.477641
0.244619
0.658564
0.340295
0.686653
0.750863
0.058294
0.102099
0.707408
0.746399
0.154919
0.168442
0.022249
0.427753
0.347556
0.310429
0.949773
0.923539
0.635954
0.388369
0.727521
0.725734
0.098169
0.135101
0.212872
0.458347
0.403698
0.023249
0.279908
0.198344
0.869842
0.768559
0.791049
0.241675
0.846596
0.543445
0.1964
0.952453
0.710566
0.54747
0.651104
0.902761
0.677172
0.466817
0.745843
0.61732
0.55214
0.618247
0.728377
0.327716
0.781269
0.238458
0.084591
0.518612
0.781763
0.436222
0.146574
0.737594
0.890016
0.662738
0.153641
0.664228
0.583425
0.641515
0.849922
0.552412
0.575834
0.688099
0.680079
0.274135
0.310112
0.502826
0.727007
0.371784
0.800914
0.521898
0.973372
0.869815
0.088826
0.161448
0.784805
0.583331
0.245387
0.444674
0.518326
0.682372
0.83896
0.373413
0.896792
0.46086
0.444666
0.957499
0.133554
0.315697
0.182747
0.142543
0.125059
0.874744
0.208523
0.230645
0.808395
0.913575
0.599906
0.976085
0.401881
0.091059
0.20135
0.228129
0.767951
0.052845
0.470646
0.479358
0.739045
0.891098
0.917602
0.429079
0.900798
0.725816
0.416692
0.631595
0.824754
0.489848
0.284633
0.252117
0.106825
0.578812
0.21405
0.158706
0.582967
0.14491
0.110819
0.340691
0.658916
0.314928
0.337669
0.29777
0.408691
0.050121
0.210254
0.452075
0.85672
0.954728
0.51756
0.464264
0.316715
0.229775
0.7633
0.59599
0.730287
0.197436
0.068609
0.721403
0.287522
0.335687
0.706186
0.609271
0.78664
0.398036
0.374696
0.76518
0.526384
0.890575
0.214541
0.026466
0.10019
0.138882
0.83727
0.825749
0.887961
0.12736
0.358476
0.168153
0.803487
0.473118
0.814642
0.088157
0.618698
0.008229
0.896572
0.714443
0.812007
0.4959
0.465027
0.295633
0.793434
0.80962
0.526628
0.526662
0.65517
0.317349
0.183786
0.001179
0.678146
0.655249
0.788299
0.003316
0.955382
0.753076
0.494628
0.718152
0.596992
0.848874
0.387626
0.158811
0.49396
0.702393
0.402545
0.785834
0.89202
0.720767
0.45569
0.540726
0.248172
0.608923
0.288106
0.391349
0.965253
0.424402
0.348156
0.022828
0.277244
0.538909
0.004385
0.552781
0.322654
0.470725
0.260069
0.828866
0.701203
0.45477
0.019124
0.832618
0.530971
0.179178
0.951788
0.764908
0.396608
0.930848
0.583576
0.943094
0.632345
0.81562
0.969887
0.72384
0.605454
0.780507
0.876577
0.380089
0.585459
0.475735
0.092215
0.467699
0.174544
0.146651
0.123121
0.739744
0.92652
0.169088
0.139145
0.973855
0.613807
0.408377
0.283584
0.969425
0.802113
0.888017
0.860133
0.884433
0.082549
0.539383
0.498879
0.530267
0.379413
0.459872
0.232679
0.640999
0.730814
0.920958
0.352525
0.132831
0.229791
0.868372
0.137892
0.568051
0.269061
0.757375
0.995315
0.894767
0.831652
0.109541
0.653549
0.409288
0.89917
0.321136
0.028858
0.988693
0.105583
0.315662
0.752812
0.234765
0.347753
0.919606
0.231039
0.924705
0.007543
0.209957
0.102349
0.903298
0.028828
0.583814
0.26434
0.380585
0.595751
0.408402
0.828844
0.81624
0.652609
0.974801
0.116834
0.561066
0.33489
0.574953
0.536475
0.678133
0.229841
0.479284
0.144825
0.865411
0.876002
0.797633
0.972169
0.148157
0.998331
0.143408
0.951509
0.112654
0.946227
0.261654
0.3709
0.400858
0.595917
0.788274
0.497451
0.683519
0.961814
0.684906
0.109606
0.230272
0.858316
0.688514
0.08102
0.063485
0.475876
0.608202
0.327293
0.870927
0.274998
0.630198
0.49098
0.584882
0.975919
0.71648
0.682987
0.970813
0.550909
0.3214
0.339171
0.711123
0.202506
0.871923
0.979668
0.379987
0.068161
0.645696
0.286224
0.733256
0.618784
0.272665
0.703893
0.48283
0.098141
0.388191
0.716189
0.600649
0.404614
0.507885
0.643156
0.982534
0.766861
0.522809
0.466402
0.392478
0.455517
0.43
0.13011
0.440454
0.619431
0.248397
0.527209
0.181797
0.252962
0.415953
0.214796
0.393325
0.343271
0.834885
0.050449
0.860208
0.919558
0.19201
0.074443
0.257156
0.484454
0.311977
0.065222
0.144854
0.919969
0.858722
0.819764
0.31429
0.296736
0.388696
0.981067
0.076187
0.500969
0.063549
0.673455
0.971433
0.336664
0.417191
0.931333
0.275916
0.52191
0.197426
0.010747
0.158764
0.160169
0.473103
0.319665
0.07841
0.237161
0.995362
0.856165
0.729435
0.750059
0.306749
0.12135
0.620912
0.071817
0.949454
0.090363
0.500637
0.503257
0.720758
0.002671
0.43729
0.672322
0.019376
0.972587
0.840688
0.613015
0.898293
0.628587
0.697869
0.66231
0.631042
0.5525
0.03295
0.465344
0.630318
0.139119
0.857533
0.217399
0.697656
0.261866
0.560559
0.428797
0.265365
0.231221
0.290846
0.364242
0.541795
0.853145
0.991184
0.741595
0.570283
0.357284
0.189977
0.476015
0.143847
0.130987
0.598598
0.620045
0.869858
0.323108
0.823135
0.118859
0.014335
0.51026
0.058634
0.568573
0.511849
0.835251
0.071193
0.432432
0.745437
0.356811
0.498169
0.791451
0.284262
0.013065
0.754824
0.864448
0.087824
0.245503
0.8941
0.174135
0.498045
0.846707
0.010283
0.951554
0.970926
0.211942
0.708975
0.982738
0.128795
0.285973
0.70854
0.501902
0.713827
0.482579
0.192405
0.540722
0.10667
0.730555
0.500536
0.274405
0.948577
0.112788
0.912524
0.603433
0.463634
0.520692
0.728478
0.926955
0.372601
0.180189
0.121145
0.415024
0.769652
0.861518
0.261185
0.97952
0.343721
0.927717
0.608741
0.145884
0.534849
0.943904
0.543727
0.791443
0.263448
0.218075
0.139903
0.459836
0.837979
0.298956
0.418768
0.301038
0.462576
0.723496
0.020891
0.172439
0.477401
0.482972
0.359453
0.861266
0.218032
0.765541
0.218345
0.533113
0.203722
0.220275
0.405049
0.120457
0.774348
0.163548
0.592342
0.313331
0.479447
0.950214
0.844806
0.902603
0.314197
0.069184
0.918412
0.100201
0.555099
0.895557
0.638695
0.346426
0.184864
0.073711
0.407444
0.655741
0.390729
0.126516
0.700784
0.772989
0.771981
0.679242
0.480446
0.205556
0.018887
0.200511
0.663524
0.870063
0.764592
0.488251
0.027641
0.415076
0.574953
0.525402
0.868396
0.144332
0.424277
0.956855
0.924827
0.774635
0.279753
0.765005
0.389561
0.305132
0.308507
0.883573
0.777209
0.67884
0.517163
0.088843
0.726365
0.597693
0.288847
0.957209
0.916389
0.643914
0.021455
0.751999
0.456934
0.290166
0.031569
0.759469
0.532789
0.669606
0.899718
0.751302
0.817405
0.352433
0.563803
0.481367
0.587063
0.631124
0.841761
0.462835
0.957075
0.644023
0.707671
0.01581
0.437137
0.297345
0.086325
0.816474
0.605705
0.752856
0.403986
0.079969
0.074874
0.650112
0.056079
0.020967
0.586962
0.43739
0.160325
0.365393
0.853089
0.615975
0.33373
0.724587
0.589821
0.330061
0.041394
0.731091
0.888276
0.819013
0.250129
0.604589
0.932834
0.531388
0.758078
0.919922
0.21135
0.999646
0.045184
0.76229
0.793459
0.170401
0.790571
0.428931
0.512697
0.000402
0.072605
0.912021
0.366735
0.512275
0.77713
0.171939
0.55424
0.522219
0.975277
0.071749
0.63121
0.277646
0.06641
0.575867
0.811037
0.696096
0.550764
0.128585
0.79306
0.211015
0.796725
0.66043
0.747966
0.964079
0.877331
0.308985
0.045002
0.431461
0.346018
0.504105
0.80209
0.231821
0.325556
0.179275
0.896712
0.636968
0.387569
0.914058
0.375463
0.773422
0.765102
0.728337
0.334066
0.390825
0.611132
0.17373
0.969678
0.620259
0.746639
0.136887
0.654021
0.386013
0.971454
0.454542
0.052457
0.743999
0.826195
0.519352
0.407642
0.462057
0.790489
0.808393
0.88682
0.939524
0.323208
0.838573
0.072416
0.692078
0.369459
0.813727
0.556162
0.835526
0.389265
0.620027
0.713865
0.506519
0.740337
0.449384
0.839591
0.270557
0.675396
0.525244
0.582275
0.385624
0.059573
0.478221
0.567054
0.401713
0.959627
0.336379
0.728698
0.008971
0.257472
0.137401
0.358885
0.012843
0.533626
0.969536
0.963605
0.046649
0.998093
0.385724
0.793593