256 2
0
91
113
1
196
234
2
44
156
3
71
158
4
146
170
5
139
166
6
49
242
7
68
221
8
113
135
9
95
225
10
19
255
11
19
115
12
31
236
13
62
248
14
181
211
15
121
185
16
49
63
17
96
205
18
129
201
19
197
239
20
56
64
3
21
52
22
197
215
23
87
115
4
24
181
25
33
102
26
146
238
27
142
176
28
77
196
8
29
243
5
30
89
31
148
224
15
32
75
33
69
130
19
34
107
35
225
248
27
36
74
37
132
172
13
38
154
30
39
68
40
143
204
41
74
206
42
45
212
43
97
98
44
97
188
45
158
215
46
62
245
47
105
135
48
129
229
49
63
182
25
50
177
51
143
184
52
93
113
53
106
139
41
54
109
55
57
171
56
60
89
57
114
157
58
201
211
59
63
88
35
60
105
5
61
105
62
77
109
62
63
201
21
64
200
65
176
220
18
57
66
18
36
67
68
121
128
16
53
69
70
148
249
71
121
255
14
72
162
73
132
204
74
110
134
75
127
193
76
182
206
21
77
176
9
45
78
79
117
142
80
103
172
73
81
236
82
93
158
83
156
243
19
84
103
85
141
237
86
139
184
51
87
135
84
86
88
24
89
216
3
90
140
91
105
208
92
160
214
31
87
93
94
236
250
54
95
150
61
96
220
26
97
243
1
10
98
36
99
106
46
100
238
3
101
154
102
126
223
103
158
201
72
104
203
55
92
105
106
137
184
24
107
153
25
108
176
43
75
109
87
107
110
43
111
223
22
87
112
33
113
202
47
114
137
115
198
203
116
135
201
0
117
244
60
118
233
119
125
203
79
120
140
54
105
121
122
163
185
123
150
183
80
104
124
90
125
236
87
126
139
62
127
145
128
159
164
113
129
172
78
81
130
70
90
131
110
132
148
133
200
210
58
134
206
27
48
135
129
136
153
29
137
153
4
138
185
139
234
247
53
85
140
141
178
255
36
142
148
143
158
206
27
118
144
50
126
145
31
146
252
57
126
147
30
134
148
47
149
217
4
38
150
110
151
169
93
152
202
153
205
213
25
154
182
26
155
238
156
243
244
157
200
202
105
158
231
0
117
159
89
160
186
1
150
161
162
203
212
42
163
221
98
164
184
165
214
244
120
166
229
31
140
167
80
104
168
103
169
178
161
170
208
13
171
218
172
202
212
47
173
254
6
69
174
102
119
175
29
176
200
106
138
177
178
233
248
52
93
179
31
42
180
181
187
208
0
70
182
96
132
183
77
87
184
172
173
185
100
163
186
94
152
187
118
188
226
65
189
209
60
190
202
132
191
236
161
192
234
134
181
193
108
122
194
79
162
195
46
173
196
63
155
197
13
135
198
23
97
199
58
63
200
6
170
201
2
90
202
129
145
203
50
194
204
94
128
205
40
206
209
141
207
229
95
208
216
81
209
247
44
184
210
36
169
211
86
97
212
28
91
213
152
214
242
117
172
215
74
132
216
82
89
217
163
218
249
25
207
219
116
162
220
17
80
221
134
184
222
155
220
223
137
212
224
62
80
225
14
139
226
97
144
227
126
183
228
48
139
229
43
97
230
27
68
231
37
172
232
199
208
233
126
218
234
149
227
235
175
199
236
7
132
237
71
224
238
143
216
239
34
51
240
11
119
241
0
198
242
112
150
243
24
214
244
200
216
245
51
239
246
171
247
249
53
84
248
84
147
249
196
220
250
17
151
251
77
185
252
36
175
253
149
242
254
51
73
255
0.102012
0.33776
0.345876
0.402512
0.174862
0.834752
0.119096
0.854014
0.260001
0.456292
0.01302
0.978169
0.667721
0.562762
0.730374
0.779465
0.971206
0.475417
0.26859
0.422469
0.411882
0.905225
0.584393
0.200194
0.764244
0.949822
0.984634
0.532729
0.951286
0.376424
0.141766
0.904785
0.360037
0.208708
0.909651
0.718773
0.511561
0.857292
0.911377
0.575233
0.06121
0.423955
0.349376
0.751812
0.290094
0.956798
0.747979
0.138093
0.32135
0.445118
0.034265
0.624627
0.787211
0.043531
0.850466
0.57403
0.502103
0.299044
0.184937
0.033477
0.900285
0.030563
0.236109
0.306594
0.159108
0.50221
0.679146
0.041281
0.027561
0.989401
0.332533
0.439193
0.433946
0.931648
0.512373
0.853298
0.7476
0.493675
0.970644
0.084547
0.374777
0.690615
0.693179
0.704152
0.430711
0.426102
0.378983
0.6276
0.952745
0.529431
0.145041
0.640985
0.153802
0.189518
0.87754
0.015807
0.628473
0.588109
0.360075
0.457859
0.736807
0.659268
0.022881
0.197968
0.133554
0.278866
0.677367
0.873134
0.521131
0.737436
0.773264
0.462137
0.156884
0.871535
0.100015
0.49581
0.695587
0.755209
0.282001
0.302706
0.695469
0.342492
0.479221
0.63392
0.870105
0.843975
0.659467
0.556163
0.718393
0.929396
0.058807
0.727847
0.501105
0.681703
0.289435
0.795732
0.039117
0.727155
0.116142
0.127478
0.515903
0.128856
0.588874
0.132305
0.989012
0.636172
0.412106
0.318025
0.497587
0.127117
0.126299
0.981105
0.400491
0.141045
0.6615
0.310528
0.825303
0.483623
0.702703
0.839332
0.419641
0.630726
0.394639
0.083233
0.070537
0.27931
0.543115
0.811463
0.456996
0.16214
0.034548
0.742592
0.840219
0.379656
0.070856
0.559626
0.047762
0.759557
0.099904
0.206968
0.08995
0.665359
0.054188
0.182348
0.493044
0.938549
0.690928
0.831176
0.255837
0.932633
0.721319
0.374491
0.475689
0.559073
0.183968
0.790254
0.224364
0.913221
0.917278
0.879067
0.196604
0.83403
0.408277
0.98816
0.778484
0.239451
0.734896
0.239023
0.91696
0.065541
0.107035
0.308806
0.69322
0.053855
1.5e-05
0.029094
0.012911
0.474483
0.047958
0.402351
0.543495
0.113738
0.235599
0.586691
0.350616
0.050071
0.964844
0.287079
0.837118
0.771318
0.199148
0.181801
0.220441
0.470289
0.208954
0.103768
0.360179
0.813352
0.6126
0.525319
0.052883
0.125349
0.189368
0.113374
0.398248
0.178328
0.187952
0.470246
0.805395
0.038343
0.030095
0.120195
0.170987
0.781832
0.727213
0.335123
0.707435
0.557077
0.942856
0.06906
0.844028
0.953736
0.156686
0.218602
0.714657
0.233337
0.419368
0.028587
0.684193
0.540064
0.570058
0.760664
0.62313
0.98072
0.626083
0.28426
0.225498
0.923814
0.744784
0.856163
0.864381
0.797185
0.738449
0.143416
0.517119
0.905522
0.147142
0.639796
0.301349
0.837743
0.408816
0.015652
0.741633
0.7796
0.232578
0.341202
0.177688
0.931498
0.828793
0.595666
0.10063
0.298738
0.040502
0.883162
0.112805
0.249873
0.515049
0.845793
0.87184
0.181303
0.466778
0.066134
0.414889
0.518356
0.383478
0.066766
0.379215
0.256266
0.573797
0.91327
0.133484
0.257501
0.080523
0.430848
0.655047
0.366884
0.383625
0.871549
0.35178
0.137381
0.601597
0.204822
0.115536
0.012539
0.986657
0.603274
0.548204
0.870092
0.29664
0.883682
0.056376
0.25783
0.238356
0.312335
0.356942
0.195955
0.352127
0.69324
0.749769
0.599288
0.955193
0.432185
0.50975
0.343238
0.924606
0.228015
0.718663
0.965577
0.040128
0.807637
0.262588
0.035016
0.819984
0.212874
0.134919
0.661106
0.94582
0.169261
0.487583
0.12315
0.304242
0.581964
0.879888
0.0759
0.248715
0.913589
0.23223
0.791794
0.932311
0.938162
0.560239
0.224585
0.358728
0.149707
0.128842
0.850492
0.924973
0.951402
0.11313
0.716209
0.758253
0.743015
0.836152
0.785925
0.203455
0.487952
0.043258
0.112799
0.482865
0.228651
0.242376
0.631013
0.949226
0.79753
0.429686
0.381418
0.005834
0.800446
0.380098
0.637241
0.940087
0.118825
0.374159
0.293846
0.253499
0.689965
0.738026
0.026828
0.687326
0.343029
0.668607
0.645452
0.822567
0.512254
0.209932
0.448772
0.848222
0.263706
0.335596
0.663817
0.423036
0.783427
0.727775
0.624344
0.55511
0.747839
0.065281
0.931782
0.342165
0.621835
0.007465
0.663392
0.84952
0.403603
0.22608
0.88834
0.026403
0.025646
0.186677
0.537885
0.857682
0.872731
0.112555
0.868469
0.054349
0.355251
0.691868
0.538422
0.937611
0.665101
0.243723
0.426976
0.279883
0.457135
0.819691
0.502667
0.22372
0.948573
0.392598
0.598682
0.743496
0.089312
0.565981
0.471409
0.75231
0.476903
0.36335
0.536982
0.380058
0.462803
0.791529
0.134672
0.672162
0.172047
0.935072
0.607125
0.851132
0.786007
0.42918
0.58094
0.486241
0.721229
0.535224
0.893967
0.625006
0.184482
0.69771
0.229041
0.91887
0.968249
0.032411
0.322293
0.419897
0.153007
0.045665
0.74414
0.291665
0.878033
0.623472
0.065814
0.467336
0.360171
0.775509
0.921708
0.169534
0.011459
0.691267
0.499008
0.021337
0.826674
0.32958
0.955493
0.232979
0.263693
0.672248
0.661748
0.531959
0.301028
0.720755
0.68293
0.427944
0.254708
0.673196
0.605073
0.726517
0.704686
0.691098
0.57892
0.263047
0.806307
0.799789
0.674883
0.010435
0.517264
0.246372
0.181737
0.692513
0.534626
0.716474
0.351915
0.987684
0.652613
0.246588
0.526776
0.512725
0.951388
0.568213
0.474266
0.309536
0.288445
0.619053
0.333762
0.9276
0.813546
0.792346
0.525104
0.965566
0.327452
0.140487
0.821722
0.019925
0.490773
0.074344
0.857621
0.467671
0.303495
0.648028
0.82185
0.642829
0.760772
0.729292
0.939026
0.413156
0.020458
0.143355
0.746132
0.815999
0.600232
0.212272
0.592258
0.108632
0.705816
0.288737
0.445631
0.990556
0.545045
0.152105
0.31506
0.522806
0.189386
0.752144
0.140683
0.987309
0.770648
0.538889
0.245912
0.213105
0.259526
0.096821
0.888923
0.353156
0.307616
0.652776
0.250507
0.34922
0.575986
0.922269
0.957413
0.934871
0.054716
0.891417
0.658634
0.679347
0.363548
0.804883
0.852908
0.252038
0.766838
0.804024
0.435938
0.904225
0.576776
0.940827
0.072668
0.661872
0.701066
0.363064
0.027638
0.284746
0.732874
0.898906
0.141771
0.727606
0.362638
0.271612
0.785583
0.971987
0.263608
0.944491
0.875722
0.383851
0.873341
0.158758
0.401918
0.148833
0.549251
0.213595
0.354468
0.386293
0.66961
0.499997
0.475643
0.924127
0.523312
0.261432
0.536178
0.80265
0.092328
0.224794
0.577577
0.712142
0.869843
0.813296
0.816132
0.531805
0.379188
0.92324
0.268226
0.477704
0.595522
0.36315
0.605373
0.870418
0.28549
0.97742
0.810293
0.288231
0.083026
0.946706
0.194697
0.001069
0.873731
0.083788
0.241731
0.879884
0.495785
0.563686
0.157698
0.014909
0.655234
0.116639
0.513298
0.378433
0.507673
0.761573
0.930256
0.532632
0.916446
0.027474
0.768407
0.997455
0.710535
0.468675
0.693398
0.931671
0.004808
0.534156
0.621814
0.43714
0.370428
0.462661
0.641804
0.682763
0.224095
0.839479
0.994514
0.815608
0.884885
0.65904
0.538648
0.881588
0.645617
0.996149
0.686573
0.640953
0.447575
0.607122
0.150057
0.81778
0.996249
0.771146
0.816333
0.65998
0.278382
0.013719
0.942551
0.818174
0.010228
0.507162
0.993932
0.768657
0.097216
0.033689
0.931787
0.995683
0.137628
0.370617
0.831391
0.233598
0.413407
0.410546
0.486783
0.904294
0.874277
0.459699
0.966113
0.842344
0.28487
0.976342
0.077935
0.279417
0.13324
0.030406
0.444784
0.086779
0.888484
0.136203
0.501938
0.76788
0.531281
0.754024
0.716143
0.836455
0.524484
0.376029
0.713261
0.05313
0.767615
0.180837
0.563679
0.050254
0.325943
0.041548
0.783457
0.587894
0.838675
0.496578
0.986459
0.964601
0.994541
0.72139
0.961788
0.171531
0.013278
0.687163
0.867835
0.09168
0.753278
0.907812
0.826794
0.255768
0.767851
0.62483
0.583429
0.13846
0.19687
0.261525
0.787547
0.935701
0.702246
0.382338
0.544952
0.873912
0.753104
0.334678
0.757372
0.534968
0.10631
0.988462
0.409941
0.149216
0.860001
0.503645
0.796658
0.568832
0.63595
0.244858
0.50334
0.279797
0.862543
0.838324
0.586273
0.987728
0.501466
0.178397
0.982623
0.43383
0.89591
0.598967
0.205315
0.846459
0.011191
0.488576
0.916655
0.972803
0.20017
0.333451
0.098938
0.810355
0.712717
0.529135
0.679953
0.085742
0.482708
0.646173
0.808945
0.740184
0.224058
0.788717
0.842473
0.156338
0.187616
0.643658
0.766802
0.37462
0.005618
0.161548
0.606636
0.87432
0.821431
0.237655
0.86749
0.050169
0.160492
0.21575
0.443264
0.193073
0.950051
0.935039
0.39353
0.120246
0.596426
0.06444
0.639232
0.683515
0.552306
0.360691
0.656488
0.945127
0.506838
0.479022
0.640181
0.111002
0.564604
0.101559
0.526925
0.071115
0.612192
0.412213
0.718986
0.158802
0.114071
0.978518
0.158071
0.491684
0.453717
0.2675
0.017446
0.78921
0.074821
0.602453
0.487116
0.746633
0.008036
0.025493
0.157952
0.253912
0.775132
0.825615
0.12429
0.643983
0.27177
0.026013
0.998714
0.951239
0.338818
0.338823
0.333965
0.596653
0.810523
0.334633
0.921893
0.197782
0.685066
0.826082
0.10902
0.985353
0.269678
0.92722
0.300211
0.178981
0.450223
0.327988
0.571032
0.734117
0.412892
0.514975
0.812874
0.039003
0.688917
0.447748
0.6391
0.293284
0.103594
0.566624
0.002946
0.981478
0.724501
0.892126
0.510946
0.362329
0.588147
0.369902
0.058366
0.785558
0.803878
0.360115
0.1677
0.598882
0.655231
0.540867
0.555377
0.115965
0.989766
0.58625
0.105145
0.188328
0.468896
0.998133
0.188529
0.545916
0.699003
0.29885
0.148558
0.110421
0.939347
0.822165
0.612374
0.181903
0.910726
0.111055
0.458171
0.576297
0.999687
0.9134
0.020266
0.403406
0.936543
0.207854
0.17593
0.346228
0.90846
0.109678
0.409497
0.555354
0.533893
0.736295
0.699473
0.081572
0.66474
0.00152
0.134095
0.743009
0.171015
0.303485
0.253027
0.415344
0.864135
0.559496
0.951054
0.329609
0.200231
0.787391
0.145731
0.617403
0.702405
0.835637
0.983562
0.466831
0.37931
0.114009
0.853826
0.24985
0.061775
0.682136
0.682635
0.789375
0.449054
0.668907
0.443548
0.809429
0.217873
0.681676
0.642879
0.16642
0.669363
0.785929
0.837761
0.916798
0.358219
0.864815
0.090602
0.022469
0.01645
0.188969
0.966831
0.02108
0.141125
0.654005
0.698399
0.347481
0.880124
0.928949
0.61979
0.114386
0.216431
0.564058
0.773486
0.489286
0.339662
0.696625
0.66347
0.38691
0.627954
0.620774
0.163349
0.553968
0.061183
0.173266
0.877009
0.706413
0.400679
0.002507
0.669042
0.291435
0.060072
0.79891
0.039167
0.642939
0.248036
0.590993
0.414403
0.283514
0.58451
0.719611
0.154212
0.656384
0.594954
0.485742
0.36071
0.457673
0.505447
0.987996
0.774339
0.876485
0.089444
0.638319
0.538011
0.353373
0.924642
0.884105
0.967756
0.120988
0.302134
0.267565
0.927065
0.270993
0.056805
0.36782
0.465674
0.331427
0.610634
0.002173
0.876685
0.485628
0.416674
0.666797
0.648981
0.460576
0.834657
0.575025
0.221032
0.122456
0.354653
0.101038
0.700688
0.020727
0.296092
0.567199
0.783696
0.97402
0.692163
0.945372
0.74036
0.50463
0.149109
0.625589
0.030355
0.133471
0.823179
0.664176
0.478467
0.945696
0.014609
0.435828
0.095162
0.029885
0.211774
0.959208
0.331408
0.870826
0.451726
0.641923
0.492036
0.165064
0.662626
0.114658
0.341531
0.873076
0.655524
0.337761
0.747756
0.719097
0.571764
0.686674
0.959414
0.711864
0.813238
0.992314
0.149714
0.299436
0.658774
0.582054
0.748101
0.903643
0.614543
0.448261
0.047272
0.658382
0.839796
0.316158
0.438307
0.835337
0.318143
0.235125
0.49875
0.647396
0.830471
0.130874
0.458837
0.178758
0.491555
0.40365
0.743657
0.53709
0.828863
0.801474
0.441056
0.711905
0.377528
0.184506
0.044981
0.609839
0.496213
0.516657
0.563916
0.449122
0.831368
0.033298
0.995299
0.153245
0.06595
0.838394
0.875581
0.265611
0.756086
0.535257
0.967541
0.803206
0.700089
0.175456
0.388198
0.193348
0.585865
0.099976
0.914576
0.23412
0.534026
0.218827
0.69491
0.844807
0.902365
0.579369
0.90779
0.520174
0.791207
0.229716
0.845318
0.859459
0.859791
0.809983
0.758583
0.700415
0.968222
0.775455
0.111956
0.656257
0.098181
0.138685
0.50776
0.960657
0.435461
0.454252
0.138028
0.887044
0.908852
0.748119
0.064211
0.384441
0.533128
0.748156
0.716682
0.515922
0.370211
0.392676
0.777701
0.211447
0.562962
0.86193
0.150471
0.949514
0.171613
0.918735
0.057173
0.54624
0.853953
0.800165
0.257435
0.305414
0.322463
0.347392
0.25058
0.22345
0.896045
0.471476
0.729245
0.738386
0.986629
0.570803
0.279445
0.576859
0.532086
0.535302
0.561895
0.083794
0.711431
0.58681
0.950386
0.923667
0.05899
0.151902
0.957558
0.881421
0.09579
0.951561
0.430549
0.202715
0.136829
0.882643
0.89915
0.130289
0.956136
0.815244
0.697503
0.025623
0.30637
0.455394
0.57691
0.052682
0.738336
0.975617
0.142432
0.732867
0.406832
0.330078
0.408921
0.46561
0.003362
0.033035
0.635976
0.666042
0.585179
0.822425
0.096649
0.199773
0.230402
0.27344
0.329636
0.46483
0.290977
0.244801
0.083669
0.861221
0.072276
0.601889
0.881785
0.159929
0.287308
0.338802
0.570032
0.490297
0.680557
0.217585
0.895242
0.371608
0.714212
0.815497
0.681321
0.780287
0.25344
0.200558
0.100236
0.579941
0.024273
0.011069
0.087854
0.624556
0.320018
0.710821
0.684091
0.780747
0.732028
0.192993
0.662884
0.703135
0.032141
0.213893
0.5839
0.12471
0.590081
0.990619
0.616804
0.364439
0.348392
0.663246
0.613454
0.408924
0.255101
0.122068
0.296239
0.777118
0.864201
0.882673
0.228742
0.786173
0.493195
0.100785
0.447679
0.799823
0.668062
0.066076
0.412393
0.801272
0.137027
0.461399
0.350942
0.872743
0.831374
0.710737
0.703862
0.044673
0.209301
0.301952
0.336188
0.500432
0.846073
0.646398
0.078728
0.811201
0.171544
0.007676
0.301827
0.204825
0.895231
0.783994
0.185709
0.089881
0.7648
0.399719
0.454661
0.115823
0.229713
0.911616
0.854293
0.588764
0.219457
0.944219
0.97367
0.687984
0.731551
0.503147
0.740323
0.11609
0.634222
0.582454
0.577047
0.819162
0.214526
0.90326
0.393623
0.500518
0.620435
0.984346
0.299921
0.758539
0.090955
0.509258
0.328261
0.946604
0.457279
0.91472
0.369586
0.679557
0.958313
0.82538
0.956859
0.08667
0.289099
0.403307
0.301899
0.09294
0.796707
0.963261
0.084998
0.967929
0.044147
0.785355
0.239065
0.211469
0.902281
0.436041
0.262111
0.182254
0.875508
0.731594
0.872526
0.238957
0.459695
0.209491
0.387918
0.438552
0.694754
0.409539
0.205145
0.876378
0.044988
0.492355
0.098049
0.797571
0.829593
0.419369
0.047861
0.834177
0.623692
0.941792
0.075661
0.688147
0.715659
0.510384
0.884858
0.834482
0.324045
0.396171
0.700749
0.901009
0.850271
0.551907
0.358967
0.910198
0.155717
0.079658
0.975683
0.68437
0.011228
0.855664
0.708774
0.441023
0.703145
0.176771
0.302578
0.526204
0.718977
0.400058
0.666582
0.064618
0.12073
0.890045
0.355856
0.230951
0.488818
0.440038
0.342879
0.478189
0.961836
0.328361
0.437746
0.319983
0.317198
0.007234
0.418996
0.811766
0.200282
0.156253
0.585475
0.846436
0.485651
0.524415
0.382856
0.21524
0.589065
0.026875
0.274969
0.207342
0.08788
0.172447
0.781259
0.30305
0.194215
0.539493
0.74469
0.365747
0.409716
0.721312
0.772204
0.619247
0.371606
0.58795
0.92396
0.576336
0.269328
0.140419
0.897939
0.025988
0.937285
0.745343
0.672662
0.337768
0.945308
0.707898
0.691619
0.170784
0.042822
0.958999
0.966274
0.339609
0.580955
0.548609
0.294046
0.628146
0.606247
0.882003
0.041157
0.404552
0.724573
0.316425
0.922089
0.70108
0.177359
0.638006
0.837109
0.368167
0.215969
0.245499
0.713322
0.916719
0.586946
0.218924
0.901635
0.125075
0.489031
0.763311
0.506291
0.385473
0.253894
0.091973
0.993498
0.492632
0.772563
0.914935
0.183046
0.861865
0.332339
0.819178
0.091728
0.238676
0.119774
0.575419
0.778717
0.184887
0.259155
0.237753
0.150591
0.377885
0.081021
0.652487
0.990222
0.447556
0.814991
0.004903
0.228915
0.928366
0.630736
0.780374
0.749441
0.110927
0.523186
0.791201
0.260322
0.202754
0.37807
0.126976
0.620522
0.743388
0.411755
0.632101
0.360915
0.711374
0.51247
0.338871
0.000163
0.872548
0.677102
0.470019
0.811053
0.175466
0.504634
0.943972
0.399591
0.267978
0.538445
0.481013
0.617745
0.482797
0.382409
0.143531
0.431628
0.032998
0.341116
0.003889
0.10446
0.366414
0.130749
0.396057
0.58372
0.56003
0.891596
0.015315
0.429618
0.257347
0.032954
0.503925
0.115478
0.067416
0.598325
0.167484
0.313719
0.854106
0.200867
0.379627
0.649631
0.815478
0.177569
0.396693
0.403359
0.971075
0.657871
0.933006
0.549516
0.066879
0.305861
0.107233
0.489006
0.252606
0.310792
0.200942
0.577528
0.991586
0.959662
0.29634
0.780515
0.742716
0.932839
0.799265
0.572472
0.324093
0.310431
0.72778
0.337721
0.140371
0.637952
0.845398
0.790581
0.129224
0.516054
0.997367
0.17692
0.731518
0.475885
0.198276
0.898487
0.02814
0.132288
0.650676
0.544189
0.447069
0.963899
0.580812
0.488883
0.771707
0.698069
0.561258
0.35026
0.03724
0.345663
0.980219
0.756667
0.371214
0.536349
0.645606
0.074039
0.542398
0.873192
0.305889
0.57143
0.789437
0.771548
0.91152
0.223902
0.337187
0.29602
0.301055
0.293893
0.255137
0.615569
0.910691
0.822765
0.822372
0.589147
0.398369
0.16889
0.880771
0.681981
0.16644
0.168726
0.010319
0.564577
0.868137
0.731842
0.838314
0.093365
0.762851
0.685944
0.417231
0.575764
0.834203
0.005048
0.908256
0.652932
0.812008
0.721805
0.30123
0.928637
0.10957
0.13732
0.148121
0.815665
0.618853
0.354256
0.599068
0.566134
0.076742
0.27002
0.767797
0.317241
0.895383
0.980453
0.61484
0.747483
0.633083
0.697898
0.617434
0.377951
0.607357
0.511881
0.434166
0.569262
0.48449
0.286662
0.570491
0.812611
0.459088
0.422105
0.40015
0.94397
0.387352
0.230174
0.142288
0.985134
0.746062
0.055333
0.031308
0.018907
0.516559
0.018131
0.998263
0.660138
0.936222
0.09179
0.914142
0.608705
0.929324
0.484253
0.466277
0.680602
0.5628
0.923907
0.500135
0.074448
0.371085
0.669353
0.022847
0.243811
0.34291
0.343493
0.327496
0.565365
0.617804
0.353427
0.608159
0.238442
0.85155
0.008867
0.06399
0.976996
0.140625
0.587904
0.414916
0.299852
0.961956
0.75109
0.620188
0.187202
0.720147
0.235731
0.414827
0.759625
0.741153
0.413458
0.973499
0.887302
0.916087
0.858029
0.058088
0.920213
0.954246
0.240195
0.89887
0.558853
0.183931
0.569277
0.318747
0.352745
0.781519
0.002634
0.770404
0.283402
0.111118
0.964792
0.577761
0.755372
0.229111
0.899209
0.327944
0.540643
0.672877
0.959858
0.783752
0.915168
0.505978
0.556352
0.485279
0.216433
0.970242
0.683416
0.946233
0.700221
0.533357
0.113594
0.376678
0.043546
0.201376
0.991161
0.747328
0.031251
0.009785
0.644177
0.491184
0.428995
0.286492
0.076447
0.576766
0.518893
0.849014
0.406473
0.276863
0.897981
0.107309
0.363224
0.100518
0.754074
0.112612
0.003518
0.54524
0.854818
0.151229
0.049607
0.511088
0.569323
0.281736
0.652362
0.383739
0.28593
0.60222
0.427558
0.747713
0.808807
0.886628
0.959472
0.865145
0.890433
0.842422
0.769334
0.267799
0.58612
0.642465
0.445366
0.175388
0.492419
0.681219
0.426493
0.698921
0.230761
0.152991
0.796098
0.24634
0.215662
0.743106
0.363339
0.776791
0.00705
0.630043
0.131382
0.820344
0.673567
0.104486
0.500969
0.213221
0.948155
0.850978
0.410609
0.33011
0.897891
0.219175
0.694494
0.586412
0.537861
0.997147
0.563833
0.670621
0.801261
0.756348
0.514338
0.591193
0.907176
0.397452
0.36088
0.356686
0.371248