256 2
0
79
101
1
101
238
2
18
181
3
35
90
4
99
253
5
6
29
6
117
148
7
55
81
8
91
214
9
141
172
10
76
92
11
25
55
12
78
136
13
222
236
14
50
159
9
15
101
16
137
167
17
95
224
18
80
192
19
222
245
20
165
206
21
50
142
19
22
156
23
48
215
17
24
147
25
81
237
26
251
255
27
113
239
28
169
252
29
59
243
30
133
217
31
86
200
32
64
236
33
128
164
34
84
90
35
211
245
36
74
101
12
37
127
38
55
237
28
39
59
23
40
85
40
41
78
42
69
87
43
102
202
44
87
96
13
45
127
46
104
183
44
47
76
48
58
105
49
112
204
50
54
123
51
147
163
52
99
138
26
53
76
54
83
123
55
69
164
56
60
115
34
57
238
47
58
248
59
97
173
60
144
180
2
61
154
62
168
239
6
52
63
55
64
178
50
65
156
60
66
159
37
67
93
68
176
229
45
69
155
44
70
72
71
82
93
20
72
116
44
73
98
74
131
143
17
75
142
46
72
76
43
77
231
78
137
140
79
186
244
8
80
180
46
81
89
41
82
235
0
83
127
47
84
115
85
122
186
59
86
138
27
75
87
88
95
238
59
89
176
90
127
188
91
214
220
17
92
184
93
126
213
94
125
197
46
78
95
96
150
232
97
207
240
98
187
232
30
99
150
100
145
237
24
101
201
102
113
126
68
103
217
104
158
241
49
76
105
60
106
253
10
107
166
3
108
210
104
109
124
95
110
240
49
111
211
74
104
112
7
113
236
108
114
189
51
115
120
41
116
217
101
117
242
118
221
230
61
119
248
120
194
253
36
121
253
54
122
158
123
137
220
124
136
218
114
125
228
8
126
200
80
122
127
14
54
128
45
129
220
26
130
231
123
131
146
71
114
132
113
133
183
24
87
134
91
135
143
2
136
174
31
37
137
97
104
138
20
138
139
75
140
149
39
141
205
79
142
247
20
143
182
77
144
209
52
133
145
105
146
179
75
143
147
58
148
171
63
143
149
3
66
150
119
133
151
152
239
250
119
153
214
0
154
207
155
241
254
93
156
218
152
157
174
137
158
173
16
159
252
38
89
160
30
161
193
87
162
255
97
163
252
94
164
240
75
165
224
10
166
174
90
167
210
168
199
245
3
60
169
91
170
202
47
171
209
93
126
172
29
45
173
106
142
174
175
190
195
92
176
218
35
68
177
15
41
178
142
179
211
52
158
180
54
161
181
86
182
200
170
183
245
93
136
184
46
185
197
11
180
186
130
187
234
101
188
191
20
189
229
35
190
237
51
191
219
119
192
210
193
201
240
130
194
244
24
113
195
68
102
196
31
194
197
21
118
198
109
199
253
102
116
200
103
176
201
166
202
241
25
162
203
112
204
240
79
205
227
12
25
206
137
144
207
121
204
208
111
203
209
114
115
210
44
137
211
11
212
226
88
181
213
37
214
238
82
189
215
139
164
216
137
207
217
174
209
218
0
95
219
105
202
220
6
58
221
173
222
245
73
80
223
29
44
224
169
219
225
13
156
226
59
223
227
92
141
228
80
207
229
46
152
230
4
142
231
210
212
232
9
45
233
4
223
234
138
235
242
150
231
236
18
106
237
182
238
251
87
207
239
0
90
240
186
211
241
80
185
242
103
156
243
146
192
244
4
100
245
34
237
246
32
47
247
40
74
248
154
189
249
102
107
250
143
178
251
108
137
252
94
155
253
12
98
254
7
32
255
0.952373
0.664629
0.360799
0.343048
0.770828
0.198112
0.395524
0.04991
0.433359
0.579715
0.443792
0.685314
0.648958
0.435742
0.350143
0.272654
0.133577
0.321356
0.069116
0.52677
0.386659
0.426155
0.394282
0.822022
0.930496
0.411898
0.424599
0.492706
0.210788
0.103621
0.257427
0.124878
0.793336
0.318828
0.91759
0.785257
0.175097
0.017815
0.539921
0.191775
0.97089
0.222288
0.862324
0.225645
0.165585
0.13724
0.181759
0.756283
0.45103
0.20325
0.655087
0.89598
0.339708
0.376747
0.006245
0.759637
0.621836
0.519951
0.746816
0.811895
0.764422
0.081037
0.505609
0.491268
0.686255
0.188236
0.57412
0.989559
0.068729
0.558392
0.818008
0.383279
0.954942
0.508502
0.451252
0.784662
0.476189
0.377221
0.884799
0.097139
0.597483
0.274276
0.282311
0.220328
0.759864
0.156617
0.966715
0.81848
0.646921
0.26012
0.393872
0.116125
0.225139
0.322215
0.727628
0.227994
0.535573
0.364937
0.336507
0.944267
0.634801
0.016476
0.131859
0.9894
0.216087
0.53503
0.807121
0.174269
0.502952
0.839907
0.979778
0.099772
0.728444
0.959697
0.645215
0.356347
0.403221
0.425415
0.427362
0.675924
0.661723
0.198797
0.818953
0.800775
0.159231
0.340371
0.307405
0.508819
0.320354
0.48072
0.395762
0.871199
0.701525
0.590015
0.134059
0.589818
0.700324
0.647183
0.055536
0.57081
0.57629
0.339371
0.82711
0.263222
0.026897
0.838887
0.372615
0.652525
0.072386
0.036971
0.455941
0.21646
0.466234
0.029221
0.812551
0.722818
0.922878
0.173296
0.218455
0.174998
0.430797
0.623862
0.575034
0.171436
0.360972
0.430085
0.02889
0.82916
0.869826
0.676022
0.020429
0.411323
0.375437
0.185565
0.209893
0.367431
0.705633
0.719158
0.439698
0.112291
0.478797
0.906997
0.718887
0.452094
0.018536
0.302711
0.10751
0.792339
0.173008
0.713514
0.125535
0.412245
0.474393
0.944842
0.5415
0.395208
0.202334
0.981322
0.018914
0.689003
0.296085
0.605342
0.600359
0.402099
0.249853
0.65934
0.542747
0.742894
0.699252
0.604069
0.419968
0.456303
0.623157
0.4654
0.156229
0.776734
0.271967
0.083936
0.072028
0.87392
0.441569
0.528471
0.882468
0.201961
0.309384
0.985206
0.571242
0.756133
0.232805
0.518757
0.372699
0.128306
0.25003
0.201615
0.801439
0.657822
0.872358
0.383759
0.821793
0.534558
0.612917
0.605813
0.471638
0.343348
0.590149
0.124278
0.582235
0.105746
0.123339
0.992981
0.562037
0.25318
0.277541
0.381764
0.238575
0.319712
0.948909
0.445187
0.646348
0.952304
0.028579
0.597087
0.41745
0.163103
0.264673
0.857569
0.477645
0.949216
0.330395
0.646447
0.509269
0.519517
0.607404
0.925934
0.672046
0.840887
0.717919
0.693208
0.734462
0.555567
0.369985
0.483366
0.351357
0.587181
0.055416
0.903572
0.404661
0.797062
0.745355
0.595429
0.132377
0.061315
0.308181
0.309529
0.01538
0.669136
0.451962
0.888443
0.50879
0.476337
0.015417
0.96959
0.683957
0.473211
0.519413
0.477286
0.351874
0.0366
0.669575
0.752414
0.932548
0.505916
0.590678
0.386968
0.676077
0.295694
0.972519
0.369957
0.153116
0.03709
0.051882
0.662568
0.097953
0.400084
0.225249
0.099978
0.125959
0.867448
0.392173
0.101486
0.008299
0.184553
0.959264
0.725632
0.226756
0.344773
0.368584
0.813961
0.663464
0.676876
0.117392
0.515585
0.456636
0.465052
0.83572
0.104955
0.192172
0.287925
0.461352
0.355571
0.96989
0.366693
0.533641
0.660851
0.657152
0.029316
0.303368
0.470033
0.613183
0.914846
0.622972
0.512652
0.72148
0.618189
0.790325
0.314319
0.779305
0.939055
0.614337
0.092505
0.119397
0.525994
0.600807
0.284898
0.644423
0.52554
0.269815
0.245077
0.773131
0.86522
0.911076
0.197662
0.256502
0.194724
0.117323
0.921502
0.199441
0.700884
0.417797
0.965106
0.413583
0.086733
0.252212
0.169671
0.450448
0.868874
0.831912
0.537375
0.173561
0.228621
0.538664
0.551315
0.831039
0.89308
0.109199
0.657471
0.949833
0.057609
0.18775
0.043827
0.381123
0.010862
0.179915
0.244613
0.390573
0.867741
0.717952
0.274796
0.079046
0.818341
0.111103
0.451228
0.292677
0.099257
0.350975
0.038362
0.044417
0.530589
0.720459
0.330584
0.939918
0.862419
0.907851
0.048128
0.512093
0.608129
0.476024
0.6277
0.328017
0.656697
0.251939
0.486688
0.204425
0.704916
0.019023
0.850584
0.241238
0.8359
0.521413
0.687406
0.726422
0.458393
0.535899
0.517997
0.537946
0.6791
0.712246
0.897472
0.582834
0.172017
0.203934
0.389577
0.706353
0.701004
0.322406
0.000532
0.383643
0.995476
0.116772
0.774039
0.146688
0.706352
0.98944
0.125656
0.312327
0.84079
0.887709
0.725283
0.047372
0.720189
0.055733
0.474873
0.665387
0.761063
0.97677
0.176586
0.850138
0.502116
0.744135
0.624314
0.034643
0.186079
0.793619
0.293785
0.765255
0.461906
0.947615
0.501795
0.090179
0.913843
0.737192
0.291512
0.720234
0.592364
0.803324
0.628066
0.178716
0.483245
0.520561
0.941667
0.717965
0.671801
0.654572
0.972364
0.351203
0.413662
0.988052
0.846311
0.51086
0.343875
0.517175
0.761315
0.912294
0.771341
0.913563
0.804801
0.338358
0.119192
0.719237
0.89955
0.858585
0.36269
0.725576
0.692855
0.928789
0.751658
0.861084
0.956402
0.748539
0.431725
0.511687
0.743903
0.723432
0.283539
0.350233
0.780055
0.180751
0.337182
0.791559
0.070229
0.03798
0.171111
0.485866
0.166459
0.360014
0.71852
0.401206
0.80599
0.532532
0.81434
0.146962
0.786408
0.989742
0.036594
0.241713
0.763286
0.706863
0.438369
0.047422
0.35677
0.544831
0.801314
0.661408
0.133928
0.147876
0.12181
0.168679
0.477212
0.438924
0.005648
0.912153
0.453504
0.244417
0.062952
0.98817
0.354165
0.694037
0.749131
0.260011
0.447741
0.860426
0.821768
0.229649
0.472105
0.379825
0.631612
0.422458
0.629934
0.393163
0.185622
0.337181
0.103295
0.876371
0.119006
0.475641
0.14436
0.952454
0.170212
0.007507
0.174771
0.765778
0.43637
0.048703
0.9424
0.707953
0.660417
0.74962
0.408674
0.043467
0.288116
0.636743
0.20031
0.305149
0.291334
0.004754
0.270807
0.017437
0.880308
0.462071
0.946025
0.544243
0.533393
0.37609
0.615874
0.622164
0.615669
0.426835
0.817669
0.063995
0.112181
0.58019
0.921476
0.643511
0.941298
0.713386
0.118903
0.712396
0.099338
0.398277
0.083041
0.352376
0.7606
0.252108
0.415333
0.750891
0.991514
0.640291
0.577709
0.211861
0.727957
0.713
0.967737
0.690556
0.320136
0.194488
0.591222
0.726196
0.597038
0.176786
0.211149
0.862445
0.225889
0.099276
0.655293
0.78709
0.232585
0.646931
0.159138
0.067372
0.310882
0.949007
0.905638
0.191646
0.481157
0.188033
0.773284
0.927713
0.517091
0.426533
0.500941
0.311847
0.742006
0.09751
0.823716
0.569767
0.53166
0.332041
0.929755
0.287139
0.341467
0.319604
0.723714
0.432718
0.526109
0.092154
0.222228
0.956388
0.941196
0.304412
0.880847
0.974139
0.966929
0.543251
0.172669
0.510872
0.661805
0.432451
0.100644
0.189684
0.190894
0.734325
0.893666
0.825824
0.500556
0.86103
0.644558
0.24829
0.988843
0.914228
0.62425
0.682829
0.876453
0.416936
0.883848
0.28697
0.435658
0.4329
0.390965
0.401881
0.19939
0.670217
0.766651
0.168867
0.710259
0.618997
0.326736
0.148294
0.114417
0.347147
0.850132
0.291515
0.992668
0.069424
0.112593
0.969296
0.357049
0.631846
0.95426
0.914925
0.066723
0.634346
0.992836
0.805001
0.248222
0.886035
0.679906
0.721837
0.637605
0.235838
0.135918
0.26802
0.140502
0.210913
0.099039
0.574261
0.58747
0.235884
0.816051
0.599387
0.30512
0.037701
0.316579
0.458175
0.671286
0.945435
0.553521
0.95287
0.958441
0.471774
0.677101
0.841487
0.154558
0.424421
0.933244
0.995538
0.747518
0.65839
0.015901
0.074676
0.667522
0.029225
0.772686
0.06922
0.699385
0.727849
0.056459
0.453362
0.565704
0.137205
0.690436
0.502349
0.985846
0.606736
0.653568
0.242074
0.329665
0.897595
0.826054
0.252191
0.859756
0.961371
0.73019
0.995439
0.529222
0.461426
0.60189
0.431984
0.652894
0.993674
0.245612
0.125364
0.287035
0.678744
0.763818
0.841693
0.903492
0.961851
0.545004
0.991658
0.45674
0.757006
0.547588
0.944889
0.105451
0.639279
0.047744
0.674701
0.29335
0.963314
0.995927
0.840403
0.373498
0.896854
0.887475
0.923128
0.193865
0.709953
0.015859
0.555423
0.604952
0.239543
0.204446
0.716024
0.660239
0.005681
0.037692
0.085171
0.754123
0.279221
0.575955
0.111417
0.853416
0.834295
0.742911
0.22132
0.213707
0.808312
0.477559
0.890123
0.074583
0.192238
0.112281
0.285735
0.709612
0.808873
0.588023
0.565314
0.225375
0.699579
0.319185
0.145643
0.723048
0.113263
0.754328
0.16302
0.655121
0.420022
0.167348
0.758394
0.965037
0.746153
0.665585
0.176782
0.961282
0.160348
0.957344
0.351993
0.96184
0.943878
0.658935
0.095812
0.425828
0.663764
0.95841
0.248886
0.226383
0.42944
0.64471
0.544676
0.196589
0.52052
0.633687
0.548968
0.917857
0.385842
0.537075
0.366942
0.250897
0.456737
0.97131
0.196916
0.518136
0.256743
0.408953
0.958978
0.418008
0.482794
0.987697
0.531
0.143372
0.862138
0.585843
0.189446
0.480465
0.854357
0.464016
0.179555
0.030543
0.888204
0.865873
0.251061
0.959208
0.675746
0.831516
0.984729
0.932127
0.439104
0.911951
0.278794
0.034425
0.685959
0.555238
0.910607
0.482786
0.020294
0.554402
0.987542
0.245073
0.026395
0.883738
0.32603
0.779782
0.264883
0.51127
0.010126
0.719179
0.925552
0.83607
0.997489
0.395205
0.003264
0.0053
0.318556
0.336598
0.08362
0.855197
0.754261
0.644649
0.268372
0.24603
0.718424
0.435712
0.222659
0.340592
0.833945
0.041985
0.681899
0.721499
0.376821
0.733912
0.280615
0.32239
0.077663
0.810931
0.074667
0.296742
0.028096
0.951642
0.791161
0.654745
0.031385
0.502223
0.569811
0.66524
0.005153
0.679806
0.148898
0.894354
0.901723
0.946205
0.144309
0.275361
0.909187
0.630318
0.721319
0.697109
0.691558
0.302369
0.021281
0.191538
0.456703
0.982004
0.36424
0.109933
0.244151
0.329733
0.172087
0.029438
0.566314
0.431242
0.376863
0.772575
0.747546
0.582552
0.623797
0.416854
0.546289
0.439219
0.122605
0.405958
0.779075
0.449014
0.145665
0.134717
0.644645
0.078856
0.89058
0.247659
0.176114
0.664014
0.18218
0.318327
0.338195
0.823513
0.750498
0.63994
0.094821
0.999471
0.100272
0.062753
0.902894
0.29488
0.976726
0.531873
0.884154
0.047067
0.252196
0.739686
0.865853
0.912049
0.217985
0.869598
0.625454
0.163886
0.392949
0.843675
0.931383
0.465082
0.858556
0.835909
0.927581
0.456789
0.087283
0.643477
0.913748
0.491465
0.620559
0.733445
0.584674
0.038946
0.838954
0.206331
0.159494
0.136613
0.733748
0.692623
0.482513
0.153485
0.163621
0.852671
0.217294
0.601107
0.325264
0.507167
0.826659
0.61818
0.301941
0.218288
0.527596
0.110031
0.431681
0.648517
0.734351
0.019751
0.379053
0.474221
0.96503
0.137643
0.243047
0.810416
0.892108
0.808291
0.375544
0.232553
0.111788
0.088719
0.56511
0.300001
0.752583
0.581635
0.149255
0.372807
0.837086
0.774258
0.913396
0.599385
0.815195
0.251808
0.967771
0.593545
0.915019
0.335406
0.758604
0.697564
0.205819
0.974306
0.555453
0.478692
0.667857
0.017469
0.716156
0.032031
0.258032
0.224482
0.149724
0.119184
0.337862
0.385956
0.56961
0.255541
0.724469
0.086182
0.573394
0.892222
0.49254
0.959819
0.955301
0.389845
0.378395
0.250405
0.917494
0.485777
0.66434
0.046124
0.054444
0.812268
0.980758
0.701489
0.647761
0.419619
0.628342
0.96238
0.066779
0.269442
0.859174
0.984409
0.472562
0.502652
0.226285
0.946282
0.820171
0.178583
0.780458
0.02629
0.266884
0.595367
0.119042
0.946933
0.305233
0.776752
0.750316
0.214508
0.282625
0.064784
0.661014
0.147076
0.259613
0.336689
0.008493
0.438166
0.476022
0.423146
0.886205
0.150606
0.692925
0.146609
0.366898
0.209644
0.655114
0.656081
0.875861
0.338219
0.890992
0.655046
0.344037
0.77732
0.902569
0.341847
0.574275
0.898671
0.804166
0.881229
0.003215
0.497838
0.155429
0.233634
0.729033
0.14485
0.120658
0.879349
0.252579
0.831707
0.885845
0.046208
0.823027
0.672796
0.585178
0.731829
0.173049
0.696624
0.184611
0.91456
0.582076
0.853699
0.623538
0.688109
0.790837
0.274637
0.532474
0.681195
0.251216
0.266926
0.0797
0.137332
0.769953
0.810259
0.57408
0.939364
0.65965
0.42877
0.968827
0.618249
0.440833
0.603292
0.260455
0.555346
0.092903
0.63299
0.219829
0.381997
0.42781
0.670472
0.986804
0.380672
0.831931
0.410312
0.603847
0.605319
0.038296
0.472917
0.887258
0.974157
0.756746
0.741879
0.272394
0.471487
0.870797
0.99463
0.636352
0.748018
0.296799
0.366567
0.385042
0.357563
0.364474
0.427753
0.362333
0.085106
0.85401
0.206421
0.891661
0.838747
0.834684
0.292251
0.817925
0.602193
0.382039
0.922161
0.838098
0.719864
0.160531
0.634499
0.80329
0.898134
0.718023
0.268905
0.459528
0.129998
0.445833
0.263132
0.410693
0.410924
0.904988
0.626489
0.636575
0.96464
0.0974
0.460304
0.41659
0.363803
0.133725
0.391465
0.626901
0.358028
0.730823
0.809646
0.751904
0.796285
0.057863
0.732111
0.755054
0.401181
0.428964
0.710848
0.383189
0.378176
0.993725
0.634554
0.32571
0.669983
0.918485
0.088562
0.076846
0.432633
0.395576
0.122567
0.191739
0.762623
0.844431
0.455652
0.143222
0.855283
0.937099
0.796608
0.82135
0.273562
0.613529
0.799125
0.923512
0.546499
0.962835
0.96457
0.910908
0.16273
0.160816
0.030782
0.185303
0.352963
0.330127
0.033377
0.721059
0.846939
0.799391
0.941512
0.266211
0.222578
0.132856
0.440599
0.56934
0.645422
0.65591
0.164712
0.545633
0.943505
0.139883
0.542417
0.082635
0.382905
0.921239
0.894693
0.947533
0.748798
0.243015
0.615985
0.961058
0.62081
0.460449
0.363695
0.095018
0.898723
0.688396
0.247816
0.760948
0.247378
0.007696
0.049037
0.050733
0.974859
0.965436
0.975595
0.946263
0.124393
0.790936
0.951261
0.678015
0.604212
0.090369
0.552741
0.184919
0.442484
0.964313
0.794504
0.381683
0.74735
0.737644
0.530428
0.718175
0.275147
0.100094
0.049584
0.209941
0.218552
0.905855
0.48319
0.079309
0.234612
0.467966
0.099184
0.528763
0.906652
0.297265
0.618744
0.482722
0.633153
0.544577
0.761819
0.289534
0.573978
0.020754
0.612431
0.28362
0.115361
0.157138
0.138068
0.824121
0.935346
0.473927
0.73655
0.910236
0.881399
0.856676
0.631149
0.077372
0.538505
0.318054
0.311418
0.435509
0.900865
0.902902
0.080293
0.72364
0.14996
0.491237
0.345156
0.565245
0.96633
0.827819
0.115813
0.387055
0.874131
0.101798
0.076104
0.977287
0.997279
0.251389
0.008787
0.268782
0.385823
0.668824
0.395798
0.37654
0.937972
0.229867
0.628765
0.589716
0.853425
0.558828
0.85522
0.968442
0.665609
0.850861
0.384422
0.155143
0.414261
0.999964
0.845447
0.923472
0.312166
0.039305
0.342491
0.653404
0.740738
0.309961
0.544092
0.926779
0.568125
0.085472
0.042075
0.937796
0.992149
0.069005
0.720832
0.708629
0.647293
0.036521
0.413846
0.950757
0.352133
0.94477
0.724914
0.629819
0.929691
0.174682
0.355375
0.243488
0.390124
0.180469
0.66214
0.213728
0.285239
0.308381
0.663523
0.992713
0.50914
0.05499
0.493428
0.6218
0.518099
0.117949
0.249901
0.072434
0.544397
0.801993
0.92905
0.353869
0.325484
0.200202
0.822849
0.044995
0.126224
0.005466
0.436559
0.739649
0.983578
0.542029
0.382856
0.540115
0.244711
0.269368
0.059792
0.647775
0.983059
0.95719
0.683663
0.310733
0.592614
0.284158
0.368952
0.176638
0.512484
0.209656
0.30906
0.451936
0.549435
0.899766
0.032207
0.443651
0.397852
0.095055
0.48069
0.903515
0.71922
0.633584
0.228292
0.597568
0.820011
0.190818
0.008822
0.405454
0.980991
0.716303
0.893649
0.583418
0.845459
0.273467
0.775514
0.318982
0.274131
0.265162
0.237304
0.954
0.083926
0.036725
0.55762
0.791331
0.274279
0.336198
0.912518
0.367823
0.321103
0.500235
0.89504
0.738564
0.265503
0.215144
0.084678
0.130756
0.118522
0.677555
0.711778
0.46694
0.328009
0.818472
0.231085
0.263316
0.990778
0.497233
0.346305
0.700934
0.622551
0.115778
0.104938
0.980714
0.950406
0.955315
0.019902
0.09973
0.023011
0.562084
0.143137
0.600227
0.674396
0.352654
0.677098
0.730619
0.583184
0.48659
0.042524
0.854953
0.756054
0.768375
0.774449
0.137645
0.179897
0.136693
0.505588
0.345021
0.249637
0.845437
0.125032
0.441641
0.296605
0.487324
0.03635
0.870796
0.707619
0.848991
0.667185
0.71273
0.613964
0.045808
0.814858
0.301681
0.914163
0.730454
0.675806
0.920154
0.479473
0.163832
0.378637
0.002251
0.315606
0.883056
0.594032
0.632043
0.154115
0.584957
0.499444
0.386589
0.418761
0.910328
0.503436
0.128982
0.888657
0.980672
0.777117
0.103619
0.027142
0.600718
0.730965
0.767706
0.840275
0.80866
0.204484
0.838791
0.064716
0.073668
0.79748
0.988161
0.586393
0.187307
0.899473
0.086142
0.150409
0.878218
0.278249
0.348115
0.987284
0.044707
0.445651
0.973747
0.141666
0.330944
0.410503
0.28529
0.099702
0.333722
0.882786
0.259664
0.8752
0.53533
0.510316
0.614939
0.173524
0.114975
0.164096
0.301849
0.827088
0.005063
0.677124
0.334506
0.598716
0.919809
0.373261
0.612351
0.29363
0.713833
0.151859
0.15066
0.242172
0.767954
0.716403
0.61493
0.187211
0.65877
0.249742
0.456143
0.149861
0.995684
0.094005
0.127943
0.306656
0.9936
0.777091
0.25128
0.180278
0.228441
0.010839
0.240618
0.071388
0.702123
0.318212
0.929555
0.371756
0.969255
0.049473
0.393378
0.116494
0.961033
0.046541
0.659202
0.69241
0.577982
0.748549
0.54812
0.807685
0.46273
0.394336
0.188458
0.679944
0.687272
0.677925
0.717732
0.804196
0.911669
0.015327
0.214129
0.548439
0.937039
0.737547
0.627233
0.113363
0.226701
0.082558
0.106818
0.745131
0.30985
0.122655
0.027121
0.158267
0.269983
0.113994
0.104503
0.748502
0.763214
0.232434
0.732406
0.198678
0.927012
0.427681
0.967492
0.953669
0.1416
0.33741
0.56377
0.925074
0.080939
0.930603
0.744556
0.036132
0.25603
0.230282
0.673753
0.021256
0.62609
0.9519
0.196153
0.70971
0.608496
0.694883
0.257369
0.369965
0.845233
0.544277
0.633196
0.334189
0.628794
0.708726
0.054989
0.435892
0.543199
0.23337
0.555018
0.376287
0.700983
0.428902
0.794459
0.500359
0.16888
0.830756
0.066401
0.386968
0.653535
0.907616
0.358833
0.945018
0.639841
0.28383
0.760123
0.345825
0.592596
0.917801
0.281092
0.690345
0.521647
0.181822
0.997187
0.434686
0.778611
0.278749
0.858507
0.350828
0.003262
0.407238
0.855392
0.982072
0.126739
0.946388
0.806465
0.672476
0.702165
0.171272
0.346322
0.223509
0.046937
0.334558
0.204901
0.549083
0.008894
0.083078
0.988029
0.663018
0.292755
0.818372
0.856339
0.039815
0.380965
0.837834
0.221109
0.476155
0.934181
0.262265
0.123044
0.206233
0.739762
0.169041
0.131179
0.679578
0.125491
0.309181
0.835146
0.809362
0.635055
0.836029
0.259881
0.293736
0.912992
0.968197
0.159059
0.627305
0.759864
0.353996
0.104678
0.595473
0.972564
0.411848
0.882718
0.24769
0.928585
0.459706
0.532662
0.718024
0.879991
0.011781
0.645976
0.257211
0.85919
0.025981
0.616422
0.808079
0.88279
0.017042
0.088558
0.412295
0.489857
0.501423
0.385672
0.368017
0.651393
0.607814
0.871314
0.934809
0.947771
0.23323
0.914584
0.439391
0.452857
0.865198
0.373174
0.40449
0.401247
0.212901
0.577479
0.662054
0.897309
0.9455
0.125921
0.998954
0.405465
0.322856
0.936589
0.156743
0.843197
0.932792
0.594811
0.847771
0.560248
0.625111
0.71544
0.001374
0.823722
0.121189
0.819349
0.218704
0.893892
0.132505
0.180887
0.883825
0.694783
0.381563
0.470695
0.02605
0.180106
0.568369
0.225304
0.627437
0.406045
0.4365