256 2
0
33
123
1
45
70
2
192
239
3
218
246
0
4
99
5
121
216
6
58
213
7
53
135
8
174
203
9
69
79
10
14
93
11
81
135
5
12
111
13
99
228
14
60
183
15
43
111
16
154
205
17
157
210
18
131
245
19
126
128
20
33
120
21
58
144
22
182
196
23
36
205
24
163
196
7
25
217
26
81
113
27
116
188
28
162
217
29
39
147
30
104
182
31
141
247
7
32
215
33
116
162
0
34
239
31
35
247
36
136
197
37
153
172
38
156
227
2
39
64
4
40
251
41
115
250
42
134
165
43
52
127
44
85
115
10
45
220
25
46
182
47
113
191
48
94
146
49
209
247
9
10
50
35
51
238
52
62
64
53
76
144
49
54
226
24
55
176
56
135
206
57
110
193
50
58
251
59
102
168
17
60
214
1
49
61
62
105
195
55
63
70
64
169
216
65
107
196
66
74
135
67
76
141
65
68
184
13
69
195
70
117
240
71
103
130
42
72
155
73
92
240
16
68
74
75
159
189
30
36
76
77
78
99
37
78
198
79
97
206
4
80
207
47
81
144
53
82
129
49
70
83
41
79
84
9
85
160
48
86
121
21
29
87
88
179
219
89
114
219
87
90
189
60
91
238
92
118
155
39
93
121
13
94
233
95
144
191
92
96
153
81
97
163
43
81
98
46
99
250
83
85
100
67
101
131
31
102
202
77
103
192
55
104
175
40
51
105
106
152
185
46
107
128
40
108
188
67
109
119
81
110
198
111
202
248
3
4
112
113
120
219
102
114
200
84
115
228
53
116
217
117
131
169
51
118
238
115
119
140
69
75
120
49
121
147
12
107
122
82
103
123
99
124
172
16
25
125
126
148
196
127
163
222
37
122
128
40
114
129
67
72
130
49
131
205
132
154
188
18
60
133
3
50
134
47
135
239
27
136
224
124
137
195
43
138
149
48
75
139
122
140
253
141
222
238
44
142
226
41
140
143
70
144
210
118
145
172
89
146
210
23
147
195
127
148
189
91
149
231
150
175
192
32
83
151
77
152
226
32
35
153
110
154
217
155
169
222
123
156
186
157
219
255
14
158
250
7
159
171
49
64
160
87
145
161
51
162
222
64
163
223
161
164
204
38
55
165
83
166
198
167
219
222
114
168
223
10
21
169
73
81
170
18
171
175
151
172
207
150
170
173
113
174
205
29
175
197
143
153
176
9
177
246
56
178
199
179
193
253
82
157
180
81
123
181
25
75
182
29
183
228
95
103
184
96
185
222
48
73
186
27
187
253
184
188
245
6
189
209
123
166
190
98
125
191
184
192
218
40
177
193
80
133
194
136
195
216
149
196
253
102
117
197
59
128
198
14
83
199
37
171
200
6
77
201
13
131
202
36
132
203
77
113
204
7
179
205
74
135
206
10
177
207
184
208
220
143
202
209
175
210
223
179
211
252
122
212
243
50
213
234
52
58
214
4
14
215
12
17
216
11
217
224
26
173
218
2
203
219
21
94
220
65
221
239
78
181
222
208
223
254
73
115
224
73
122
225
124
215
226
14
183
227
181
228
251
50
116
229
89
178
230
6
231
244
113
232
234
18
168
233
107
122
234
73
122
235
121
165
236
61
128
237
107
185
238
5
105
239
221
231
240
20
116
241
117
154
242
173
188
243
24
108
244
166
190
245
31
181
246
103
162
247
24
90
248
123
158
249
5
38
250
82
103
251
51
139
252
93
100
253
65
205
254
142
157
255
0.558755
0.826164
0.52234
0.030682
0.552492
0.850823
0.06061
0.06834
0.926031
0.785756
0.910079
0.501012
0.697917
0.889471
0.297252
0.887403
0.350416
0.246022
0.004968
0.344231
0.823575
0.755263
0.505424
0.412174
0.628203
0.771067
0.404679
0.985983
0.06913
0.424146
0.833808
0.153557
0.647351
0.930122
0.20072
0.255274
0.820156
0.147119
0.564777
0.745361
0.262993
0.147228
0.503914
0.02131
0.65291
0.478703
0.275738
0.012189
0.74109
0.923476
0.904196
0.578447
0.069515
0.741743
0.450274
0.812995
0.755557
0.249502
0.24178
0.690092
0.059054
0.780957
0.532611
0.276543
0.307333
0.628015
0.010704
0.511516
0.804299
0.041377
0.187463
0.780957
0.96621
0.166821
0.643787
0.944722
0.132677
0.071324
0.700285
0.709681
0.881399
0.082984
0.019937
0.29531
0.30722
0.914953
0.73356
0.917302
0.712668
0.28215
0.973685
0.567474
0.820001
0.944325
0.460832
0.547635
0.733581
0.511555
0.998795
0.890448
0.421859
0.297983
0.187569
0.138724
0.713598
0.970299
0.546635
0.079262
0.649787
0.162176
0.209233
0.778697
0.889038
0.21024
0.280606
0.71395
0.362777
0.766693
0.976503
0.958353
0.926183
0.831247
0.11748
0.039134
0.925341
0.738039
0.245374
0.882129
0.073902
0.6071
0.935136
0.546416
0.809277
0.369636
0.407265
0.557669
0.674037
0.753676
0.375478
0.694485
0.476937
0.493997
0.148535
0.207829
0.148218
0.362993
0.826824
0.069364
0.793379
0.342354
0.855883
0.371141
0.354227
0.588769
0.930716
0.296126
0.249308
0.173143
0.473884
0.989316
0.765536
0.341811
0.443474
0.97701
0.467682
0.657861
0.612987
0.252233
0.975758
0.933703
0.822501
0.400769
0.433642
0.383954
0.651836
0.8712
0.506303
0.897534
0.52495
0.682549
0.13064
0.338539
0.676602
0.046972
0.654518
0.592347
0.735005
0.347239
0.879502
0.333683
0.050068
0.601907
0.829509
0.782452
0.255636
0.059635
0.398031
0.202687
0.922748
0.046197
0.068743
0.709585
0.263231
0.147199
0.316758
0.451418
0.504542
0.949775
0.559937
0.19796
0.59729
0.781372
0.717826
0.443305
0.478817
0.435144
0.978238
0.930273
0.615398
0.490102
0.159436
0.417579
0.875269
0.527442
0.202954
0.358152
0.218364
0.84011
0.549698
0.704449
0.252298
0.717949
0.672333
0.37661
0.543591
0.554508
0.332838
0.308964
0.576457
0.337924
0.990388
0.255436
0.641994
0.14354
0.573925
0.199765
0.298306
0.915971
0.141462
0.288369
0.738655
0.771728
0.765447
0.62409
0.667997
0.840233
0.481663
0.286173
0.882697
0.513539
0.625068
0.893094
0.833161
0.288294
0.100484
0.668676
0.398022
0.599304
0.525386
0.652671
0.54801
0.869831
0.9801
0.5314
0.231484
0.682076
0.456177
0.005171
0.847637
0.062567
0.780341
0.532505
0.190214
0.026843
0.542213
0.386836
0.144174
0.939645
0.154246
0.541966
0.646004
0.315684
0.446664
0.164692
0.231823
0.953623
0.846902
0.285396
0.902602
0.393691
0.195534
0.946912
0.760876
0.692778
0.617369
0.077295
0.879814
0.238345
0.885102
0.391665
0.739449
0.590064
0.513433
0.545872
0.610553
0.672593
0.618343
0.447071
0.105355
0.119212
0.186831
0.602686
0.588489
0.693361
0.559913
0.566097
0.893807
0.885317
0.392664
0.099941
0.748944
0.664515
0.544
0.569755
0.270112
0.96695
0.648821
0.811906
0.018282
0.548513
0.334932
0.507856
0.306576
0.427007
0.108473
0.845096
0.916782
0.444937
0.006691
0.206843
0.712184
0.424565
0.260413
0.998376
0.600439
0.424771
0.309791
0.477181
0.528483
0.656574
0.008269
0.466044
0.101931
0.913121
0.818197
0.700828
0.40866
0.151192
0.760733
0.34952
0.669042
0.691503
0.637015
0.4249
0.224645
0.087738
0.03787
0.721555
0.930756
0.783558
0.660468
0.986142
0.107817
0.815048
0.685532
0.873927
0.866006
0.570903
0.21766
0.707252
0.59971
0.024788
0.472951
0.18215
0.730961
0.584858
0.661255
0.163125
0.009971
0.675873
0.272871
0.615775
0.301046
0.601488
0.915083
0.283195
0.286126
0.834567
0.573432
0.736386
0.565058
0.288815
0.363156
0.099329
0.164687
0.79017
0.589074
0.707562
0.171553
0.585224
0.726296
0.454316
0.913446
0.485901
0.040724
0.231208
0.974676
0.88334
0.014984
0.821758
0.109678
0.215973
0.73794
0.275745
0.042298
0.21536
0.527199
0.194215
0.052676
0.048331
0.671197
0.684789
0.494978
0.833004
0.800516
0.220414
0.322365
0.042813
0.459994
0.864212
0.201882
0.986893
0.465999
0.654217
0.656633
0.570826
0.599604
0.544384
0.673751
0.834595
0.906861
0.516415
0.567087
0.497392
0.697884
0.126246
0.141144
0.502921
0.111337
0.720391
0.316687
0.744126
0.428112
0.915478
0.446801
0.755015
0.791522
0.56817
0.26161
0.442396
0.953796
0.331613
0.365861
0.806356
0.687279
0.242932
0.843887
0.814312
0.151138
0.193232
0.430883
0.790297
0.000369
0.685929
0.919383
0.061445
0.631272
0.533465
0.213251
0.060649
0.047807
0.81725
0.488817
0.773667
0.967396
0.915888
0.47852
0.242958
0.405928
0.91071
0.068517
0.795984
0.066961
0.911838
0.768355
0.858749
0.823501
0.937761
0.392029
0.799059
0.60053
0.181772
0.183796
0.635157
0.041417
0.118456
0.067781
0.27142
0.19918
0.743813
0.305973
0.124381
0.805454
0.853606
0.37738
0.510824
0.848939
0.80226
0.236391
0.325374
0.446381
0.779443
0.688867
0.509805
0.059564
0.733269
0.589134
0.424767
0.917413
0.500278
0.99914
0.593076
0.797845
0.509607
0.105036
0.671658
0.263937
0.524456
0.821062
0.335058
0.774705
0.032131
0.109595
0.429105
0.943947
0.003255
0.689641
0.612287
0.298948
0.136844
0.296686
0.312492
0.846856
0.984471
0.660773
0.414019
0.568573
0.376773
0.120229
0.975683
0.066962
0.844699
0.315307
0.84871
0.322032
0.926348
0.844631
0.028882
0.614124
0.718542
0.915975
0.482023
0.505293
0.628361
0.236607
0.6775
0.742946
0.183597
0.682942
0.95077
0.05423
0.505428
0.889415
0.670254
0.280861
0.219735
0.700473
0.51122
0.416658
0.460876
0.291785
0.63336
0.686599
0.86977
0.191493
0.78178
0.376132
0.862671
0.668849
0.661524
0.956425
0.21228
0.769716
0.283425
0.497685
0.366023
0.89158
0.939737
0.087745
0.068488
0.424189
0.793242
0.659052
0.960908
0.329801
0.735577
0.944494
0.947775
0.476488
0.586598
0.455663
0.600619
0.295472
0.259022
0.315949
0.527268
0.973006
0.202295
0.748017
0.791131
0.391619
0.573547
0.496816
0.586349
0.452405
0.951377
0.915932
0.85854
0.805631
0.880807
0.203724
0.934012
0.299515
0.711331
0.394133
0.02258
0.420782
0.111408
0.366997
0.565999
0.973352
0.959074
0.771097
0.012567
0.119958
0.894211
0.208321
0.686058
0.806352
0.560334
0.571856
0.33676
0.104137
0.423817
0.804581
0.612701
0.9247
0.088813
0.657058
0.071919
0.887436
0.210507
0.131734
0.031794
0.747278
0.122924
0.789931
0.230382
0.636643
0.79561
0.848079
0.862049
0.427778
0.528891
0.582028
0.449985
0.840075
0.057601
0.989895
0.53314
0.487215
0.900331
0.854921
0.686405
0.199572
0.757311
0.758977
0.131875
0.958008
0.472085
0.893282
0.45147
0.627858
0.214001
0.520619
0.699751
0.726017
0.195264
0.616104
0.618403
0.901394
0.620728
0.805769
0.575225
0.935919
0.822603
0.420303
0.342826
0.573481
0.361728
0.021273
0.421173
0.324642
0.009947
0.703023
0.450124
0.82117
0.17842
0.446811
0.981881
0.165329
0.475957
0.436502
0.684329
0.407726
0.003809
0.089271
0.998066
0.34954
0.401287
0.324481
0.300212
0.420969
0.785399
0.030983
0.216934
0.008564
0.934109
0.654791
0.019879
0.087019
0.471476
0.896982
0.102169
0.6539
0.495579
0.062773
0.333078
0.47614
0.236469
0.660901
0.362125
0.624144
0.277745
0.571979
0.493912
0.764498
0.813187
0.219848
0.328423
0.225987
0.369357
0.841999
0.674257
0.291608
0.967472
0.978194
0.825569
0.068005
0.998208
0.290413
0.014108
0.297887
0.8793
0.76638
0.886407
0.474361
0.658367
0.227036
0.507352
0.876831
0.92458
0.178758
0.50112
0.902395
0.520526
0.634275
0.548608
0.048392
0.442963
0.312399
0.808154
0.425069
0.15994
0.358711
0.812661
0.219801
0.044984
0.034752
0.642488
0.545002
0.676628
0.958021
0.730006
0.176887
0.114111
0.815957
0.736843
0.818772
0.651449
0.556943
0.762923
0.908543
0.911292
0.741874
0.252729
0.091517
0.379057
0.10793
0.0864
0.918079
0.388493
0.903166
0.210213
0.352952
0.398953
0.726238
0.606437
0.273544
0.955687
0.539776
0.219984
0.919149
0.202606
0.699886
0.435646
0.252383
0.819376
0.148528
0.65746
0.995654
0.84205
0.740841
0.734946
0.790898
0.534048
0.297896
0.458853
0.709345
0.100533
0.312186
0.762259
0.977392
0.583389
0.979415
0.060966
0.313234
0.126699
0.323708
0.690624
0.149818
0.261735
0.152658
0.709083
0.45108
0.872791
0.199379
0.010831
0.305749
0.308697
0.87373
0.45969
0.820934
0.968242
0.809238
0.899581
0.90144
0.728439
0.401097
0.141671
0.250275
0.44609
0.676215
0.827589
0.862472
0.905552
0.038671
0.690235
0.899892
0.204471
0.469773
0.781519
0.458806
0.272219
0.152725
0.865237
0.481359
0.232693
0.970431
0.332253
0.773219
0.696423
0.259031
0.113948
0.033011
0.418546
0.337641
0.947924
0.797783
0.728022
0.085825
0.101204
0.156348
0.045508
0.277941
0.638753
0.985389
0.661913
0.12986
0.318978
0.688277
0.66849
0.62351
0.303411
0.971147
0.679983
0.599791
0.142113
0.182014
0.462545
0.280385
0.620013
0.54516
0.397505
0.42801
0.547144
0.329964
0.977596
0.758448
0.802092
0.548857
0.662634
0.114245
0.089439
0.057087
0.337118
0.113465
0.786975
0.984113
0.796669
0.48397
0.254712
0.143178
0.335697
0.013368
0.045738
0.762791
0.919552
0.150668
0.439996
0.064101
0.096568
0.440921
0.80513
0.391726
0.356945
0.101925
0.45303
0.721593
0.795346
0.063096
0.481467
0.488138
0.839422
0.040226
0.864483
0.342097
0.708935
0.472626
0.316841
0.333319
0.99582
0.14723
0.755647
0.896558
0.038504
0.294773
0.273821
0.471359
0.680893
0.386018
0.529117
0.37408
0.305274
0.317869
0.046289
0.541509
0.42197
0.550907
0.693711
0.468634
0.003725
0.616789
0.017083
0.522229
0.248354
0.973055
0.752592
0.659629
0.340258
0.637582
0.830393
0.706638
0.442953
0.920622
0.355424
0.266578
0.710117
0.355268
0.095368
0.393527
0.723513
0.182488
0.155088
0.747901
0.070896
0.96875
0.296016
0.140428
0.276528
0.046868
0.560108
0.22292
0.63127
0.57521
0.749411
0.532107
0.29968
0.109879
0.50211
0.1332
0.084184
0.155722
0.461907
0.962333
0.887312
0.51862
0.745956
0.121748
0.073126
0.635651
0.78486
0.379056
0.657052
0.795769
0.070998
0.182729
0.164425
0.405111
0.334032
0.034251
0.361255
0.701405
0.829385
0.452429
0.517924
0.449299
0.475889
0.85805
0.372259
0.907467
0.44484
0.402802
0.412073
0.504387
0.621177
0.480936
0.951204
0.058346
0.792836
0.253229
0.453933
0.332818
0.43498
0.486151
0.005227
0.138181
0.034582
0.403477
0.456688
0.795176
0.168256
0.534909
0.926516
0.325708
0.431634
0.047477
0.029333
0.856449
0.974205
0.676647
0.305084
0.167661
0.475574
0.353377
0.684985
0.661346
0.524225
0.772332
0.779786
0.232394
0.515255
0.949104
0.575012
0.150504
0.440486
0.03941
0.261116
0.337441
0.584347
0.424878
0.346572
0.51027
0.882515
0.036505
0.902592
0.223907
0.500222
0.621858
0.335203
0.820071
0.544453
0.569298
0.235968
0.252565
0.373731
0.761284
0.005348
0.40754
0.212796
0.342306
0.59539
0.124335
0.384864
0.444996
0.487816
0.93855
0.419562
0.33008
0.969991
0.489268
0.676053
0.595196
0.433229
0.054087
0.858347
0.568734
0.917566
0.215387
0.725449
0.735263
0.957273
0.19467
0.720245
0.452393
0.640638
0.855686
0.952209
0.535446
0.139657
0.155186
0.161028
0.351196
0.104081
0.082208
0.263093
0.023934
0.2698
0.648139
0.765733
0.973707
0.948313
0.801493
0.872789
0.369027
0.666053
0.941192
0.535173
0.629386
0.058672
0.635057
0.573107
0.552013
0.941577
0.115329
0.789653
0.777236
0.122906
0.1635
0.645271
0.003946
0.507326
0.496423
0.096752
0.297166
0.952073
0.41999
0.789061
0.634567
0.065046
0.582835
0.149213
0.939749
0.99089
0.380428
0.221689
0.986989
0.592883
0.291557
0.17898
0.821326
0.457834
0.583247
0.246419
0.350229
0.013805
0.438011
0.994811
0.063641
0.641124
0.870399
0.960977
0.044261
0.031388
0.925573
0.031675
0.417109
0.66956
0.058607
0.865896
0.174864
0.989086
0.55319
0.356242
0.615636
0.259271
0.216235
0.064503
0.804705
0.779564
0.594471
0.276859
0.867195
0.334124
0.51964
0.637121
0.525704
0.867771
0.052895
0.798378
0.656851
0.69986
0.691929
0.049395
0.431293
0.190818
0.590008
0.70405
0.637972
0.404997
0.635796
0.753665
0.521558
0.141188
0.740156
0.63655
0.323288
0.396344
0.169622
0.583007
0.810819
0.302422
0.648522
0.957256
0.525277
0.194902
0.188497
0.133417
0.072874
0.290829
0.617016
0.999341
0.835421
0.671757
0.754933
0.497374
0.419155
0.614814
0.598655
0.708414
0.151045
0.452314
0.967637
0.781939
0.548583
0.794014
0.706032
0.926735
0.99516
0.289709
0.878839
0.706312
0.838544
0.279409
0.920472
0.492301
0.627824
0.058889
0.92198
0.963548
0.424065
0.330191
0.883825
0.728279
0.623304
0.718517
0.9278
0.714617
0.889855
0.818575
0.22111
0.682483
0.138729
0.830031
0.199418
0.688475
0.062554
0.325615
0.925036
0.84366
0.039474
0.987869
0.740459
0.71889
0.787063
0.053736
0.043927
0.472465
0.368566
0.120399
0.595294
0.730904
0.804455
0.357273
0.059346
0.818619
0.928058
0.832492
0.530974
0.073661
0.294751
0.532381
0.571703
0.154393
0.121893
0.92487
0.382232
0.29544
0.644247
0.085514
0.447399
0.71033
0.574332
0.118233
0.674844
0.897021
0.571836
0.073103
0.267894
0.896505
0.671054
0.023274
0.310807
0.341888
0.978227
0.176034
0.385112
0.029849
0.736046
0.142168
0.644996
0.376925
0.624144
0.856141
0.669365
0.018609
0.6288
0.400735
0.951991
0.00158
0.231444
0.647739
0.031295
0.090625
0.927099
0.701045
0.36761
0.330092
0.18913
0.767329
0.723345
0.23135
0.314191
0.647891
0.154067
0.697784
0.152468
0.333308
0.98149
0.913625
0.151871
0.980548
0.710605
0.109464
0.170593
0.213663
0.622841
0.208395
0.611695
0.313688
0.076691
0.472936
0.148062
0.030622
0.732233
0.929049
0.063935
0.147137
0.957867
0.796903
0.551163
0.443049
0.268062
0.425089
0.920116
0.347139
0.147826
0.015828
0.413886
0.298046
0.714888
0.009576
0.641028
0.646091
0.741498
0.056847
0.106147
0.932706
0.733465
0.502581
0.163714
0.92837
0.263939
0.927182
0.54843
0.810048
0.69112
0.150813
0.492056
0.994444
0.053382
0.104676
0.048091
0.480151
0.745062
0.968287
0.726284
0.39363
0.121554
0.028242
0.297457
0.727298
0.174099
0.801736
0.272898
0.157191
0.686321
0.654386
0.485108
0.037322
0.256764
0.408734
0.713351
0.558537
0.618548
0.40524
0.547911
0.249989
0.813984
0.855175
0.915095
0.302844
0.350062
0.991511
0.520107
0.179677
0.403205
0.198911
0.287416
0.162437
0.451531
0.005076
0.306279
0.241925
0.581139
0.18784
0.524474
0.402826
0.211002
0.189065
0.520969
0.529717
0.662078
0.650696
0.944539
0.551774
0.343773
0.856691
0.728265
0.631739
0.591887
0.989958
0.621417
0.60649
0.176683
0.223009
0.682258
0.518831
0.21443
0.077408
0.050046
0.135956
0.284707
0.567966
0.338243
0.760603
0.05162
0.942929
0.148707
0.691531
0.43317
0.996731
0.686372
0.303825
0.86867
0.32144
0.183656
0.406221
0.589581
0.526989
0.288855
0.668233
0.349764
0.438674
0.932897
0.983894
0.989494
0.21548
0.770818
0.839656
0.003697
0.750432
0.667199
0.588236
0.610347
0.258263
0.119128
0.473782
0.371935
0.657551
0.496167
0.014142
0.201297
0.062549
0.237818
0.306662
0.059788
0.916675
0.050407
0.367399
0.119814
0.843699
0.643526
0.280723
0.834172
0.487445
0.988738
0.153848
0.711884
0.512856
0.771211
0.663556
0.406559
0.474371
0.821298
0.829684
0.655352
0.281646
0.729171
0.84806
0.828199
0.979931
0.561059
0.647167
0.711984
0.217187
0.64469
0.748651
0.281178
0.966265
0.094032
0.121031
0.001798
0.292812
0.101305
0.870149
0.873013
0.376612
0.044255
0.915329
0.984069
0.760104
0.050446
0.164712
0.246579
0.298936
0.943675
0.507992
0.194909
0.89759
0.504143
0.203607
0.344567
0.427863
0.260338
0.470477
0.742496
0.660185
0.760627
0.73979
0.377329
0.62385
0.377797
0.812445
0.259594
0.297873
0.482567
0.185341
0.119294
0.5005
0.779694
0.181415
0.867514
0.876189
0.488157
0.849568
0.416883
0.052405
0.548393
0.623705
0.430338
0.096301
0.681525
0.527348
0.855344
0.181652
0.048806
0.24689
0.764542
0.159608
0.618814
0.671484
0.593227
0.584937
0.899899
0.757541
0.472001
0.303663
0.358966
0.172769
0.680766
0.616893
0.91298
0.201958
0.762269
0.417673
0.515893
0.995689
0.526213
0.528946
0.730806
0.687277
0.747863
0.026185
0.374155
0.814952
0.605805
0.118945
0.629887
0.022834
0.273944
0.213062
0.860889
0.63498
0.026716
0.044337
0.454253
0.930875
0.121542
0.180695
0.861718
0.093479
0.122362
0.414948
0.405783
0.361454
0.727863
0.376761
0.599553
0.129692
0.758383
0.645168
0.043913
0.362715
0.106262
0.715622
0.513758
0.62429
0.711344
0.230018
0.428344
0.2318
0.207
0.183326
0.44319
0.983793
0.714824
0.101572
0.996914
0.920926
0.142395
0.540956
0.149362
0.354046
0.187323
0.65826
0.069046
0.23911
0.460735
0.506452
0.205381
0.40366
0.972792
0.632304
0.804377
0.34986
0.323409
0.393227
0.533912
0.068947
0.684283
0.212655
0.46048
0.373598
0.319815
0.579028
0.553824
0.794925
0.231606
0.087095
0.919849
0.67138
0.881324
0.628931
0.21452
0.958941
0.883676
0.786179
0.221684
0.926846
0.422117
0.173298
0.028006
0.575197
0.651291
0.755804
0.593666
0.102587
0.429759
0.05282
0.945261
0.044995
0.907882
0.481088
0.114215
0.70412
0.373343
0.005153
0.357206
0.586878
0.355426
0.05545
0.912795
0.850048
0.416669
0.672477
0.346929
0.83872
0.628827
0.169188
0.003864
0.314769
0.072395
0.803009
0.222921
0.396131
0.013184
0.163855
0.612332
0.694651
0.140692
0.294435
0.924115
0.730773
0.770778
0.978903
0.83537
0.884143
0.272234
0.10498
0.904007
0.262222
0.000651
0.384369
0.568115
0.546548
0.313047
0.924643
0.057943
0.097638
0.966601
0.510137
0.374436
0.056026
0.925813
0.842862
0.268248
0.616119
0.493346
0.067897
0.995113
0.297766
0.100812
0.526475
0.090718
0.28802
0.686894
0.236661
0.734896
0.587306
0.374682
0.652398
0.65338
0.404473
0.019967
0.251339
0.603068
0.003215
0.256107
0.253195
0.211628
0.991874
0.123687
0.252469
0.097714
0.995487
0.16535
0.573869
0.147772
0.550641
0.051418
0.768814
0.283238
0.250275
0.915756
0.309203
0.189694
0.142807
0.417414
0.37614
0.92399
0.768829
0.252429
0.303008
0.673286
0.583011
0.642965
0.379156
0.02996
0.202329
0.229804
0.700015
0.365658
0.281684
0.410676
0.376461
0.418102
0.571146
0.214907
0.759727
0.353184
0.590489
0.277925
0.524623
0.791291
0.354864
0.594626
0.093003
0.170862
0.502751
0.069021
0.053153
0.180475
0.460442
0.138997
0.209027
0.734089
0.014517
0.281116
0.187546
0.335678
0.258011
0.95485
0.986535
0.387564
0.524698
0.712916
0.091821
0.333308
0.463682
0.915611
0.70787
0.152605
0.885556
0.308997
0.302785
0.348362
0.090651
0.168467
0.331175
0.611139
0.871648
0.616368
0.681893
0.014084
0.433094
0.062648
0.281255
0.132045
0.705929
0.385913
0.397776
0.942964
0.372087
0.192523
0.803173
0.009268
0.354241
0.824367
0.286596
0.78586
0.932998
0.76787
0.874341
0.712909
0.903651
0.489486
0.970893
0.666876
0.35057
0.948174
0.989542
0.430984
0.670971
0.150171
0.008183
0.665492
0.255062
0.933474
0.314961
0.139144
0.681791
0.240548
0.698421
0.635593
0.031252
0.986184
0.821701
0.010231
0.15161
0.648173
0.147806
0.471585
0.114543
0.023649
0.439742
0.65181
0.775617