256 2
0
180
209
1
77
227
2
68
82
3
142
229
4
166
192
5
8
66
6
117
185
7
101
111
8
189
223
9
45
252
10
119
192
11
12
235
0
12
47
13
56
92
14
56
177
15
175
183
16
130
177
17
194
253
18
106
232
19
74
251
20
153
180
21
225
233
5
22
35
23
149
252
24
151
219
25
138
145
3
26
195
27
87
188
28
74
164
29
87
225
25
30
71
8
31
218
32
81
235
33
66
117
34
194
244
15
35
253
36
124
166
37
80
154
21
38
247
31
39
70
40
161
253
41
111
133
42
117
172
16
43
142
44
206
249
45
141
250
46
146
237
32
47
250
48
101
170
49
110
177
50
147
151
51
153
227
31
43
52
53
131
182
19
54
88
55
75
187
46
56
155
15
57
247
58
90
95
59
170
237
60
178
249
51
61
190
62
246
253
41
63
184
64
127
229
50
65
184
66
84
133
67
146
168
54
68
179
57
67
69
70
110
164
71
173
255
47
72
188
73
102
117
63
74
89
1
75
194
76
104
172
77
180
254
50
78
124
79
219
245
80
99
162
81
86
133
30
82
104
10
37
83
84
169
255
85
108
154
86
172
251
87
118
137
19
88
147
8
46
89
74
90
215
18
86
91
13
92
155
7
93
238
70
94
178
20
95
178
64
96
183
97
193
200
10
98
190
99
193
196
54
100
123
69
101
139
4
51
102
29
103
136
26
79
104
99
105
112
106
130
238
61
107
145
108
128
139
58
66
109
35
61
110
111
123
231
112
150
234
77
113
192
20
114
154
102
115
197
40
116
144
117
210
219
118
171
188
55
119
120
120
134
203
29
121
190
64
72
122
38
123
155
102
124
201
125
129
246
60
74
126
127
159
196
128
141
247
54
129
132
48
130
204
115
131
152
68
88
132
68
133
228
134
166
214
77
118
135
136
152
175
137
147
232
138
175
213
2
139
147
77
140
249
141
215
243
84
142
163
53
143
215
140
144
170
28
145
225
91
146
249
147
149
236
20
148
246
81
149
154
150
211
233
4
44
151
28
152
232
115
153
223
154
208
239
69
138
155
2
156
236
151
157
221
47
53
158
24
39
159
109
160
242
21
67
161
80
162
237
163
243
252
131
164
182
165
180
245
166
195
215
27
167
249
161
168
255
160
169
240
60
80
170
171
201
245
85
99
172
137
173
176
72
174
245
149
168
175
166
176
207
46
142
177
4
128
178
179
184
202
85
128
180
69
181
239
8
22
182
14
109
183
57
184
198
185
214
246
13
113
186
32
183
187
50
165
188
129
189
241
119
190
192
3
191
226
192
195
238
17
193
252
81
194
197
84
195
200
63
196
227
3
129
197
0
113
198
58
156
199
200
223
248
95
162
201
61
86
202
35
187
203
14
196
204
55
85
205
193
206
245
162
207
230
7
88
208
37
179
209
68
78
210
103
192
211
149
173
212
130
190
213
116
194
214
37
97
215
99
159
216
12
115
217
218
229
231
11
216
219
174
196
220
141
182
221
18
134
222
38
166
223
60
165
224
22
31
225
174
197
226
75
155
227
65
112
228
77
90
229
183
195
230
44
50
231
88
181
232
132
149
233
158
223
234
4
115
235
34
181
236
56
237
239
39
226
238
196
215
239
94
114
240
8
159
241
123
181
242
70
144
243
118
136
244
53
169
245
207
233
246
29
32
247
16
235
248
0
47
249
17
245
250
168
217
251
172
246
252
161
234
253
40
111
254
151
230
255
0.771222
0.737631
0.914979
0.54339
0.320487
0.151306
0.09023
0.973118
0.571405
0.004351
0.137616
0.520194
0.003198
0.231705
0.998064
0.890477
0.01208
0.28803
0.038291
0.003153
0.323506
0.19783
0.497487
0.895444
0.417061
0.3769
0.715973
0.493231
0.48902
0.851179
0.283095
0.016148
0.081926
0.312654
0.526193
0.000454
0.060765
0.754632
0.784403
0.949454
0.491699
0.783367
0.779499
0.995591
0.115223
0.999842
0.508664
0.728716
0.131923
0.014706
0.06003
0.835799
0.58955
0.418879
0.657246
0.883925
0.49619
0.987226
0.984101
0.28961
0.054926
0.634039
0.45252
0.781978
0.650568
0.448351
0.221438
0.824346
0.009492
0.740957
0.943677
0.529782
0.010242
0.118291
0.001975
0.569865
0.07173
0.684139
0.515812
0.50833
0.071437
0.646655
0.065593
0.695083
0.187764
0.392436
0.66083
0.759179
0.382464
0.974455
0.847613
0.404576
0.817913
0.694107
0.209387
0.200134
0.560938
0.111321
0.8137
0.786086
0.723886
0.174752
0.307521
0.014478
0.71402
0.592148
0.832174
0.472881
0.843543
0.236131
0.033979
0.568289
0.902011
0.162785
0.37799
0.38204
0.587351
0.324991
0.368693
0.057691
0.913034
0.352842
0.632065
0.414692
0.802341
0.975504
0.807941
0.19947
0.023068
0.85371
0.12905
0.404573
0.945585
0.085231
0.500859
0.698016
0.507063
0.934354
0.614416
0.409066
0.695372
0.093985
0.367731
0.35954
0.010116
0.467979
0.994372
0.204174
0.87972
0.445873
0.42514
0.260902
0.579479
0.999799
0.235696
0.834278
0.971625
0.355034
0.715472
0.054604
0.022205
0.561937
0.697896
0.009422
0.902348
0.407749
0.460483
0.427711
0.596417
0.41233
0.756601
0.72815
0.053861
0.280037
0.865729
0.29052
0.584913
0.460052
0.346192
0.138302
0.009344
0.841948
0.869889
0.692982
0.064715
0.066571
0.909087
0.115223
0.815552
0.864712
0.791521
0.450602
0.693018
0.795996
0.140916
0.372074
0.238913
0.511326
0.666308
0.814508
0.505914
0.482204
0.747004
0.573082
0.466633
0.705692
0.112736
0.3362
0.495101
0.167256
0.733202
0.608139
0.555454
0.913298
0.105396
0.566535
0.756075
0.262173
0.57926
0.032368
0.952634
0.082685
0.348621
0.479315
0.350546
0.87896
0.075958
0.599197
0.792251
0.510462
0.78291
0.746208
0.111285
0.783102
0.380469
0.331339
0.04586
0.756873
0.197541
0.660053
0.556127
0.564429
0.588987
0.135898
0.153668
0.683477
0.594678
0.148671
0.640666
0.719042
0.348796
0.513946
0.083954
0.623455
0.24084
0.585584
0.113225
0.25312
0.66204
0.11406
0.179415
0.145934
0.078602
0.621423
0.97514
0.647756
0.0528
0.163957
0.824193
0.419138
0.63162
0.838632
0.25975
0.942994
0.980259
0.554581
0.987714
0.172445
0.757226
0.12584
0.307645
0.090036
0.30906
0.281441
0.280542
0.814665
0.404938
0.955927
0.165135
0.722771
0.520407
0.926095
0.838623
0.579632
0.138156
0.510892
0.635632
0.150739
0.792552
0.767972
0.629155
0.95071
0.02934
0.170773
0.997728
0.226503
0.175272
0.678203
0.942665
0.265572
0.337733
0.471775
0.478766
0.874454
0.727645
0.941728
0.60618
0.503433
0.410456
0.840431
0.923386
0.755261
0.046438
0.761197
0.883573
0.703017
0.740379
0.935776
0.487815
0.233452
0.194535
0.537805
0.572171
0.166552
0.558481
0.151967
0.225555
0.532155
0.94901
0.9371
0.941971
0.898537
0.935744
0.48102
0.685067
0.860626
0.599952
0.696464
0.380214
0.666487
0.939092
0.026977
0.798505
0.863039
0.269871
0.808215
0.826511
0.878677
0.486081
0.774261
0.588641
0.629854
0.984276
0.368272
0.900039
0.5141
0.19301
0.503204
0.703123
0.71181
0.313008
0.02497
0.940648
0.607546
0.713627
0.159776
0.298225
0.762634
0.064995
0.464961
0.89276
0.205467
0.371738
0.688086
0.326061
0.557076
0.864303
0.014911
0.515477
0.177056
0.467377
0.772364
0.85465
0.41695
0.281985
0.64727
0.461494
0.211514
0.18399
0.219778
0.251777
0.087871
0.9405
0.12331
0.463096
0.355343
0.159934
0.401449
0.594476
0.319607
0.487998
0.71262
0.14925
0.15089
0.508745
0.844862
0.293277
0.895277
0.56353
0.789878
0.884811
0.323598
0.004673
0.821357
0.582795
0.780463
0.068068
0.102119
0.663702
0.635282
0.349204
0.185161
0.785564
0.159779
0.574311
0.710824
0.21948
0.929194
0.885242
0.880136
0.231009
0.287824
0.954166
0.356098
0.034802
0.717727
0.209884
0.101819
0.607028
0.338903
0.397258
0.069204
0.313465
0.666926
0.493788
0.713373
0.246355
0.947512
0.287853
0.683976
0.796389
0.756835
0.515412
0.294008
0.478759
0.550922
0.989286
0.002495
0.321736
0.244276
0.45689
0.762937
0.361531
0.399336
0.282635
0.377016
0.525155
0.278921
0.072596
0.851309
0.009358
0.138289
0.180273
0.978017
0.410791
0.434499
0.689234
0.083112
0.232317
0.797965
0.282485
0.933843
0.932232
0.311385
0.830139
0.5584
0.593677
0.988634
0.127563
0.760108
0.609084
0.832042
0.643282
0.142733
0.097258
0.291052
0.966706
0.304825
0.13368
0.251266
0.499523
0.526325
0.61942
0.976435
0.417795
0.503974
0.532104
0.622268
0.017798
0.064409
0.776427
0.615489
0.618706
0.879153
0.708611
0.184315
0.460043
0.720655
0.068039
0.699039
0.491293
0.408416
0.706507
0.948002
0.364626
0.337986
0.322219
0.699537
0.000886
0.972826
0.246947
0.213585
0.894581
0.274592
0.896526
0.974827
0.245411
0.80523
0.586199
0.785812
0.956753
0.37264
0.77513
0.422263
0.019817
0.190728
0.497429
0.206637
0.483178
0.62853
0.136817
0.926967
0.135111
0.831265
0.087656
0.914694
0.501008
0.8106
0.141107
0.341566
0.291105
0.443835
0.391546
0.730735
0.052305
0.040915
0.907298
0.887074
0.809693
0.096239
0.963524
0.839512
0.017358
0.958852
0.149764
0.058866
0.064152
0.935511
0.940999
0.246711
0.039257
0.686915
0.354026
0.475683
0.456519
0.630195
0.474907
0.766571
0.107663
0.787227
0.607849
0.362302
0.406941
0.572115
0.783447
0.243394
0.393864
0.847537
0.86001
0.945897
0.906885
0.376498
0.21732
0.88501
0.951193
0.693409
0.991497
0.231378
0.817414
0.183871
0.187426
0.629827
0.234695
0.935881
0.124744
0.741799
0.171011
0.16072
0.865972
0.760956
0.606981
0.621074
0.790831
0.043187
0.201768
0.263093
0.572272
0.022559
0.653675
0.337686
0.163067
0.939261
0.858477
0.913983
0.695042
0.634558
0.404098
0.187143
0.210498
0.346458
0.587707
0.085196
0.155917
0.021065
0.255682
0.59159
0.192396
0.389447
0.518543
0.327801
0.952066
0.808894
0.528999
0.492029
0.691994
0.384263
0.134978
0.328922
0.483832
0.523176
0.616605
0.603422
0.411765
0.007808
0.638894
0.424353
0.905588
0.584523
0.244006
0.057021
0.983906
0.749947
0.02717
0.554153
0.63445
0.669169
0.047165
0.375525
0.34546
0.569909
0.608459
0.672364
0.396683
0.799213
0.71246
0.702601
0.486429
0.956011
0.283044
0.82359
0.753503
0.609791
0.333053
0.545092
0.810581
0.249665
0.704301
0.605578
0.517531
0.957665
0.427679
0.434972
0.118827
0.575133
0.991378
0.655472
0.284624
0.726267
0.956962
0.254651
0.311788
0.214865
0.851904
0.561005
0.035754
0.441983
0.965212
0.117508
0.188528
0.962912
0.992885
0.976666
0.589063
0.048982
0.456894
0.339994
0.110324
0.183025
0.636465
0.198782
0.719163
0.537526
0.305545
0.275753
0.144942
0.371614
0.684849
0.904319
0.481677
0.911671
0.635311
0.96643
0.79059
0.580952
0.173076
0.068171
0.587177
0.919638
0.296283
0.211685
0.66159
0.899486
0.407888
0.375683
0.561645
0.601156
0.065426
0.462906
0.400829
0.511578
0.536838
0.535731
0.264327
0.807785
0.962846
0.47612
0.166896
0.687931
0.305322
0.450952
0.860348
0.822289
0.135074
0.425779
0.411464
0.495686
0.638855
0.794649
0.85102
0.276958
0.813307
0.004706
0.872845
0.93301
0.484848
0.79934
0.091638
0.228226
0.014541
0.539151
0.198996
0.774701
0.616721
0.567375
0.837191
0.969289
0.807379
0.522689
0.626072
0.952836
0.051368
0.642015
0.871903
0.643767
0.041232
0.407738
0.812894
0.653484
0.946377
0.740098
0.13706
0.728512
0.923005
0.734701
0.394099
0.618955
0.214757
0.581033
0.499081
0.807159
0.787687
0.096856
0.279505
0.844228
0.441555
0.334253
0.387071
0.850759
0.290301
0.053075
0.127789
0.676113
0.21544
0.577143
0.701405
0.021502
0.902593
0.641264
0.114655
0.715382
0.7141
0.761048
0.443235
0.328516
0.753495
0.440978
0.550607
0.968499
0.01924
0.358708
0.341176
0.734912
0.038922
0.960089
0.715344
0.56153
0.519157
0.395911
0.258001
0.05043
0.704938
0.528246
0.97055
0.306828
0.217108
0.588581
0.279341
0.278853
0.270535
0.844197
0.966341
0.980786
0.342073
0.577484
0.835533
0.062082
0.086532
0.83842
0.369728
0.477421
0.635166
0.379985
0.322856
0.668471
0.889969
0.685917
0.489859
0.86979
0.641347
0.559963
0.467981
0.296376
0.197344
0.92932
0.63835
0.990119
0.818909
0.434575
0.828211
0.703621
0.485877
0.960725
0.742035
0.113076
0.445668
0.334661
0.607891
0.086156
0.869734
0.203934
0.11045
0.239678
0.452517
0.383814
0.808859
0.688477
0.67475
0.937775
0.01359
0.846348
0.215419
0.117134
0.185683
0.319848
0.998038
0.724951
0.42174
0.218115
0.101708
0.5702
0.71898
0.092878
0.019158
0.579012
0.404252
0.761672
0.336788
0.304878
0.054845
0.885535
0.607033
0.771616
0.9704
0.041885
0.298205
0.669861
0.661315
0.206446
0.529415
0.841585
0.705001
0.020131
0.587694
0.076073
0.446172
0.033347
0.28325
0.548094
0.211469
0.876081
0.949827
0.067964
0.064545
0.533405
0.632371
0.357472
0.855669
0.961135
0.505004
0.026842
0.355882
0.271077
0.91075
0.303729
0.276059
0.007283
0.470243
0.053394
0.863273
0.192082
0.726852
0.295889
0.34956
0.603051
0.546352
0.221076
0.774792
0.309445
0.753002
0.930628
0.950473
0.204431
0.748404
0.470243
0.788867
0.319326
0.259858
0.302231
0.819424
0.674838
0.254429
0.572305
0.422266
0.338207
0.477258
0.508053
0.958837
0.074679
0.367076
0.088263
0.017386
0.850816
0.001632
0.34781
0.848214
0.635009
0.215308
0.761761
0.508288
0.41826
0.926124
0.423499
0.066171
0.063285
0.218175
0.865787
0.361406
0.978594
0.36577
0.654009
0.854573
0.27928
0.102166
0.875179
0.633897
0.810512
0.414921
0.615837
0.359851
0.725302
0.107269
0.972332
0.881145
0.713328
0.466027
0.637185
0.303708
0.714119
0.808968
0.516061
0.477612
0.439808
0.414039
0.022556
0.604534
0.906021
0.294728
0.548546
0.789724
0.415278
0.094917
0.664796
0.419893
0.050649
0.416359
0.8399
0.586417
0.199468
0.86035
0.523978
0.731246
0.356214
0.631311
0.140628
0.42457
0.145598
0.084615
0.485613
0.271885
0.817823
0.344665
0.806932
0.351017
0.734502
0.524382
0.92626
0.516792
0.038586
0.785629
0.586091
0.382763
0.19479
0.525963
0.342463
0.149183
0.642062
0.221811
0.358584
0.168109
0.341525
0.729735
0.206961
0.805355
0.807125
0.327417
0.713063
0.94789
0.117345
0.217295
0.645176
0.548251
0.493622
0.977519
0.180252
0.332989
0.299892
0.080942
0.326668
0.126545
0.169021
0.046628
0.420085
0.799306
0.634534
0.767524
0.387703
0.815317
0.707682
0.224841
0.994403
0.494547
0.857069
0.50748
0.739648
0.540914
0.083912
0.516785
0.617443
0.07222
0.020262
0.888166
0.612713
0.167995
0.6907
0.668872
0.464569
0.577738
0.619558
0.913865
0.075448
0.20692
0.427018
0.49862
0.501807
0.897009
0.089093
0.116897
0.875727
0.770398
0.887584
0.77823
0.415142
0.617681
0.966975
0.988964
0.505146
0.266305
0.906231
0.711254
0.156588
0.610851
0.801769
0.338709
0.663397
0.467957
0.402668
0.993272
0.468199
0.620238
0.220439
0.732917
0.777055
0.254843
0.634152
0.812445
0.293661
0.809281
0.901862
0.834182
0.192326
0.143562
0.964456
0.080831
0.489238
0.315499
0.820988
0.420253
0.948706
0.124487
0.026624
0.745394
0.311151
0.44309
0.335924
0.271691
0.625988
0.713652
0.035653
0.054221
0.917124
0.077486
0.549726
0.147126
0.187934
0.752442
0.393002
0.748873
0.482602
0.406719
0.453599
0.681698
0.703619
0.94604
0.766042
0.047978
0.537715
0.413015
0.040052
0.245127
0.869308
0.548788
0.168629
0.060204
0.98811
0.850971
0.604636
0.749457
0.53053
0.250192
0.523831
0.242537
0.056323
0.997531
0.533856
0.297182
0.079425
0.050766
0.683253
0.358912
0.465218
0.400824
0.193528
0.224124
0.240687
0.259452
0.965758
0.463853
0.939465
0.68644
0.532033
0.535303
0.664785
0.827192
0.273568
0.996289
0.701539
0.671536
0.529314
0.631108
0.606362
0.52104
0.496037
0.865859
0.887147
0.320732
0.513724
0.430158
0.65431
0.630542
0.491929
0.572768
0.232786
0.34303
0.044719
0.691791
0.850075
0.342697
0.374369
0.007674
0.668196
0.897643
0.918661
0.735124
0.357293
0.8937
0.825811
0.430542
0.843188
0.992715
0.452972
0.907391
0.905513
0.56351
0.623792
0.705029
0.157553
0.168532
0.972728
0.622096
0.402611
0.608202
0.626722
0.218429
0.774488
0.337255
0.992608
0.083153
0.24387
0.901954
0.117234
0.532186
0.813302
0.964524
0.245451
0.91692
0.732571
0.785937
0.480933
0.702289
0.241727
0.866312
0.553134
0.255009
0.687602
0.415365
0.721162
0.447867
0.921645
0.608481
0.494305
0.856535
0.621493
0.647687
0.236155
0.554703
0.599385
0.312079
0.448323
0.705423
0.345108
0.371923
0.612164
0.768832
0.423606
0.18649
0.301813
0.720578
0.195657
0.290124
0.907424
0.689226
0.647729
0.944474
0.12594
0.978749
0.804815
0.763837
0.443366
0.551699
0.175467
0.151952
0.445047
0.373108
0.42237
0.044443
0.049957
0.97349
0.064401
0.833995
0.648332
0.278066
0.157872
0.83563
0.107078
0.083548
0.093079
0.939287
0.792252
0.512708
0.78884
0.170911
0.17698
0.258352
0.741475
0.289101
0.286866
0.317849
0.037911
0.062283
0.984674
0.84347
0.923252
0.009273
0.207422
0.853674
0.402316
0.485619
0.544829
0.235738
0.744688
0.711914
0.454803
0.886658
0.552056
0.342307
0.598598
0.483597
0.088105
0.46086
0.313852
0.977046
0.921588
0.311214
0.969056
0.140791
0.53644
0.895245
0.061341
0.400992
0.837914
0.052995
0.702419
0.247262
0.690929
0.083075
0.049135
0.677679
0.512311
0.561484
0.944724
0.124734
0.588237
0.27048
0.453352
0.413197
0.725469
0.068685
0.30205
0.375626
0.153763
0.650842
0.643428
0.857646
0.793478
0.912012
0.543927
0.895855
0.379151
0.984885
0.276082
0.13178
0.32389
0.135269
0.859413
0.726144
0.015071
0.516914
0.105879
0.173779
0.074339
0.842867
0.324829
0.153632
0.978022
0.027356
0.717555
0.488747
0.180444
0.960098
0.111937
0.82314
0.135463
0.527665
0.648037
0.424235
0.884051
0.622526
0.692982
0.186118
0.186803
0.610707
0.505836
0.039253
0.586468
0.757689
0.116924
0.216945
0.025883
0.588995
0.575017
0.648425
0.12929
0.489007
0.215761
0.954426
0.167399
0.677663
0.540666
0.151277
0.062619
0.727882
0.586608
0.028489
0.653009
0.120368
0.692503
0.370856
0.683317
0.393702
0.032686
0.377206
0.757517
0.904058
0.06016
0.946845
0.852296
0.466287
0.740503
0.350527
0.81513
0.374003
0.428788
0.030089
0.481577
0.169208
0.310525
0.59245
0.133529
0.165484
0.054354
0.517915
0.036376
0.22795
0.734865
0.303879
0.17202
0.806168
0.062987
0.925076
0.256301
0.115337
0.871378
0.214833
0.709242
0.834128
0.088131
0.270939
0.548668
0.510893
0.422199
0.810382
0.916015
0.330352
0.991027
0.358877
0.438477
0.951428
0.582957
0.353589
0.870318
0.278111
0.113331
0.188663
0.751197
0.025437
0.44952
0.192006
0.291546
0.574768
0.403569
0.912951
0.531912
0.756866
0.84272
0.668476
0.206821
0.597698
0.361262
0.979997
0.661454
0.874357
0.57664
0.020265
0.414844
0.153564
0.888658
0.708959
0.963601
0.698931
0.169743
0.876794
0.28626
0.103946
0.687206
0.846404
0.969594
0.757579
0.346138
0.748447
0.013845
0.4032
0.809512
0.619459
0.704733
0.106989
0.200656
0.177753
0.972228
0.308801
0.702239
0.991575
0.119195
0.263002
0.80437
0.666891
0.573987
0.386465
0.551983
0.696436
0.733358
0.992312
0.349282
0.72368
0.245953
0.870074
0.833624
0.667684
0.473419
0.432637
0.387218
0.550741
0.494582
0.659895
0.112236
0.429741
0.081392
0.166113
0.883235
0.430401
0.312938
0.843717
0.427603
0.734089
0.142104
0.67457
0.073746
0.981647
0.919654
0.603744
0.274563
0.450808
0.325697
0.428879
0.726498
0.361336
0.371192
0.628064
0.603936
0.285972
0.655185
0.07909
0.004853
0.693042
0.623403
0.459739
0.611918
0.153294
0.652312
0.258001
0.849246
0.477727
0.44345
0.416188
0.800838
0.760962
0.825758
0.794336
0.690993
0.634879
0.289808
0.376111
0.970332
0.449499
0.522561
0.639361
0.356632
0.173972
0.960703
0.968093
0.514532
0.583411
0.635345
0.753858
0.819978
0.41354
0.210085
0.287955
0.91626
0.389606
0.99566
0.588118
0.405777
0.445244
0.246751
0.436596
0.086322
0.198852
0.548441
0.174199
0.601833
0.71404
0.523131
0.613386
0.992393
0.403672
0.052567
0.459833
0.535672
0.641662
0.995431
0.302754
0.376475
0.450194
0.266291
0.914516
0.581639
0.720783
0.36668
0.166796
0.046387
0.935013
0.294483
0.034708
0.43586
0.673114
0.087557
0.878216
0.872089
0.758135
0.491826
0.893286
0.875827
0.822187
0.508817
0.14027
0.796295
0.141908
0.72596
0.865248
0.208828
0.580867
0.743509
0.829644
0.265122
0.704752
0.240403
0.569377
0.030868
0.484626
0.6524
0.549335
0.399419
0.179787
0.617973
0.846654
0.77524
0.043963
0.073763
0.547151
0.968953
0.046856
0.63868
0.585292
0.283836
0.98022
0.77316
0.071233
0.510206
0.604469
0.647922
0.970883
0.814754
0.308266
0.721901
0.786302
0.894379
0.347569
0.855231
0.166436
0.468859
0.07899
0.777382
0.726503
0.739775
0.811259
0.324307
0.69989
0.657146
0.471392
0.890204
0.509894
0.325641
0.554109
0.966893
0.015459
0.858053
0.496824
0.565105
0.218918
0.936886
0.619153
0.077213
0.490319
0.580102
0.517672
0.742206
0.110622
0.936548
0.358713
0.644778
0.889012
0.93071
0.267411
0.832949
0.031709
0.957491
0.54988
0.870773
0.216571
0.035793
0.279544
0.826727
0.220962
0.05311
0.87353
0.231757
0.257547
0.293875
0.741907
0.854483
0.521759
0.417528
0.496762
0.74205
0.183939
0.642261
0.651809
0.047368
0.634596
0.282214
0.498309
0.14414
0.265295
0.478939
0.61457
0.623496
0.288854
0.630931
0.618966
0.189221
0.434589
0.948175
0.932602
0.942019
0.339108
0.342972
0.934046
0.775777
0.623603
0.953684
0.840311
0.73685
0.351526
0.463161
0.069555
0.406845
0.606732
0.578372
0.715673
0.154992
0.203292
0.622981
0.503811
0.52999
0.556696
0.440115
0.032674
0.818741
0.343652
0.197108
0.946121
0.250576
0.929145
0.525296
0.946462
0.688481
0.574471
0.181444
0.719058
0.275357
0.733933
0.747961
0.408259
0.486064
0.821146
0.484999
0.683976
0.088206
0.383123
0.990504
0.741983
0.766027
0.038922
0.955703
0.257069
0.2782
0.207844
0.275923
0.340295
0.643736
0.085694
0.751707
0.028281
0.697316
0.164859
0.629595
0.928324
0.110642
0.458416
0.536791
0.959201
0.720588
0.450487
0.064619
0.673386
0.180352
0.37329
0.147266
0.773313
0.31964
0.447823
0.276986
0.091079
0.525715
0.203112
0.180101
0.533823
0.450745
0.004153
0.275092
0.933261
0.855849
0.16375
0.074688
0.464549
0.797106
0.469465
0.38255
0.600648
0.615299
0.763977
0.466236
0.351448
0.317691
0.267978
0.90024
0.794372
0.202483
0.117691
0.134771
0.788726
0.609731
0.243396
0.034138
0.460782
0.822341
0.009862
0.831756
0.228801
0.344537
0.382966
0.132482
0.747493
0.613852
0.735972
0.287002
0.979579
0.842739
0.92471
0.770138
0.889684
0.829795
0.523635
0.530527
0.462828
0.345051
0.322028
0.712041
0.749497
0.469033
0.514041
0.251388
0.453231
0.499953
0.649108
0.928005
0.169817
0.393332
0.142393
0.686208
0.696252
0.532756
0.084528
0.558014
0.325551
0.308375
0.080236
0.163295
0.095385
0.474122
0.311553
0.26429
0.044505
0.780106
0.763623
0.837925
0.81986
0.437425