256 2
0
5
205
1
119
223
2
15
106
0
3
241
4
105
141
5
86
150
6
144
161
7
208
225
8
45
61
9
133
148
10
87
246
11
42
241
12
199
250
13
25
139
14
20
142
15
36
181
16
31
67
17
18
221
18
116
133
19
82
177
20
235
249
21
199
230
22
165
218
23
202
210
24
178
240
25
64
139
26
84
158
27
54
202
28
51
184
29
39
179
30
81
213
31
61
96
32
60
194
33
138
222
16
34
101
35
54
96
36
128
216
37
40
197
23
38
63
39
77
162
37
40
251
32
41
227
40
42
160
43
195
232
44
100
191
45
95
130
46
125
206
47
69
115
48
152
167
49
72
103
20
50
185
51
117
169
52
67
92
53
174
223
42
54
145
35
55
125
19
37
56
38
57
85
58
130
228
5
59
179
60
88
186
61
128
215
62
142
148
63
78
220
26
64
200
65
132
216
9
66
127
23
67
137
59
68
206
30
69
244
70
117
147
37
71
83
72
203
235
8
73
176
74
124
214
15
75
233
30
76
205
77
78
148
78
189
253
11
36
79
80
132
193
81
234
248
66
82
210
83
157
205
50
84
139
21
48
85
13
22
86
59
87
229
88
185
198
89
104
149
90
108
212
27
89
91
70
92
213
8
93
106
94
182
214
95
140
238
96
176
184
14
97
186
39
98
214
75
82
99
84
100
179
35
92
101
35
102
159
26
103
175
47
104
227
105
112
216
19
106
248
107
157
180
28
108
109
14
36
109
18
51
110
79
111
199
23
112
177
113
135
151
82
114
134
29
115
180
59
116
226
89
117
135
118
168
233
119
204
248
36
120
227
18
38
121
99
122
162
78
123
168
124
156
231
125
135
169
126
206
212
126
127
173
128
164
252
68
127
129
111
130
236
16
131
165
17
104
132
35
99
133
18
119
134
46
135
211
99
136
185
26
83
137
53
79
138
139
175
220
116
140
219
0
103
141
47
108
142
92
143
203
92
144
228
54
145
252
36
146
188
29
131
147
50
74
148
123
149
250
150
238
244
28
151
217
71
96
152
149
153
245
108
124
154
6
155
245
27
148
156
86
95
157
133
158
160
85
135
159
93
132
160
37
161
186
162
190
199
86
120
163
24
72
164
29
80
165
99
134
166
108
114
167
53
168
200
62
169
240
3
149
170
34
78
171
17
172
239
33
120
173
21
93
174
5
175
178
66
135
176
17
159
177
17
107
178
67
179
183
2
94
180
181
217
248
44
182
253
5
183
198
91
184
237
150
185
229
92
120
186
144
159
187
37
188
209
177
180
189
44
47
190
27
191
201
95
159
192
41
97
193
33
166
194
161
195
203
159
196
219
184
195
197
103
142
198
167
196
199
56
200
216
176
201
219
33
169
202
59
73
203
44
107
204
126
151
205
167
206
226
136
144
207
45
173
208
9
107
209
39
167
210
7
205
211
36
205
212
86
122
213
49
60
214
77
119
215
5
149
216
96
113
217
98
217
218
194
219
229
133
184
220
14
88
221
155
195
222
63
115
223
144
224
252
192
225
236
7
69
226
98
227
247
163
205
228
22
73
229
41
196
230
80
231
245
144
198
232
88
153
233
13
198
234
102
110
235
105
139
236
135
237
255
50
205
238
42
222
239
21
240
249
23
135
241
111
179
242
11
112
243
114
244
249
42
235
245
49
220
246
55
240
247
137
141
248
55
152
249
97
219
250
160
181
251
21
219
252
106
114
253
47
171
254
185
215
255
0.068062
0.881363
0.739856
0.005525
0.064572
0.89886
0.073844
0.823267
0.757905
0.028007
0.533384
0.13183
0.109283
0.162687
0.281766
0.498784
0.527814
0.322254
0.003568
0.198171
0.160309
0.35479
0.849555
0.627886
0.314112
0.108007
0.093638
0.957146
0.595974
0.928734
0.038705
0.427397
0.14418
0.308016
0.495129
0.036085
0.534016
0.669564
0.168754
0.57729
0.543124
0.259175
0.089517
0.658784
0.290916
0.443718
0.255293
0.668494
0.724494
0.755882
0.694366
0.964371
0.095577
0.476738
0.061446
0.375423
0.484793
0.902759
0.398979
0.993596
0.510825
0.317237
0.713776
0.845229
0.066316
0.378403
0.151632
0.642578
0.485406
0.091756
0.306554
0.92901
0.916119
0.564329
0.632421
0.17006
0.892067
0.283957
0.239915
0.70135
0.336339
0.440471
0.384574
0.585582
0.670488
0.519069
0.904813
0.173477
0.690342
0.386504
0.704115
0.950149
0.252431
0.257311
0.845188
0.60945
0.295779
0.001895
0.242666
0.820377
0.884427
0.737793
0.646219
0.178504
0.662047
0.8805
0.041013
0.003567
0.995576
0.767113
0.338433
0.882633
0.409245
0.081955
0.506142
0.251319
0.521683
0.28227
0.542243
0.299368
0.106005
0.824463
0.180334
0.665511
0.21168
0.497223
0.083371
0.420622
0.581769
0.145432
0.621235
0.150346
0.60193
0.580701
0.600892
0.121462
0.160389
0.512491
0.634139
0.843464
0.962934
0.119003
0.430102
0.764543
0.384516
0.469319
0.31392
0.640044
0.026098
0.174789
0.387627
0.316169
0.590437
0.0263
0.132126
0.447475
0.494734
0.942427
0.987917
0.368529
0.957589
0.948932
0.406605
0.471298
0.10969
0.515474
0.817502
0.749357
0.743856
0.161275
0.808427
0.957498
0.600739
0.715345
0.743572
0.427249
0.261152
0.019266
0.617654
0.007359
0.833153
0.763774
0.057983
0.718893
0.25488
0.654676
0.508816
0.650262
0.308831
0.286147
0.49456
0.149694
0.06813
0.16741
0.217172
0.79756
0.013382
0.615456
0.125042
0.696548
0.566955
0.393655
0.002049
0.564174
0.837522
0.565401
0.141061
0.818936
0.651928
0.560551
0.605981
0.410762
0.868871
0.973542
0.13577
0.563743
0.930178
0.627926
0.022185
0.352231
0.980642
0.919126
0.832542
0.328133
0.086867
0.618553
0.287291
0.051096
0.251317
0.268337
0.462306
0.853656
0.943395
0.17108
0.669701
0.903743
0.509491
0.157938
0.967455
0.898279
0.608478
0.929815
0.392715
0.33054
0.170885
0.337192
0.864684
0.130767
0.323761
0.445083
0.924899
0.434488
0.176682
0.87946
0.943452
0.969454
0.642113
0.614479
0.587034
0.651555
0.442936
0.062356
0.626638
0.786402
0.215602
0.527832
0.337319
0.796509
0.418961
0.46371
0.150759
0.724897
0.99166
0.528106
0.101019
0.046787
0.088316
0.488573
0.246459
0.728765
0.861123
0.715728
0.496185
0.926354
0.8186
0.991239
0.686662
0.385677
0.472492
0.052844
0.247329
0.421868
0.569428
0.761248
0.750936
0.517123
0.033929
0.991885
0.224859
0.930572
0.965857
0.939686
0.430931
0.886376
0.004213
0.483812
0.751485
0.44871
0.952686
0.526217
0.570244
0.910023
0.44631
0.163399
0.83217
0.986011
0.73763
0.928981
0.081867
0.024649
0.281622
0.124153
0.536535
0.675878
0.171678
0.950773
0.014228
0.453362
0.659118
0.186553
0.197044
0.846381
0.512443
0.756873
0.574943
0.541931
0.983243
0.135923
0.106194
0.403996
0.496061
0.993523
0.949108
0.703591
0.779423
0.549626
0.464313
0.0802
0.277406
0.079839
0.098594
0.757224
0.571053
0.76576
0.250007
0.99198
0.944318
0.95058
0.382307
0.598949
0.154898
0.652336
0.319879
0.001853
0.816991
0.980575
0.314139
0.349935
0.813996
0.588093
0.650611
0.449006
0.773678
0.661302
0.169436
0.070271
0.139366
0.879281
0.345277
0.964111
0.319446
0.627191
0.083775
0.885509
0.788136
0.70755
0.509432
0.630638
0.985354
0.683988
0.199085
0.61452
0.490518
0.825008
0.696516
0.604186
0.80827
0.791883
0.048992
0.373589
0.601765
0.168733
0.691248
0.331676
0.529048
0.586987
0.016472
0.639579
0.692833
0.452725
0.603926
0.009983
0.181069
0.320265
0.744137
0.589593
0.266396
0.966146
0.210919
0.596036
0.376085
0.987029
0.207628
0.29369
0.224479
0.053016
0.372391
0.016425
0.203196
0.561123
0.648691
0.879997
0.382296
0.13377
0.506582
0.409906
0.464753
0.546763
0.970088
0.676725
0.32726
0.703814
0.276001
0.411766
0.835242
0.551516
0.516572
0.211662
0.184956
0.906753
0.403966
0.28088
0.484957
0.675897
0.10001
0.432773
0.283745
0.513585
0.655889
0.702655
0.560002
0.426132
0.218585
0.433085
0.780675
0.249633
0.052116
0.688096
0.826956
0.084975
0.890859
0.706673
0.034445
0.133704
0.082695
0.664727
0.002766
0.253434
0.142956
0.056216
0.215339
0.438249
0.199382
0.279111
0.69805
0.496905
0.513578
0.583729
0.621497
0.869212
0.573688
0.423413
0.839538
0.32085
0.548452
0.595237
0.678344
0.171554
0.613186
0.184907
0.464996
0.074392
0.201784
0.593492
0.370016
0.038008
0.877145
0.313417
0.274678
0.838681
0.829498
0.484639
0.368217
0.86509
0.811072
0.580925
0.024442
0.46336
0.769269
0.313358
0.456026
0.089924
0.851823
0.366565
0.613313
0.359197
0.857036
0.589539
0.083377
0.310242
0.933316
0.307576
0.803242
0.181669
0.01444
0.157007
0.756764
0.036932
0.412375
0.312884
0.358424
0.174817
0.393855
0.783764
0.852296
0.460572
0.028891
0.281961
0.775672
0.998943
0.008668
0.277444
0.49514
0.659291
0.3732
0.495051
0.319042
0.244571
0.315215
0.543969
0.190852
0.789323
0.033391
0.003702
0.924765
0.353765
0.173139
0.203874
0.496912
0.37012
0.913432
0.744532
0.317595
0.546498
0.800036
0.345312
0.737026
0.931167
0.347628
0.501328
0.155873
0.713737
0.693355
0.719052
0.027163
0.034401
0.175083
0.176731
0.159411
0.064759
0.320843
0.38973
0.206141
0.551552
0.159702
0.838145
0.797776
0.106136
0.088318
0.924492
0.591416
0.854363
0.271662
0.467258
0.887954
0.746657
0.089972
0.995773
0.823225
0.095322
0.205186
0.598047
0.109502
0.888205
0.520988
0.566766
0.917313
0.214087
0.896729
0.794416
0.631215
0.313371
0.887956
0.893855
0.818351
0.97681
0.108926
0.87738
0.32807
0.5258
0.763278
0.471006
0.228987
0.873679
0.638374
0.788155
0.885091
0.772185
0.321704
0.805088
0.704368
0.825835
0.109119
0.065968
0.246611
0.845309
0.163772
0.376147
0.907432
0.490485
0.47398
0.467874
0.722676
0.3399
0.341358
0.607171
0.355634
0.249368
0.679192
0.055411
0.056123
0.827495
0.844446
0.32808
0.005533
0.023451
0.668023
0.266287
0.418697
0.681131
0.812477
0.132456
0.938711
0.02947
0.971245
0.676545
0.338501
0.672235
0.033284
0.92263
0.057968
0.126844
0.501183
0.452077
0.1105
0.714825
0.935822
0.102946
0.589703
0.20661
0.511493
0.625671
0.275789
0.890836
0.834331
0.979485
0.748801
0.212183
0.982922
0.754811
0.073683
0.672429
0.821863
0.937129
0.11687
0.221152
0.356682
0.395758
0.509114
0.994739
0.278809
0.781558
0.231507
0.985195
0.227144
0.956192
0.774275
0.505213
0.60207
0.923182
0.57983
0.684434
0.210743
0.496557
0.479492
0.812191
0.894954
0.50133
0.045918
0.504556
0.168927
0.376893
0.977387
0.81145
0.002984
0.413003
0.218515
0.58485
0.908581
0.536855
0.997435
0.813819
0.202975
0.073483
0.526702
0.194628
0.569565
0.385936
0.613411
0.738535
0.730209
0.987987
0.23642
0.897922
0.60404
0.757619
0.991448
0.043045
0.727462
0.167406
0.389033
0.884008
0.029477
0.367993
0.853009
0.016963
0.715631
0.619574
0.611738
0.186702
0.358748
0.285518
0.063338
0.219751
0.168947
0.550843
0.724984
0.069459
0.494242
0.425679
0.491986
0.735312
0.417332
0.072676
0.342215
0.969602
0.23859
0.458325
0.043815
0.025824
0.877937
0.700152
0.03109
0.947296
0.441035
0.540316
0.683498
0.190882
0.183682
0.782473
0.71279
0.377273
0.108402
0.831311
0.148406
0.427171
0.893656
0.639832
0.564073
0.761648
0.993826
0.451504
0.123244
0.957004
0.051374
0.547873
0.810877
0.661767
0.485209
0.114226
0.972507
0.062707
0.51338
0.900989
0.328736
0.073508
0.480607
0.991077
0.964895
0.145821
0.445768
0.621968
0.935066
0.210515
0.416445
0.775264
0.675167
0.228034
0.988153
0.07739
0.888436
0.199615
0.881732
0.580983
0.82886
0.227118
0.009317
0.068661
0.886177
0.34887
0.02531
0.247102
0.786432
0.862759
0.680819
0.522167
0.71356
0.739369
0.061706
0.574781
0.985757
0.991936
0.349067
0.165084
0.37261
0.606727
0.966024
0.491697
0.869533
0.68383
0.989354
0.401826
0.406554
0.564016
0.659206
0.56935
0.568815
0.513559
0.327992
0.906607
0.601531
0.451873
0.39657
0.949927
0.310003
0.196693
0.863299
0.236441
0.141063
0.488833
0.105524
0.048047
0.478704
0.115504
0.39208
0.344695
0.81248
0.987735
0.71744
0.761772
0.856982
0.653399
0.879841
0.778041
0.324604
0.89407
0.93023
0.533633
0.215873
0.758099
0.772081
0.632927
0.69433
0.493683
0.325501
0.3116
0.389828
0.004236
0.155312
0.067342
0.69035
0.864219
0.441774
0.246258
0.197958
0.738217
0.856803
0.04552
0.938047
0.130528
0.136294
0.438502
0.107719
0.487536
0.0526
0.822827
0.896223
0.269754
0.395367
0.055565
0.014957
0.677322
0.790304
0.159329
0.300044
0.777258
0.849753
0.275341
0.484944
0.858512
0.370633
0.443838
0.744527
0.390843
0.525348
0.938724
0.849995
0.24984
0.374265
0.842585
0.38909
0.965962
0.399861
0.808438
0.263858
0.290748
0.136459
0.933066
0.269425
0.430918
0.557469
0.123559
0.955827
0.402394
0.726029
0.042623
0.303173
0.981491
0.909007
0.147475
0.35037
0.728794
0.842266
0.08908
0.62713
0.131405
0.664796
0.698185
0.706939
0.388898
0.407656
0.415863
0.936201
0.053119
0.459382
0.428038
0.853311
0.976125
0.477332
0.003064
0.710977
0.093118
0.744981
0.513219
0.80293
0.961389
0.018439
0.331585
0.586228
0.945403
0.163402
0.505109
0.33334
0.346418
0.973205
0.955982
0.285745
0.214624
0.561261
0.958367
0.537507
0.95314
0.389312
0.537402
0.334681
0.809854
0.008307
0.363014
0.503715
0.066737
0.95516
0.34612
0.52763
0.690563
0.786573
0.748146
0.830344
0.046344
0.700628
0.79845
0.82006
0.295825
0.56292
0.298951
0.498402
0.216205
0.424311
0.410314
0.827781
0.75979
0.903477
0.220768
0.682746
0.664986
0.801852
0.290751
0.813031
0.856487
0.136019
0.043259
0.44551
0.290128
0.686368
0.725429
0.97648
0.64325
0.535211
0.953958
0.069724
0.510689
0.148589
0.728302
0.380059
0.388094
0.484545
0.139734
0.907647
0.050521
0.683841
0.024534
0.2322
0.04328
0.410251
0.080315
0.23716
0.539017
0.808105
0.516271
0.481846
0.467345
0.527853
0.80825
0.543733
0.1681
0.246744
0.090371
0.651404
0.583413
0.355453
0.962494
0.254069
0.784962
0.192118
0.217391
0.823292
0.075255
0.823899
0.474138
0.284385
0.323941
0.901073
0.48577
0.836765
0.326433
0.834994
0.42254
0.884216
0.870127
0.042046
0.908055
0.621619
0.800386
0.474304
0.712301
0.785575
0.07163
0.921335
0.195294
0.387304
0.768236
0.469038
0.344426
0.643153
0.179267
0.435136
0.482222
0.456052
0.529493
0.943107
0.42983
0.565602
0.132263
0.11007
0.692834
0.138096
0.884029
0.106515
0.370636
0.679661
0.870652
0.418148
0.371028
0.772687
0.281097
0.608109
0.510832
0.875783
0.155432
0.237911
0.648133
0.434619
0.229213
0.604897
0.195326
0.496317
0.580186
0.976854
0.819143
0.710548
0.020555
0.520307
0.509061
0.138226
0.61381
0.876922
0.037382
0.886725
0.561042
0.477524
0.544242
0.492683
0.697576
0.407325
0.83538
0.276498
0.308186
0.246223
0.046702
0.936367
0.61411
0.457863
0.233582
0.980034
0.629647
0.729183
0.016997
0.715566
0.782137
0.449635
0.681533
0.068701
0.853932
0.792663
0.165622
0.999317
0.410385
0.817836
0.212605
0.381865
0.216805
0.902178
0.111838
0.29338
0.442025
0.304121
0.400935
0.659441
0.767482
0.346074
0.275287
0.482321
0.087367
0.003273
0.211009
0.723277
0.280324
0.576613
0.401288
0.150035
0.786904
0.510672
0.202917
0.881158
0.662995
0.620587
0.303408
0.297589
0.271991
0.068879
0.473904
0.393601
0.628486
0.083824
0.278821
0.397766
0.551624
0.152898
0.955766
0.607111
0.379094
0.858942
0.746399
0.259496
0.340933
0.773624
0.046336
0.068766
0.313858
0.129491
0.325363
0.052677
0.653424
0.548434
0.073846
0.567386
0.524724
0.401311
0.05678
0.253157
0.840426
0.469167
0.670009
0.789876
0.046083
0.184405
0.220391
0.851535
0.370527
0.707892
0.342681
0.643878
0.110233
0.240832
0.312378
0.967199
0.922006
0.459134
0.052494
0.981115
0.084355
0.597522
0.743766
0.723334
0.999192
0.571478
0.338491
0.115373
0.357473
0.646827
0.230906
0.863061
0.708772
0.235089
0.490156
0.201848
0.036071
0.552326
0.983313
0.923878
0.822282
0.518289
0.258924
0.821234
0.39786
0.472825
0.435423
0.550891
0.525458
0.764321
0.672924
0.314149
0.99105
0.405491
0.72931
0.883336
0.483277
0.49815
0.751603
0.107597
0.946328
0.013602
0.200252
0.371653
0.713566
0.38862
0.757554
0.86828
0.383286
0.273823
0.144526
0.288623
0.707096
0.756867
0.882705
0.291928
0.482884
0.173987
0.280939
0.898913
0.861292
0.089186
0.913828
0.02578
0.456903
0.367039
0.298083
0.454652
0.625993
0.017218
0.705946
0.678835
0.980955
0.830259
0.753625
0.587063
0.567817
0.564287
0.015367
0.181003
0.820611
0.708159
0.34692
0.73542
0.739739
0.666789
0.366357
0.351451
0.31208
0.956178
0.700056
0.454972
0.941511
0.604172
0.355877
0.468832
0.111831
0.172773
0.186109
0.933147
0.938759
0.833187
0.309667
0.138051
0.371559
0.276848
0.074737
0.730001
0.932435
0.09487
0.635507
0.050907
0.942465
0.427804
0.638444
0.488656
0.278644
0.427722
0.630855
0.946425
0.168289
0.875608
0.369066
0.417658
0.873029
0.706018
0.578255
0.465173
0.620853
0.428921
0.712509
0.452683
0.351896
0.098258
0.1883
0.526778
0.104054
0.972528
0.193532
0.998071
0.897462
0.497875
0.066143
0.327628
0.490205
0.780236
0.29525
0.959303
0.637664
0.810097
0.018694
0.295138
0.312929
0.875651
0.112445
0.933835
0.361121
0.92378
0.246411
0.361519
0.78347
0.542173
0.672141
0.326006
0.362678
0.226152
0.177835
0.788197
0.524116
0.317287
0.866644
0.390957
0.400731
0.683287
0.625681
0.385704
0.273389
0.608355
0.554102
0.462651
0.490869
0.172787
0.571907
0.392129
0.277557
0.419085
0.007293
0.808568
0.548241
0.916422
0.603242
0.15232
0.603806
0.626001
0.170168
0.4276
0.492172
0.231675
0.95269
0.963513
0.365109
0.939778
0.054008
0.1693
0.897616
0.055019
0.198613
0.103821
0.518505
0.836751
0.687605
0.580416
0.62618
0.595214
0.147995
0.871655
0.080103
0.283114
0.624533
0.978627
0.377921
0.661279
0.128565
0.078349
0.583197
0.790455
0.955736
0.120189
0.553245
0.782877
0.481162
0.79778
0.36051
0.560049
0.731483
0.817591
0.515795
0.608714
0.499484
0.022093
0.963083
0.064069
0.542715
0.815086
0.996719
0.680829
0.806568
0.911663
0.381378
0.951193
0.146582
0.035307
0.527052
0.889213
0.117663
0.059399
0.149226
0.299637
0.691737
0.759263
0.333241
0.731416
0.766971
0.356969
0.694941
0.156431
0.841554
0.830495
0.94172
0.236706
0.345021
0.568581
0.961937
0.645743
0.852254
0.596017
0.033929
0.383863
0.847693
0.296868
0.037459
0.59012
0.175371
0.027391
0.593215
0.671456
0.907642
0.885661
0.990865
0.389562
0.31633
0.505571
0.178005
0.406975
0.989322
0.061576
0.909422
0.706917
0.798877
0.537561
0.670503
0.525285
0.567064
0.591316
0.49425
0.293285
0.276232
0.714032
0.477193
0.453883
0.208405
0.391023
0.155596
0.126177
0.621088
0.994559
0.594973
0.716282
0.143588
0.84424
0.401485
0.70259
0.691645
0.585479
0.287672
0.313597
0.105315
0.687137
0.260145
0.700281
0.379198
0.339235
0.416936
0.279473
0.578665
0.477945
0.739148
0.490306
0.887112
0.349252
0.460857
0.542983
0.33402
0.155446
0.197037
0.281265
0.446471
0.685809
0.566383
0.053868
0.756173
0.476662
0.969389
0.417594
0.245755
0.590771
0.742524
0.103455
0.001025
0.722475
0.833921
0.647878
0.890873
0.527668
0.478263
0.154382
0.02142
0.970222
0.995552
0.234895
0.145473
0.176133
0.721982
0.563678
0.01402
0.087705
0.302254
0.353322
0.80406
0.643767
0.324141
0.99798
0.687188
0.805442
0.330489
0.171487
0.177023
0.646386
0.232475
0.028823
0.983538
0.316983
0.148614
0.749635
0.926159
0.0679
0.39607
0.696721
0.58601
0.439985
0.889935
0.476316
0.404687
0.798042
0.807808
0.671087
0.13145
0.441587
0.374744
0.444668
0.714173
0.776409
0.148445
0.926833
0.591621
0.756375
0.538692
0.699522
0.725393
0.782678
0.714503
0.652958
0.072166
0.409422
0.575682
0.907663
0.345584
0.715817
0.478485
0.223074
0.12883
0.766183
0.272519
0.481214
0.411911
0.465171
0.715888
0.063868
0.121715
0.946371
0.165472
0.651658
0.161628
0.498434
0.784762
0.294312
0.20846
0.040072
0.744679
0.136013
0.743668
0.967836
0.570364
0.079062
0.12419
0.620204
0.060937
0.630579
0.274958
0.237547
0.716668
0.220484
0.553759
0.577643
0.045569
0.210578
0.703535
0.154152
0.898768
0.382072
0.426512
0.49274
0.65355
0.64102
0.526612
0.416676
0.526398
0.463739
0.461926
0.191856
0.787519
0.87517
0.585272
0.420631
0.841554
0.867848
0.706855
0.12662
0.798223
0.358471
0.53257
0.812942
0.821042
0.339371
0.594076
0.690532
0.147109
0.056845
0.575563
0.223899
0.104187
0.557705
0.533788
0.719904
0.946974
0.571279
0.56828
0.917831
0.366589
0.007796
0.926398
0.680304
0.547847
0.969611
0.079612
0.739568
0.909438
0.135066
0.829597
0.920286
0.007951
0.08237
0.996451
0.939767
0.474943
0.01223
0.884558
0.166388
0.022524
0.941599
0.326503
0.28567
0.973332
0.574759
0.968351
0.454469
0.873729
0.532665
0.959515
0.642237
0.246969
0.703963
0.566713
0.026317
0.289495
0.480276
0.495325
0.377686
0.903795
0.150821
0.224195
0.899755
0.451736
0.41593
0.763195
0.527714
0.253911
0.910968
0.466346
0.179681
0.25508
0.244265
0.291248
0.857813
0.168044
0.586586
0.376127
0.082162
0.358904
0.634913
0.292735
0.646803
0.638647
0.944823
0.5224
0.090332
0.544096
0.9224
0.293822
0.553335
0.629974
0.564493
0.482613
0.241851
0.254896
0.139128
0.700785
0.158705
0.485076
0.778154
0.409898
0.050991
0.279756
0.489397
0.76557
0.848183
0.228112
0.125286
0.853981
0.805482
0.023924
0.482957
0.3875
0.318769
0.48942
0.820083
0.914943
0.574018
0.795006
0.263851
0.533968
0.355516
0.78033
0.423615
0.572313
0.266064
0.377299
0.591672
0.382309
0.664647
0.763363
0.650569
0.563313
0.848024
0.6681
0.241243
0.431379
0.54638
0.49194
0.911177
0.889595
0.595403
0.260764
0.293684
0.381422
0.398632
0.64911
0.543831
0.051
0.456674
0.405206
0.305049
0.930264
0.299997
0.408893
0.724876
0.225489
0.918987
0.71717
0.588999
0.810105
0.586734
0.158623
0.509588
0.581906
0.350678
0.366761
0.308352
0.362827
0.283918
0.594857
0.607347
0.775353
0.006167
0.566175
0.944968
0.551056
0.540152
0.220071
0.377737
0.279902
0.492596
0.513735
0.982776
0.503763
0.608679
0.174063
0.25638
0.339592
0.678909
0.763318
0.292588
0.286556
0.020628
0.770724
0.953895
0.408319
0.439687
0.866654
0.524364
0.691821
0.281
0.826849
0.81887
0.791299
0.642724
0.568995
0.499052
0.382646
0.616559
0.115896
0.451922
0.179494
0.35923
0.270104
0.188639
0.021148
0.560245
0.621605
0.041526
0.131779
0.988405
0.353347
0.752976
0.763585
0.177751
0.767915
0.427093
0.529418
0.410927
0.632296
0.29318
0.515558
0.656816
0.460401
0.612805
0.511998
0.508141
0.342279
0.596865
0.467938
0.513162
0.12784
0.213921
0.237256
0.931662
0.012444
0.028936
0.437507
0.441475
0.630805
0.769351
0.546615
0.983411
0.392175
0.657165
0.937953
0.586587
0.202675
0.40551
0.682391
0.1251
0.497089
0.22835
0.433697
0.179965
0.545661
0.610182
0.393807