256 1
0
134
1
106
2
51
3
194
4
201
5
64
6
111
7
128
8
135
9
144
10
83
11
113
12
105
13
147
14
64
15
78
16
213
17
67
0
18
19
156
20
51
21
107
22
49
23
36
24
183
25
53
26
96
27
234
28
126
29
228
30
250
31
133
21
32
33
127
34
55
33
35
36
183
37
201
7
38
39
87
40
121
41
243
30
42
43
121
44
119
45
168
46
48
47
76
48
156
49
149
50
174
51
211
52
190
9
53
54
219
55
120
56
229
0
57
58
149
59
133
60
204
43
61
62
65
63
94
35
64
65
168
66
246
67
102
68
75
69
99
15
70
71
153
72
164
42
73
74
124
75
170
76
243
77
129
6
78
79
245
80
142
81
171
82
232
83
155
33
84
85
161
86
212
87
252
88
199
79
89
90
236
78
91
92
182
93
196
10
94
95
121
96
97
78
97
15
98
99
196
100
227
101
157
35
102
45
103
104
203
105
149
8
106
86
107
108
223
100
109
110
205
25
111
28
112
113
228
114
179
115
133
116
118
117
195
90
118
119
162
34
120
121
154
122
131
101
123
124
158
125
183
97
126
35
127
128
150
62
129
110
130
24
131
127
132
133
181
126
134
135
154
136
188
19
137
50
138
139
151
140
171
141
213
116
142
103
143
144
250
145
170
3
146
146
147
148
232
149
245
150
171
151
185
152
233
153
158
57
154
19
155
20
156
157
202
77
158
135
159
160
176
161
173
132
162
2
163
146
164
165
240
166
253
111
167
168
250
169
249
45
170
37
171
172
202
173
216
19
174
78
175
92
176
8
177
64
178
42
179
180
222
80
181
174
182
107
183
27
184
20
185
56
186
187
188
177
188
126
189
182
190
123
191
81
192
16
193
69
194
57
195
196
235
197
252
198
204
146
199
119
200
100
201
202
235
128
203
204
230
53
205
114
206
207
247
208
248
209
251
195
210
137
211
30
212
15
213
152
214
158
215
216
226
205
217
212
218
110
219
175
220
103
221
127
222
157
223
116
224
225
250
92
226
48
227
227
228
52
229
226
230
230
231
203
232
94
233
173
234
183
235
9
236
154
237
30
238
158
239
123
240
69
241
18
242
103
243
144
244
185
245
106
246
144
247
241
248
91
249
127
250
158
251
129
252
125
253
177
254
122
255
0.26544
0.006477
0.184249
0.778005
0.240287
0.050928
0.070211
0.175894
0.817137
0.7259
0.938027
0.234886
0.811573
0.270964
0.758084
0.221409
0.781966
0.86992
0.395989
0.818586
0.327611
0.933446
0.733923
0.835342
0.382291
0.294336
0.786604
0.605962
0.600064
0.026616
0.540915
0.636767
0.970377
0.22329
0.953438
0.96497
0.546188
0.419855
0.272575
0.610737
0.313285
0.314844
0.281127
0.940435
0.344347
0.366302
0.786632
0.516881
0.537385
0.559561
0.320462
0.722967
0.059253
0.304365
0.74521
0.157329
0.60098
0.4257
0.997099
0.26479
0.148862
0.894034
0.354831
0.502714
0.307602
0.106334
0.828985
0.974444
0.323389
0.245247
0.457866
0.446586
0.179639
0.464197
0.2306
0.648265
0.299781
0.572648
0.210034
0.643674
0.301151
0.892243
0.872151
0.463542
0.88218
0.535542
0.673691
0.948349
0.080253
0.431101
0.304521
0.741403
0.876832
0.25271
0.849616
0.365899
0.240514
0.160604
0.676591
0.454432
0.670146
0.312271
0.222227
0.489335
0.190296
0.210931
0.8775
0.587932
0.527177
0.013348
0.019338
0.671583
0.086272
0.221162
0.990942
0.822582
0.072738
0.987176
0.367923
0.658243
0.386888
0.093569
0.449841
0.69039
0.473044
0.873284
0.545862
0.408132
0.806431
0.717483
0.068668
0.857553
0.79277
0.971272
0.262669
0.258028
0.795885
0.457712
0.090175
0.58549
0.478626
0.009768
0.952548
0.088733
0.747575
0.07503
0.475636
0.785046
0.456958
0.611029
0.83744
0.86036
0.874577
0.085626
0.399561
0.822642
0.469892
0.712718
0.904849
0.818761
0.903783
0.753811
0.885089
0.384109
0.758234
0.009999
0.490082
0.21366
0.826458
0.708813
0.870243
0.027638
0.938983
0.776851
0.813997
0.428899
0.064414
0.247774
0.77812
0.229671
0.591854
0.805909
0.767489
0.323131
0.397509
0.152639
0.415474
0.363886
0.476615
0.237087
0.271119
0.744066
0.667026
0.743524
0.337877
0.881799
0.43302
0.829209
0.337556
0.865729
0.988412
0.650313
0.693002
0.790437
0.984046
0.091724
0.856927
0.196859
0.122672
0.171418
0.649058
0.442924
0.056957
0.663319
0.403081
0.56453
0.40234
0.443654
0.09753
0.282035
0.90324
0.864395
0.695066
0.201182
0.784121
0.66276
0.465017
0.461598
0.440022
0.794529
0.010126
0.000683
0.955221
0.822902
0.077956
0.592595
0.830199
0.585967
0.998366
0.118289
0.447403
0.89303
0.743097
0.823566
0.050565
0.233959
0.025406
0.037486
0.157911
0.916903
0.259714
0.153141
0.523615
0.828588
0.294831
0.319757
0.526784
0.698616
0.645362
0.104144
0.739571
0.317614
0.164681
0.283186
0.362627
0.010914
0.85257
0.945358
0.448173
0.060116
0.647953
0.834838
0.893887
0.335501
0.554369
0.025067
0.712881
0.147578
0.728098
0.163126
0.040665
0.844573
0.965264
0.498895
0.491791
0.682819
0.702201
0.221404
0.600487
0.170599
0.485175
0.637697
0.665431
0.667111
0.935883
0.456767
0.929776
0.934947
0.994465
0.164269
0.771944
0.259403
0.188478
0.686293
0.60054
0.900127
0.006803
0.553204
0.681756
0.4518
0.090435
0.81665
0.114675
0.100368
0.794927
0.60921
0.127764
0.967091
0.906593
0.055837
0.78104
0.978739
0.688647
0.7345
0.910534
0.311643
0.137045
0.643854
0.246365
0.732103
0.578598
0.705536
0.654806
0.04524
0.005385
0.729054
0.07559
0.979438
0.044002
0.57643
0.430832
0.240044
0.357206
0.771155
0.76642
0.379772
0.76685
0.689977
0.098034
0.144419
0.582699
0.635699
0.163004
0.161508
0.049412
0.209993
0.476949
0.567054
0.678184
0.704905
0.375805
0.404099
0.821533
0.177556
0.370127
0.296343
0.950939
0.288454
0.820607
0.019195
0.380973
0.732431
0.61809
0.532276
0.204954
0.191415
0.04627
0.399608
0.867317
0.605772
0.867323
0.113807
0.536868
0.947482
0.244585
0.588445
0.627232
0.405527
0.431876
0.681392
0.957463
0.374272
0.203918
0.867253
0.394571
0.22299
0.087108
0.236724
0.625878
0.291728
0.809385
0.025135
0.455942
0.935729
0.211191
0.68267
0.780971
0.718221
0.576699
0.008003
0.866195
0.714603
0.296137
0.979812
0.676243
0.379544
0.843605
0.40262
0.157504
0.412888
0.200417
0.385683
0.372705
0.792785
0.04573
0.579861
0.995312
0.864933
0.691144
0.218728
0.194503
0.236778
0.609616
0.213603
0.728971
0.652936
0.92204
0.19053
0.68143
0.555357
0.45727
0.60148
0.13041
0.483503
0.447774
0.34107
0.918245
0.735936
0.583976
0.117254
0.568817
0.400407
0.697235
0.665451
0.90168
0.626548
0.429182
0.01222
0.227698
0.673036
0.795596
0.157634
0.886436
0.247172
0.507436
0.250439
0.072082
0.36396
0.629393
0.684374
0.821613
0.376658
0.612525
0.210332
0.73969
0.101857
0.382222
0.125379
0.979881
0.388824
0.04772
0.592477
0.266056
0.89191
0.513268
0.001452
0.353163
0.318595
0.079329
0.766982
0.068472
0.128143
0.031862
0.395776
0.927091
0.210929
0.90839
0.066798
0.067294
0.547716
0.287252
0.620416
0.30468
0.264548
0.288946
0.023717
0.266571
0.446718
0.40711
0.568692
0.958267
0.727413
0.30167
0.64135
0.57331
0.16232
0.849979
0.26348
0.346094
0.178327
0.957388
0.735577
0.747275
0.890174
0.077491
0.452375
0.624348
0.917723
0.69557
0.389065
0.840349
0.317305
0.593263
0.217665
0.239845
0.091562
0.579059
0.527994
0.995412
0.476622
0.869991
0.988701
0.621938
0.252012
0.12743
0.692875
0.069956
0.602652
0.406245
0.639099
0.888869
0.590764
0.196083
0.928255
0.230949
0.686089
0.504872
0.685904
0.871521
0.747592
0.465493
0.020419
0.312882
0.89405
0.462496
0.618481
0.640533
0.808387
0.514378
0.03123
0.654005
0.63416
0.507058
0.83514
0.597982
0.897322
0.415433
0.532216
0.218858
0.242092
0.869312
0.052034
0.097781
0.900623
0.421074
0.764828
0.213629
0.498309
0.104725
0.588418
0.854805
0.713911
0.326952
0.643346
0.910894
0.700745
0.818716
0.03643
0.156228
0.291979
0.21129
0.244881
0.793677
0.119134
0.917574
0.990308
0.236024
0.600515
0.977284
0.814759
0.855459
0.650732
0.838973
0.20454
0.55141
0.721566
0.505359
0.435095
0.419013
0.93174
0.831283
0.199324
0.616501
0.211938
0.252505
0.541446
0.877698
0.444307
0.049704
0.884534
0.091866
0.205562
0.203852
0.036232
0.852822
0.571949
0.354978
0.724393
0.356237
0.327561
0.235799
0.137555
0.428535
0.269034
0.488237
0.550511
0.50658
0.002818
0.498122
0.812764
0.233747
0.108743
0.526701
0.480674
0.710153
0.624541
0.218338
0.5799
0.905091
0.199705
0.265618
0.401066
0.679547
0.563236
0.722082
0.03049
0.933472
0.327869
0.524478
0.433893
0.132305
0.073858
0.399405
0.402867
0.348105
0.255266
0.382159
0.742167
0.223739
0.520912
0.524762
0.46107
0.535419
0.567798
0.508689
0.30817
0.740759
0.26056
0.697422
0.64571
0.655777
0.816463
0.665916
0.574744
0.122538
0.518251
0.026721
0.0074
0.268902
0.47913
0.594413
0.023313
0.240885
0.867701
0.314619
0.863052
0.408361
0.274796
0.494013
0.110328
0.177614
0.447867
0.279862
0.900286
0.221272
0.491763
0.866857
0.340418
0.380937
0.173721
0.636771
0.645317
0.725547
0.364199
0.676845
0.27318
0.227635
0.697498
0.827891
0.168636
0.836307
0.951399
0.384585
0.087263
0.255106
0.486301
0.766697
0.564022
0.268587
0.387738
0.414129
0.943413
0.93054
0.986419
0.431666
0.615822
0.200715
0.956637
0.933295
0.809206
0.757595
0.342681
0.820123
0.462618
0.722294
0.897418
0.305933
0.748373
0.420447
0.030379
0.371842
0.180196
0.188315
0.887259
0.379891
0.264586
0.697061
0.058669
0.762376
0.947632
0.570515
0.76327
0.212144
0.992658
0.305785
0.625883
0.485091
0.185637
0.772223
0.781625
0.015288
0.375888
0.58581
0.199721
0.694016
0.3242
0.336944
0.49354
0.312122
0.061463
0.184278
0.71654
0.966107
0.265065
0.633388
0.236522
0.926013
0.736208
0.638685
0.061438
0.548
0.358675
0.208169
0.252006
0.489634
0.051911
0.371846
0.052727
0.729719
0.212542
0.988657
0.99058
0.961829
0.930307
0.314354
0.622028
0.74269
0.191578
0.150326
0.522604
0.837297
0.668359
0.617502
0.307106
0.887201
0.268779
0.976536
0.764224
0.379121
0.432201
0.914557
0.722333
0.277037
0.137306
0.567648
0.176773
0.752503
0.725641
0.601136
0.829537
0.006384
0.984502
0.979341
0.450724
0.714284
0.650902
0.143201
0.918273
0.632322
0.274256
0.112055
0.811044
0.199788
0.767406
0.424415
0.199205
0.665573
0.773526
0.345267
0.560527
0.988826
0.996105
0.481296
0.020367
0.166645
0.872186
0.550948
0.57625
0.79138
0.263802
0.276754
0.230136
0.259379
0.204151
0.167754
0.572693
0.667569
0.484314
0.044235
0.11002
0.158561
0.009707
0.732573
0.910239
0.538262
0.53952
0.48797
0.68621
0.788957
0.251543
0.768584
0.808305
0.05106
0.220375
0.407678
0.077616
0.33911
0.457875
0.61168
0.978909
0.051863
0.362057
0.064045
0.333356
0.584111
0.617065
0.35692
0.664887
0.97371
0.558241
0.312736
0.962301
0.395159
0.812289
0.659484
0.568689
0.628293
0.178429
0.736887
0.589608
0.703924
0.082407
0.87419
0.987045
0.14992
0.853415
0.398585
0.568795
0.217796
0.545082
0.925881
0.510567
0.900642
0.599259
0.446215
0.800057
0.683501
0.056468
0.319064
0.760589
0.840438
0.563021
0.181655
0.373146
0.650385
0.02919
0.725657
0.053287
0.307145
0.966163
0.457818
0.61713
0.30146
0.902806
0.978092
0.786604
0.115461
0.598272
0.781045
0.429817
0.006855
0.004076
0.217286
0.349359
0.62083
0.258326
0.731875
0.755676
0.67095
0.205749
0.29681
0.891464
0.006995
0.785005
0.948055
0.099081
0.599041
0.766002
0.323913
0.903996
0.059512
0.387805
0.025622
0.917012
0.767957
0.832407
0.588815
0.932954
0.734882
0.64215
0.183065
0.56044
0.490845
0.401386
0.192125
0.332718
0.995348
0.446099
0.888555
0.858252
0.90676
0.747181
0.783878
0.883281
0.541243
0.348215
0.269923
0.113495
0.711297
0.682008
0.939704
0.264484
0.381922
0.981469
0.220549
0.829226
0.925747
0.885781
0.565302
0.491349
0.438979
0.68366
0.255841
0.130836