256 1
0
126
1
66
2
180
3
245
4
111
5
33
6
249
7
111
8
196
9
182
10
201
0
11
9
12
13
251
14
94
15
127
16
76
17
235
18
236
19
49
20
237
21
168
22
121
23
122
24
26
24
25
26
102
27
45
28
133
29
236
30
64
31
204
32
82
33
193
34
214
35
183
36
58
2
37
38
140
39
99
40
83
41
98
42
116
43
79
44
118
45
143
46
157
47
165
35
48
49
94
50
69
18
51
52
248
53
93
54
80
55
149
31
56
57
124
58
201
59
230
60
185
61
129
43
62
58
63
64
107
6
65
66
92
45
67
33
68
69
152
1
70
50
71
72
213
11
73
67
74
75
255
76
207
77
176
78
191
79
134
24
80
2
81
82
119
83
164
84
167
85
255
27
86
8
87
47
88
89
107
90
215
91
131
92
232
82
93
94
102
95
199
96
138
52
97
57
98
62
99
100
164
101
184
28
102
58
103
24
104
105
130
106
116
98
107
108
187
17
109
110
141
111
145
111
112
113
116
114
191
115
205
116
148
117
239
31
118
63
119
120
137
10
121
57
122
45
123
67
124
71
125
23
126
17
127
128
248
129
136
121
130
131
171
74
132
133
242
134
238
135
230
136
239
137
210
138
213
139
241
140
251
44
141
3
142
86
143
28
144
145
169
146
237
147
200
59
148
91
149
150
230
7
151
152
181
23
153
106
154
155
255
149
156
157
207
139
158
119
159
160
192
139
161
162
239
163
192
164
224
49
165
131
166
167
223
29
168
20
169
32
170
171
191
114
172
173
220
77
174
135
175
170
176
90
177
178
215
90
179
165
180
147
181
19
182
183
200
9
184
1
185
186
245
2
187
188
254
172
189
159
190
76
191
102
192
83
193
120
194
195
220
135
196
143
197
198
220
122
199
178
200
58
201
86
202
203
220
38
204
166
205
54
206
92
207
208
229
155
209
210
230
104
211
212
232
151
213
170
214
215
236
130
216
197
217
36
218
219
247
220
242
186
221
135
222
223
238
216
224
105
225
47
226
14
227
116
228
66
229
131
230
75
231
46
232
69
233
148
234
235
239
13
236
148
237
186
238
185
239
76
240
7
241
66
242
105
243
105
244
103
245
122
246
41
247
122
248
138
249
108
250
34
251
151
252
106
253
17
254
195
255
0.691857
0.237045
0.429042
0.763505
0.911041
0.3602
0.075515
0.542549
0.247739
0.254882
0.770509
0.468753
0.267318
0.723231
0.821864
0.369315
0.850666
0.913069
0.648268
0.247719
0.314164
0.662722
0.620919
0.122762
0.574061
0.452682
0.619468
0.228926
0.716342
0.635651
0.95444
0.446852
0.829644
0.613722
0.984119
0.672206
0.367502
0.779491
0.288242
0.386585
0.812085
0.16278
0.313775
0.206286
0.553727
0.983995
0.389168
0.799802
0.533267
0.94012
0.454748
0.936782
0.783372
0.227764
0.528604
0.471475
0.939837
0.434276
0.286127
0.991497
0.593839
0.754398
0.864782
0.146099
0.988577
0.245508
0.86592
0.372525
0.790035
0.475321
0.029742
0.793903
0.431731
0.2189
0.951645
0.200485
0.793148
0.427183
0.586147
0.790805
0.773472
0.919523
0.632345
0.246352
0.980346
0.512163
0.076115
0.473907
0.671489
0.82349
0.815905
0.629104
0.048312
0.789747
0.911825
0.492719
0.733059
0.926863
0.837985
0.416505
0.840364
0.73685
0.733184
0.42767
0.911745
0.651197
0.126685
0.902213
0.496633
0.889865
0.406766
0.704587
0.994165
0.240286
0.417665
0.284178
0.961458
0.372767
0.375137
0.51849
0.251505
0.550278
0.648133
0.274751
0.838875
0.950474
0.945279
0.209979
0.46379
0.58103
0.685455
0.43295
0.3286
0.044181
0.96639
0.532677
0.066006
0.198672
0.419951
0.746724
0.466628
0.398256
0.193712
0.597722
0.637407
0.096265
0.56346
0.863188
0.305142
0.987216
0.991658
0.96984
0.528749
0.122356
0.040991
0.41453
0.456241
0.401177
0.347847
0.679303
0.02348
0.598232
0.609441
0.123713
0.135633
0.59656
0.529347
0.902855
0.482282
0.55821
0.099072
0.431722
0.065688
0.217694
0.215057
0.078952
0.196424
0.236079
0.819616
0.469724
0.46089
0.581421
0.390119
0.573058
0.451013
0.862914
0.452482
0.857523
0.601379
0.899441
0.968716
0.864545
0.78313
0.244429
0.697515
0.943769
0.90483
0.660393
0.890049
0.368133
0.202135
0.220063
0.173539
0.030969
0.238592
0.876918
0.504981
0.791037
0.496301
0.75868
0.317557
0.299485
0.903206
0.877152
0.777459
0.11842
0.622512
0.100511
0.751438
0.453322
0.90101
0.473243
0.505683
0.687967
0.856125
0.335254
0.335982
0.94903
0.279423
0.667056
0.433605
0.271794
0.145498
0.92991
0.485289
0.090755
0.232122
0.24269
0.684997
0.136178
0.273975
0.290181
0.247946
0.979089
0.390678
0.809686
0.419536
0.427242
0.208427
0.444531
0.757303
0.549138
0.82271
0.692954
0.789792
0.291575
0.302289
0.320704
0.260073
0.921251
0.932764
0.619837
0.730176
0.269608
0.258609
0.556123
0.096134
0.526243
0.142389
0.172079
0.392441
0.691172
0.677098
0.337162
0.323288
0.841522
0.606773
0.575837
0.650853
0.691142
0.724217
0.479948
0.908891
0.633211
0.631207
0.669607
0.067714
0.480575
0.267599
0.300415
0.926135
0.51912
0.749622
0.914488
0.430301
0.693864
0.693778
0.763107
0.658222
0.705696
0.423071
0.891647
0.048344
0.238453
0.341643
5.1e-05
0.922103
0.775686
0.259528
0.246436
0.020977
0.29557
0.150841
0.846643
0.983508
0.262538
0.354945
0.009109
0.10739
0.795084
0.152222
0.775113
0.094577
0.802469
0.007336
0.734994
0.916343
0.862105
0.42623
0.127675
0.338502
0.874402
0.992713
0.151299
0.959142
0.824463
0.204932
0.249989
0.735496
0.653317
0.314299
0.593582
0.343275
0.201149
0.934755
0.919164
0.971689
0.860743
0.58957
0.47179
0.357602
0.506441
0.447217
0.24796
0.982843
0.798731
0.133709
0.849026
0.612813
0.830531
0.129709
0.801337
0.77604
0.33611
0.758601
0.35518
0.342924
0.888551
0.398998
0.483241
0.181218
0.80446
0.458867
0.570271
0.087819
0.136192
0.251668
0.594268
0.998749
0.477351
0.833637
0.515646
0.959324
0.202891
0.977087
0.079062
0.573925
0.400632
0.598293
0.785362
0.408432
0.623214
0.916022
0.602385
0.463727
0.387924
0.215097
0.006246
0.380537
0.593557
0.977965
0.902583
0.129166
0.582824
0.29838
0.329741
0.112419
0.302448
0.299953
0.196192
0.458756
0.474935
0.238446
0.890817
0.902087
0.117134
0.419393
0.952368
0.392555
0.797819
0.783266
0.491864
0.935379
0.102396
0.670694
0.635951
0.511503
0.632691
0.93595
0.183642
0.424948
0.869741
0.213742
0.855415
0.096694
0.977029
0.109171
0.503857
0.423113
0.473692
0.98413
0.171666
0.198609
0.434487
0.724923
0.555728
0.631533
0.68162
0.170433
0.322836
0.191764
0.771945
0.312688
0.931269
0.685377
0.486458
0.435139
0.305533
0.654443
0.027802
0.017162
0.95521
0.83092
0.123739
0.374584
0.324937
0.13256
0.003817
0.838459
0.084694
0.984593
0.178266
0.978248
0.502747
0.390893
0.610829
0.678595
0.992722
0.838472
0.819033
0.796251
0.525442
0.103762
0.444369
0.441146
0.578527
0.082401
0.937643
0.3921
0.060376
0.686963
0.261312
0.59394
0.003699
0.24861
0.279213
0.369352
0.46576
0.128911
0.813541
0.115356
0.58944
0.978165
0.611176
0.859303
0.587006
0.768545
0.582273
0.463543
0.802464
0.587694
0.534312
0.248012
0.850888
0.528424
0.528312
0.355846
0.836828
0.007376
0.491943
0.249514
0.829015
0.198089
0.792452
0.769907
0.288379
0.944108
0.463915
0.267547
0.190611
0.712093
0.574693
0.094764
0.00265
0.452312
0.524079
0.617349
0.601432
0.088095
0.706611
0.276146
0.783323
0.568322
0.8061
0.572239
0.911406
0.247395
0.555946
0.137753
0.118473
0.043183
0.728406
0.993413
0.335936
0.758048
0.36918
0.545205
0.398464
0.924089
0.31327
0.152639
0.758728
0.714137
0.337954
0.482241
0.715169
0.672116
0.351421
0.988468
0.003593
0.207696
0.181258
0.727065
0.847195
0.270479
0.882498
0.227478
0.064364
0.887811
0.877365
0.171876
0.170714
0.686342
0.837158
0.598337
0.836472
0.49708
0.94764
0.534599
0.482673
0.151222
0.063939
0.982662
0.930955
0.179405
0.807464
0.584444
0.892372
0.116749
0.182291
0.278553
0.800079
0.168358
0.120587
0.001142
0.186518
0.224199
0.764318
0.550072
0.385641
0.23209
0.410769
0.632315
0.170737
0.096036
0.653118
0.817174
0.017303
0.373015
0.755551
0.224782
0.411572
0.984785
0.75503
0.622475
0.967642
0.945232
0.088851
0.73862
0.291045
0.756811
0.852519
0.163461
0.110973
0.224101
0.561527
0.446844
0.363841
0.456166
0.561041
0.468186
0.035862
0.486427
0.613742
0.942222
0.864291
0.622551
0.198109
0.631081
0.450726
0.010603
0.147784
0.84494
0.913969
0.974108
0.398501
0.745151
0.337565
0.62501
0.261023
0.246874
0.770883
0.198623
0.169367
0.335691
0.070322
0.237685
0.810553
0.886065
0.995879
0.019584
0.736112
0.157985
0.128853
0.86433
0.6803
0.696099
0.122563
0.586514
0.002329
0.577725
0.307444
0.413555
0.58429
0.126125
0.666832
0.586087
0.63804
0.065876
0.873574
0.595239
0.045972
0.877373
0.88675
0.550507
0.839147
0.125309
0.503584
0.940538
0.717278
0.79722
0.495695
0.828687
0.47453
0.629603
0.179854
0.182812
0.171392
0.491024
0.922255
0.856093
0.482506
0.166156
0.099727
0.492346
0.632989
0.939672
0.300331
0.027655
0.771669
0.545233
0.010066
0.726467
0.793174
0.224378
0.405123
0.228107
0.280006
0.916122
0.856398
0.850717
0.917557
0.074198
0.3845
0.801802
0.266033
0.827646
0.187298
0.893423
0.275684
0.735294
0.073187
0.804791
0.328314
0.966592
0.154643
0.383643
0.176934
0.975072
0.630519
0.224156
0.081234
0.930525
0.14359
0.084402
0.422083
0.007505
0.524287
0.430195
0.955471
0.994181
0.073198
0.900833
0.036057
0.151322
0.560735
0.741191
0.253022
0.620323
0.345297
0.801036
0.408221
0.080477
0.547557
0.055186
0.606807
0.059345
0.563743
0.070665
0.732061
0.345974
0.450803
0.65012
0.467461
0.516241
0.895171
0.727232
0.17229
0.911188
0.959281
0.327581
0.832794
0.686714
0.482496
0.198066
0.803247
0.952106
0.323675
0.101787
0.609349
0.052232
0.098785
0.679906
0.802458
0.213222
0.501732
0.506166
0.780366
0.676661
0.302375
0.454181
0.452504
0.540115
0.479297
0.301481
0.993943
0.076013
0.858212
0.247328
0.552006
0.18371
0.351326
0.020595
0.720606
0.532053
0.000173
0.996598
0.142417
0.281892
0.93688
0.223408
0.270797
0.17772
0.797568
0.488265
0.55244
0.394558
0.46629
0.642028
0.529556
0.309505
0.72161
0.977539
0.537387
0.812074
0.704621
0.498552
0.939279
0.870943
0.054123
0.507601
0.283633
0.979787
0.424669
0.848687
0.564867
0.223599
0.144701
0.249289
0.03671
0.409535
0.27776
0.934022
0.808033
0.948686
0.529764
0.477447
0.364248
0.765415
0.206674
0.070213
0.807037
0.931478
0.767245
0.374618
0.012374
0.816294
0.053418
0.833434
0.294963
0.043876
0.053045
0.327396
0.188544
0.359272
0.336283
0.88892
0.827702
0.528782
0.326541
0.386294
0.069663
0.694182
0.948617
0.106743
0.753485
0.543849
0.320401
0.016638
0.015178
0.77191
0.11705
0.548096
0.935503
0.435832
0.395308
0.353409
0.183735
0.557233
0.414514
0.446974
0.518087
0.708557
0.237815
0.976217
0.793874
0.489607
0.985192
0.083215
0.6092
0.184903
0.741951
0.387897
0.384909
0.414074
0.162925
0.605939
0.884766
0.052868
0.845229
0.596019
0.965854
0.424602
0.413271
0.560649
0.074671
0.566553
0.322416
0.426981
0.825678
0.632675
0.193159
0.983858
0.907827
0.811222
0.350326
0.277996
0.289474
0.000145
0.029675
0.857083
0.615352
0.552094
0.531483
0.975039
0.51725
0.4269
0.654512
0.731568
0.158
0.094301
0.422636
0.195833
0.692022
0.917264
0.365751
0.688232
0.706012
0.853514
0.827647
0.916866
0.281173
0.491946
0.754787
0.858622
0.017564
0.505786
0.031544
0.631566
0.721836
0.691411
0.195076
0.883677
0.434261
0.684577
0.154577
0.444314
0.96982
0.68228
0.102589
0.481568
0.10578
0.452318
0.454523
0.305524
0.452317
0.798011
0.395684
0.401501
0.566327
0.865757
0.814594
0.822709
0.498946
0.392912
0.115083
0.316007
0.406788
0.404978
0.959677
0.158862
0.473563
0.470527
0.948806
0.874808
0.645606
0.322523
0.920674
0.378035
0.6475
0.095754
0.956248
0.201046
0.316119