256 1
0
241
1
147
2
109
3
190
4
208
5
145
6
144
7
183
8
136
9
38
10
29
11
33
12
163
13
33
14
99
15
30
16
197
17
201
18
213
19
189
6
20
1
21
22
122
23
47
24
88
6
25
16
26
27
163
28
50
29
59
30
45
31
109
32
82
33
57
34
212
35
47
36
113
37
170
38
203
39
105
40
56
36
41
42
143
43
196
44
167
45
46
46
81
47
182
48
199
49
114
50
142
51
185
52
221
53
122
54
87
55
152
56
149
57
119
58
225
59
242
60
181
61
183
62
90
63
72
64
100
65
152
66
144
67
147
68
225
69
125
70
87
71
193
72
101
73
191
74
200
75
187
76
156
77
236
78
111
79
154
80
122
49
81
82
127
83
90
35
84
85
150
86
118
87
161
88
189
89
102
90
234
64
91
92
135
23
93
94
213
73
95
96
251
97
162
98
194
99
231
100
145
101
188
67
102
33
103
104
252
105
121
106
200
107
176
48
108
43
109
74
110
15
111
112
155
113
244
36
114
91
115
103
116
117
156
58
118
37
119
74
120
78
121
1
122
39
123
66
124
125
144
115
126
14
127
128
171
28
129
130
225
131
191
132
215
92
133
134
238
110
135
136
202
109
137
22
138
139
225
140
187
141
217
122
142
44
143
144
223
3
145
37
146
24
147
6
148
38
149
150
181
151
205
34
152
153
246
2
154
114
155
64
156
157
201
118
158
58
159
142
160
83
161
162
224
154
163
164
200
165
231
8
166
167
199
168
236
169
186
168
170
16
171
172
176
90
173
140
174
169
175
138
176
163
177
133
178
21
179
180
227
120
181
128
182
108
183
135
184
175
185
85
186
23
187
188
242
189
243
190
237
73
191
192
223
56
193
120
194
2
195
158
196
197
206
198
236
46
199
35
200
201
223
133
202
203
253
7
204
0
205
86
206
191
207
110
208
30
209
210
250
130
211
39
212
168
213
214
240
89
215
24
216
17
217
215
218
19
219
174
220
72
221
144
222
75
223
131
224
147
225
117
226
227
240
131
228
221
229
174
230
57
231
24
232
227
233
188
234
194
235
8
236
192
237
196
238
79
239
104
240
134
241
202
242
243
252
134
244
230
245
42
246
85
247
140
248
211
249
78
250
184
251
5
252
2
253
129
254
145
255
0.523953
0.468239
0.227562
0.682425
0.94331
0.753958
0.053514
0.224543
0.90012
0.626162
0.876007
0.679236
0.454729
0.01359
0.145608
0.388972
0.420075
0.362494
0.912208
0.342436
0.619733
0.105726
0.865452
0.585805
0.2314
0.780251
0.706283
0.737415
0.045646
0.324769
0.485336
0.851117
0.369174
0.714412
0.448542
0.978633
0.550497
0.746258
0.263799
0.883213
0.647394
0.88875
0.701982
0.660798
0.814527
0.028956
0.052613
0.837682
0.19935
0.419531
0.655219
0.323306
0.630443
0.831812
0.942639
0.552243
0.265319
0.862615
0.53408
0.865539
0.039673
0.194288
0.572216
0.008782
0.968833
0.744343
0.547068
0.855553
0.212073
0.70538
0.338536
0.105715
0.892427
0.791247
0.802402
0.533348
0.483916
0.150248
0.700259
0.042376
0.189156
0.692363
0.488717
0.608049
0.715608
0.708502
0.687054
0.131456
0.436552
0.456278
0.995086
0.970661
0.150559
0.899691
0.095521
0.504427
0.510447
0.804788
0.127929
0.622997
0.675197
0.463167
0.126012
0.312292
0.801286
0.589878
0.564276
0.208732
0.053958
0.54357
0.321015
0.903861
0.567653
0.047082
0.247391
0.478903
0.70909
0.716479
0.87874
0.615334
0.53401
0.079716
0.051759
0.291519
0.121837
0.363333
0.714995
0.249997
0.832588
0.57476
0.176947
0.821315
0.270569
0.305645
0.718034
0.689597
0.651992
0.766644
0.770666
0.238915
0.167697
0.188236
0.535966
0.838082
0.424081
0.117753
0.767505
0.655303
0.263735
0.419374
0.938266
0.970878
0.967735
0.078747
0.338277
0.210502
0.969056
0.145087
0.119034
0.506336
0.787033
0.516497
0.751162
0.216951
0.589746
0.42808
0.882057
0.02288
0.699343
0.08247
0.192139
0.150872
0.644586
0.442691
0.865341
0.360968
0.54071
0.320289
0.981047
0.433205
0.906955
0.921318
0.703307
0.76497
0.553477
0.213236
0.099549
0.914458
0.284514
0.235736
0.554396
0.383511
0.151978
0.391087
0.572069
0.508358
0.512767
0.248062
0.828711
0.358488
0.018586
0.513914
0.052602
0.173832
0.68516
0.284759
0.520026
0.499432
0.032161
0.095538
0.413815
0.457978
0.215396
0.283077
0.192901
0.649198
0.895784
0.220439
0.276444
0.951095
0.836311
0.133563
0.586096
0.573475
0.907378
0.4606
0.86695
0.229606
0.951685
0.057332
0.910121
0.899152
0.987381
0.726168
0.189063
0.594855
0.427813
0.71146
0.670083
0.193749
0.686632
0.521286
0.027038
0.78025
0.110924
0.771167
0.489173
0.817474
0.711648
0.614739
0.484638
0.597188
0.991129
0.782658
0.103141
0.241104
0.209898
0.62694
0.493049
0.752163
0.326449
0.572195
0.583414
0.04455
0.976631
0.049873
0.597807
0.742944
0.166416
0.782421
0.902609
0.639085
0.200393
0.811727
0.348294
0.128154
0.036451
0.337278
0.07933
0.547687
0.080706
0.670856
0.452281
0.307874
0.689585
0.161785
0.675736
0.619238
0.984321
0.064986
0.633193
0.217202
0.174193
0.553716
0.56406
0.792906
0.808095
0.415948
0.539545
0.757923
0.248033
0.729917
0.121759
0.009774
0.368465
0.629859
0.080874
0.292602
0.96299
0.447528
0.916794
0.954507
0.752979
0.412683
0.530249
0.423197
0.875894
0.337929
0.627409
0.707657
0.439267
0.878292
0.027436
0.278482
0.283717
0.65085
0.454411
0.351692
0.657233
0.405816
0.834518
0.276257
0.603273
0.548759
0.342183
0.434398
0.645693
0.310526
0.050085
0.740181
0.677665
0.110274
0.750596
0.689896
0.11815
0.685105
0.852531
0.866599
0.322347
0.350643
0.351458
0.479925
0.286033
0.70227
0.859195
0.812115
0.157338
0.456503
0.515873
0.067763
0.748854
0.403812
0.487499
0.667127
0.668009
0.121789
0.514412
0.844308
0.616923
0.073362
0.513155
0.930142
0.420514
0.216031
0.917157
0.416524
0.433131
0.698536
0.533403
0.57731
0.778029
0.745286
0.17301
0.40649
0.912443
0.091475
0.330356
0.333928
0.093575
0.626236
0.25914
0.684082
0.397622
0.595749
0.988744
0.821882
0.973886
0.884846
0.081176
0.058486
0.468681
0.806479
0.393596
0.860814
0.937034
0.831983
0.378535
0.153002
0.973145
0.385363
0.09198
0.346066
0.005882
0.842959
0.375753
0.57254
0.889994
0.167226
0.991846
0.037502
0.408027
0.687267
0.643741
0.953859
0.173532
0.502571
0.234284
0.922114
0.848567
0.240763
0.226753
0.426597
0.946484
0.266837
0.669077
0.701794
0.241555
0.872001
0.687409
0.921373
0.537476
0.237746
0.821606
0.721874
0.262005
0.018906
0.987027
0.965901
0.398806
0.169247
0.27941
0.429354
0.242408
0.092862
0.257178
0.29797
0.10997
0.25178
0.798493
0.5006
0.568923
0.620411
0.627774
0.649938
0.314188
0.347011
0.841085
0.017378
0.263975
0.438628
0.41455
0.821751
0.158306
0.306353
0.432018
0.084901
0.793381
0.409956
0.897014
0.64942
0.568294
0.281384
0.973316
0.709396
0.771707
0.381928
0.820452
0.250615
0.780251
0.988355
0.475694
0.51999
0.061593
0.395219
0.146364
0.006563
0.352423
0.221375
0.709258
0.680934
0.611547
0.406682
0.471585
0.825282
0.087739
0.531929
0.897323
0.347004
0.895851
0.014577
0.471737
0.982036
0.537279
0.27273
0.830776
0.068229
0.514375
0.32915
0.715068
0.20849
0.16195
0.210223
0.264005
0.247894
0.279405
0.81195
0.274935
0.628401
0.614282
0.277781
0.409141
0.311036
0.165418
0.179826
0.221062
0.589285
0.418199
0.669088
0.993859
0.814758
0.682819
0.876762
0.793707
0.328768
0.297351
0.544997
0.760567
0.614273
0.395333
0.765445
0.207482
0.145787
0.899977
0.674208
0.968671
0.476007
0.401263
0.604726
0.16473
0.289717
0.707118
0.800463
0.537832
0.005915
0.157519
0.352119
0.270099
0.822144
0.60432
0.944008
0.48316
0.308854
0.187488
0.302719
0.594006
0.405697
0.704058
0.58162
0.857984
0.485587
0.116284
0.815217
0.813285
0.957828
0.477143
0.523839
0.160545
0.857881
0.130502
0.26261
0.75883
0.868308
0.68281
0.469789
0.596176
0.035486
0.606943
0.229509
0.617333
0.083505
0.769283
0.060873
0.126298
0.284659
0.146381
0.745647
0.772801
0.596225
0.193951
0.505569
0.444943
0.958504
0.353121
0.992323
0.737816
0.370343
0.587354
0.976996
0.244777
0.403534
0.083591
0.18408
0.560524
0.621424
0.882195
0.511088
0.714181
0.967421
0.74256
0.431963
0.05235
0.249864
0.749985
0.979724
0.453399
0.597054
0.044416
0.79446
0.412608
0.021796
0.025957
0.656711
0.906079
0.224795
0.113875
0.035344
0.756085
0.662155
0.18106
0.136515
0.817056
0.939357
0.600514
0.152816
0.483054
0.08075
0.452756
0.763899
0.329915
0.532029
0.399729
0.214662
0.713715
0.881765
0.897822
0.211893
0.346857
0.226846
0.347504
0.283302
0.937146
0.036915
0.262872
0.525961
0.336979
0.648528
0.691471
0.948005
0.248697
0.215802
0.218366
0.802746
0.460361
0.200488
0.288537
0.123071
0.13887
0.934654
0.284854
0.35257
0.965386
0.603556
0.059762
0.653616
0.77768
0.213951
0.625089
0.187338
0.77382
0.951301
0.688106
0.008226
0.690402
0.805223
0.286783
0.486945
0.425715
0.037508
0.011236
0.065988
0.664413
0.346429
0.421141
0.814245
0.699177
0.419766
0.876077
0.577528
0.126762
0.461871
0.436829
0.59567
0.170189
0.37211
0.111584
0.435469
0.392143
0.482524
0.610301
0.64624
0.613959
0.043459
0.717672
0.108442
0.029722
0.416578
0.206844
0.07339
0.359659
0.63297
0.084512
0.097332
0.292001
0.726412
0.688119
0.625003
0.763652
0.801099
0.12028
0.073864
0.399228
0.981829
0.088525
0.111987
0.608042
0.691319
0.64141
0.438826
0.164033
0.619294
0.017005
0.144146
0.36799
0.94308
0.408568
0.020286
0.449673
0.371989
0.731468
0.116033
0.801959
0.37398
0.891638
0.002562
0.230276
0.994438
0.702409
0.268026
0.004937
0.372658
0.205521
0.055284
0.544818
0.312047
0.468795
0.691757
0.384816
0.143115
0.369117
0.421293
0.763425
0.301861
0.722384
0.822144
0.639193
0.219295
0.268544
0.895621
0.000519
0.836123
0.687592
0.151743
0.411033
0.080212
0.568296
0.213944
0.748597
0.920105
0.973051
0.219823
0.369608
0.941274
0.289817
0.86462
0.036321
0.495118
0.115592
0.197369
0.861437
0.578434
0.360675
0.469678
0.577157
0.511056
0.115427
0.788163
0.266079
0.394408
0.058079
0.127356
0.162221
0.584926
0.179231
0.1591
0.07232
0.414635
0.632871
0.820668
0.624532
0.558862
0.137285
0.483986
0.078795
0.462317
0.354555
0.756303
0.22596
0.236078
0.531263
0.353304
0.260515
0.43351
0.733934
0.357248
0.709261
0.240923
0.551775
0.262909
0.322434
0.845795
0.279446
0.506103
0.898208
0.425836
0.379313
0.304708
0.486823
0.047246
0.075815
0.579693
0.62265
0.176252
0.37277
0.514054
0.806707
0.665703
0.216624
0.759824
0.088476
0.735484
0.349445
0.571298
0.548134
0.443433
0.66341
0.969445
0.18689
0.772208
0.412194
0.478734
0.017763
0.595984
0.252743
0.701669
0.66228
0.215667
0.973236
0.113901
0.61833
0.040438
0.935863
0.814142
0.851928
0.101867
0.060349
0.924176
0.464805
0.445593
0.125501
0.338458
0.000884
0.035382
0.233904
0.824041
0.001079
0.45189
0.80485
0.38745
0.039195
0.978687
0.048639
0.463639
0.485256
0.055732
0.286249
0.083958
0.2299
0.282524
0.063479
0.858928
0.530222
0.556541
0.842514
0.984106
0.587655
0.997534
0.114878
0.908591
0.409929
0.176107
0.995738
0.693433
0.458901
0.123734
0.118456
0.34526
0.887572
0.708602
0.547899
0.580353
0.342539
0.418177
0.699685
0.894094
0.997234
0.651053
0.294302
0.119213
0.303546
0.570905
0.083903
0.127798
0.090877
0.995892
0.703673
0.511351
0.786787
0.615104
0.271218
0.132752
0.314611
0.64718
0.488142
0.194791
0.532808
0.052321
0.906973
0.704516
0.512326
0.381661
0.844159
0.007667
0.867208
0.191078
0.745476
0.161162
0.7593
0.863086
0.625493
0.850961
0.006068
0.395559
0.190206
0.994272
0.968113
0.774118
0.40626
0.519238
0.930416
0.039733
0.01607
0.409007
0.423826
0.561553
0.642111
0.597324
0.124758
0.588044
0.548368
0.205182
0.563944
0.912337
0.657501
0.124428
0.429856
0.112417
0.84792
0.018501
0.323194
0.369551
0.535951
0.524605
0.138147
0.064038