256 1
0
215
1
11
2
150
3
53
4
94
5
199
6
189
7
77
8
84
9
34
10
30
11
140
12
248
13
252
14
241
15
184
16
102
17
251
18
31
19
87
20
53
21
83
22
94
23
170
24
92
25
48
26
124
27
228
28
122
29
46
30
212
31
236
32
228
33
92
34
98
0
35
36
173
37
178
38
227
39
107
40
209
41
114
42
221
16
43
44
200
0
45
46
84
47
229
48
157
49
164
4
50
51
90
36
52
53
240
54
211
55
231
56
137
57
147
58
174
59
94
53
60
61
200
62
108
63
70
64
249
60
65
66
213
67
77
68
144
69
221
70
225
71
86
18
72
40
73
6
74
75
200
44
76
77
240
78
150
79
139
80
120
81
115
82
163
83
147
71
84
85
170
86
252
87
224
88
101
89
193
90
251
88
91
19
92
93
112
51
94
95
133
65
96
70
97
81
98
99
221
100
178
0
101
79
102
103
144
104
236
76
105
106
172
44
107
108
171
109
202
110
186
2
111
42
112
113
239
114
186
35
115
106
116
117
120
118
254
119
192
98
120
79
121
122
183
123
215
66
124
58
125
76
126
127
180
34
128
75
129
44
130
35
131
132
224
130
133
134
200
104
135
136
182
26
137
138
205
12
139
140
158
12
141
142
181
143
208
144
192
145
186
146
194
147
164
112
148
149
165
150
156
108
151
32
152
17
153
154
251
134
155
88
156
157
169
17
158
123
159
160
249
161
169
162
210
163
167
8
164
165
225
64
166
101
167
168
237
42
169
110
170
5
171
34
172
112
173
174
255
175
211
8
176
10
177
121
178
179
226
180
189
115
181
182
217
51
183
49
184
185
211
50
186
10
187
188
202
51
189
190
255
137
191
185
192
99
193
178
194
48
195
145
196
16
197
198
229
66
199
151
200
18
201
98
202
151
203
166
204
205
211
19
206
207
221
163
208
1
209
154
210
54
211
60
212
38
213
31
214
145
215
216
225
65
217
217
218
38
219
62
220
114
221
221
222
91
223
160
224
79
225
62
226
87
227
132
228
129
229
48
230
86
231
89
232
82
233
33
234
123
235
236
238
232
237
144
238
150
239
83
240
199
241
94
242
23
243
175
244
213
245
194
246
59
247
223
248
242
249
212
250
84
251
97
252
166
253
124
254
95
255
0.440789
0.576259
0.852059
0.30016
0.20846
0.353371
0.36753
0.091363
0.734762
0.747857
0.183833
0.385805
0.144361
0.090297
0.905436
0.333396
0.956735
0.697833
0.04958
0.378481
0.951892
0.014946
0.32609
0.255388
0.530526
0.734552
0.484667
0.045317
0.007164
0.260937
0.855559
0.791306
0.085145
0.388401
0.568093
0.09102
0.250256
0.733075
0.19559
0.259875
0.300391
0.879606
0.203169
0.663682
0.036579
0.788138
0.341615
0.589265
0.445795
0.668982
0.59709
0.759519
0.652655
0.36623
0.548775
0.651562
0.192123
0.763978
0.655788
0.270904
0.261794
0.639592
0.657687
0.340879
0.561824
0.86339
0.161629
0.059584
0.060987
0.147603
0.669746
0.01811
0.481232
0.718536
0.624349
0.876031
0.537177
0.858669
0.500469
0.290375
0.832025
0.140622
0.734048
0.855997
0.086546
0.553066
0.531531
0.832057
0.38844
0.383013
0.762729
0.689388
0.91729
0.631667
0.090706
0.117944
0.833278
0.373482
0.244684
0.112141
0.438516
0.97008
0.684397
0.82683
0.690486
0.095922
0.411133
0.759272
0.742197
0.969305
0.138462
0.115609
0.705593
0.144288
0.266543
0.714476
0.322039
0.96546
0.304975
0.564151
0.630724
0.671358
0.436449
0.190884
0.868026
0.802804
0.432995
0.749236
0.957634
0.182083
0.142559
0.037232
0.378396
0.287117
0.700254
0.401915
0.536024
0.278901
0.451861
0.545259
0.007638
0.774511
0.475037
0.099621
0.57701
0.278899
0.356191
0.815113
0.960286
0.380318
0.577996
0.7199
0.684132
0.913929
0.99204
0.048414
0.606961
0.436968
0.163975
0.046692
0.914316
0.588393
0.756715
0.328951
0.347732
0.900186
0.430857
0.396406
0.028725
0.020377
0.793732
0.214354
0.141304
0.331109
0.659452
0.386466
0.849461
0.047835
0.072725
0.358197
0.085168
0.50564
0.935378
0.506493
0.000422
0.244974
0.196137
0.951386
0.779741
0.198417
0.709312
0.153587
0.776624
0.299496
0.393756
0.038334
0.250622
0.585934
0.213299
0.814427
0.867176
0.418019
0.902503
0.943521
0.290009
0.803679
0.816292
0.887412
0.448832
0.559862
0.2762
0.462051
0.283868
0.374701
0.903837
0.416456
0.578375
0.300293
0.60507
0.003863
0.586836
0.504034
0.618572
0.752762
0.25843
0.142176
0.602727
0.042126
0.906392
0.845658
0.104577
0.970656
0.452591
0.57155
0.436657
0.750276
0.282788
0.924276
0.330174
0.652117
0.137482
0.465273
0.792701
0.024497
0.560762
0.938941
0.45849
0.370787
0.297512
0.418199
0.82641
0.632013
0.332149
0.314754
0.452996
0.200399
0.993899
0.354834
0.627419
0.761039
0.436185
0.587673
0.167946
0.507785
0.87592
0.988017
0.180058
0.466923
0.84019
0.066634
0.128913
0.902787
0.980766
0.919552
0.841583
0.851239
0.068876
0.466229
0.203026
0.633235
0.909562
0.415018
0.633604
0.986789
0.500205
0.421444
0.844531
0.674118
0.269107
0.83124
0.844937
0.596649
0.261564
0.458172
0.874145
0.303965
0.233802
0.0192
0.268456
0.40545
0.911604
0.094215
0.328093
0.540535
0.486898
0.984678
0.534834
0.426313
0.59789
0.966034
0.260221
0.980003
0.950516
0.802545
0.420884
0.600217
0.062113
0.627125
0.23234
0.254294
0.964543
0.810011
0.245796
0.425548
0.523035
0.779752
0.629495
0.263537
0.770994
0.254677
0.193106
0.14458
0.514505
0.306821
0.834743
0.782541
0.107397
0.689104
0.276834
0.180093
0.23738
0.842712
0.176927
0.38011
0.554186
0.610737
0.748847
0.74711
0.527456
0.459303
0.590869
0.785332
0.466702
0.201494
0.388478
0.889828
0.240033
0.485634
0.546356
0.28265
0.859447
0.212064
0.384557
0.144003
0.492543
0.033986
0.799914
0.069952
0.809191
0.637388
0.302001
0.216705
0.318979
0.590829
0.656974
0.460048
0.73251
0.737383
0.022367
0.225877
0.628406
0.773941
0.869844
0.886534
0.332346
0.131008
0.449479
0.279897
0.379482
0.695494
0.970633
0.014744
0.719844
0.282795
0.967436
0.15969
0.241447
0.746668
0.869303
0.012369
0.276061
0.635298
0.253158
0.754312
0.103757
0.564343
0.662923
0.26936
0.64904
0.088651
0.733347
0.157105
0.397754
0.355548
0.177981
0.23437
0.833836
0.86998
0.224261
0.170116
0.723285
0.165431
0.001184
0.141213
0.008617
0.673585
0.534824
0.673507
0.915812
0.468634
0.857581
0.564517
0.419478
0.894892
0.045902
0.371241
0.180737
0.538521
0.556361
0.414518
0.986876
0.3295
0.952019
0.83647
0.635887
0.004114
0.751162
0.726485
0.347597
0.133633
0.066173
0.02451
0.475962
0.697523
0.020085
0.243464
0.124953
0.564834
0.217738
0.281438
0.181067
0.553613
0.072875
0.037625
0.027878
0.902418
0.879895
0.32499
0.56655
0.711335
0.260617
0.022981
0.15941
0.534513
0.251782
0.93055
0.6355
0.566844
0.332704
0.019103
0.421504
0.885934
0.589455
0.413231
0.655543
0.788007
0.204599
0.275467
0.418976
0.620508
0.195692
0.030303
0.824769
0.93636
0.888442
0.374173
0.486509
0.450885
0.468211
0.079858
0.086619
0.037978
0.766063
0.290736
0.584679
0.19428
0.550012
0.18573
0.011161
0.882761
0.906825
0.442744
0.811587
0.372984
0.56597
0.373026
0.820061
0.676867
0.279942
0.639647
0.073169
0.337754
0.209788
0.092486
0.634991
0.028751
0.892744
0.432017
0.045254
0.246829
0.911761
0.847386
0.998255
0.783626
0.49305
0.603278
0.203633
0.786636
0.930058
0.704241
0.257249
0.022251
0.16974
0.26524
0.585238
0.170263
0.624421
0.224602
0.791336
0.875354
0.704324
0.368023
0.237506
0.81743
0.66677
0.41891
0.348941
0.374073
0.080883
0.762383
0.817325
0.373839
0.020013
0.619654
0.328997
0.946063
0.446668
0.491966
0.817964
0.466198
0.065166
0.617949
0.752466
0.498522
0.414632
0.224914
0.066128
0.990772
0.793115
0.331512
0.692954
0.910097
0.016057
0.732981
0.174296
0.783851
0.160487
0.129777
0.243404
0.769763
0.873071
0.039219
0.84965
0.992193
0.985459
0.919889
0.017631
0.460045
0.625696
0.991624
0.093552
0.409444
0.277485
0.50056
0.023336
0.959115
0.234467
0.44828
0.802474
0.600845
0.835814
0.186396
0.36806
0.238855
0.5685
0.639783
0.786958
0.114094
0.751395
0.594566
0.032515
0.282751
0.036536
0.034924
0.719915
0.929831
0.08936
0.879737
0.595211
0.572812
0.868782
0.030351
0.756873
0.996154
0.186788
0.966615
0.616284
0.080459
0.171819
0.383454
0.603811
0.522127
0.752847
0.490004
0.393281
0.419537
0.364764
0.15375
0.013493
0.379857
0.002989
0.443634
0.984634
0.920429
0.519874
0.66288
0.281657
0.907403
0.796702
0.531299
0.454137
0.956229
0.87769
0.385114
0.046879
0.326819
0.560787
0.84124
0.199525
0.592618
0.717936
0.974831
0.828002
0.406595
0.714097
0.911276
0.902816
0.966783
0.015952
0.910199
0.323566
0.031768
0.512411
0.936335
0.952311
0.692528
0.937051
0.582153
0.338972
0.905661
0.714659
0.858873
0.184178
0.972231
0.691866
0.663591
0.102934
0.47955
0.225638
0.988413
0.493542
0.063805
0.356757
0.006828
0.891618
0.950082
0.791305
0.255158
0.452199
0.193924
0.382164
0.309825
0.350605
0.728377
0.816271
0.192062
0.305815
0.523788
0.860755
0.017683
0.106271
0.066534
0.652625
0.281706
0.71528
0.258389
0.513149
0.033222
0.931108
0.913923
0.351265
0.779588
0.427724
0.389399
0.311529
0.451184
0.349539
0.376874
0.674198
0.756205
0.339784
0.54736
0.131543
0.911649
0.758407
0.515124
0.645246
0.843546
0.176485
0.205578
0.427293
0.254345
0.291469
0.723796
0.844056
0.939291
0.278051
0.391703
0.865661
0.529557
0.524939
0.693226
0.157976
0.612557
0.649363
0.382202
0.043418
0.158309
0.69664
0.200349
0.5295
0.938095
0.991917
0.913013
0.072569
0.049459
0.936026
0.586904
0.428126
0.874617
0.463375
0.144902
0.626487
0.768862
0.318199
0.362462
0.918431
0.813775
0.897738
0.71505
0.95858
0.507735
0.121597
0.339252
0.312841
0.302758
0.247567
0.123627
0.07948
0.525074
0.841439
0.363816
0.076826
0.738733
0.205073
0.670752
0.663637
0.099953
0.320606
0.197376
0.841057
0.471019
0.284092
0.143939
0.49982
0.99779
0.386367
0.337118
0.240847
0.882676
0.180273
0.526526
0.873407
0.450438
0.589703
0.084236
0.314236
0.386052
0.570066
0.249456
0.833309
0.267696
0.464991
0.436749
0.309212
0.528183
0.068361
0.426711
0.476271
0.026389
0.162607
0.13483
0.131538
0.995547
0.853389
0.412642
0.62665
0.72345
0.868062
0.52216
0.864534
0.160556
0.941256
0.989736
0.563085
0.956025
0.561853
0.160079
0.525916
0.545316
0.202642
0.191099
0.589058
0.207542
0.432936
0.20231
0.341953
0.649655
0.496115
0.425553
0.767093
0.583726
0.604965
0.56681
0.191526
0.62933
0.549065
0.51343
0.149064
0.078869
0.272728
0.989057
0.378576
0.494309
0.168458
0.829079
0.431204
0.658255
0.29053
0.74304
0.07345
0.446133
0.933913
0.958182
0.38868
0.847042
0.383389
0.625029
0.844922
0.100258
0.619647
0.700487
0.265764
0.216855
0.707663
0.156503
0.339972
0.622196
0.392293
0.474958
0.026724
0.517772
0.653386
0.470846
0.39065
0.021607
0.871553
0.249601
0.413991
0.14224
0.188378
0.516899
0.336545
0.618673
0.920985
0.155622
0.611007
0.225195
0.010336
0.20607
0.003594
0.476356
0.933903
0.702386
0.578224
0.446179
0.496854
0.075208
0.528442
0.5591
0.360448
0.005596
0.587619
0.939987
0.769322
0.353695
0.010561
0.025097
0.818068
0.884976
0.872384
0.45199
0.098133
0.524558
0.285055
0.730369
0.387769
0.072753
0.889483
0.312291
0.318744
0.220339
0.645283
0.612516
0.091602
0.595863
0.605844
0.59169
0.68353
0.311277
0.907199
0.983372
0.373428
0.148601
0.285685
0.715006
0.741381
0.36815
0.494005
0.235009
0.587495
0.235754
0.562772
0.940175
0.519435
0.614959
0.487655
0.088845
0.580929
0.445351
0.219615
0.239331
0.2498
0.706734
0.09814
0.244871
0.037441
0.068279
0.62462
0.709121
0.321576
0.559311
0.250161
0.710418
0.323516
0.151954
0.972166
0.397927
0.844991
0.172096
0.656086
0.698341
0.121027
0.095805
0.630693
0.679501
0.432468
0.960208
0.830795
0.69779
0.892242
0.360446
0.671621
0.267067