256 1
0
121
1
101
2
48
3
80
4
217
5
50
6
240
7
168
8
217
9
54
10
175
11
97
12
165
13
230
14
158
15
249
16
66
17
208
18
229
19
216
20
77
21
42
22
60
23
234
24
241
16
25
26
46
27
205
28
65
29
220
30
180
10
31
32
121
31
33
2
34
35
90
36
169
12
37
38
93
39
93
40
41
41
209
42
136
43
197
44
185
45
46
46
66
47
223
48
211
49
88
50
116
51
166
52
196
53
151
54
251
55
70
56
222
57
162
58
152
59
192
42
60
61
180
33
62
63
218
64
223
65
211
66
194
47
67
68
195
69
218
70
94
71
182
64
72
73
85
74
146
75
195
72
76
77
131
46
78
79
105
80
134
81
100
11
82
45
83
70
84
85
214
86
106
87
204
86
88
89
214
90
114
91
126
92
188
16
93
65
94
95
120
96
255
56
97
98
121
99
105
100
160
61
101
102
232
103
128
35
104
7
105
76
106
107
170
54
108
109
113
110
195
111
128
112
240
113
198
114
195
115
181
29
116
117
151
91
118
119
144
120
160
121
180
122
163
123
169
124
251
125
203
126
228
81
127
50
128
129
184
130
190
100
131
132
213
9
133
119
134
135
224
95
136
73
137
94
138
55
139
57
140
141
242
142
253
64
143
4
144
30
145
145
146
37
147
148
207
149
232
142
150
28
151
63
152
147
153
154
155
44
155
100
156
157
178
27
158
129
159
56
160
161
199
56
162
163
211
105
164
157
165
76
166
77
167
18
168
169
194
0
170
52
171
172
197
46
173
166
174
175
212
44
176
177
231
142
178
32
179
180
204
135
181
61
182
50
183
184
206
167
185
23
186
124
187
95
188
189
247
137
190
55
191
15
192
98
193
194
221
186
195
196
214
197
202
158
198
12
199
200
221
15
201
202
229
120
203
165
204
147
205
142
206
63
207
91
208
209
220
6
210
21
211
148
212
86
213
214
253
215
220
55
216
89
217
153
218
192
219
141
220
51
221
222
225
26
223
165
224
222
225
69
226
160
227
161
228
225
229
32
230
83
231
54
232
16
233
115
234
129
235
166
236
218
237
235
238
136
239
134
240
230
241
77
242
173
243
33
244
13
245
229
246
185
247
35
248
166
249
155
250
183
251
92
252
143
253
136
254
122
255
0.464254
0.91659
0.426193
0.94428
0.962651
0.464145
0.052133
0.775984
0.773925
0.586787
0.038389
0.246049
0.533521
0.644008
0.244834
0.104051
0.787597
0.338778
0.050857
0.43505
0.766565
0.872897
0.295422
0.718258
0.193836
0.921563
0.479987
0.751522
0.822963
0.217187
0.245412
0.101873
0.440125
0.712463
0.773095
0.140252
0.416172
0.242412
0.439543
0.592087
0.027772
0.876382
0.444984
0.458815
0.934519
0.756384
0.814065
0.423066
0.551321
0.771489
0.710493
0.150402
0.784263
0.224215
0.114931
0.376988
0.060752
0.130427
0.345068
0.7911
0.911436
0.004444
0.232137
0.678518
0.484774
0.007931
0.166387
0.882366
0.466336
0.807036
0.859078
0.283419
0.378641
0.669558
0.079523
0.898879
0.283931
0.449328
0.23569
0.414192
0.250733
0.377686
0.131983
0.961898
0.60567
0.02369
0.968574
0.881372
0.523576
0.018634
0.981691
0.933049
0.166557
0.189794
0.670311
0.159247
0.535758
0.730809
0.531668
0.213846
0.014164
0.212128
0.924671
0.803128
0.242769
0.643662
0.408394
0.860006
0.144579
0.436287
0.308631
0.951034
0.462824
0.784952
0.085606
0.705618
0.012696
0.025393
0.923224
0.104796
0.174632
0.204279
0.930687
0.402183
0.322676
0.020028
0.294693
0.573756
0.993564
0.55453
0.354384
0.202983
0.363549
0.578026
0.583274
0.606544
0.872562
0.040529
0.503788
0.78829
0.025157
0.435878
0.791428
0.897859
0.869561
0.322645
0.527206
0.702399
0.735256
0.692729
0.081778
0.933333
0.405919
0.296756
0.225099
0.179393
0.431319
0.438327
0.02776
0.156064
0.098524
0.964796
0.521079
0.027483
0.593366
0.322795
0.661363
0.697381
0.440873
0.833218
0.164614
0.563691
0.69914
0.094092
0.970683
0.072299
0.351449
0.598675
0.787902
0.734823
0.070433
0.243935
0.31806
0.342066
0.380857
0.928623
0.81958
0.872512
0.303582
0.438537
0.72818
0.460777
0.069258
0.453815
0.957875
0.959261
0.989164
0.960246
0.184562
0.636592
0.516064
0.133333
0.224928
0.790838
0.785372
0.435421
0.56672
0.866775
0.539253
0.083517
0.154472
0.826557
0.797709
0.302052
0.346977
0.154508
0.755095
0.240528
0.5846
0.312159
0.669771
0.395941
0.256529
0.044116
0.969075
0.85373
0.176152
0.733094
0.578961
0.58688
0.569012
0.425141
0.129314
0.936598
0.386734
0.360192
0.099225
0.707909
0.832144
0.884896
0.943785
0.342202
0.280431
0.306397
0.935783
0.594321
0.544826
0.309096
0.232854
0.806796
0.023565
0.283204
0.179134
0.326716
0.860014
0.923107
0.907533
0.855535
0.151215
0.127799
0.288102
0.650937
0.525452
0.673205
0.535155
0.308173
0.763164
0.70381
0.893063
0.99293
0.481683
0.020061
0.666839
0.161627
0.439319
0.213443
0.089018
0.36364
0.078134
0.584503
0.202419
0.913926
0.203599
0.663207
0.385113
0.989732
0.375007
0.464992
0.164035
0.651863
0.519727
0.736833
0.40849
0.288985
0.883187
0.584496
0.91397
0.469569
0.581686
0.912024
0.462599
0.26779
0.037814
0.102004
0.186001
0.673068
0.902656
0.282181
0.732331
0.621176
0.767484
0.218131
0.319944
0.765843
0.537416
0.512886
0.413627
0.438762
0.462842
0.837313
0.601112
0.732372
0.614827
0.935878
0.384184
0.084705
0.490307
0.809258
0.512137
0.525851
0.049202
0.580744
0.438034
0.460202
0.668206
0.32517
0.188676
0.97013
0.356557
0.004332
0.283209
0.782103
0.245024
0.311273
0.469634
0.419398
0.911095
0.909438
0.314957
0.246129
0.132153
0.680257
0.290884
0.956739
0.412243
0.819076
0.777929
0.601175
0.257109
0.177536
0.569272
0.709041
0.788188
0.672186
0.253979
0.400796
0.116398
0.829387
0.503112
0.88139
0.07216
0.565551
0.507102
0.920417
0.534614
0.948102
0.12001
0.47893
0.887878
0.618446
0.963649
0.572385
0.949688
0.673229
0.522196
0.664817
0.355138
0.369644
0.184342
0.684881
0.512385
0.760162
0.598867
0.409004
0.320708
0.208633
0.864901
0.773281
0.290192
0.742225
0.138193
0.073889
0.376795
0.657449
0.435925
0.139163
0.211468
0.678096
0.403975
0.767878
0.656835
0.650629
0.908252
0.71464
0.586895
0.020059
0.880928
0.116765
0.974154
0.317765
0.267174
0.106553
0.085719
0.899151
0.405198
0.621698
0.2566
0.545228
0.31817
0.617865
0.086408
0.180738
0.927296
0.69298
0.98954
0.798609
0.100415
0.998209
0.245547
0.330245
0.498022
0.641527
0.269236
0.910735
0.832582
0.264326
0.553288
0.096577
0.013979
0.895766
0.653378
0.502317
0.061782
0.424945
0.616996
0.434334
0.133524
0.141987
0.551783
0.414029
0.449116
0.603041
0.896006
0.893588
0.284497
0.328829
0.767427
0.553428
0.75404
0.780736
0.077316
0.43476
0.558786
0.48956
0.397985
0.124229
0.69609
0.810994
0.75006
0.60079
0.760087
0.369067
0.774265
0.438861
0.391156
0.730216
0.798708
0.560231
0.001319
0.40526
0.282237
0.637256
0.860125
0.504574
0.291809
0.761401
0.797081
0.960401
0.170134
0.342079
0.715616
0.001327
0.417853
0.473461
0.194049
0.052177
0.379328
0.049377
0.262249
0.61555
0.266298
0.557951
0.354378
0.384827
0.644367
0.190627
0.811147
0.587565
0.597354
0.39052
0.354796
0.873486
0.981975
0.286246
0.217877
0.558325
0.390875
0.631726
0.733975
0.472557
0.78081
0.194427
0.288281
0.234559
0.570435
0.387321
0.603205
0.372239
0.808657
0.096213
0.380062
0.314922
0.146611
0.009539
0.015804
0.788525
0.048965
0.344443
0.111304
0.649627
0.221753
0.024459
0.714333
0.358737
0.232368
0.693511
0.137394
0.405207
0.269697
0.060691
0.346814
0.443724
0.547717
0.386219
0.679058
0.162432
0.899238
0.99274
0.730396
0.171518
0.504705
0.122896
0.726188
0.254059
0.820578
0.89737
0.695092
0.354252
0.351778
0.886393
0.979356
0.499922
0.94195
0.905253
0.047982
0.413581
0.520908
0.011636
0.729605
0.621931
0.778871
0.089699
0.97141
0.586469
0.221999
0.499312
0.598556
0.890814
0.638076
0.839343
0.390536
0.90705
0.549731
0.882375
0.281436
0.008243
0.054449
0.847131
0.332286
0.242427
0.767869
0.973127
0.112286
0.899342
0.955838
0.464043
0.874993
0.567126
0.864471
0.305992
0.599549
0.231909
0.868567
0.382442
0.471186
0.878647
0.616595
0.582781
0.919972
0.003693
0.980708
0.849381
0.333657
0.539936
0.884063
0.980453
0.464946
0.175677
0.673742
0.82609
0.686233
0.958372
0.389566
0.509786
0.477585
0.511671
0.340538
0.614455
0.102912
0.928037
0.238229
0.560731
0.885005
0.485223
0.98769
0.848422
0.512223
0.654679
0.778462
0.663894
0.046009
0.590241
0.34889
0.203713
0.852316
0.220222
0.407838
0.744835
0.835867
0.04918
0.615572
0.772977
0.272523
0.275911
0.264942
0.425967
0.613051
0.54728
0.636919
0.86942
0.927185
0.635891
0.078279
0.709395
0.301875
0.383989
0.957289
0.313112
0.152774
0.912803
0.927918
0.548071
0.31547
0.63753
0.103041
0.254173
0.038016
0.579783
0.700394
0.363917
0.714279
0.309765
0.391655
0.723296
0.88413
0.197645
0.528845
0.468181
0.143308
0.380039
0.275582
0.985812
0.84735
0.924519
0.304167
0.057431
0.988048
0.824422
0.005288
0.842994
0.661309
0.986118
0.582318
0.418034
0.034079
0.204189
0.045524
0.014178
0.087619
0.741751
0.117491
0.793001
0.056216
0.228127
0.465924
0.744769
0.935964
0.657097
0.164617
0.356931
0.373825
0.708559
0.066082
0.628424
0.1375
0.016627
0.037019
0.243902
0.262349
0.289212
0.042153
0.835272
0.234618
0.890125
0.756526
0.910667
0.071801
0.773112
0.705235
0.543685
0.092642
0.687287
0.175742
0.796894
0.136458
0.094925
0.729001
0.472558
0.450933
0.903877
0.552998
0.519019
0.102123
0.783837
0.346154
0.578954
0.094166
0.732276
0.915065
0.069912
0.972356
0.412093
0.469482
0.784926
0.002591
0.841511
0.584382
0.264057
0.534381
0.831385
0.953252
0.665541
0.339456
0.951761
0.07068
0.912641
0.487478
0.020163
0.272174
0.809678
0.999971
0.668132
0.241638
0.742289
0.637043
0.998761
0.057872
0.573092
0.538263
0.785527
0.928434
0.176298
0.15582
0.685308
0.059869
0.890428
0.524409
0.577069
0.384015
0.981842
0.060606
0.352177
0.520435
0.361205
0.010084
0.431143
0.241238
0.163725
0.013591
0.22303
0.74007
0.672858
0.38943
0.742368
0.623788
0.668129
0.257693
0.426889
0.38279
0.505925
0.543407
0.019992
0.648485
0.983556
0.8827
0.773808
0.018252
0.98734
0.52411
0.81827
0.154662
0.10524
0.652036
0.095954
0.309987
0.630562
0.749449
0.664967
0.320512
0.524132
0.017957
0.350702
0.64335
0.098196
0.796382
0.762341
0.471885
0.888731
0.041663
0.407931
0.394662
0.948424
0.349765
0.677601
0.141938
0.749068
0.242516
0.706682
0.71311
0.356965
0.492132
0.078066
0.397276
0.061377
0.440629
0.579308
0.084839
0.126262
0.591069
0.207572
0.565331
0.253337
0.145692
0.854745
0.970875
0.601551
0.640596
0.61985
0.507653
0.477363
0.291879
0.604651
0.968686
0.11536
0.933167
0.709356
0.864277
0.096235
0.395418
0.767875
0.992959
0.508833
0.377724
0.701581
0.746711
0.02797
0.582806
0.844066
0.892379
0.640969
0.415935
0.719436
0.286523
0.896346
0.913872
0.503639
0.268013
0.398982
0.13049
0.228641
0.822511
0.967801
0.385126
0.025626
0.006469
0.221939
0.932933
0.155774
0.544221
0.855441
0.894649
0.631729
0.290921
0.575335
0.220257
0.706862
0.927747
0.422665
0.78889
0.744998
0.226077
0.918423
0.054171
0.66035
0.460054
0.593096
0.467373
0.789729
0.003241
0.703644
0.919905
0.212957
0.883061
0.201885
0.783165
0.439682
0.046809
0.484394
0.838726
0.004651
0.556675
0.642926
0.069294
0.399222
0.816799
0.788024
0.758927
0.297133
0.742336
0.742302
0.952141
0.73031
0.059948
0.655408
0.771244
0.489018
0.559047
0.416625
0.164144
0.076297
0.487398
0.999308
0.938161
0.113571
0.835687
0.808108
0.967072
0.875703
0.53597
0.625355
0.226474
0.136992
0.320585
0.189322
0.524059
0.540934
0.830388
0.869761
0.490944
0.694108
0.884473
0.165685
0.680228
0.299326
0.935248
0.296137
0.028982
0.450235
0.455314
0.836006
0.096092
0.163696
0.543866
0.108165