256 1
0
228
1
236
2
106
3
62
4
228
5
217
6
126
7
107
8
154
9
142
10
54
11
154
12
156
13
106
14
199
15
42
16
44
17
40
18
252
19
186
20
60
21
149
22
23
23
129
7
24
25
254
26
85
27
130
27
28
29
123
30
219
31
242
32
91
33
110
34
244
35
195
36
97
33
37
38
142
39
105
40
241
41
112
42
165
43
221
44
194
45
142
46
89
47
166
48
104
49
52
25
50
51
157
52
74
53
182
54
129
55
122
56
66
57
239
58
246
59
137
60
139
61
195
62
199
59
63
25
64
48
65
33
66
67
90
68
195
69
177
70
126
40
71
72
238
43
73
74
239
75
165
76
176
77
175
78
145
79
224
80
159
81
185
82
199
77
83
48
84
85
139
86
108
87
142
38
88
89
93
90
227
91
174
35
92
64
93
94
194
15
95
66
96
97
111
92
98
99
102
100
213
66
101
93
102
53
103
104
131
10
105
5
106
107
193
84
108
74
109
110
220
54
111
101
112
113
164
114
129
115
237
116
190
117
242
118
162
35
119
120
217
29
121
122
235
22
123
70
124
66
125
9
126
43
127
115
128
129
200
130
195
104
131
104
132
10
133
81
134
67
135
49
136
137
197
138
188
139
243
136
140
28
141
142
251
130
143
144
241
78
145
11
146
17
147
1
148
149
231
150
185
36
151
152
179
134
153
154
212
155
178
73
156
155
157
76
158
87
159
49
160
90
161
29
162
163
216
164
196
14
165
129
166
72
167
131
168
53
169
29
170
171
208
74
172
7
173
96
174
158
175
129
176
91
177
178
182
23
179
135
180
138
181
182
199
15
183
41
184
85
185
96
186
187
252
108
188
189
195
92
190
117
191
51
192
193
249
111
194
20
195
1
196
197
204
198
251
85
199
60
200
27
201
129
202
190
203
90
204
179
205
25
206
121
207
208
234
89
209
208
210
211
222
212
252
213
254
70
214
201
215
201
216
217
231
51
218
125
219
13
220
106
221
22
222
115
223
78
224
196
225
109
226
66
227
18
228
154
229
120
230
1
231
57
232
45
233
138
234
235
255
145
236
136
237
238
242
9
239
155
240
99
241
12
242
173
243
244
246
46
245
243
246
170
247
247
248
113
249
227
250
59
251
203
252
75
253
66
254
186
255
0.242577
0.970985
0.562769
0.298854
0.064651
0.59366
0.238707
0.499537
0.996372
0.550032
0.288568
0.401586
0.67866
0.449552
0.392074
0.908396
0.129805
0.015251
0.970379
0.019788
0.400113
0.016632
0.481248
0.92398
0.562589
0.408916
0.910637
0.44532
0.86711
0.263865
0.925233
0.526484
0.192781
0.008777
0.873918
0.012996
0.62752
0.432557
0.66931
0.966779
0.707677
0.371961
0.346374
0.557983
0.448937
0.92533
0.765615
0.657699
0.217131
0.549525
0.022105
0.52637
0.061234
0.693058
0.085116
0.387463
0.608351
0.919772
0.880278
0.521047
0.565722
0.094075
0.656463
0.013441
0.044641
0.443176
0.915383
0.698833
0.194639
0.278726
0.687647
0.810991
0.547212
0.616257
0.357779
0.84326
0.990521
0.189897
0.574386
0.260575
0.112554
0.873409
0.692417
0.68739
0.680104
0.977554
0.742718
0.195414
0.726728
0.362879
0.738617
0.36263
0.638461
0.507934
0.40041
0.086868
0.698914
0.745152
0.457668
0.519541
0.748607
0.24839
0.694552
0.654718
0.014303
0.085912
0.929254
0.328721
0.90541
0.18857
0.511699
0.231854
0.609555
0.507676
0.853689
0.176068
0.473405
0.858723
0.39508
0.013596
0.311348
0.895738
0.365496
0.31744
0.808809
0.08286
0.481137
0.580695
0.025439
0.043067
0.730007
0.451385
0.633827
0.784836
0.572808
0.169504
0.026134
0.434057
0.353615
0.489883
0.697368
0.60074
0.278786
0.523953
0.641516
0.243061
0.303404
0.354525
0.3764
0.85046
0.504431
0.190716
0.565646
0.078591
0.260892
0.610917
0.765317
0.08368
0.213712
0.678018
0.531294
0.875745
0.692413
0.026053
0.005071
0.461816
0.341173
0.533315
0.977149
0.330909
0.563419
0.524406
0.875515
0.651709
0.482521
0.118011
0.628217
0.289588
0.909462
0.455424
0.821552
0.413687
0.255518
0.436802
0.187483
0.317821
0.522391
0.083281
0.422719
0.924931
0.84111
0.527598
0.636644
0.550714
0.847399
0.514787
0.861822
0.218347
0.856236
0.217737
0.098438
0.724244
0.335829
0.263533
0.881626
0.25187
0.050303
0.140602
0.15591
0.962195
0.098895
0.246016
0.81396
0.212843
0.497675
0.011779
0.201217
0.122812
0.096547
0.293419
0.34705
0.751899
0.869541
0.142447
0.086083
0.006985
0.772493
0.913837
0.718922
0.942853
0.865793
0.127013
0.317886
0.372768
0.252755
0.265566
0.361773
0.433873
0.276358
0.606195
0.486252
0.026356
0.535561
0.918813
0.299
0.305225
0.750892
0.992899
0.904932
0.945793
0.083759
0.039654
0.018683
0.439784
0.434924
0.397487
0.299728
0.750904
0.659107
0.594493
0.527449
0.313264
0.230549
0.935924
0.373895
0.539867
0.994696
0.148828
0.13345
0.903208
0.070379
0.055556
0.295567
0.328988
0.164069
0.266831
0.587043
0.948709
0.366643
0.359425
0.222775
0.30262
0.454712
0.816131
0.130738
0.139815
0.345298
0.840444
0.004503
0.956057
0.716878
0.344042
0.961221
0.571338
0.114849
0.304328
0.371659
0.280385
0.895478
0.013811
0.964947
0.726459
0.25524
0.436726
0.054973
0.737244
0.084955
0.317941
0.153578
0.097295
0.134002
0.923496
0.899424
0.705714
0.894436
0.503702
0.306447
0.301935
0.832888
0.280538
0.909611
0.76042
0.117521
0.811269
0.370891
0.687447
0.615328
0.793076
0.16477
0.591834
0.482578
0.49464
0.571469
0.752387
0.683676
0.463702
0.556864
0.324567
0.050377
0.797708
0.716981
0.91802
0.967402
0.61697
0.100008
0.66025
0.672292
0.137934
0.904832
0.236008
0.157705
0.743833
0.545353
0.423628
0.306657
0.098231
0.943358
0.560958
0.306377
0.614677
0.528887
0.565929
0.890355
0.834651
0.192202
0.744087
0.290147
0.352755
0.433853
0.442222
0.223452
0.093198
0.263594
0.455514
0.016744
0.450236
0.8128
0.042861
0.245259
0.791735
0.123961
0.387368
0.998186
0.282394
0.957
0.636772
0.276077
0.211787
0.374932
0.899299
0.345772
0.736081
0.996128
0.079999
0.045108
0.431891
0.565548
0.345764
0.387422
0.809945
0.870594
0.940187
0.905183
0.317091
0.498945
0.592411
0.198445
0.498968
0.321625
0.408638
0.76778
0.575778
0.944754
0.164711
0.372483
0.389318
0.037111
0.610855
0.336757
0.11004
0.914671
0.573991
0.711349
0.205396
0.533462
0.903927
0.834022
0.764041
0.682158
0.208154
0.141009
0.593234
0.403882
0.964898
0.4152
0.735182
0.093607
0.13094
0.736285
0.372974
0.426855
0.682042
0.679201
0.26912
0.449576
0.407699
0.798344
0.49075
0.802344
0.289174
0.216839
0.216866
0.768455
0.991607
0.593699
0.180815
0.576641
0.712601
0.748515
0.835468
0.008429
0.256022
0.953329
0.581428
0.571745
0.966295
0.680949
0.186446
0.443345
0.49201
0.102772
0.071762
0.003255
0.902329
0.170195
0.484827
0.753538
0.864088
0.599436
0.701401
0.703677
0.772432
0.268838
0.631499
0.423463
0.687826
0.530628
0.947161
0.821014
0.557333
0.724304
0.650331
0.974386
0.231279
0.822081
0.784667
0.971741
0.909024
0.649906
0.190094
0.743331
0.263838
0.814924
0.947943
0.680915
0.987376
0.818824
0.316864
0.235856
0.503885
0.088903
0.048173
0.385306
0.056113
0.801366
0.215388
0.22203
0.810284
0.137939
0.409171
0.991669
0.207586
0.811267
0.364306
0.618281
0.024001
0.980526
0.542566
0.448625
0.260894
0.860539
0.794335
0.611933
0.869254
0.828529
0.540692
0.049112
0.17117
0.166427
0.230381
0.8269
0.099667
0.46714
0.894857
0.680155
0.586367
0.212786
0.461245
0.241114
0.67873
0.123369
0.725848
0.78905
0.159481
0.353846
0.007654
0.425167
0.26443
0.492987
0.884608
0.30404
0.725447
0.0407
0.429805
0.953202
0.305616
0.217216
0.966728
0.762425
0.660734
0.539988
0.431469
0.930448
0.502427
0.815996
0.488801
0.7238
0.089344
0.47661
0.04557
0.646734
0.338034
0.008037
0.841516
0.510733
0.697668
0.140166
0.082332
0.679834
0.454526
0.890877
0.06129
0.549971
0.609781
0.685453
0.05892
0.160447
0.921989
0.820201
0.983632
0.526757
0.065421
0.956431
0.350625
0.571317
0.776777
0.033587
0.388273
0.962007
0.634062
0.905227
0.153879
0.040515
0.293128
0.781393
0.458919
0.335137
0.305816
0.579129
0.664289
0.416454
0.989839
0.893452
0.475794
0.277472
0.946416
0.581554
0.326187
0.442732
0.730246
0.26545
0.520973
0.180465
0.261458
0.160365
0.863251
0.904275
0.401701
0.780526
0.823373
0.252379
0.388579
0.362147
0.995099
0.355026
0.91187
0.662057
0.042498
0.508045
0.235305
0.077207
0.749284
0.843464
0.167639
0.734613
0.285446
0.549103
0.125471
0.446536
0.337792
0.859486
0.773171
0.739276
0.095608
0.717828
0.521204
0.182614
0.596084
0.252814
0.773698
0.374678
0.1442
0.204686
0.477059
0.058327
0.25964
0.857726
0.728915
0.73605
0.247145
0.164571
0.723077
0.585769
0.958868
0.696517
0.600667
0.257957
0.659428
0.79693
0.105093
0.742512
0.616097
0.685171
0.85325
0.690495
0.086201
0.794884
0.686595
0.520015
0.670327
0.502633
0.376541
0.262855
0.995545
0.475905
0.656304
0.342583
0.378229
0.724444
0.75156
0.067351
0.63965
0.591078
0.405334
0.525847
0.761219
0.401787
0.719581
0.837746
0.11435
0.378293
0.90387
0.449801
0.987166
0.118212
0.720886
0.127414
0.38599
0.27055
0.965864
0.729419
0.609128
0.063719
0.639947
0.752499
0.708981
0.898325
0.574771
0.447601
0.032894
0.36655
0.500697
0.662431
0.452248
0.171267
0.921295
0.243649
0.930947
0.694895
0.052619
0.255358
0.505817
0.320536
0.125499
0.589498
0.14764
0.251034
0.379331
0.468136
0.093587
0.162477
0.404728
0.543387
0.391554
0.030388
0.36456
0.724948
0.971263
0.749892
0.240475
0.69574
0.893336
0.048579
0.292112
0.121837
0.618631
0.829905
0.012847
0.598999
0.859635
0.999798
0.90267
0.851812
0.4011
0.719055
0.867839
0.250421
0.18823
0.084736
0.482041
0.326587
0.435072
0.041841
0.909204
0.883578
0.691738
0.006518
0.314329
0.791769
0.90365
0.547498
0.696167
0.887932
0.840705
0.723481
0.250932
0.295791
0.219538
0.493514
0.831292
0.634987
0.747508
0.075858
0.569477
0.417138
0.98039
0.761601
0.57761
0.112116
0.02174
0.047487
0.878968
0.642926
0.469678
0.861099
0.261188
0.755278
0.4896
0.685196
0.122294
0.708094
0.536804
0.81556
0.132479
0.8196
0.239701
0.909525
0.786046
0.070399
0.648394
0.889053
0.596317
0.42407
0.93257
0.617897
0.429164
0.277099
0.867671
0.189897
0.010089
0.636453
0.137207
0.505752
0.471667
0.646404
0.225712
0.868053
0.444823
0.616321
0.843354
0.195143
0.054747
0.693893
0.415893
0.616285
0.181776
0.150149
0.564217
0.349749
0.52654
0.503775
0.580773
0.146325
0.29471
0.175856
0.270585
0.264462
0.517947
0.210205
0.596069
0.072571
0.037444
0.47
0.122944
0.982553
0.002661
0.263187
0.896845
0.319031
0.560912
0.207458
0.118387
0.610022
0.019239
0.042277
0.420921
0.843875
0.957582
0.955261
0.307869
0.768696
0.801471
0.061241
0.707388
0.44213
0.327195
0.671549
0.864505
0.397343
0.514515
0.624717
0.961149
0.995058
0.039699
0.111151
0.450808
0.856675
0.558452
0.295706
0.78636
0.577626
0.391849
0.867767
0.24807
0.274045
0.314767
0.442298
0.989677
0.288788
0.629627
0.313119
0.288156
0.676366
0.308063
0.179128
0.70985
0.034719
0.787467
0.084576
0.313863
0.152928
0.750277
0.958826
0.628116
0.011463
0.089292
0.494737
0.955418
0.076154
0.439647
0.796718
0.714379
0.100099
0.655946
0.959024
0.989556
0.76672
0.303806
0.267287
0.140778
0.487843
0.031649
0.370136
0.296336
0.129299
0.95801
0.72864
0.965542
0.358109
0.383621
0.574625
0.148794
0.776157
0.00047
0.518054
0.872463
0.550402
0.340163
0.168479
0.274812
0.370957
0.234307
0.894634
0.430424
0.63942
0.057382
0.992722
0.186211
0.826208
0.922187
0.808788
0.773402
0.767828
0.501914
0.100608
0.743906
0.166504
0.727178
0.084582
0.03809
0.462335
0.292205
0.561909
0.393549
0.22484
0.778648
0.874419
0.558229
0.911526
0.006555
0.125874
0.444397
0.928557
0.216285
0.323519
0.933092
0.742681
0.66914
0.391215
0.515267
0.977641
0.898543
0.150337
0.838872