256 1
0
144
1
124
2
154
3
172
4
206
5
151
6
100
7
74
8
133
9
65
1
10
11
215
12
156
13
137
14
78
15
195
16
100
17
219
18
156
19
211
20
28
21
137
22
78
2
23
24
190
25
146
26
194
27
66
28
166
29
233
30
109
31
232
32
252
33
197
34
169
35
220
36
105
37
185
38
130
33
39
40
143
41
43
42
91
43
164
37
44
45
251
46
222
47
177
48
216
49
141
50
99
51
65
36
52
53
136
54
228
55
189
56
114
57
101
47
58
59
101
60
233
29
61
62
219
63
208
64
82
54
65
66
116
67
200
68
156
69
82
70
157
16
71
14
72
11
73
74
116
75
178
76
126
77
117
78
166
79
187
80
206
38
81
17
82
83
161
84
236
85
115
86
124
87
194
88
232
89
179
53
90
71
91
78
92
27
93
94
129
95
252
96
114
97
101
98
127
99
154
57
100
101
162
85
102
103
161
104
172
105
248
106
195
107
216
87
108
109
140
91
110
111
166
46
112
28
113
110
114
100
115
116
189
116
117
118
203
119
229
120
170
121
139
122
152
123
209
66
124
116
125
126
137
17
127
84
128
33
129
130
212
131
234
51
132
133
214
41
134
117
135
117
136
137
153
138
249
57
139
140
164
141
194
142
251
143
219
127
144
48
145
146
170
147
249
90
148
149
189
150
194
151
185
2
152
87
153
154
208
27
155
156
223
13
157
158
177
153
159
53
160
92
161
119
162
136
163
20
164
16
165
30
166
149
167
152
168
147
169
170
249
53
171
172
211
173
234
174
198
61
175
126
176
177
253
73
178
67
179
180
218
106
181
18
182
183
247
184
185
185
199
71
186
166
187
136
188
189
202
190
237
149
191
192
200
20
193
194
211
195
251
127
196
182
197
161
198
144
199
38
200
201
225
202
239
84
203
117
204
36
205
204
206
33
207
204
208
130
209
164
210
83
211
205
212
170
213
210
214
103
215
43
216
36
217
218
230
219
236
36
220
38
221
139
222
196
223
151
224
199
225
197
226
40
227
119
228
51
229
99
230
20
231
212
232
146
233
46
234
188
235
105
236
137
237
77
238
234
239
205
240
241
252
45
242
130
243
113
244
14
245
156
246
88
247
181
248
123
249
3
250
54
251
29
252
101
253
237
254
35
255
0.724835
0.72625
0.502135
0.799558
0.662689
0.720964
0.72582
0.944113
0.691062
0.693442
0.935493
0.370478
0.954554
0.981475
0.101369
0.953674
0.440674
0.884144
0.065761
0.339157
0.446909
0.718868
0.942447
0.794358
0.739604
0.340048
0.963329
0.000538
0.606071
0.972195
0.041344
0.162324
0.794823
0.899577
0.434821
0.188962
0.923969
0.852598
0.699815
0.364058
0.815542
0.222796
0.141376
0.936757
0.877936
0.231877
0.015428
0.295908
0.807154
0.137039
0.274974
0.416562
0.198922
0.343557
0.701799
0.625581
0.226266
0.898652
0.597414
0.181164
0.721653
0.926288
0.382196
0.224399
0.853438
0.720294
0.499306
0.479804
0.354564
0.607823
0.603326
0.456457
0.740424
0.831845
0.787571
0.504019
0.567345
0.219389
0.141097
0.381353
0.819525
0.474834
0.91808
0.021334
0.014016
0.17413
0.501057
0.889771
0.47856
0.200247
0.770209
0.049524
0.347338
0.364845
0.899832
0.813789
0.841172
0.668861
0.282166
0.110256
0.069201
0.349327
0.327931
0.674287
0.327123
0.899925
0.178558
0.78303
0.364976
0.404053
0.745796
0.160787
0.772812
0.007172
0.999229
0.077222
0.330569
0.024564
0.140025
0.657785
0.974145
0.562848
0.249675
0.260285
0.716875
0.891811
0.801322
0.973946
0.750025
0.040783
0.915783
0.10133
0.188092
0.801435
0.557897
0.549791
0.810707
0.930807
0.860753
0.646436
0.710764
0.016623
0.27256
0.513946
0.728916
0.683657
0.415577
0.778025
0.458097
0.502209
0.058275
0.81576
0.227889
0.419603
0.312387
0.164665
0.15443
0.885826
0.11918
0.186918
0.167323
0.933864
0.90661
0.93812
0.802899
0.377265
0.262767
0.56046
0.195381
0.10266
0.724569
0.867766
0.550708
0.30337
0.095112
0.561651
0.691393
0.459608
0.695309
0.986533
0.47863
0.928935
0.275235
0.663881
0.831441
0.619322
0.360997
0.233735
0.498763
0.274885
0.439786
0.19715
0.072787
0.139697
0.094518
0.649894
0.292667
0.690235
0.003658
0.031658
0.276376
0.74357
0.916531
0.190947
0.019567
0.027315
0.640355
0.31048
0.429926
0.83896
0.156606
0.220817
0.852423
0.333995
0.290197
0.313304
0.281666
0.825857
0.919898
0.884987
0.191143
0.107662
0.677323
0.380679
0.798731
0.563519
0.354281
0.976563
0.688944
0.062953
0.031414
0.270884
0.752518
0.15031
0.399997
0.327926
0.216873
0.476434
0.549884
0.433892
0.656843
0.023323
0.397516
0.561264
0.578769
0.812622
0.85598
0.61571
0.166065
0.331958
0.784413
0.735977
0.228571
0.058784
0.913683
0.500603
0.798201
0.882326
0.697047
0.586618
0.100135
0.218315
0.066901
0.500677
0.714736
0.873153
0.278904
0.847057
0.183671
0.499823
0.938079
0.636899
0.671416
0.617837
0.916408
0.649559
0.613325
0.716441
0.547852
0.733096
0.117337
0.404496
0.024249
0.653
0.656569
0.456585
0.182998
0.512069
0.440938
0.342698
0.220242
0.343211
0.248828
0.951792
0.263189
0.782957
0.941981
0.947587
0.27536
0.420534
0.017262
0.984217
0.649256
0.351713
0.57571
0.880211
0.967664
0.221636
0.381797
0.367921
0.871041
0.314071
0.603052
0.605489
0.007964
0.918269
0.307183
0.171065
0.858734
0.602354
0.138782
0.572498
0.721054
0.130036
0.35266
0.048876
0.291033
0.723479
0.62196
0.246
0.70698
0.847236
0.385327
0.428463
0.499476
0.416673
0.122564
0.972461
0.859377
0.197467
0.903631
0.357767
0.340693
0.152034
0.190709
0.347243
0.269163
0.473807
0.044001
0.931122
0.926003
0.158643
0.132642
0.94118
0.057836
0.892444
0.723189
0.669302
0.436613
0.668014
0.023653
0.622867
0.817735
0.477453
0.430312
0.397344
0.093418
0.374888
0.655414
0.688249
0.584884
0.857236
0.386818
0.048683
0.112269
0.003466
0.817239
0.99056
0.851353
0.332337
0.079177
0.534958
0.263213
0.149254
0.458692
0.080627
0.991889
0.114153
0.345414
0.059197
0.005163
0.520797
0.762322
0.725269
0.206975
0.50505
0.364002
0.661805
0.067173
0.638473
0.683143
0.690178
0.21169
0.324848
0.246997
0.383391
0.507035
0.723533
0.891368
0.846162
0.347445
0.740969
0.377659
0.787968
0.572788
0.577066
0.393743
0.271837
0.28968
0.991682
0.744552
0.725385
0.253921
0.485231
0.084903
0.070747
0.079516
0.520661
0.235605
0.207426
0.691191
0.292338
0.70313
0.934375
0.679087
0.075411
0.316275
0.075072
0.459246
0.870892
0.701764
0.575264
0.490692
0.918189
0.429172
0.782793
0.659479
0.090931
0.161603
0.488557
0.932194
0.488741
0.816086
0.883458
0.676093
0.661776
0.330199
0.442769
0.44839
0.773947
0.871851
0.635139
0.661906
0.035947
0.376979
0.79224
0.178527
0.590232
0.799295
0.086796
0.931246
0.408948
0.391184
0.013543
0.603638
0.357479
0.684641
0.147304
0.49366
0.690764
0.525442
0.440861
0.655942
0.481684
0.429366
0.000765
0.682691
0.264387
0.070683
0.332214
0.738793
0.155684
0.963342
0.692352
0.110097
0.016243
0.112522
0.313595
0.934789
0.652762
0.71368
0.283649
0.819744
0.180292
0.608289
0.904383
0.730612
0.453411
0.892182
0.205923
0.275165
0.173797
0.78195
0.83636
0.582886
0.345591
0.276506
0.99642
0.990404
0.937632
0.192948
0.508719
0.545464
0.760415
0.482718
0.563398
0.514167
0.165615
0.8236
0.30819
0.58615
0.470393
0.157234
0.836414
0.336247
0.87855
0.750979
0.923179
0.775455
0.144202
0.580053
0.494451
0.084799
0.077172
0.918255
0.103341
0.708632
0.248239
0.823694
0.096758
0.234944
0.694707
0.174703
0.487524
0.19905
0.264324
0.347103
0.873756
0.631227
0.493568
0.711966
0.289918
0.648795
0.653775
0.738359
0.401198
0.80539
0.213373
0.368418
0.677769
0.353979
0.570429
0.913197
0.680992
0.642038
0.495406
5.8e-05
0.53798
0.738373
0.238622
0.805164
0.371858
0.094459
0.84263
0.104128
0.350963
0.060452
0.227792
0.152551
0.23145
0.684768
0.670163
0.31778
0.235762
0.080313
0.302771
0.341748
0.753949
0.029897
0.34793
0.368948
0.300598
0.372273
0.261972
0.456735
0.371622
0.601214
0.692356
0.997949
0.245279
0.681713
0.032899
0.78525
0.588812
0.63543
0.788178
0.604714
0.349428
0.599886
0.183878
0.665972
0.323162
0.499583
0.266672
0.49591
0.267996
0.219305
0.241955
0.461856
0.926085
0.316785
0.861428
0.128287
0.409693
0.421725
0.073825
0.754386
0.803686
0.261082
0.504317
0.440291
0.062521
0.630707
0.109951
0.895185
0.061019
0.496015
0.734566
0.318037
0.728759
0.313007
0.185699
0.426259
0.696262
0.798416
0.297668
0.686284
0.333091
0.016469
0.758672
0.839405
0.920034
0.504573
0.45941
0.056972
0.650963
0.260167
0.873711
0.456981
0.48331
0.566785
0.590964
0.254556
0.317457
0.087737
0.830891
0.535968
0.140693
0.064315
0.541638
0.694223
0.670195
0.599858
0.450065
0.726478
0.868362
0.140949
0.228427
0.684474
0.357516
0.533229
0.374928
0.458044
0.927677
0.219621
0.697712
0.96869
0.383108
0.163465
0.414887
0.862633
0.648985
0.695945
0.197523
0.900501
0.433373
0.572101
0.75751
0.098035
0.591798
0.602368
0.468407
0.516338
0.509587
0.072833
0.09969
0.887422
0.478953
0.777313
0.163649
0.293877
0.329434
0.045825
0.707974
0.094703
0.989403
0.118435
0.119366
0.225657
0.498902
0.011569
0.983659
0.264093
0.964889
0.715547
0.491518
0.039788
0.504968
0.137213
0.098713
0.249748
0.274954
0.088688
0.887959
0.398568
0.25848
0.355917
0.873149
0.353007
0.906423
0.646817
0.300156
0.661349
0.336738
0.047412
0.973604
0.556764
0.97055
0.627217
0.692709
0.64421
0.951122
0.924519
0.472746
0.63489
0.199791
0.456147
0.062541
0.091607
0.606728
0.915929
0.573679
0.761277
0.245938
0.664175
0.913408
0.922759
0.297603
0.282974
0.00909
0.387409
0.887992
0.644455
0.18173
0.414415
0.0197
0.186089
0.188066
0.422109
0.663782
0.152286
0.506457
0.116792
0.274524
0.830946
0.104857
0.153191
0.435406
0.041793
0.691487
0.146481
0.461979
0.008692
0.836882
0.019975
0.22807
0.126944
0.889853
0.817545
0.209929
0.105762
0.654897
0.327278
0.385096
0.475327
0.148462
0.577815
0.654773
0.579621
0.98802
0.530214
0.364197
0.951659
0.077971
0.084363
0.273845
0.052778
0.977932
0.779016
0.692568
0.543641
0.689378
0.506126
0.960544
0.390785
0.399086
0.769341
0.51637
0.937916
0.09063
0.632258
0.657442
0.346189
0.597094
0.328745
0.411786
0.809772
0.144626
0.72418
0.136501
0.217149
0.404612
0.218259
0.365353
0.760759
0.269382
0.927483
0.184991
0.172418
0.759405
0.502512
0.564538
0.243385
0.347416
0.164806
0.945408
0.891581
0.17934
0.021178
0.111903
0.264597
0.425845
0.698251
0.558478
0.046787
0.599266
0.294664
0.588864
0.389094
0.41741
0.387325
0.369917
0.478422
0.054675
0.615817
0.53105
0.943794
0.229021
0.194722
0.836962
0.781229
0.150337
0.959735
0.319415
0.559871
0.238187
0.731925
0.16258
0.551834
0.825407
0.779557
0.059096
0.876489
0.12653
0.441317
0.788239
0.105253
0.307558
0.413116
0.670981
0.308599
0.766478
0.76461
0.638903
0.089512
0.724726
0.764265
0.009526
0.682977
0.649409
0.414147
0.624918
0.502194
0.982556
0.798138
0.510686
0.494011
0.12392
0.587379
0.578092
0.370596
0.616737
0.471945
0.157317
0.8574
0.509793
0.90769
0.748835
0.719407
0.272669
0.449715
0.710142
0.873712
0.345862
0.390632
0.490651
0.141788
0.047194
0.315859
0.553147
0.25197
0.3579
0.804991
0.029148
0.955563
0.854308
0.136032
0.729316
0.158386
0.248762
0.078556
0.22737
0.360861
0.481924
0.449707
0.147093
0.675249
0.134304
0.683873
0.261169
0.696477
0.969548
0.935694
0.321264
0.430522
0.140546
0.237755
0.088713
0.667529
0.587938
0.091808
0.308064
0.030583
0.211367
0.1462
0.287311
0.352372
0.70094
0.312313
0.49663
0.481939
0.675907
0.807274
0.61569
0.516212
0.392643
0.319491
0.725512
0.589675
0.476925
0.153135
0.327899
0.924254
0.866194
0.439769
0.369478
0.467295
0.835336
0.620641
0.751118
0.988784
0.043419
0.24211
0.133126
0.375705
0.402624
0.19104
0.785485
0.751965
0.11986
0.375919
0.158398
0.300808
0.627977