256 1
0
83
1
187
2
64
3
137
2
4
5
77
6
223
7
195
8
231
9
175
10
104
11
84
12
126
13
16
14
194
15
91
16
220
17
193
18
96
19
189
20
55
21
221
22
232
23
218
24
232
25
237
26
43
27
229
28
96
29
30
30
214
31
227
32
202
33
137
34
84
35
135
36
88
37
57
38
194
39
202
40
103
41
215
42
238
43
111
18
44
45
124
46
168
47
73
7
48
38
49
50
141
22
51
52
192
53
212
2
54
55
173
56
57
57
208
58
209
59
178
14
60
61
241
62
173
63
66
64
197
65
166
66
161
67
228
22
68
59
69
21
70
71
77
72
131
73
105
1
74
75
178
76
143
77
250
78
164
79
168
80
104
81
110
68
82
50
83
28
84
85
95
75
86
87
169
88
128
89
186
90
213
91
200
92
94
93
126
35
94
95
196
12
96
97
127
98
144
8
99
100
226
101
212
102
144
100
103
104
165
69
105
5
106
107
218
108
202
66
109
94
110
61
111
112
214
55
113
114
131
49
115
116
179
41
117
118
196
119
252
120
219
113
121
122
240
75
123
95
124
124
125
86
126
127
199
116
128
129
180
101
130
63
131
132
220
129
133
134
166
135
240
136
154
42
137
138
218
101
139
24
140
5
141
142
180
19
143
101
144
145
227
146
147
147
148
148
199
149
153
130
150
118
151
152
206
29
153
127
154
44
155
135
156
157
221
33
158
22
159
160
242
161
246
153
162
132
163
114
164
19
165
166
200
167
234
168
217
112
169
142
170
171
210
172
214
173
212
4
174
20
175
176
219
19
177
80
178
111
179
1
180
78
181
182
204
116
183
184
236
165
185
186
215
72
187
57
188
94
189
190
231
95
191
192
242
97
193
71
194
195
228
83
196
168
197
183
198
195
199
200
206
94
201
32
202
5
203
56
204
205
232
11
206
183
207
135
208
202
209
189
210
205
211
191
212
207
213
131
214
188
215
139
216
71
217
163
218
86
219
27
220
16
221
189
222
120
223
60
224
126
225
55
226
148
227
56
228
87
229
192
230
114
231
39
232
91
233
160
234
231
235
187
236
216
237
38
238
22
239
49
240
108
241
195
242
38
243
21
244
230
245
134
246
147
247
56
248
124
249
186
250
213
251
97
252
201
253
139
254
198
255
0.794541
0.193532
0.01024
0.437339
0.822222
0.143056
0.914246
0.982497
0.419277
0.781488
0.660298
0.612003
0.379663
0.282854
0.660525
0.578544
0.77628
0.350728
0.152462
0.265177
0.326016
0.608092
0.474264
0.354362
0.022667
0.015372
0.291822
0.187629
0.391592
0.342269
0.60108
0.405431
0.923413
0.914568
0.883167
0.0646
0.570276
0.138718
0.087104
0.313471
0.780634
0.609903
0.496167
0.896641
0.251273
0.690443
0.395349
0.635331
0.52209
0.617753
0.321277
0.739833
0.799977
0.544558
0.552716
0.115372
0.821261
0.402184
0.372427
0.22745
0.454057
0.592796
0.478317
0.872767
0.229527
0.975936
0.895064
0.470998
0.470804
0.732729
0.002927
0.458856
0.563428
0.897961
0.652156
0.424697
0.972823
0.133115
0.72532
0.200832
0.305255
0.889788
0.494962
0.49311
0.849374
0.371954
0.887384
0.090219
0.910242
0.001017
0.799962
0.508243
0.416658
0.614832
0.322279
0.618112
0.6199
0.933708
0.193747
0.063844
0.195667
0.061178
0.604665
0.232476
0.305809
0.950442
0.870607
0.355321
0.326545
0.743277
0.263554
0.027548
0.538944
0.978515
0.915461
0.337129
0.568806
0.72015
0.3235
0.392548
0.442978
0.688336
0.643498
0.035616
0.854804
0.611342
0.007201
0.992136
0.337849
0.885838
0.752416
0.597058
0.861197
0.372589
0.56599
0.286439
0.777074
0.916261
0.716244
0.936124
0.98689
0.231743
0.897955
0.310145
0.334278
0.184528
0.674236
0.366055
0.558909
0.042223
0.186182
0.197938
0.322787
0.238266
0.679297
0.65928
0.45219
0.98885
0.863355
0.552812
0.558127
0.869599
0.830994
0.904439
0.135512
0.95061
0.153045
0.658604
0.957174
0.98267
0.28561
0.673134
0.82655
0.142837
0.787488
0.309185
0.671993
0.435892
0.096193
0.55497
0.018646
0.74454
0.986206
0.81572
0.788642
0.283684
0.81212
0.668432
0.004923
0.044255
0.279328
0.355462
0.236057
0.473014
0.57361
0.465435
0.195307
0.961831
0.275647
0.657362
0.26924
0.947164
0.772173
0.190777
0.344542
0.808217
0.562555
0.063156
0.16521
0.996307
0.645851
0.696055
0.60148
0.735149
0.482993
0.390573
0.534362
0.442903
0.923834
0.438283
0.946743
0.480958
0.404961
0.840969
0.005313
0.480147
0.485852
0.251406
0.542338
0.404458
0.530844
0.745094
0.074956
0.00204
0.790462
0.530085
0.79599
0.506548
0.842656
0.487018
0.761409
0.915997
0.171323
0.969008
0.035049
0.426269
0.163847
0.053796
0.651351
0.74753
0.48084
0.762073
0.887813
0.642275
0.444478
0.598598
0.315764
0.555135
0.889632
0.242995
0.067152
0.136872
0.765786
0.709144
0.341789
0.90199
0.535706
0.993367
0.324106
0.607791
0.761481
0.252699
0.834641
0.106197
0.770269
0.612815
0.10941
0.335583
0.425162
0.55572
0.054593
0.593323
0.046146
0.439033
0.58065
0.034398
0.503472
0.442292
0.952016
0.692377
0.543496
0.767
0.186855
0.301006
0.432486
0.147401
0.238488
0.440875
0.154545
0.79178
0.504555
0.751531
0.090842
0.810021
0.299573
0.425596
0.809569
0.485941
0.46414
0.124917
0.32917
0.236678
0.167017
0.588074
0.221747
0.720036
0.503494
0.770101
0.165584
0.695181
0.219226
0.901536
0.179489
0.43497
0.199376
0.043039
0.955786
0.017534
0.057774
0.624135
0.155984
0.207241
0.577983
0.668235
0.514397
0.922284
0.226019
0.476861
0.107103
0.745188
0.760738
0.499571
0.338491
0.108276
0.634507
0.351072
0.708215
0.438336
0.005861
0.543339
0.448899
0.198582
0.175376
0.507315
0.907373
0.281407
0.469012
0.806942
0.489105
0.625992
0.716332
0.43345
0.425728
0.38723
0.908635
0.915179
0.659722
0.851231
0.154304
0.928344
0.79096
0.175896
0.749628
0.476803
0.307337
0.706942
0.192546
0.556157
0.214337
0.286268
0.069093
0.761667
0.969265
0.671056
0.690618
0.549487
0.576867
0.728659
0.993792
0.250291
0.472695
0.473037
0.435253
0.37878
0.528188
0.014236
0.677418
0.314037
0.539227
0.447389
0.127857
0.203494
0.634933
0.54825
0.728757
0.958245
0.03115
0.929035
0.849485
0.162031
0.468131
0.541717
0.684427
0.163384
0.205765
0.065481
0.563029
0.102893
0.468836
0.337946
0.969146
0.008736
0.859434
0.942003
0.06564
0.007541
0.064112
0.047745
0.561043
0.476061
0.065135
0.354743
0.603023
0.198712
0.637086
0.058942
0.89171
0.597395
0.620234
0.981527
0.106751
0.554413
0.322442
0.191508
0.94309
0.402847
0.961524
0.281902
0.763252
0.162399
0.971816
0.749629
0.604905
0.614135
0.090278
0.490447
0.733399
0.192793
0.813152
0.507802
0.554107
0.252484
0.622718
0.041667
0.131225
0.237073
0.277199
0.939127
0.210869
0.004915
0.22074
0.479272
0.331101
0.307334
0.517901
0.737872
0.53661
0.61885
0.981745
0.572316
0.88996
0.461872
0.997514
0.182703
0.995502
0.948312
0.616275
0.980962
0.229074
0.986542
0.849683
0.294858
0.926143
0.143363
0.96145
0.27655
0.077174
0.855059
0.101851
0.955306
0.973182
0.683268
0.153165
0.522989
0.591984
0.843811
0.701676
0.863903
0.276263
0.174016
0.154315
0.23294
0.478488
0.203491
0.183027
0.758143
0.148517
0.104346
0.423389
0.666501
0.694699
0.834904
0.026231
0.633124
0.844041
0.093325
0.289603
0.53315
0.563109
0.959928
0.414796
0.965484
0.262867
0.765078
0.81668
0.650267
0.474699
0.573385
0.292951
0.483703
0.704849
0.581205
0.845136
0.750189
0.547585
0.496565
0.190633
0.999333
0.489236
0.941634
0.034186
0.730252
0.575251
0.477774
0.331315
0.060559
0.139666
0.573357
0.935811
0.451224
0.122449
0.828042
0.968967
0.403438
0.757359
0.708162
0.873441
0.035389
0.471145
0.105909
0.293165
0.313743
0.196956
0.795173
0.34101
0.732221
0.890648
0.482737
0.237738
0.071799
0.171614
0.387647
0.91382
0.976296
0.788065
0.955698
0.937553
0.723425
0.788585
0.603209
0.706308
0.280932
0.902294
0.582703
0.963638
0.640809
0.491155
0.695109
0.327483
0.361491
0.932534
0.006572
0.401917
0.132127
0.705439
0.202416
0.621071
0.879213
0.296223
0.763001
0.360617
0.515421
0.861114
0.705755
0.091653
0.964043
0.150489
0.440422
0.740548
0.969349
0.48949
0.72603
0.192532
0.513979
0.424376
0.83632
0.316682
0.93319
0.203136
0.280542
0.395458
0.170259
0.675268
0.486671
0.317945
0.283299
0.821517
0.817887
0.326584
0.464968
0.648452
0.254283
0.225876
0.074755
0.431016
0.323973
0.334567
0.924639
0.818163
0.004192
0.970801
0.242329
0.254974
0.392315
0.112442
0.286596
0.790135
0.151678
0.107361
0.206747
0.513821
0.125851
0.250609
0.335499
0.697047
0.816016
0.755994
0.255573
0.774611
0.945092
0.706007
0.65092
0.799725
0.89521
0.260473
0.774551
0.198887
0.127407
0.965183
0.150035
0.609894
0.386065
0.081608
0.566435
0.090138
0.691198
0.847762
0.2772
0.879323
0.252558
0.244548
0.055508
0.663111
0.731628
0.332491
0.531812
0.178409
0.688045
0.064869
0.575998
0.701873
0.558034
0.133929
0.424735
0.85541
0.530214
0.664693
0.289233
0.357602
0.130295
0.307151
0.179835
0.540522
0.806353
0.437811
0.117021
0.386506
0.629791
0.472552
0.919843
0.857378
0.971411
0.890141
0.966645
0.15552
0.364238
0.041659
0.009059
0.68959
0.653731
0.956143
0.677202
0.107837
0.632543
0.615943
0.003295
0.962919
0.316694
0.192714
0.999939
0.476823
0.977937
0.586615
0.380841
0.959246
0.743989
0.725046
0.297442
0.24043
0.783322
0.456676
0.472603
0.636067
0.208841
0.713577
0.711479
0.370236
0.455139
0.379147
0.172294
0.539012
0.74804
0.288454
0.965931
0.485904
0.799477
0.940542
0.26457
0.374251
0.420144
0.21357
0.708404
0.551524
0.370727
0.788678
0.761245
0.769409
0.845474
0.541045
0.714723
0.758509
0.15602
0.544558
0.939633
0.703165
0.075731
0.35612
0.969331
0.299712
0.633813
0.116733
0.32467
0.947041
0.947006
0.435371
0.850913
0.3557
0.005298
0.699957
0.978633
0.731014
0.390273
0.495543
0.333659
0.268466
0.920123
0.18495
0.987026
0.892544
0.334559
0.754903
0.799095
0.729889
0.719085
0.980864
0.440933
0.562259
0.037609
0.071648
0.239208
0.781042
0.528757
0.36234
0.194865
0.100892
0.971273
0.563583
0.817901
0.101395
0.403826
0.801006
0.018582
0.116579
0.190351
0.076711
0.078365
0.48951
0.026778
0.299112
0.197005
0.141567
0.244409
0.024738
0.425352
0.290009
0.590801
0.108956
0.046066
0.748703
0.587182
0.030266
0.727115
0.061428
0.591243
0.952877
0.985754
0.784307
0.531075
0.454608
0.650624
0.566025
0.698859
0.434903
0.122446
0.216702
0.068942
0.273397
0.960951
0.406987
0.654261
0.903838
0.56423
0.118797
0.891091
0.207722
0.842824
0.35281
0.207548
0.121291
0.651522
0.845672
0.681916
0.451126
0.901786
0.669399
0.821783
0.442776
0.573387
0.439553
0.967953
0.406056
0.252856
0.125124
0.108707
0.202793
0.695525
0.711195
0.976075
0.386349
0.65043
0.55641
0.04503
0.76727
0.953625
0.853712
0.814421
0.757661
0.33477
0.135199
0.462049
0.6167
0.727435
0.333572
0.429314
0.937202
0.112211
0.611709
0.065311
0.361939
0.183898
0.202235
0.241035
0.281062
0.072199
0.634501
0.779202
0.783786
0.380064
0.779632
0.030408
0.271879
0.749734
0.499695
0.029173
0.626482
0.573831
0.522335
0.870098
0.603273
0.678507
0.310285
0.062008
0.96073
0.170769
0.696518
0.72481
0.338847
0.218688
0.53522
0.781392
0.245741
0.70641
0.634331
0.835475
0.063989
0.117164
0.451749
0.14861
0.703963
0.998273
0.000287
0.471363
0.650596
0.20424
0.417876
0.352683
0.286976
0.810768
0.170258
0.296985
0.51486
0.662627
0.069842
0.924883
0.702676
0.601878
0.664662
0.81765
0.145732
0.012747
0.440248
0.125274
0.259533
0.288965
0.11055
0.004343
0.892893
0.081525
0.11685
0.202592
0.977395
0.875554
0.133914
0.502981
0.436015
0.399128
0.743452
0.011278
0.211567
0.299411
0.571146
0.730433
0.091907
0.578382
0.614021
0.235243
0.011778
0.523727
0.475601
0.453913
0.322737
0.356631
0.883488
0.816413
0.339921
0.023213
0.49618
0.972245
0.554768
0.028008
0.390651
0.66241
0.452012
0.65004