256 1
0
67
1
250
2
180
3
31
4
122
5
78
6
197
7
168
8
22
9
11
10
148
11
13
12
178
13
148
14
131
15
123
16
200
17
227
18
179
19
236
20
189
21
235
22
164
23
59
24
160
25
94
26
40
27
246
28
242
29
189
30
136
31
206
32
33
33
37
34
46
35
97
36
113
37
216
38
104
39
174
40
242
41
241
20
42
24
43
44
170
45
250
46
47
47
231
31
48
3
49
50
233
51
242
52
167
48
53
54
196
55
165
33
56
57
98
58
215
6
59
60
80
61
156
56
62
63
175
6
64
55
65
66
72
67
238
68
162
69
140
70
129
71
124
72
225
73
155
74
158
75
171
76
89
14
77
19
78
79
169
25
80
81
185
82
164
55
83
84
218
85
215
86
243
87
112
88
95
75
89
8
90
88
91
92
118
61
93
32
94
95
191
96
135
8
97
98
185
99
116
0
100
101
125
101
102
103
104
12
104
63
105
106
243
81
107
108
239
11
109
110
114
4
111
75
112
28
113
87
114
115
171
59
116
117
230
41
118
101
119
120
135
78
121
55
122
123
159
35
124
43
125
76
126
35
127
26
128
119
129
130
228
122
131
132
247
59
133
99
134
110
135
121
136
81
137
138
195
118
139
68
140
141
240
142
218
143
222
144
194
145
210
146
180
147
232
29
148
122
149
150
197
151
231
119
152
153
204
154
242
107
155
156
212
91
157
37
158
144
159
131
160
134
161
162
200
11
163
62
164
121
165
166
206
167
176
168
208
169
236
170
230
171
219
47
172
173
220
62
174
73
175
65
176
177
187
178
248
80
179
86
180
44
181
11
182
54
183
126
184
149
185
142
186
187
252
81
188
47
189
190
207
9
191
14
192
77
193
194
234
195
234
196
218
124
197
11
198
89
199
144
200
8
201
51
202
129
203
204
210
205
210
192
206
207
247
208
214
12
209
19
210
2
211
212
214
178
213
38
214
85
215
28
216
164
217
69
218
160
219
63
220
50
221
101
222
187
223
205
224
140
225
162
226
146
227
228
231
119
229
172
230
35
231
232
248
226
233
166
234
82
235
51
236
237
241
18
238
82
239
202
240
124
241
150
242
112
243
200
244
144
245
163
246
214
247
66
248
80
249
43
250
250
251
89
252
135
253
1
254
248
255
0.093804
0.990951
0.506053
0.697004
0.08351
0.761484
0.444533
0.94523
0.331979
0.75075
0.653538
0.254413
0.193394
0.790857
0.922855
0.145966
0.173007
0.529866
0.244818
0.983518
0.250654
0.981154
0.988456
0.019292
0.212216
0.853735
0.509232
0.048931
0.424061
0.539434
0.828248
0.566333
0.341433
0.132081
0.964599
0.221646
0.115908
0.09302
0.544881
0.794449
0.958612
0.487007
0.784261
0.392015
0.777973
0.652128
0.332416
0.81276
0.889403
0.142512
0.677706
0.589789
0.474118
0.367386
0.763353
0.366227
0.327268
0.232581
0.867583
0.842518
0.938275
0.239431
0.17247
0.389206
0.602413
0.220324
0.290477
0.590135
0.994576
0.278807
0.039572
0.701846
0.747568
0.8823
0.523498
0.956038
0.3216
0.853772
0.494531
0.841141
0.438924
0.345837
0.488586
0.443797
0.463275
0.11678
0.771249
0.177296
0.369473
0.116536
0.208176
0.173264
0.783783
0.877988
0.529863
0.106762
0.273772
0.443632
0.216944
0.266795
0.808946
0.440013
0.250037
0.943408
0.474279
0.637443
0.814777
0.043899
0.586115
0.165319
0.315419
0.131149
0.40842
0.094792
0.441623
0.361443
0.623163
0.907279
0.00391
0.840994
0.59958
0.44469
0.402206
0.017444
0.643145
0.775881
0.593707
0.108123
0.478568
0.473951
0.5431
0.901547
0.694304
0.835734
0.290865
0.010987
0.329559
0.737678
0.484697
0.052849
0.1748
0.501097
0.686654
0.291807
0.538951
0.7694
0.348129
0.144903
0.573552
0.773645
0.413167
0.978778
0.803253
0.601276
0.752269
0.931897
0.392272
0.478647
0.221313
0.397685
0.620832
0.297018
0.85091
0.181432
0.805701
0.42226
0.359567
0.007903
0.639
0.469728
0.222392
0.26428
0.060834
0.002863
0.257475
0.139971
0.761456
0.990046
0.08748
0.770101
0.062465
0.684757
0.271086
0.561749
0.58973
0.397402
0.512265
0.52232
0.578204
0.830029
0.499954
0.007678
0.561402
0.087841
0.073984
0.504396
0.872949
0.689292
0.67681
0.73084
0.751683
0.26999
0.129011
0.494985
0.9549
0.359743
0.521333
0.894149
0.089568
0.336732
0.905861
0.49737
0.656619
0.789816
0.97992
0.458818
0.468458
0.811044
0.317548
0.185181
0.369616
0.720908
0.242025
0.56168
0.406985
0.408554
0.243436
0.605015
0.701526
0.101493
0.79155
0.451614
0.643626
0.828658
0.669062
0.624128
0.914422
0.961291
0.768565
0.69013
0.774686
0.571645
0.598347
0.51898
0.443262
0.732308
0.858794
0.801242
0.154195
0.861063
0.14782
0.49689
0.662337
0.616593
0.832813
0.692825
0.991522
0.198595
0.562821
0.272666
0.922572
0.988761
0.909244
0.011574
0.118358
0.23551
0.448483
0.308666
0.010752
0.255585
0.548641
0.21547
0.565603
0.504617
0.708505
0.886872
0.811966
0.979641
0.705867
0.51502
0.441199
0.21364
0.641784
0.270877
0.608025
0.832304
0.576224
0.867625
0.428768
0.789639
0.17542
0.67392
0.834812
0.130484
0.130094
0.084528
0.273267
0.333725
0.295148
0.885302
0.303969
0.233471
0.424033
0.195014
0.723374
0.482515
0.120605
0.548812
0.657967
0.698984
0.426966
0.606759
0.116826
0.45136
0.614194
0.903323
0.694762
0.88045
0.085993
0.348335
0.111492
0.526596
0.296702
0.883622
0.499624
0.887079
0.234973
0.475926
0.776435
0.580458
0.496664
0.8783
0.823229
0.590107
0.194286
0.993808
0.593109
0.793576
0.031037
0.099606
0.276372
0.302372
0.666042
0.752616
0.548378
0.171491
0.396765
0.791591
0.052621
0.953928
0.691673
0.984186
0.579754
0.518738
0.440445
0.894242
0.693699
0.55664
0.634449
0.342305
0.782937
0.428857
0.115465
0.808399
0.78915
0.706191
0.201172
0.558223
0.958183
0.991329
0.439654
0.884455
0.126243
0.872624
0.79329
0.600621
0.515537
0.366466
0.246366
0.861985
0.653944
0.967009
0.016757
0.071405
0.842761
0.748102
0.275215
0.97606
0.4878
0.744201
0.879513
0.757844
0.78493
0.141013
0.126971
0.328593
0.914226
0.63524
0.695734
0.661635
0.034223
0.05962
0.033392
0.612676
0.775227
0.660027
0.339764
0.650806
0.133098
0.999214
0.194352
0.604624
0.261819
0.985768
0.383816
0.423599
0.830701
0.025267
0.444022
0.100011
0.126223
0.331086
0.638018
0.457186
0.440583
0.17025
0.788364
0.010459
0.938996
0.604647
0.321405
0.258678
0.515212
0.949417
0.084357
0.307667
0.462138
0.198189
0.746748
0.443582
0.481617
0.302141
0.140738
0.704799
0.538546
0.939928
0.929171
0.527392
0.992593
0.849481
0.559928
0.052149
0.566199
0.283946
0.373823
0.336282
0.237945
0.704451
0.660685
0.719076
0.282631
0.003588
0.043528
0.25732
0.893743
0.165034
0.299642
0.737133
0.903512
0.494217
0.153087
0.84845
0.767291
0.742433
0.638846
0.339651
0.825741
0.428427
0.787769
0.625962
0.891329
0.308737
0.218682
0.409178
0.748527
0.507246
0.152107
0.030205
0.840254
0.243514
0.083152
0.169429
0.576292
0.690851
0.309541
0.939184
0.196753
0.96867
0.28082
0.044368
0.714975
0.380507
0.757819
0.522802
0.298271
0.256579
0.608533
0.947025
0.897366
0.022421
0.794504
0.531351
0.313772
0.897537
0.432352
0.043092
0.219777
0.400316
0.069595
0.909739
0.728362
0.068593
0.657346
0.865971
0.302234
0.515516
0.337209
0.602818
0.491367
0.869654
0.15309
0.192169
0.768594
0.583045
0.043003
0.88932
0.245278
0.742062
0.88779
0.951569
0.197944
0.843508
0.255951
0.057181
0.240916
0.240728
0.212068
0.674444
0.918516
0.6159
0.454856
0.689339
0.612235
0.372674
0.391713
0.370762
0.538809
0.883247
0.230929
0.603184
0.853471
0.480916
0.778067
0.688172
0.170267
0.617716
0.21538
0.595055
0.257478
0.793871
0.096474
0.896804
0.969863
0.356744
0.098635
0.507643
0.211449
0.466306
0.781481
0.577343
0.087444
0.318602
0.53251
0.32791
0.927958
0.585025
0.903306
0.763261
0.66027
0.891482
0.468206
0.862155
0.711667
0.778979
0.094328
0.757513
0.040236
0.592039
0.226007
0.551073
0.050071
0.965193
0.273334
0.182057
0.21143
0.578506
0.246
0.39552
0.507682
0.370398
0.599889
0.128373
0.430905
0.846833
0.670571
0.559313
0.286243
0.933084
0.968277
0.372673
0.966789
0.714025
0.958324
0.449123
0.359251
0.563753
0.136294
0.490245
0.604995
0.03847
0.844315
0.890911
0.367067
0.872336
0.933274
0.228965
0.566774
0.620121
0.428521
0.817829
0.307926
0.678828
0.45602
0.582243
0.287056
0.094936
0.168706
0.048288
0.605723
0.382753
0.233185
0.78121
0.968271
0.539924
0.63625
0.278491
0.985128
0.493328
0.354859
0.365563
0.852897
0.154594
0.489834
0.035161
0.558441
0.859474
0.515093
0.150249
0.124718
0.446459
0.465459
0.47172
0.275881
0.99025
0.704173
0.033323
0.395679
0.759516
0.148159
0.657372
0.074512
0.02612
0.643396
0.599956
0.957552
0.871348
0.959411
0.369025
0.74873
0.001234
0.720243
0.35764
0.570491
0.323849
0.818824
0.648196
0.23176
0.93824
0.766402
0.324289
0.719989
0.368877
0.853742
0.348298
0.538653
0.336154
0.197011
0.67733
0.867205
0.342593
0.181347
0.158533
0.798464
0.502096
0.282166
0.407349
0.914066
0.817925
0.508903
0.110115
0.835962
0.763943
0.348413
0.918505
0.578352
0.19542
0.495761
0.869856
0.136639
0.230786
0.463285
0.908448
0.762078
0.010584
0.854801
0.857888
0.073188
0.536996
0.351727
0.489854
0.130665
0.947577
0.085245
0.25335
0.570999
0.155459
0.982992
0.169183
0.622898
0.379828
0.709521
0.684304
0.789837
0.607166
0.530525
0.350033
0.067355
0.686539
0.528703
0.384349
0.223698
0.18195
0.907074
0.295692
0.181538
0.32894
0.181763
0.04718
0.493753
0.373385
0.408488
0.276847
0.639616
0.511223
0.340508
0.330826
0.346367
0.81914
0.428618
0.311061
0.064476
0.595406
0.111796
0.551322
0.954418
0.430659
0.597548
0.208533
0.332819
0.431144
0.705798
0.455889
0.693889
0.730121
0.868151
0.032669
0.137853
0.483863
0.861664
0.648923
0.986913
0.12535
0.995237
0.840829
0.112706
0.764011
0.94337
0.904384
0.97123
0.252043
0.142076
0.744345
0.522961
0.781604
0.07632
0.821666
0.83138
0.328547
0.419233
0.094495
0.089607
0.600974
0.044456
0.718088
0.070448
0.0396
0.488348
0.502844
0.180415
0.5038
0.877281
0.280421
0.585245
0.208369
0.654214
0.769186
0.475906
0.147903
0.054997
0.244582
0.757647
0.986388
0.416481
0.296552
0.253829
0.610075
0.575638
0.490492
0.38121
0.346994
0.692762
0.521274
0.587776
0.946926
0.606887
0.344206
0.185006
0.081576
0.174465
0.579866
0.081517
0.364315
0.646287
0.598819
0.92636
0.302568
0.639939
0.191354
0.190922
0.043038
0.204827
0.078471
0.401808
0.555242
0.417989
0.857587
0.003842
0.708225
0.07868
0.098846
0.289685
0.603432
0.502931
0.006282
0.477443
0.938957
0.243598
0.328257
0.55459
0.530371
0.961754
0.795288
0.434303
0.457492
0.610802
0.637052
0.915938
0.892026
0.976441
0.480232
0.191967
0.406048
0.125268
0.966069
0.027765
0.075097
0.617822
0.246297
0.987573
0.8208
0.875653
0.549443
0.192599
0.486714
0.791633
0.769422
0.762394
0.719039
0.312121
0.310398
0.582216
0.21802
0.926707
0.70522
0.027919
0.304471
0.878695
0.855117
0.659593
0.379689
0.339145
0.815969
0.208855
0.66369
0.468173
0.751426
0.514215
0.7626
0.048999
0.98279
0.632636
0.255442
0.485356
0.55095
0.559879
0.538519
0.927921
0.216297
0.605307
0.446194
0.666
0.709636
0.184081
0.389327
0.086554
0.347347
0.591807
0.965977
0.4079
0.522835
0.763553
0.386837
0.663424
0.048576
0.927728
0.759858
0.196709
0.470784
0.788488
0.096593
0.059813
0.248511
0.628272
0.857719
0.325218
0.69698
0.359043
0.531359
0.687424
0.860869
0.841788
0.69096
0.18017
0.063786
0.573738
0.487517
0.963425
0.4476
0.597849
0.233494
0.649092
0.176345
0.858664
0.040296
0.556668
0.930525
0.802647
0.289412
0.028582
0.742257
0.131679
0.915658
0.376897
0.872518
0.933515
0.315169
0.700504
0.930128
0.560306
0.527858
0.636767
0.597068
0.143425
0.292725
0.586476
0.581988
0.65693
0.762946
0.896936
0.871747
0.825851
0.292652
0.755798
0.449713