256 1
0
72
1
136
2
49
3
56
4
86
5
147
6
58
7
77
8
63
9
188
10
134
11
63
12
26
13
153
14
192
15
65
16
36
17
231
18
80
19
85
20
67
21
40
22
166
23
74
24
114
25
93
26
67
27
188
28
204
29
65
30
139
31
99
32
58
33
132
3
34
18
35
36
245
37
63
38
217
39
53
40
219
41
127
42
81
43
162
2
44
45
75
46
115
47
190
48
49
49
243
28
50
51
98
52
229
53
123
54
197
31
55
56
137
57
110
58
98
59
221
60
179
57
61
62
236
63
84
64
127
65
218
2
66
67
234
68
125
69
121
70
212
61
71
72
177
73
216
74
167
75
127
76
189
63
77
42
78
79
168
27
80
81
150
82
169
83
139
84
182
11
85
86
116
44
87
14
88
59
89
90
225
89
91
57
92
93
204
94
207
95
169
96
232
97
227
93
98
99
147
73
100
52
101
102
206
103
231
0
104
94
105
60
106
107
201
108
146
99
109
100
110
111
138
60
112
113
162
110
114
66
115
65
116
117
140
118
225
119
222
87
120
4
121
122
162
123
250
14
124
125
200
122
126
127
187
11
128
20
129
130
172
55
131
47
132
48
133
134
179
115
135
136
227
137
230
6
138
139
201
140
160
141
162
106
142
143
157
32
144
42
145
90
146
109
147
72
148
43
149
81
150
51
151
80
152
153
207
154
251
115
155
71
156
157
226
158
170
18
159
59
160
161
184
7
162
163
225
67
164
129
165
112
166
114
167
85
168
128
169
170
229
17
171
46
172
24
173
174
210
175
199
54
176
49
177
52
178
72
179
85
180
181
184
182
183
127
183
168
184
185
188
186
202
120
187
152
188
39
189
190
208
191
237
171
192
166
193
174
194
149
195
196
220
36
197
187
198
89
199
198
200
179
201
190
202
19
203
92
204
205
218
149
206
163
207
142
208
73
209
121
210
141
211
205
212
213
235
61
214
108
215
145
216
136
217
100
218
0
219
203
220
46
221
222
236
192
223
167
224
91
225
61
226
88
227
41
228
203
229
126
230
13
231
132
232
197
233
23
234
209
235
126
236
213
237
230
238
226
239
116
240
37
241
66
242
73
243
42
244
245
248
26
246
90
247
10
248
173
249
161
250
244
251
207
252
86
253
185
254
48
255
0.006311
0.425819
0.316768
0.722235
0.734927
0.806633
0.695098
0.787356
0.246994
0.277323
0.479551
0.502572
0.612873
0.612674
0.023646
0.730024
0.161162
0.877996
0.044782
0.993874
0.659045
0.80636
0.184303
0.179816
0.00608
0.494344
0.068354
0.835812
0.531883
0.74917
0.006128
0.819341
0.011929
0.536917
0.030709
0.934885
0.349989
0.546599
0.445603
0.036667
0.288317
0.991775
0.477535
0.741891
0.957147
0.694698
0.092534
0.560878
0.737865
0.334264
0.845362
0.202132
0.819168
0.003006
0.037356
0.550475
0.813273
0.329171
0.873259
0.367443
0.50743
0.508575
0.503004
0.875846
0.05509
0.082899
0.638637
0.110028
0.963376
0.281566
0.431555
0.216084
0.890966
0.831348
0.84012
0.233659
0.989646
0.302111
0.818326
0.585385
0.661132
0.509883
0.080185
0.48442
0.022774
0.615462
0.438849
0.828258
0.371017
0.806193
0.821155
0.519131
0.02559
0.096845
0.113142
0.686321
0.401875
0.350764
0.707449
0.86064
0.994126
0.12487
0.285215
0.447394
0.636493
0.722861
0.589284
0.754056
0.564334
0.389867
0.912245
0.251654
0.1254
0.936383
0.332936
0.141951
0.777458
0.589308
0.561411
0.074411
0.569815
0.105098
0.648744
0.516781
0.867318
0.866557
0.123593
0.404658
0.198456
0.212638
0.426888
0.938983
0.589665
0.590092
0.098623
0.010406
0.699974
0.403105
0.618379
0.048499
0.305337
0.018437
0.847686
0.476633
0.674534
0.103641
0.784473
0.118034
0.367886
0.695671
0.568609
0.683461
0.95647
0.120942
0.127289
0.360541
0.206905
0.939332
0.215008
0.124541
0.619894
0.839491
0.964398
0.201611
0.83431
0.164881
0.317246
0.78224
0.755649
0.951745
0.369851
0.437923
0.584978
0.274014
0.60329
0.162365
0.518377
0.544251
0.077169
0.759395
0.695501
0.175654
0.628933
0.259415
0.753797
0.428163
0.289184
0.755862
0.708022
0.122475
0.803218
0.254285
0.340397
0.077146
0.749262
0.352118
0.080536
0.916954
0.973737
0.877456
0.162829
0.018942
0.780078
0.296212
0.901444
0.643754
0.310959
0.08621
0.35756
0.833765
0.041417
0.564679
0.664822
0.368279
0.744215
0.395316
0.588956
0.624901
0.781599
0.70418
0.216604
0.860783
0.134255
0.329094
0.874232
0.255271
0.408632
0.849766
0.491319
0.850724
0.238648
0.218095
0.191905
0.082998
0.61632
0.487191
0.904885
0.757403
0.572364
0.532104
0.611786
0.847439
0.595636
0.876998
0.076507
0.67954
0.438246
0.735388
0.711288
0.087737
0.078118
0.194917
0.913746
0.331979
0.424843
0.680189
0.876256
0.336239
0.114367
0.9235
0.476941
0.506579
0.476989
0.81286
0.402739
0.129302
0.210693
0.219417
0.11104
0.911778
0.554121
0.777125
0.358255
0.582675
0.710439
0.286877
0.185643
0.675141
0.320956
0.421397
0.85251
0.847846
0.016809
0.473135
0.232502
0.525749
0.06056
0.851539
0.232549
0.586001
0.133136
0.819826
0.342615
0.35282
0.771065
0.147994
0.899552
0.855985
0.90852
0.339077
0.603386
0.256003
0.680991
0.867822
0.004981
0.515227
0.673525
0.118217
0.184979
0.747975
0.047528
0.314111
0.988003
0.85233
0.183985
0.414307
0.475061
0.250204
0.141287
0.637823
0.131715
0.453448
0.297168
0.062487
0.427201
0.515543
0.259911
0.551488
0.621453
0.782091
0.719842
0.930621
0.151025
0.041451
0.187499
0.205191
0.849012
0.129019
0.253303
0.292482
0.348026
0.731907
0.427097
0.980994
0.034082
0.106805
0.571416
0.679144
0.677112
0.265296
0.874494
0.188974
0.527019
0.65544
0.989884
0.916757
0.394121
0.535878
0.816268
0.453765
0.624245
0.987311
0.041854
0.536401
0.77664
0.773397
0.145999
0.535411
0.138472
0.155706
0.371928
0.246271
0.291502
0.796174
0.649808
0.062781
0.00262
0.707846
0.833511
0.854199
0.10328
0.913979
0.71127
0.372398
0.261733
0.188352
0.712862
0.99845
0.621414
0.251271
0.993081
0.849411
0.684565
0.915913
0.847531
0.887861
0.251075
0.988469
0.096087
0.397023
0.892196
0.164106
0.119711
0.976887
0.554559
0.828028
0.861617
0.933129
0.428357
0.708703
0.71066
0.193545
0.820518
0.863577
0.110019
0.58802
0.407432
0.65175
0.036644
0.112618
0.463978
0.587
0.805295
0.627112
0.975533
0.699896
0.42641
0.208354
0.756243
0.281389
0.669793
0.129101
0.171979
0.266042
0.89869
0.725866
0.738819
0.678291
0.531306
0.410651
0.845636
0.923349
0.27794
0.573069
0.94758
0.232156
0.024741
0.444135
0.573795
0.264649
0.495438
0.931033
0.977175
0.257559
0.231501
0.009473
0.608525
0.969097
0.948261
0.444278
0.273925
0.896285
0.132228
0.075314
0.289988
0.966695
0.24874
0.226123
0.466782
0.230063
0.659542
0.0472
0.586864
0.940586
0.375643
0.752403
0.643642
0.769891
0.155438
0.57981
0.411641
0.666721
0.028645
0.63412
0.195629
0.66927
0.911041
0.843747
0.425528
0.116717
0.409422
0.359101
0.161201
0.221476
0.289058
0.735734
0.825585
0.196663
0.842558
0.066468
0.946868
0.682743
0.734464
0.43635
0.023202
0.03305
0.177891
0.049848
0.205087
0.186068
0.956411
0.245752
0.517313
0.766374
0.519015
0.317328
0.611683
0.223687
0.315242
0.226926
0.817687
0.130395
0.331715
0.199768
0.15761
0.195877
0.727733
0.041444
0.95992
0.765175
0.237216
0.940951
0.367607
0.627371
0.139415
0.250225
0.218678
0.740719
0.222445
0.865253
0.689001
0.76751
0.662364
0.648556
0.703879
0.711491
0.402562
0.722068
0.067885
0.447604
0.856946
0.046416
0.512764
0.821407
0.972935
0.90863
0.061435
0.738879
0.324928
0.249779
0.868956
0.094927
0.25051
0.76157
0.316341
0.82393
0.301148
0.843708
0.744346
0.097026
0.24449
0.364476
0.552728
0.70512
0.247125
0.081924
0.38686
0.534854
0.181685
0.397361
0.711929
0.599123
0.746516
0.1328
0.564301
0.458165
0.104486
0.270057
0.670237
0.244555
0.798429
0.216303
0.852671
0.374412
0.030929
0.560883
0.053345
0.003557
0.48651
0.229389
0.114061
0.113275
0.270261
0.362979
0.041999
0.612844
0.758651
0.679628
0.466823
0.831864
0.772825
0.39683
0.993799
0.016593
0.167001
0.288261
0.401923
0.666352
0.292398
0.923303
0.45397
0.227309
0.949089
0.745078
0.232224
0.51288
0.970825
0.581928
0.146735
0.756554
0.805141
0.043063
0.489836
0.872269
0.089657
0.093618
0.671707
0.351891
0.019395
0.56571
0.538632
0.859938
0.173887
0.204825
0.947684
0.295773
0.815364
0.547647
0.469336
0.147389
0.514756
0.414339
0.992223
0.258585
0.02037
0.811191
0.968913
0.685374
0.069741
0.247715
0.07804
0.110256
0.52115
0.95436
0.338967
0.754403
0.103924
0.985416
0.826719
0.664832
0.272758
0.509909
0.047498
0.79217
0.904866
0.90815
0.157558
0.134371
0.861146
0.336801
0.927188
0.2568
0.879464
0.992846
0.40334
0.677088
0.881096
0.05476
0.568142
0.402524
0.461044
0.895755
0.265599
0.466971
0.427676
0.939108
0.970403
0.206634
0.566211
0.171364
0.815456
0.301597
0.388583
0.092546
0.066857
0.907671
0.924425
0.183206
0.461707
0.596191
0.407782
0.852726
0.65058
0.455806
0.417569
0.489429
0.770808
0.515429
0.093275
0.725984
0.806075
0.591771
0.258382
0.067042
0.450105
0.46428
0.716163
0.903316
0.067034
0.671117
0.642097
0.847758
0.698227
0.74885
0.22189
0.887989
0.875525
0.964704
0.584566
0.337462
0.731178
0.702035
0.702617
0.595119
0.472727
0.296283
0.229941
0.099775
0.343439
0.404016
0.326006
0.488458
0.261145
0.519155
0.705474
0.631692
0.988271
0.472067
0.119388
0.095415
0.734697
0.994236
0.452317
0.815796
0.632352
0.144741
0.810039
0.862439
0.999154
0.505869
0.736684
0.878194
0.356665
0.087896
0.642372
0.755635
0.950956
0.807401
0.90561
0.664714
0.880828
0.742371
0.504068
0.092924
0.499549
0.226217
0.498145
0.701221
0.461092
0.680143
0.611934
0.084276
0.0198
0.559555
0.728008
0.308815
0.194955
0.550255
0.302597
0.263736
0.672791
0.535345
0.196114
0.27662
0.265681
0.234658
0.803289
0.372479
0.268255
0.246013
0.972389
0.614019
0.533105
0.049739
0.189007
0.02514
0.064026
0.966053
0.160864
0.363373
0.86573
0.958397
0.05087
0.931537
0.371532
0.744725
0.0183
0.29218
0.246316
0.140278
0.73265
0.319233
0.375877
0.404191
0.204732
0.225221
0.737365
0.988646
0.682904
0.897799
0.776283
0.514618
0.750608
0.174426
0.896509
0.218951
0.28505
0.716281
0.011748
0.321854
0.630966
0.088301
0.265248
0.787478
0.613192
0.494873
0.142204
0.362092
0.532676
0.029972
0.294094
0.017912
0.488776
0.22261
0.78037
0.146472
0.26732
0.367811
0.227398
0.174624
0.613912
0.265338
0.231791
0.034278
0.074027
0.738248
0.567301
0.770958
0.829445
0.892266
0.358946
0.953073
0.810396
0.51241
0.887248
0.6653
0.786731
0.929194
0.931212
0.794948
0.682602
0.70616
0.2005
0.884382
0.985378
0.317103
0.069005
0.359786
0.60635
0.98471
0.107237
0.788519
0.162201
0.690576
0.690625
0.910534
0.040028
0.773318
0.918162
0.295812
0.805328
0.952037
0.207189
0.328463
0.303947
0.842082
0.396994
0.05214
0.159586
0.477384
0.410642
0.094446
0.162596
0.409744
0.087473
0.17822
0.968327
0.987182
0.088429
0.373797
0.230016
0.669297
0.389159
0.828902
0.051421
0.661587
0.459665
0.961593
0.508464
0.740937
0.836457
0.954689
0.062263
0.149647
0.67274
0.2283
0.808584
0.249192
0.541683
0.88157
0.225444
0.815731
0.728572
0.534131
0.106397
0.227288
0.966574
0.039565
0.696913
0.617691
0.713322
0.430391
0.796931
0.173787
0.028328
0.80819
0.744847
0.428252
0.836371
0.601184
0.757789
0.100365
0.794838
0.507998
0.418793
0.781509
0.133635
0.808063
0.336986
0.86353
0.859357
0.955403
0.367647
0.5438
0.389033
0.557917
0.630688
0.427678
0.642446
0.648365
0.345872
0.27078
0.725265
0.60836
0.134019
0.355173
0.305657
0.514517
0.324084
0.448236
0.297853
0.233017
0.927875
0.317365
0.951124
0.536563
0.309237
0.24713
0.068864
0.63307
0.602197
0.235496
0.608619
0.492631
0.258496
0.03007
0.19607
0.752756
0.327206
0.059594
0.330501
0.27696
0.491688
0.424938