256 4
0
9
20
43
137
1
32
75
119
185
2
15
172
225
229
3
77
87
117
159
4
82
92
109
226
5
11
112
154
176
6
23
37
89
199
7
26
92
114
155
0
8
35
71
116
9
88
118
223
238
10
15
156
192
221
11
17
91
164
211
12
23
48
145
179
7
8
13
227
229
2
14
84
86
107
15
118
189
206
237
16
83
89
108
232
17
112
142
208
243
18
59
117
118
128
19
33
70
200
242
4
20
62
142
188
7
21
36
112
155
22
87
107
129
184
23
94
104
143
194
18
24
43
73
168
4
9
25
42
246
26
32
39
57
90
22
27
85
97
174
28
57
135
207
213
0
29
82
118
236
30
34
106
141
192
6
31
54
185
218
15
32
78
173
188
33
114
151
152
175
34
107
127
166
228
35
54
127
207
208
4
36
56
212
223
31
37
41
162
218
38
61
177
185
214
12
39
61
128
203
40
130
142
143
179
32
41
89
140
198
42
79
109
119
162
43
116
215
223
231
3
16
44
132
145
7
11
45
188
240
46
83
131
136
210
40
47
50
57
238
37
48
102
137
141
1
17
30
49
136
50
58
72
152
169
51
109
172
173
253
52
84
150
199
202
53
139
170
180
186
0
54
161
219
245
55
83
177
178
225
56
78
107
109
251
16
57
86
139
236
58
82
120
158
237
6
59
88
185
229
20
60
89
172
179
55
61
155
163
203
3
36
62
178
228
44
63
169
177
187
64
97
131
154
174
8
34
40
44
65
63
66
90
150
240
67
78
154
203
231
4
37
68
102
217
69
93
108
119
210
70
98
116
161
202
19
53
69
71
230
72
93
110
135
184
7
57
73
122
238
74
124
130
136
139
75
123
151
185
203
76
102
117
227
234
75
77
126
137
140
68
78
108
190
243
33
79
121
146
173
65
68
80
101
179
81
100
113
177
234
24
82
116
225
232
1
83
107
168
199
14
30
84
172
234
31
85
118
220
250
86
111
145
194
218
73
87
112
168
210
62
69
88
101
112
10
11
39
57
89
31
90
139
164
168
62
91
137
184
238
92
115
117
149
248
72
74
93
189
215
13
30
39
60
94
27
95
125
174
221
96
107
122
130
153
52
94
97
139
216
29
32
98
138
199
99
135
138
149
181
51
100
113
234
243
13
101
110
118
166
18
39
102
155
165
69
103
125
205
214
10
33
52
63
104
88
105
197
206
251
46
60
106
174
198
16
107
125
179
186
1
22
70
108
128
16
109
145
214
243
3
30
110
166
189
23
111
166
247
249
10
58
112
223
243
89
113
114
128
236
3
8
70
114
203
44
115
129
205
222
12
79
85
116
161
14
97
117
140
213
66
94
98
118
192
79
119
180
199
235
11
28
59
80
120
54
121
170
188
210
1
59
122
157
192
30
75
123
144
197
9
32
124
173
229
88
115
125
190
247
54
118
126
164
240
26
57
93
124
127
128
157
169
216
247
19
24
129
141
154
16
40
87
111
130
53
65
76
99
131
40
132
136
164
253
9
33
124
133
203
19
61
105
119
134
114
135
157
253
255
39
44
136
233
243
69
83
114
137
169
43
101
138
196
219
2
64
138
139
227
33
83
140
169
192
37
62
81
141
160
15
44
142
147
201
13
47
110
143
147
50
144
159
176
235
20
45
112
145
174
37
121
146
162
171
56
127
147
170
239
88
102
148
158
180
10
145
149
155
236
6
59
84
150
176
3
36
136
151
208
5
27
152
174
206
11
128
153
177
184
21
154
189
204
225
23
58
155
219
250
48
146
156
175
244
13
43
47
157
194
37
158
198
199
250
159
178
180
196
205
18
46
144
160
175
113
148
161
176
248
36
53
99
135
162
62
163
168
171
181
32
125
164
173
183
82
116
119
165
222
166
190
194
215
245
14
17
137
167
235
27
157
168
243
252
19
38
123
169
255
42
91
112
170
248
52
171
211
237
251
49
87
137
172
206
45
155
164
169
173
133
152
170
174
241
31
67
119
175
189
41
128
176
216
232
28
54
154
177
204
14
24
118
178
202
11
22
52
173
179
19
115
169
180
201
19
91
179
181
198
13
50
105
182
198
33
183
216
236
252
118
177
184
203
224
31
32
126
185
187
73
75
148
186
247
37
44
76
146
187
32
139
170
188
209
13
172
189
243
246
22
81
114
145
190
2
100
180
191
241
31
59
117
192
197
82
100
170
193
246
143
152
160
183
194
55
77
88
92
195
52
63
154
184
196
8
47
135
183
197
47
51
89
114
198
3
30
47
116
199
30
49
75
117
200
143
177
201
206
246
13
159
191
202
217
79
148
150
203
248
6
44
204
205
225
139
163
205
228
238
58
85
206
219
237
12
15
115
207
216
33
175
182
208
215
62
147
209
220
246
11
29
189
210
216
11
85
86
211
236
165
174
177
179
212
176
213
222
227
241
56
80
150
169
214
33
57
74
111
215
59
117
127
212
216
9
92
162
186
217
74
142
183
218
251
11
141
184
219
245
14
114
153
174
220
45
65
83
120
221
90
171
184
199
222
54
55
123
182
223
29
34
157
194
224
25
48
72
187
225
20
34
183
207
226
6
55
191
208
227
45
46
143
144
228
51
198
229
235
249
66
83
157
197
230
49
134
140
149
231
19
99
126
228
232
1
98
120
218
233
130
135
164
234
246
8
67
104
153
235
21
38
90
140
236
80
106
165
168
237
31
141
204
227
238
27
110
112
162
239
92
142
153
173
240
133
156
171
213
241
45
77
85
169
242
60
83
113
235
243
38
85
92
112
244
34
57
59
69
245
67
111
174
187
246
68
83
136
176
247
56
89
155
223
248
10
30
37
93
249
11
105
155
218
250
34
52
208
224
251
42
144
162
213
252
56
99
116
165
253
2
134
176
232
254
52
177
193
202
255
0.099845
0.97906
0.592986
0.698323
0.889462
0.412425
0.636798
0.354673
0.409668
0.101471
0.441743
0.495478
0.493365
0.337075
0.32404
0.014833
0.12596
0.259577
0.360785
0.277304
0.64543
0.952245
0.203266
0.989106
0.963176
0.894553
0.744584
0.430916
0.096433
0.958993
0.721814
0.649144
0.66634
0.158934
0.620631
0.323331
0.52354
0.89155
0.906355
0.14105
0.083572
0.000326
0.066304
0.726465
0.213669
0.665792
0.762182
0.279685
0.550309
0.000599
0.874322
0.200882
0.77709
0.499436
0.404444
0.686296
0.914972
0.255668
0.218025
0.456089
0.499824
0.952526
0.029142
0.3387
0.517238
0.893473
0.910003
0.648453
0.647379
0.136735
0.458357
0.541331
0.143296
0.760888
0.212757
0.726573
0.065072
0.257789
0.957896
0.972071
0.442108
0.032096
0.674978
0.775904
0.932332
0.815034
0.81598
0.229327
0.39554
0.091714
0.430038
0.244787
0.157727
0.378448
0.386911
0.180336
0.562601
0.549427
0.67773
0.266498
0.134072
0.68879
0.145582
0.276191
0.868443
0.532512
0.5804
0.117483
0.497574
0.23766
0.234616
0.533558
0.91303
0.947128
0.77831
0.052655
0.206556
0.702081
0.8119
0.447584
0.532894
0.172547
0.927169
0.116019
0.606448
0.676387
0.741596
0.850015
0.010336
0.524171
0.950428
0.928388
0.723254
0.171848
0.288403
0.191204
0.207477
0.547273
0.220595
0.886399
0.406976
0.06933
0.62833
0.987333
0.189764
0.501738
0.904234
0.604914
0.655014
0.511132
0.353985
0.539073
0.730962
0.59447
0.820751
0.366451
0.269271
0.650549
0.209137
0.598509
0.698664
0.099763
0.062532
0.459879
0.901834
0.522427
0.012899
0.795321
0.576931
0.793434
0.88187
0.754551
0.365624
0.137009
0.454017
0.317893
0.037209
0.61468
0.081102
0.973054
0.890078
0.166688
0.299362
0.382371
0.905076
0.786495
0.998105
0.826218
0.467344
0.096785
0.086934
0.569624
0.515934
0.693033
0.79708
0.555761
0.482843
0.139247
0.5168
0.084856
0.858658
0.919638
0.214953
0.640164
0.781622
0.780411
0.540032
0.585548
0.580069
0.795617
0.612475
0.68124
0.906359
0.170698
0.26811
0.873939
0.678136
0.400846
0.977255
0.486421
0.89465
0.818084
0.543614
0.693878
0.568605
0.769904
0.857142
0.926184
0.449896
0.323897
0.327408
0.737603
0.031616
0.828762
0.157326
0.310734
0.281338
0.941626
0.896384
0.979964
0.604635
0.391552
0.814447
0.278267
0.059692
0.21429
0.681159
0.78993
0.085838
0.938422
0.079745
0.721968
0.678074
0.641236
0.882024
0.436179
0.779197
0.639304
0.894459
0.650929
0.394986
0.229043
0.413184
0.163921
0.067347
0.645897
0.168466
0.227885
0.363486
0.451247
0.848957
0.049396
0.135211
0.041894
0.96275
0.996054
0.675103
0.656829
0.546935
0.329591
0.675328
0.643157
0.158358
0.641996
0.938133
0.069616
0.243973
0.934063
0.49112
0.831597
0.166671
0.133293
0.760707
0.439771
0.254294
0.602068
0.157249
0.575326
0.470327
0.407929
0.913491
0.300664
0.753413
0.306558
0.258289
0.751551
0.40142
0.505651
0.247488
0.084648
0.160635
0.586752
0.342514
0.158576
0.631025
0.922176
0.283701
0.350433
0.76566
0.938589
0.955094
0.191906
0.47893
0.915849
0.110355
0.757407
0.396221
0.426679
0.195007
0.826341
0.247803
0.849602
0.278994
0.990743
0.148174
0.038374
0.843267
0.985821
0.147681
0.7952
0.44691
0.301925
0.433158
0.323659
0.765647
0.57784
0.454886
0.559234
0.865022
0.723166
0.386879
0.33216
0.62402
0.7672
0.412133
0.490333
0.531721
0.63724
0.439376
0.763188
0.192517
0.8803
0.47719
0.837256
0.772641
0.415629
0.164628
0.515236
0.825416
0.738067
0.994031
0.982921
0.285595
0.237793
0.614505
0.141826
0.772132
0.451439
0.492017
0.851227
0.405726
0.657663
0.083252
0.734482
0.338006
0.765883
0.163812
0.88376
0.270018
0.572921
0.144863
0.27214
0.066908
0.89475
0.201933
0.733941
0.217949
0.064305
0.727452
0.451364
0.585094
0.535045
0.732459
0.564837
0.850614
0.185733
0.757259
0.108887
0.942358
0.643154
0.717701
0.828246
0.72651
0.026918
0.20327
0.674866
0.775285
0.478449
0.235753
0.531771
0.847272
0.63878
0.71812
0.265881
0.939009
0.382524
0.264646
0.686022
0.726261
0.775874
0.046785
0.521869
0.251969
0.374782
0.260488
0.685968
0.449728
0.835231
0.234707
0.614359
0.577982
0.699469
0.267759
0.667737
0.942228
0.990784
0.515919
0.73876
0.853267
0.102674
0.065739
0.719623
0.802125
0.055787
0.895247
0.605035
0.253394
0.876216
0.765184
0.564981
0.397806
0.174203
0.528446
0.896962
0.897527
0.359091
0.970151
0.221972
0.660413
0.183112
0.269469
0.035433
0.136233
0.239805
0.453661
0.109579
0.169548
0.827794
0.444065
0.174949
0.554354
0.817538
0.456719
0.111181
0.500073
0.708265
0.980791
0.860251
0.121047
0.790682
0.780546
0.629394
0.542157
0.60821
0.398924
0.683145
0.200855
0.575031
0.054334
0.191277
0.130221
0.431191
0.035972
0.936524
0.425192
0.726773
0.984769
0.247053
0.218177
0.789432
0.749265
0.481021
0.677417
0.140632
0.025647
0.185738
0.47657
0.171371
0.609924
0.502169
0.532189
0.805594
0.983995
0.807699
0.463405
0.660372
0.190257
0.301456
0.552761
0.609938
0.997924
0.501116
0.098996
0.275563
0.285563
0.473817
0.272136
0.378529
0.464967
0.766303
0.937246
0.355464
0.176212
0.07545
0.020258
0.71835
0.741224
0.770438
0.843439
0.978923
0.216368
0.567961
0.78946
0.943303
0.50782
0.832956
0.753636
0.295478
0.516936
0.168627
0.101986
0.656505
0.290282
0.992776
0.531281
0.743718
0.02694
0.098326
0.7264
0.573996
0.879479
0.814413
0.535503
0.39653
0.529892
0.286525
0.698124
0.388684
0.1154
0.50946
0.792305
0.998613
0.929141
0.02042
0.70845
0.53218
0.060329
0.924836
0.337172
0.939539
0.377284
0.996816
0.276695
0.542153
0.863688
0.951471
0.497876
0.533131
0.974465
0.160501
0.663365
0.327674
0.193551
0.677621
0.604614
0.068202
0.497995
0.945142
0.649985
0.290941
0.538924
0.320752
0.823329
0.61734
0.422968
0.991796
0.192781
0.724497
0.609671
0.174448
0.924786
0.802455
0.169189
0.135947
0.334022
0.424643
0.812747
0.587803
0.897889
0.169724
0.532868
0.640739
0.933603
0.915305
0.839497
0.501516
0.72704
0.050453
0.165808
0.486947
0.883999
0.001085
0.301955
0.189656
0.665726
0.272398
0.080164
0.572005
0.97086
0.852947
0.214045
0.590565
0.903718
0.024115
0.131817
0.012421
0.842469
0.817999
0.105586
0.971486
0.45342
0.0834
0.43263
0.989168
0.952075
0.341806
0.849108
0.643733
0.19833
0.597942
0.154986
0.044993
0.960798
0.314366
0.871722
0.265988
0.194486
0.550198
0.247708
0.286214
0.62212
0.991701
0.902941
0.770718
0.9521
0.180153
0.014701
0.069698
0.464602
0.865891
0.573751
0.373764
0.205806
0.295082
0.311822
0.180857
0.600738
0.62492
0.45015
0.060491
0.846767
0.517026
0.372885
0.168913
0.611775
0.073634
0.421948
0.193066
0.155876
0.844608
0.176884
0.599176
0.961684
0.950632
0.084832
0.909846
0.567502
0.213888
0.884918
0.043553
0.536425
0.460624
0.987347
0.857963
0.890748
0.395648
0.488798
0.924974
0.607099
0.886258
0.239329
0.31727
0.643097
0.737032
0.473932
0.755586
0.209874
0.11301
0.179395
0.458697
0.869369
0.806723
0.9939
0.715327
0.601118
0.68816
0.178693
0.309069
0.482929
0.539526
0.487023
0.949445
0.936581
0.812989
0.511763
0.822883
0.377095
0.596055
0.929243
0.461893
0.05116
0.206052
0.654987
0.525259
0.175651
0.507216
0.98792
0.680514
0.62505
0.635695
0.243193
0.015549
0.12335
0.234086
0.530741
0.106003
0.426083
0.55894
0.043715
0.371354
0.684346
0.349235
0.083937
0.730604
0.874234
0.138647
0.611719
0.524262
0.485755
0.767571
0.661699
0.122198
0.641879
0.182198
0.219439
0.033182
0.568854
0.733632
0.011204
0.9009
0.790516
0.43062
0.696648
0.11218
0.636028
0.24171
0.876902
0.765612
0.590591
0.513952
0.256834
0.440513
0.757413
0.964062
0.190903
0.834901
0.442247
0.980965
0.196254
0.280893
0.588496
0.483204
0.992807
0.259887
0.571076
0.715653
0.828035
0.116961
0.062347
0.843408
0.397136
0.174425
0.644783
0.980304
0.548266
0.049497
0.734933
0.729784
0.466077
0.245697
0.021708
0.231329
0.591478
0.30073
0.731717
0.833629
0.563177
0.151065
0.002809
0.044462
0.08969
0.354178
0.286986
0.378874
0.936442
0.834822
0.295848
0.582648
0.422288
0.060236
0.596233
0.365302
0.907932
0.033632
0.948464
0.510858
0.414725
0.695975
0.548875
0.510873
0.145118
0.194206
0.676079
0.213429
0.853067
0.634877
0.079099
0.757673
0.802388
0.863347
0.952596
0.347146
0.469323
0.621132
0.408785
0.137312
0.237058
0.250416
0.668391
0.758919
0.38614
0.208746
0.104671
0.081765
0.635767
0.80329
0.277473
0.462804
0.536542
0.909439
0.911604
0.845314
0.303762
0.655636
0.415593
0.949244
0.250556
0.677076
0.092683
0.692694
0.434766
0.640329
0.202872
0.15632
0.599509
0.970824
0.379022
0.936911
0.901722
0.710337
0.878758
0.179283
0.190071
0.918888
0.79434
0.299926
0.128985
0.588198
0.405161
0.031974
0.085079
0.195228
0.124179
0.414392
0.909446
0.440098
0.142023
0.799185
0.212991
0.968881
0.375872
0.857086
0.386848
0.715588
0.159898
0.748062
0.248922
0.617629
0.488624
0.653052
0.297278
0.207302
0.384432
0.635311
0.500906
0.412117
0.078944
0.455178
0.024181
0.296366
0.956734
0.616218
0.524435
0.973084
0.54798
0.14459
0.064456
0.224748
0.464282
0.040246
0.301383
0.825559
0.531038
0.187823
0.802102
0.334386
0.763299
0.555619
0.970395
0.015607
0.708818
0.218654
0.785404
0.41814
0.347209
0.892726
0.313455
0.200778
0.552103
0.171922
0.958778
0.940943
0.265201
0.667324
0.362875
0.914525
0.087013
0.230585
0.583128
0.091028
0.589872
0.087636
0.406461
0.484924
0.05785
0.448356
0.714774
0.637229
0.767935
0.012932
0.707118
0.557361
0.315714
0.590199
0.05338
0.552535
0.662019
0.209561
0.270549
0.744522
0.422447
0.483783
0.040252
0.325786
0.130825
0.29345
0.974968
0.608721
0.116763
0.909248
0.159459
0.054037
0.917441
0.815536
0.238867
0.745527
0.336687
0.913409
0.993749
0.32038
0.754715
0.948955
0.006617
0.742681
0.16795
0.162843
0.791426
0.535706
0.018945
0.228104
0.282382
0.722959
0.155267
0.090705
0.826894
0.195929
0.088903
0.016653
0.6214
0.324265
0.635297
0.960759
0.780167
0.495205
0.837282
0.018539
0.423781
0.656325
0.181721
0.549127
0.201653
0.815989
0.135395
0.271001
0.434227
0.139546
0.663692
0.172653
0.287202
0.734265
0.153935
0.24365
0.642064
0.099778
0.744184
0.852439
0.273582
0.504534
0.746239
0.197344
0.643854
0.378899
0.310649
0.382318
0.719622
0.259315
0.37425
0.949082
0.746159
0.330436
0.056566
0.059351
0.291133
0.183118
0.867387
0.684919
0.985062
0.582327
0.785248
0.794424
0.91318
0.379795
0.007876
0.081335
0.887884
0.015316
0.691455
0.570393
0.644764
0.29619
0.439187
0.614523
0.752499
0.779741
0.739083
0.987629
0.045087
0.079033
0.625212
0.52945
0.081267
0.061292
0.907154
0.601665
0.14289
0.108175
0.226905
0.224165
0.685582
0.104991
0.033668
0.283062
0.140053
0.294429
0.190444
0.261464
0.387149
0.253576
0.484165
0.788778
0.696836
0.053495
0.028649
0.355157
0.853073
0.041202
0.612332
0.834609
0.971189
0.572624
0.025648
0.55582
0.885384
0.672825
0.545403
0.515411
0.278187
0.12452
0.315085
0.068819
0.593079
0.731954
0.085505
0.00223
0.557073
0.849858
0.80736
0.202732
0.237311
0.017764
0.208703
0.861539
0.195018
0.512088
0.618803
0.860024
0.595801
0.873872
0.470117
0.697306
0.889697
0.047184
0.827274
0.350648
0.989947
0.484449
0.431537
0.198001
0.585386
0.003069
0.318418
0.157605
0.941355
0.741563
0.278251
0.121554
0.076543
0.983718
0.77764
0.099429
0.024951
0.20633
0.05569
0.880044
0.805382
0.914871
0.033889
0.313331
0.850314
0.686763
0.079702
0.586936
0.896964
0.336829
0.236977
0.928406
0.643888
0.731361
0.148619
0.820398
0.610195
0.878538
0.282557
0.742706
0.85624
0.989438
0.992484
0.178366
0.068506
0.245897
0.551715
0.079937
0.146338
0.741798
0.632874
0.020329
0.805231
0.444216
0.483982
0.763112
0.534089
0.324338
0.842246
0.980315
0.896294
0.017738
0.017258
0.176095
0.33955
0.271943
0.279883
0.416911
0.877734
0.250161
0.777869
0.495229
0.137103
0.081555
0.597519
0.466287
0.056252
0.159357
0.997987
0.862543
0.291588
0.448399
0.688438
0.777065
0.382839
0.924528
0.448611
0.553992
0.779759
0.414723
0.092393
0.005765
0.404629
0.664762
0.671527
0.249107
0.845955
0.765796
0.491788
0.256679
0.639116
0.738241
0.743428
0.895291
0.313617
0.920916
0.904816
0.622372
0.308346
0.479153
0.612021
0.258015
0.148644
0.922922
0.184768
0.994836
0.143515
0.18238
0.210133
0.039462
0.932445
0.886943
0.733835
0.217199
0.870493
0.206444
0.655046
0.845317
0.343319
0.89684
0.140393
0.41183
0.175572
0.131092
0.040388
0.063997
0.712511
0.736717
0.789507
0.701857
0.110855
0.17362
0.9698
0.749169
0.248963
0.429517
0.936009
0.583447
0.716378
0.905376
0.979184
0.568306
0.851434
0.377199
0.974191
0.276807
0.621549
0.432027
0.788779
0.003601
0.674937
0.892401
0.618215
0.888015
0.990195
0.981166
0.219479
0.637222
0.795073
0.241013
0.533246
0.806993
0.110208
0.964499
0.27629
0.43008
0.71596
0.970288
0.767181
0.488557
0.396296
0.294028
0.801513
0.687659
0.026593
0.428617
0.871193
0.958516
0.605227
0.038712
0.360896
0.228759
0.631733
0.317453
0.612005
0.109053
0.711391
0.300906
0.042778
0.844547
0.112024
0.198434
0.981903
0.807219
0.870193
0.740321
0.711187
0.616065
0.540356
0.817561
0.692097
0.706515
0.402135
0.495975
0.032996
0.028398
0.460233
0.483745
0.713317
0.887718
0.151408
0.537672
0.465304
0.110886
0.534479
0.565016
0.866473
0.569717
0.532058
0.433585
0.569565
0.079153
0.089016
0.485457
0.398834
0.261258
0.527528
0.696217
0.220694
0.907838
0.017431
0.26311
0.171536
0.783703
0.566287
0.259292
0.469392
0.730732
0.253426
0.690834
0.936836
0.278452
0.638574
0.105756
0.181698
0.223676
0.09059
0.121658
0.580861
0.799147
0.716586
0.290182
0.544996
0.642623
0.620467
0.753664
0.220539
0.291085
0.353317
0.982228
0.711046
0.753954
0.720503
0.575151
0.196051
0.728143
0.261723
0.664854
0.355095
0.208961
0.042504
0.043076
0.817088
0.918613
0.816986
0.204357
0.32721
0.842988
0.440185
0.822385
0.693874
0.285326
0.804256
0.62973
0.421143
0.832153
0.821605
0.6575
0.624224
0.803162
0.888976
0.582024
0.668814
0.976132
0.498882
0.869952
0.613802
0.870206
0.858195
0.435368
0.712488
0.830566
0.492284
0.313971
0.198073
0.667426
0.233118
0.004152
0.411173
0.189588
0.002079
0.20344
0.032315
0.423085
0.022157
0.161683
0.775628
0.053785
0.576556
0.888016
0.276273
0.310419
0.920346
0.919652
0.417101
0.504852
0.331077
0.681822
0.349309
0.845257
0.445375
0.910481
0.056408
0.563737
0.834383
0.547536
0.135603
0.658889
0.72281
0.04786
0.353394
0.866399
0.90439
0.308259
0.592046
0.551381
0.517922
0.050071
0.565782
0.017657
0.866759
0.697482
0.483097
0.022887
0.538756
0.756781
0.828798
0.03697
0.769976
0.451282
0.957961
0.019332
0.884603
0.690415
0.64764
0.869241
0.236132
0.072913
0.382333
0.64121
0.590372
0.176227
0.372374
0.31314
0.226625
0.066841
0.342538
0.166156
0.013663
0.83607
0.323987
0.854747
0.758982
0.692218
0.273288
0.943637
0.483014
0.803059
0.087586
0.060811
0.806988
0.994154
0.589674
0.193373
0.687794
0.506962
0.964571
0.736633
0.190884
0.588443
0.370246
0.557095
0.844764
0.461257
0.499264
0.815465
0.649981
0.987494
0.986662
0.533465
0.54347
0.914739
0.106836
0.924826
0.361201
0.951699
0.715193
0.431731
0.678025
0.733805
0.108587
0.557013
0.578176
0.162694
0.485379
0.224613
0.020505
0.442907
0.286817
0.781675
0.700264
0.073319
0.682033
0.216709
0.709629
0.092503
0.880264
0.699717
0.639673
0.434488
0.933021
0.965385
0.393597
0.60553
0.085746
0.771827
0.865488
0.415813
0.869154
0.775867
0.110907
0.012324
0.22396
0.382312
0.519184
0.776571
0.700715
0.365498
0.932203
0.103747
0.369405
0.044662
0.229124
0.944542
0.923552
0.24261
0.54269
0.75019
0.297518
0.757627
0.754392
0.890844
0.526722
0.6228
0.475502
0.944681
0.061375
0.291201
0.952481
0.009293
0.863386
0.764725
0.897672
0.806599
0.832894
0.12325
0.930179
0.619321
0.506535
0.288815
0.678389
0.945391
0.077041
0.565742
0.011585
0.433579
0.87151
0.413168
0.727967
0.010721
0.338508
0.699663
0.307372
0.763075
0.765736
0.670339
0.30884
0.724355
0.901526
0.43642
0.708157
0.753553
0.464213
0.891712
0.020734
0.64772
0.373584
0.100362
0.484493
0.159009
0.961718
0.999309
0.301472
0.785734
0.325853
0.479036
0.767226
0.869492
0.925471
0.109689
0.735414
0.48997
0.427603
0.754452
0.334439
0.570378
0.216534
0.037182
0.833494
9.8e-05
0.871654
0.457751
0.808151
0.211187
0.20657
0.993371
0.447068
0.913521
0.416758
0.582157
0.667083
0.424762
0.787312
0.201979
0.092183
0.596618
0.029874
0.281964
0.853934
0.860693
0.896895
0.346595
0.71723
0.486574
0.718047
0.670681
0.097691
0.946583
0.151668
0.21076
0.716627
0.230505
0.154093
0.314248
0.388774
0.640464
0.731699
0.276598
0.423807
0.280641
0.304878
0.890687
0.465889
0.673114
0.924764
0.203524
0.121354
0.05584
0.636155
0.837742
0.951718
0.761765
0.944165
0.711519
0.376957
0.52835
0.425388
0.870312
0.693588
0.181664
0.688534
0.750031
0.555234
0.125305
0.122121
0.765057
0.18189
0.025412
0.145427
0.152646
0.122102
0.18608
0.599207
0.449856
0.464333
0.179867
0.487515
0.939056
0.689416
0.395265
0.309145
0.711989
0.319728
0.931475
0.842529
0.615238
0.078891
0.815686
0.446953
0.138104
0.145201
0.62781
0.730983
0.783613
0.533472
0.270684
0.701363
0.755655
0.101812
0.735741
0.822249
0.425926
0.988133
0.122478
0.667437
0.306778
0.234055
0.919786
0.013243
0.584972
0.126479
0.480212
0.153839
0.593663
0.252898
0.737205
0.11919
0.885448
0.401724
0.530302
0.85561
0.260525
0.833458
0.560797
0.610187
0.382928
0.484558
0.842696
0.168904
0.087147
0.521418
0.986336
0.937441
0.576618
0.096672
0.726683
0.637701
0.503318
0.841387
0.868444
0.698851
0.528631
0.022066
0.68681
0.188893
0.261401
0.910762
0.965472
0.899917
0.804831
0.134087
0.645622
0.402471
0.152226
0.677397
0.696405
0.631748
0.936348
0.302942
0.49703
0.731496
0.333048
0.677694
0.192909
0.598188
0.096985
0.13956
0.738582
0.736998
0.727939
0.440116
0.985229
0.821264
0.792385
0.932862
0.093738
0.508003
0.516051
0.897383
0.743909
0.360408
0.493401
0.395461
0.324412
0.69174
0.013613
0.211489
0.541526
0.675685
0.266837
0.7879
0.596216
0.291342
0.031446
0.30356
0.958439
0.556314
0.296819
0.148806
0.592443
0.371351
0.903454
0.743584
0.401869
0.55375
0.170795
0.171606
0.564812
0.860255
0.967511
0.253084
0.768222
0.327762
0.003513
0.720852
0.696332
0.759667
0.155475
0.398641
0.31008
0.124965
0.607225
0.925367
0.695657
0.065413
0.282841
0.314338
0.829292
0.902544
0.8807
0.123337
0.394117
0.411289
0.950388
0.452479
0.914937
0.251872
0.494054
0.389928
0.84946
0.943415
0.763638
0.59127
0.253528
0.331022
0.965409
0.656444
0.400305
0.173566
0.701716
0.570665
0.400809
0.344729
0.417274
0.790055
0.412148
0.437301
0.821761
0.392268
0.606128
0.555087
0.794744
0.376946
0.033111
0.399778
0.780115
0.866425
0.041548
0.678058
0.986979
0.193566
0.592405
0.040092
0.368102
0.7501
0.982354
0.636657
0.375498
0.987373
0.969994
0.864713
0.709971
0.208572
0.005019
0.124397
0.911332
0.358162
0.006352
0.034054
0.553623
0.114218
0.242435
0.461946
0.169943
0.892772
0.268157
0.290159
0.566384
0.469841
0.713778
0.396194
0.209442
0.727386
0.314289
0.56258
0.421066
0.531568
0.435368
0.212047
0.496604
0.390011
0.263082
0.384515
0.799913
0.763596
0.695164
0.091192
0.484149
0.934759
0.135934
0.866449
0.941061
0.459943
0.193748
0.098387
0.642033
0.446402
0.064597
0.440483
0.15913
0.607279
0.573954
0.67336
0.842898
0.746553
0.262213
0.959718
0.006062
0.235538
0.514516
0.427865
0.285195
0.075002
0.527897
0.91595
0.337992
0.293855
0.795331
0.04423
0.373547
0.620634
0.491475
0.80537
0.239916
0.016007
0.562352
0.320613
0.258153
0.309431
0.408996
0.381609
0.880661
0.728542
0.758089
0.955485
0.598453
0.214159
0.290532
0.828914
0.076271
0.371674
0.610995
0.570329
0.010349
0.625691
0.07937
0.259878
0.664452
0.947284
0.71744
0.529122
0.936086
0.382673
0.245426
0.68853
0.578818
0.136922
0.027558
0.642843
0.253362
0.527415
0.243956
0.763012
0.343196
0.841141
0.707872
0.546446
0.522645
0.995773
0.953395
0.573754
0.70525
0.363187
0.991149
0.271483
0.614542
0.164618
0.168219
0.871796
0.770016
0.553267
0.384623
0.396366
0.607472
0.056443
0.537965
0.458113
0.74883
0.588773
0.66027
0.984196
0.964226
0.293069
0.821776
0.98759
0.096132
0.892174
0.967916
0.220064
0.720586
0.742058
0.616857
0.146575
0.642929
0.647061
0.707915
0.227399
0.958117
0.961605
0.239623
0.206612
0.305335
0.26784
0.915786
0.250497
0.837177
0.400017
0.597335
0.584192
0.167375
0.718038
0.207749
0.16005
0.392026
0.578411
0.736637
0.998183
0.156846
0.482332
0.253715
0.364956
0.346729
0.751593
0.491444
0.618504
0.429855
0.152322
0.192536
0.120451
0.303103
0.035601
0.534702
0.392238
0.066183
0.805937
0.268473
0.797494
0.184897
0.180728
0.522213
0.414207
0.005039
0.899207
0.682111
0.531274
0.890851
0.704603
0.717716
0.963574
0.371382
0.814366
0.87507
0.934199
0.011075
0.804662
0.840879
0.160615
0.634904
0.36789
0.84806
0.918463
0.159835
0.967769
0.735011
0.536957
0.599266
0.815217
0.778155
0.412602
0.473528
0.211383
0.837633
0.300023
0.637456
0.705588
0.008668
0.750968
0.713642
0.748345
0.250354
0.693534
0.153738
0.451581
0.387735
0.802064
0.140673
0.382603
0.193851
0.41135
0.137771
0.987707
0.530439
0.076905
0.548231
0.270724
0.272715
0.206779
0.326467
0.655241
0.844362
0.285708
0.16586
0.883603
0.005141
0.297807
0.211109
0.249088
0.549707
0.479595
0.098181
0.166561
0.70745
0.346898
0.790778
0.906025
0.854808
0.227901
0.214193
0.09637
0.172599
0.829715
0.807192
0.251966
0.06215
0.575314
0.27612
0.676389
0.546552
0.783794
0.01672
0.905916
0.579265
0.51142
0.624111
0.134726
0.227295
0.532244
0.460721
0.203516
0.89191
0.202265
0.771128
0.725401
0.540254
0.900412
0.055636
0.182392
0.919451
0.413482
0.218133
0.982203
0.390375
0.658305
0.82924
0.945675
0.404811
0.998751
0.628751
0.689091
0.47686
0.315566
0.861571
0.770188
0.124106
0.89482
0.259999
0.605435
0.84068
0.784154
0.38846
0.944375
0.638136
0.688143
0.77233
0.681314
0.012378
0.174521
0.05545
0.396616
0.55397
0.839351
0.915073
0.401209
0.724188
0.65931
0.598763
0.469212
0.40474
0.791552
0.719374
0.376449
0.222921
0.438589
0.613245
0.469466
0.062256
0.833137
0.877406
0.543999
0.002813
0.998775
0.674656
0.486281
0.178937
0.007545
0.43108
0.509326
0.166024
0.733823
0.059274
0.316113
0.268341
0.497727
0.279702
0.630827
0.53134
0.688099
0.476099
0.582207
0.26219
0.512097
0.74274
0.720855
0.165312
0.259194
0.256756
0.098379
0.623259
0.562348
0.622678
0.462901
0.328099
0.807707
0.373183
0.862917
0.097732
0.355554
0.724011
0.060362
0.653567
0.970913
0.567048
0.272904
0.45874
0.937873
0.90719
0.439534
0.412692
0.15168
0.747294
0.142416
0.745273
0.899482
0.488842
0.558625
0.376114
0.224713
0.136503
0.291377
0.600204
0.984862
0.460844
0.149008
0.64985
0.997715
0.41467
0.071654
0.194628
0.105328
0.442667
0.099369
0.760001
0.352082
0.269861
0.307417
0.620689
0.53854
0.030698
0.938975
0.453149
0.746172
0.270049
0.055843
0.894197
0.849122
0.900469
0.922224
0.122056
0.651235
0.782545
0.255895
0.908515
0.844289
0.417894
0.859256
0.899529
0.236143
0.694098
0.453969
0.27538
0.930472
0.337167
0.885721
0.517073
0.117198
0.226435
0.45145
0.398007
0.596117
0.313492
0.212413
0.045086
0.243114
0.487464
0.660811
0.072845
0.232234
0.385953
0.448609
0.12232
0.383849
0.634805
0.26208
0.440301
0.559227
0.670097
0.872415
0.143711
0.922729
0.332582
0.027366
0.409876
0.89943
0.26814
0.924537
0.501644
0.061885
0.339052
0.378974
0.513271
0.468762
0.861895
0.290604
0.743188
0.966596
0.959
0.962447
0.066951
0.661318
0.152806
0.002528
0.296589
0.050954
0.385425
0.426187
0.874045
0.123008
0.156328
0.331754
0.532185
0.627857
0.835556
0.543615
0.084736
0.318
0.954134
0.660386
0.958808
0.137384
0.779743
0.248114
0.361841
0.545395
0.282046
0.774296
0.396179
0.721376
0.857859
0.220339
0.669022
0.048141
0.30847
0.329104
0.335781
0.447362
0.61643
0.495722
0.017102
0.426183
0.28374
0.957397
0.32305
0.761475
0.315574
0.679239
0.410026
0.811713
0.921885
0.042857
0.971526
0.417447
0.466938
0.220508
0.413809
0.241538
0.028587
0.939302
0.331401
0.867377
0.955563
0.665283
0.085528
0.086541
0.621875
0.496359
0.809405
0.035122
0.497331
0.06622
0.871002
0.866408
0.605898
0.199523
0.756337
0.939817
0.874245
0.3102
0.207473
0.010178
0.462873
0.322358
0.04746
0.489258
0.408501
0.137781
0.383362
0.100392
0.734253
0.243029
0.132025
0.308273
0.255552
0.286332
0.554149
0.573152
0.146882
0.873148
0.147965
0.315756
0.72966
0.673227
0.174211
0.290926
0.301156
0.367281
0.780862
0.572528
0.313206
0.222065
0.567986
0.287523
0.895206
0.82786
0.716274
0.038148
0.281164
0.457794
0.922445
0.825459
0.092601
0.659085
0.803334
0.065025
0.931471
0.523511
0.059869
0.208593
0.568491
0.305794
0.306549
0.18479
0.317421
0.768996
0.256908
0.673315
0.704924
0.066399
0.582641
0.601818
0.238069
0.831734
0.271026
0.583018
0.218336
0.221339
0.682206
0.264149
0.144616
0.467134
0.690261
0.283555
0.466743
0.319881
0.815471
0.253041
0.59636
0.785761
0.402261
0.672383
0.372027
0.061343
0.105233
0.768396
0.508326
0.492636
0.107753
0.664798
0.054357
0.576209
0.819833
0.481323
0.470339
0.021572
0.532327
0.538755
0.363953
0.111386
0.247706
0.248558
0.886015
0.631798
0.695227
0.069501
0.265553
0.326619
0.194057
0.515619
0.160616
0.111026
0.335679
0.439822
0.258209
0.644779
0.389999
0.777731
0.956685
0.601828
0.534362
0.864114
0.253623
0.947737
0.618226
0.109013
0.140152
0.879548
0.262754
0.190565
0.553848
0.920488
0.359165
0.013136
0.331174
0.044061
0.78002
0.71168
0.94181
0.79496
0.408489
0.468221
0.082608
0.248595
0.607892
0.579774
0.782972
0.22973
0.136515
0.840637
0.109248
0.607383
0.844846
0.318561
0.789147
0.916012
0.629443
0.353489
0.587434
0.208802
0.948628
0.798329
0.858197
0.246372
0.567995
0.250206
0.435181
0.385375
0.50281
0.058609
0.64486
0.230585
0.848151
0.547929
0.889971
0.642392
0.174312
0.490944
0.677418
0.561675
0.724182
0.681042
0.806842
0.673607
0.442315
0.139212
0.416395
0.318527
0.629801
0.393305
0.356692
0.258473
0.988098
0.720708
0.427071
0.684169
0.502672
0.962272
0.125522
0.590718
0.352844
0.360637
0.734405
0.654554
0.422842
0.571038
0.278529
0.110213
0.625057
0.246052
0.491714
0.249725
0.830013
0.760737
0.116943
0.599013
0.170738
0.914401
0.240235
0.408363
0.456449
0.099191
0.168718
0.524003
0.584925
0.895978
0.126759
0.149211
0.766789
0.273308
0.180575
0.94914
0.732614
0.217695
0.459809
0.536593
0.37644
0.536048
0.742767
0.65629
0.380368
0.720242
0.624371
0.529631
0.785102
0.846386
0.639104
0.474727
0.680441
0.1966
0.530769
0.01673
0.823183
0.396348
0.88123
0.200293
0.872523
0.886636
0.746632
0.869862
0.337625
0.265736
0.170346
0.448004
0.659052
0.400141
0.677148
0.44425
0.541643
0.042334
0.482517
0.653805
0.568434
0.310768
0.533797
0.241121
0.36344
0.658853
0.636248
0.78239
0.950666
0.993369
0.565051
0.065845
0.741426
0.827309
0.016115
0.493518
0.296787
0.333655
0.423133
0.985714
0.164193
0.736285
0.958578
0.903302
0.564383
0.339644
0.862562
0.043205
0.973549
0.429489
0.905645
0.560502
0.299999
0.553334
0.828191
0.346616
0.450561
0.225444
0.623753
0.959634
0.137212
0.958305
0.034109
0.576077
0.575316
0.051924
0.115013
0.516313
0.852925
0.857114
0.184087
0.621256
0.049356
0.700112
0.790504
0.364414
0.956345
0.641097
0.595028
0.327649
0.4543
0.893117
0.710202
0.431728
0.033531
0.132402
0.421846
0.441034
0.584019
0.219291
0.253972
0.013256
0.618454
0.104673
0.206797
0.145647
0.340619
0.687635
0.097552
0.088987
0.970089
0.589618
0.848196
0.655715
0.354307
0.204076
0.230046
0.702851
0.175541
0.165823
0.781766
0.494139
0.64398
0.805663
0.749421
0.22085
0.034513
0.272089
0.92224
0.645712
0.709306
0.053181
0.543404
0.421906
0.140611
0.653192
0.478133
0.58595
0.376378
0.147881
0.44953
0.609901
0.275407
0.302355
0.969193
0.376193
0.735844
0.64558
0.523727
0.77117
0.344563
0.617508
0.326746
0.656459
0.200255
0.205287
0.421788
0.558092
0.168533
0.38138
0.932217
0.25432
0.259899
0.356084
0.97088
0.907444
0.216624
0.72374
0.265044
0.889065
0.580853
0.267962
0.900514
0.600619
0.624355
0.520426
0.179362
0.569745
0.947031
0.506578
0.627795
0.07092
0.678355
0.983347
0.588535
0.393265
0.234358
0.225158
0.735916
0.903446
0.102032
0.131302
0.360684
0.857989
0.133277
0.074652
0.638623
0.612647
0.978496
0.103501
0.903151
0.290182
0.22024
0.203665
0.363136
0.195511
0.112264
0.332515
0.460165
0.312619
0.384941
0.580735
0.593692
0.007493
0.127051
0.994757
0.134456
0.741161
0.634402
0.774065
0.501519
0.848459
0.406654
0.744943
0.98653
0.196099
0.776262
0.969206
0.622086
0.679972
0.374039
0.368344
0.697898
0.199546
0.297309
0.413827
0.733845
0.10195
0.135549
0.280478
0.977683
0.841513
0.365061
0.428886
0.870841
0.497785
0.737613
0.253869
0.970857
0.894337
0.074969
0.706844
0.930028
0.922593
0.167609
0.569267
0.233766
0.411524
0.428415
0.220184
0.610366
0.047146
0.194674
0.717882
0.389851
0.127312
0.866616
0.918986
0.976459
0.543064
0.352151
0.100799
0.305212
0.027096
0.651809
0.059656
0.195006
0.358234
0.176663
0.59767
0.084744
0.484312
0.445405
0.925572
0.749635
0.924559
0.847257
0.086209
0.247742
0.015462
0.46656
0.358347
0.78929
0.649271
0.976699
0.308715
0.530304
0.173046
0.236117
0.793067
0.184843
0.173796
0.888758
0.677914
0.799217
0.105442
0.503896
0.786411
0.173651
0.364842
0.177748
0.405172
0.035166
0.723278
0.590407
0.692919
0.827814
0.946517
0.331745
0.002307
0.784493
0.840223
0.595857
0.510761
0.565837
0.841457
0.409365
0.38049
0.823399
0.684597
0.044362
0.927883
0.111362
0.765796
0.56742
0.396543
0.541934
0.101847
0.604758
0.853073
0.821039
0.278355
0.675773
0.562774
0.462235
0.747516
0.45382
0.252212
0.989432
0.947448
0.098997
0.402654
0.262041
0.687031
0.087844
0.179884
0.737797
0.373489
0.828521
0.219591
0.691589
0.958268
0.724638
0.484803
0.646754
0.439794
0.149242
0.644873
0.631485
0.978866
0.838258
0.040768
0.001538
0.876756
0.634808
0.42593
0.533867
0.694941
0.394407
0.27024
0.839264
0.808657
0.657667
0.014964
0.523996
0.562142
0.132153
0.633543
0.484709
0.334462
0.387601
0.245049
0.006979
0.284636
0.076988
0.804225
0.175399
0.325993
0.28818
0.77868
0.97764
0.908877
0.493796
0.738752
0.327856
0.066629
0.744519
0.501286
0.561869
0.374103
0.926158
0.823273
0.610978
0.398646
0.564294
0.754476
0.161991
0.0774
0.466126
0.404538
0.784638
0.202675
0.609418
0.459378
0.279296
0.878654
0.274556
0.608255
0.916043
0.476167
0.140425
0.978339
0.717387
0.699933
0.677155
0.754584
0.178092
0.084013
0.390419
0.020248
0.991089
0.498856
0.363384
0.212706
0.108759
0.549279
0.898452
0.866367
0.821274
0.332439
0.206157
0.716828
0.641678
0.958663
0.822314
0.101405
0.355269
0.420982
0.920444
0.979892
0.073984
0.273717
0.007238
0.528976
0.500553
0.647332
0.594512
0.876855
0.19655
0.811026
0.540356
0.848858
0.619246
0.460601
0.852798
0.773514
0.023736
0.128884
0.612498
0.746045
0.171598
0.519175
0.172136
0.069212
0.129661
0.984632
0.947929
0.971366
0.28939
0.008343
0.843339
0.819795
0.315731
0.988206
0.213919
0.460063
0.326802
0.456131
0.983526
0.907642
0.684439
0.535237
0.003859
0.799092
0.675303
0.595682
0.656905
0.195051
0.880213
0.006019
0.563242
0.54545
0.87095
0.119377
0.180293
0.905588
0.031757
0.496224
0.867896
0.585948
0.859378
0.576245
0.505956
0.261362
0.705695
0.812426
0.426885
0.307938
0.479218
0.082019
0.924005
0.999416
0.84451
0.067701
0.862761
0.883402
0.282656
0.550728
0.870265
0.141909
0.796837
0.058766
0.638755
0.15454
0.933201
0.292757
0.514632
0.937088
0.610176
0.63892
0.755431
0.414871
0.198142
0.043114
0.055527
0.152812
0.949823
0.208784
0.067106
0.229957
0.855829
0.991258
0.75422
0.940582
0.719274
0.33721
0.670658
0.351804
0.109216
0.811235
0.713414
0.235982
0.179638
0.360983
0.935533
0.860266
0.442654
0.422777
0.314531
0.718469
0.171119
0.524791
0.326503
0.68399
0.342679
0.659148
0.836161
0.924776
0.370664
0.022691
0.696735
0.359187
0.496455
0.651176
0.720374
0.205577
0.943951
0.331754
0.289542
0.795654
0.095581
0.1913
0.788696
0.252048
0.000492
0.138568
0.453038
0.423673
0.360651
7.9e-05
0.774401
0.415225
0.647581
0.185031
0.778268
0.836263
0.486024
0.689955
0.88644
0.48847
0.1037
0.034499
0.64454
0.205422
0.717572
0.552266
0.032297
0.725015
0.404415
0.929605
0.600815
0.854943
0.291948
0.788083
0.599938
0.48362
0.550282
0.610695
0.222198
0.194091
0.439997
0.831046
0.879425
0.986894
0.702676
0.750204
0.316284
0.984107
0.05432
0.247626
0.574096
0.827771
0.278261
0.901036
0.106827
0.634639
0.229474
0.609934
0.860539
0.339299
0.539356
0.762546
0.664177
0.153464
0.887356
0.734776
0.043878
0.647485
0.365412
0.346828
0.236423
0.510183
0.351292
0.625471
0.355405
0.517787
0.274053
0.451357
0.082231
0.619065
0.451886
0.956817
0.435085
0.670521
0.563379
0.441374
0.898635
0.515956
0.109523
0.419811
0.683618
0.657509
0.660404
0.75856
0.998422
0.420617
0.318525
0.861251
0.735097
0.282857
0.567003
0.552034
0.121832
0.704264
0.59074
0.114398
0.268804
0.844253
0.732832
0.333456
0.104306
0.332475
0.562385
0.484902
0.964979
0.544948
0.762045
0.035587
0.481444
0.441583
0.068612
0.630469
0.619847
0.753448
0.45807
0.27771
0.702228
0.910189
0.838551
0.02369
0.75532
0.548579
0.345058
0.312561
0.213907
0.032819
0.903662
0.133165
0.592394
0.15372
0.463496
0.22259
0.021604
0.379845
0.660477
0.720951
0.442065
0.374997
0.536795
0.118912
0.372546
0.197146
0.273316
0.541766
0.450843
0.875372
0.860108
0.906549
0.799961
0.23206
0.742212
0.100801
0.405089
0.661245
0.515241
0.762489
0.854051
0.0432
0.353452
0.856451
0.986434
0.812147
0.592382
0.061139
0.100672
0.238555
0.162862
0.976766
0.881277
0.036525
0.199061
0.758657
0.301647
0.656341
0.303893
0.804613
0.992028
0.425434
0.607751
0.120965
0.157315
0.000748
0.748306
0.859703
0.70653
0.208894
0.303325
0.72985
0.194331
0.6661
0.547916
0.454006
0.786973
0.686871
0.915036
0.765031
0.455415
0.479709
0.630605
0.513194
0.840799
0.050069
0.411141
0.613679
0.817373
0.923902
0.765666
0.955733
0.517805
0.220922
0.672854
0.82377
0.483718
0.305241
0.364991
0.260251
0.385293
0.476913
0.706703
0.864262
0.545745
0.458925
0.639019
0.371886
0.021626
0.08647
0.860691
0.770651
0.044291
0.841187
0.216214
0.628911
0.717072
0.275654
0.630047
0.746219
0.724981
0.123898
0.969931
0.417365
0.357356
0.548424
0.545198
0.094796
0.774616
0.143439
0.87692
0.278118
0.820617
0.916076
0.663942
0.228759
0.129852
0.756184
0.524548
0.589767
0.218673
0.102305
0.012283
0.716771
0.327508
0.567715
0.702093
0.283317
0.284473
0.81186
0.31201
0.438549
0.673588
0.107875
0.345919
0.906195
0.049179
0.600866
0.445104
0.181533
0.123398
0.317655
0.814531
0.709722
0.368195
0.07611
0.455085
0.897981
0.608802
0.584235
0.897781
0.578811
0.526308
0.329772
0.833951
0.532925
0.947895
0.292857
0.60903
0.867903
0.311652
0.620639
0.998784
0.564262
0.077901
0.149114
0.556817
0.255657
0.212669
0.042573
0.097738
0.346925
0.080267
0.664359
0.352839
0.008773
0.488377
0.55183
0.137205
0.341904
0.116565
0.500081
0.311341
0.500171
0.600868
0.581174
0.886501
0.24451
0.003919
0.50005
0.971941
0.394603
0.834132
0.712079
0.893769
0.00443
0.209744
0.085328
0.213436
0.172618
0.703642
0.277147
0.280384
0.897024
0.93084
0.62664
0.13434
0.865565
0.054515
0.332175
0.70943
0.861479
0.962491
0.998989
0.228512
0.547174
0.405527
0.333861
0.25675
0.349807
0.02631
0.424964
0.966104
0.020785
0.871332
0.033693
0.312155
0.017788
0.625818
0.337887
0.915134
0.163456
0.207136
0.013352
0.663464
0.616134
0.086471
0.878284
0.022799
0.775543
0.639262
0.087586
0.650119
0.14309
0.053161
0.765109
0.181499
0.167624
0.4648
0.675569
0.713412
0.344005
0.151422
0.708094
0.304172
0.174722
0.117614
0.15235
0.776322
0.518777
0.103319
0.903309
0.632147
0.445562
0.065154
0.385404
0.320543
0.60211
0.262894
0.724969
0.844175
0.431353
0.207892
0.219374
0.44053
0.915264
0.279558
0.535906
0.960257
0.604276
0.03082
0.448584
0.816339
0.384763
0.774995
0.191479
0.169471
0.517591
0.246239
0.533123
0.114951
0.221432
0.739573
0.082547
0.153553
0.99558
0.676104
0.324876
0.632319
0.557539
0.765172
0.311073
0.782797
0.998491
0.139972
0.275817
0.339529
0.795633
0.523293
0.160709
0.017297
0.282246
0.469857
0.336046
0.652911
0.040086
0.055498
0.755154
0.379197
0.30116
0.013241
0.954935
0.234711
0.8184
0.463173
0.799205
0.704499
0.479997
0.620143
0.788561
0.554358
0.337081
0.783289
0.876084
0.18388
0.974269
0.526597
0.406366
0.672873
0.838194
0.880646
0.572801
0.885822
0.702942
0.984222
0.577393
0.906482
0.777205
0.662987
0.402016
0.795843
0.339657
0.722798
0.35127
0.480911
0.995887
0.906439
0.359983
0.255107
0.488295
0.401459
0.937504
0.762324
0.48204
0.174816
0.942302
0.587416
0.981803
0.32261
0.504008
0.440024
0.853386
0.347532
0.883798
0.67395
0.214342
0.572414
0.646984
0.580261
0.409266
0.94875
0.661915
0.097871
0.036252
0.999244
0.208052
0.045553
0.361981
0.052303
0.659084
0.240782
0.854916
0.535179
0.166189
0.561836
0.634119
0.670541
0.475167
0.036406
0.065644
0.948952
0.424903
0.93089
0.51575
0.534248
0.724064
0.755447
0.555369
0.364915
0.825265
0.762745
0.240069
0.177452
0.078105
0.828684
0.121882
0.960362
0.828769
0.202285
0.418149
0.329092
0.138568
0.650893
0.359477
0.247541
0.426671
0.51986
0.988678
0.861808
0.985998
0.534077
0.887166
0.185676
0.259655
0.78914
0.590397
0.218097
0.7757
0.298691
0.370935
0.665184
0.532801
0.999757
0.449369
0.514014
0.96826
0.815285
0.993468
0.332584
0.886253
0.138946
0.402487
0.002825
0.735761
0.381285
0.713859
0.141739
0.617
0.547821
0.77218
0.06724
0.951823
0.226234
0.807124
0.119385
0.97275
0.431049
0.908401
0.910423
0.594865
0.225766
0.32028
0.419284
0.285279
0.850613
0.074612
0.647029
0.300605
0.88276
0.37816
0.106847
0.951265
0.501865
0.138634
0.699046
0.459283
0.877641
0.224061
0.976908
0.47639
0.132363
0.675239
0.90869
0.859973
0.711099
0.350728
0.478267
0.912103
0.998546
0.567538
0.969227
0.847734
0.351198
0.880843
0.71761
0.377551
0.545032
0.070529
0.212299
0.614968
0.290672
0.355416
0.819616
0.62964
0.526023
0.676618
0.776205
0.16108
0.448147
0.610462
0.557277
0.697219
0.517286
0.042266
0.021741
0.108573
0.805403
0.063971
0.701011
0.718697
0.879861
0.015055
0.935935
0.187152
0.611979
0.152186
0.997124
0.197442
0.377226
0.862243
0.478104
0.234993
0.700232
0.360175
0.946787
0.57369
0.666786
0.923534
0.247767
0.773147
0.882139
0.534203
0.087478
0.041617
0.597053
0.315835
0.857384
0.989157
0.727294
0.986718
0.708348
0.316466
0.371544
0.865837
0.71528
0.679437
0.487255
0.100441
0.147348
0.928775
0.217259
0.831891
0.235639
0.589761
0.884229
0.788215
0.046662
0.382547
0.642465
0.774342
0.293852
0.554127
0.656638
0.703611
0.530037
0.813728
0.138938
0.079254
0.968298
0.955242
0.427727
0.028833
0.952618
0.913337
0.382436
0.306983
0.09447
0.766784
0.134747
0.296762
0.978484
0.194836
0.490237
0.411259
0.233144
0.619601
0.820213
0.443959
0.47943
0.776269
0.401678
0.57872
0.441071
0.653068
0.209157
0.324588
0.925807
0.485769
0.389952
0.469346
0.740629
0.539156
0.850518
0.752088
0.067728
0.219561
0.279436
0.300211
0.515217
0.923913
0.628139
0.434546
0.083327
0.882003
0.304977
0.310217
0.927865
0.336214
0.970659
0.3301
0.685853
0.355273
0.853425
0.752263
0.735792
0.506405
0.466099
0.983326
0.244347
0.808963
0.638045
0.787911
0.374129
0.115214
0.455428
0.368887
0.362405
0.747222
0.353125
0.824965
0.50069
0.128361
0.083566
0.183965
0.526417
0.062396
0.974367
0.287978
0.86643
0.979023
0.407648
0.848559
0.100847
0.778757
0.469895
0.283327
0.663742
0.644029
0.33006
0.421904
0.687911
0.18959
0.078397
0.933159
0.417219
0.399669
0.968464
0.544632
0.986282
0.130869
0.713554
0.917948
0.760933
0.686508
0.809006
0.008378
0.794694
0.529852
0.206937
0.763965
0.101278
0.411134
0.743814
0.46093
0.501834
0.190627
0.287945
0.000731
0.686086
0.649457
0.873706
0.334768
0.531029
0.436958
0.642166
0.746904
0.690576
0.460857
0.318281
0.444688
0.928806
0.800525
0.177598
0.415038
0.799178
0.053597
0.705055
0.595986
0.320267
0.497777
0.055304
0.582909
0.869753
0.61223
0.2053
0.056813
0.428083
0.668336
0.604027
0.445488
0.719285
0.994416
0.952384
0.903835
0.334131
0.080993
0.682029
0.898248
0.576921
0.205477
0.018615
0.607566
0.578976
0.510682
0.950447
0.757538
0.403707
0.397265
0.982701
0.516249
0.497786
0.67605
0.316476
0.368823
0.637383
0.690692
0.522398
0.734892
0.786143
0.908404
0.320208
0.148187
0.178427
0.153162
0.599716
0.180868
0.612169
0.713195
0.675363
0.019398
0.001851
0.756392
0.169172
0.64621
0.540291
0.393647
0.953803
0.614965
0.705346
0.401998
0.845243
0.698317
0.940705
0.117163
0.580627
0.010594
0.905898
0.203963
0.438721
0.382729
0.634242
0.782551
0.77766
0.484723
0.482832
0.530186
0.766367
0.908593
0.444931
0.57013
0.23478
0.537657
0.943816
0.434482
0.596354
0.891603
0.201647
0.166608
0.306611
0.246042
0.510413
0.277189
0.700648
0.269071
0.904925
0.672412
0.633724
0.246168
0.138509
0.638817
0.192187
0.778103
0.528983
0.849037
0.058375
0.271329
0.914538
0.244008
0.784922
0.930672
0.328685
0.875647
0.417005
0.133568
0.394929
0.044876
0.414728
0.133338
0.542717
0.710561
0.863151
0.88549
0.196314
0.589209
0.884168
0.843063
0.44818
0.584466
0.840052
0.767966
0.031827
0.097954
0.607616
0.198278
0.057206
0.482173
0.765063
0.02205
0.98625
0.440201
0.865517
0.815337
0.291692
0.56185
0.005432
0.575688
0.259738
0.634208
0.862887
0.226183
0.635517
0.449627
0.421512
0.743334
0.590568
0.113757
0.079698
0.719518
0.692388
0.495957
0.419395
0.687743
0.386984
0.586925
0.328011
0.041982
0.603291
0.013629
0.134277
0.172757
0.722751
0.847613
0.933203
0.180744
0.312507
0.843534
0.561943
0.16903
0.65827
0.669918
0.49622
0.305
0.440691
0.539317
0.760823
0.511528
0.471964
0.938327
0.838672
0.544178
0.357701
0.601173
0.129435
0.572861
0.456589
0.412835
0.204689
0.903468
0.680292
0.572095
0.364289
0.778633
0.999074
0.493647
0.041456
0.502521
0.113555
0.150511
0.149671
0.099762
0.688644
0.35615
0.25948
0.602531
0.101426
0.047761
0.079451
0.770641
0.515058
0.348646
0.257773
0.850052
0.964544
0.138176
0.170884
0.593571
0.745399
0.341977
0.882926
0.804323
0.370832
0.422905
0.118354
0.836189
0.870088
0.518673
0.268459
0.090905
0.653002
0.636984
0.192911
0.864816
0.283642
0.960982
0.289586
0.802705
0.672413
0.317741
0.01777
0.85394
0.343919
0.568657
0.615955
0.690638
0.988213
0.270208
0.531844
0.627092
0.053406
0.717862
0.054968
0.441907
0.162143
0.169232
0.125897
0.109531
0.428195
0.032003
0.807673
0.541575
0.851472
0.480557
0.966033
0.509649
0.77154
0.635542
0.87065
0.657672
0.261191
0.182673
0.732287
0.923728
0.900236
0.831494
0.642078
0.419941
0.122204
0.130207
0.107522
0.309052
0.601597
0.051704
0.588244
0.542172
0.866029
0.31647
0.728545
0.321693
0.63811
0.806283
0.364112
0.569483
0.988319
0.531789
0.303454
0.515618
0.051988
0.432437
0.654767
0.195545
0.141173
0.931108
0.219353
0.11935
0.554148
0.193206
0.792389
0.631825
0.60056
0.95694
0.149808
0.71105
0.588581
0.254639
0.027464
0.367016
0.379071
0.273368
0.087721
0.274674
0.354317
0.228793
0.500855
0.148813
0.462908
0.595417
0.027582
0.240706
0.705358
0.469939
0.057383
0.643371
0.685701
0.35586
0.845238
0.463791
0.237886
0.059646
0.363785
0.733063
0.349234
0.064318
0.001739
0.735546
0.445505
0.586318
0.858524
0.370828
0.705072
0.567623
0.872079
0.395565
0.972317
0.212435
0.635359
0.545984
0.363882
0.858704
0.862306
0.006488
0.619944
0.680348
0.594952
0.70633
0.277882
0.693252
0.720126
0.626571
0.20374
0.171375
0.806936
0.502226
0.77439
0.305748
0.844811
0.2772
0.467473
0.216095
0.691646
0.396022
0.056158
0.488545
0.636734
0.292712
0.70445
0.875882
0.467581
0.774966
0.91846
0.13554
0.844813
0.374736
0.340657
0.200848
0.979547
0.40691
0.419927
0.618773
0.178922
0.290684
0.330066
0.793582
0.284358
0.031567
0.175066
0.02811
0.761539
0.733311
0.198003
0.371866
0.068043
0.279157
0.359692
0.915258
0.95804
0.378517
0.189029
0.417641
0.965571
0.305063
0.548485
0.357053
0.560803
0.722733
0.781093
0.247442
0.522888
0.083815
0.260121
0.383299
0.056174
0.166645
0.42607
0.339979
0.285612
0.370771
0.519863
0.590669
0.644122
0.76774
0.257062
0.226301
0.054163
0.2911
0.686406
0.107755
0.798355
0.122874
0.366622
0.052667
0.996182
0.016411
0.389128
0.26536
0.116604
0.110982
0.451022
0.654062
0.514157
0.673765
0.272788
0.438598
0.230819
0.655263
0.563466
0.954551
0.660658
0.141574
0.536735
0.493992
0.752076
0.275253
0.429317
0.651029
0.943371
0.585009
0.11344
0.730538
0.022996
0.539291
0.648671
0.961068
0.112413
0.974689
0.3305
0.072378
0.532577
0.07273
0.197717
0.427647
0.418368
0.670095
0.588248
0.500068
0.278334
0.298292
0.866953
0.776668
0.608265
0.355341
0.072275
0.008895
0.062257
0.581247
0.887021
0.817223
0.616101
0.991395
0.329863
0.197747
0.932349
0.728822
0.941215
0.144146
0.850939
0.992867
0.356754
0.089887
0.265717
0.81419
0.563767
0.733163
0.527588
0.757564
0.056057
0.372566
0.182401
0.74319
0.867434
0.108338
0.355467
0.335345
0.269939
0.557277
0.952987
0.831233
0.494289
0.664971
0.838558
0.593492
0.394241
0.478904
0.202868
0.969069
0.962068
0.284708
0.491101
0.852943
0.511761
0.102981
0.176357
0.773942
0.323476
0.322616
0.192412
0.901699
0.454583
0.896935
0.711696
0.360724
0.359523
0.70346
0.850083
0.152572
0.45727
0.80586
0.81705
0.610625
0.653327
0.291934
0.372153
0.78227
0.970674
0.625988
0.084651
0.78783
0.768532
0.357544
0.738709
0.25193
0.884877
0.997569
0.318152
0.118273
0.401682
0.217018
0.053286
0.696974
0.157598
0.888624
0.165582
0.947128
0.664468
0.107313
0.329689
0.62399
0.362902
0.303329
0.71362
0.96109
0.819438
0.871318
0.490194
0.991416
0.324155
0.601115
0.180864
0.583887
0.251963
0.912622
0.816278
0.350676
0.833681
0.313358
0.384478
0.150872
0.984044
0.676027
0.092143
0.150935
0.377858
0.834278
0.985698
0.96915
0.603991
0.27953
0.158966
0.970245
0.005718
0.890691
0.40522
0.552987
0.746576
0.750752
0.637411
0.768311
0.128163
0.587733
0.174923
0.192726
0.256969
0.290152
0.406567
0.002271
0.379464
0.805456
0.143571
0.533998
0.483193
0.48534
0.008862
0.635025
0.304784
0.285217
0.945987
0.746418
0.14369
0.219891
0.774953
0.453853
0.307831
0.266517
0.17352
0.418069
0.16086
0.867906
0.200099
0.055465
0.358214
0.945797
0.627891
0.228154
0.488923
0.059274
0.192243
0.57211
0.512707
0.671561
0.725826
0.673209
0.635666
0.674492
0.879509
0.063059
0.000319
0.542576
0.013523
0.619457
0.30711
0.029393
0.858882
0.146074
0.463166
0.630005
0.310606
0.46588
0.982591
0.162474
0.347633
0.514291
0.240259
0.126635
0.054846
0.153304
0.075635
0.61237
0.147798
0.876336
0.651757
0.319529
0.662508
0.07191
0.478202
0.65563
0.398823
0.098776
0.784079
0.500529
0.128191
0.616131
0.964606
0.529985
0.907767
0.590377
0.971644
0.008189
0.361391
0.82998
0.889232
0.371619
0.511658
0.646818
0.773618
0.900487
0.310058
0.052137
0.725635
0.96259
0.168812
0.653382
0.985839
0.965515
0.307223
0.638678
0.223412
0.769548
0.395885
0.6526
0.248742
0.488857
0.28951
0.58533
0.461632
0.201896
0.897794
0.644207
0.205205
0.284152
0.917543
0.074008
0.189058
0.810065
0.920515
0.710941
0.513491
0.625781
0.663778
0.379424
0.728955
0.862294
0.285303
0.666081
0.66194
0.978049
0.844392
0.944184
0.493092
0.427837
0.289019
0.663073
0.638657
0.990947
0.036518
0.738761
0.227702
0.355328
0.527733
0.179389
0.697998
0.654
0.454056
0.317803
0.170835
0.362863
0.004891
0.752775
0.230447
0.594457
0.001358
0.33875
0.14194
0.303073
0.229539
0.543557
0.17406
0.196771
0.922497
0.859917
0.917368
0.342797
0.129967
0.394614
0.577692
0.28141
0.015849
0.459435
0.589441
0.216639
0.000272
0.874798
0.293642
0.177978
0.094106
0.431889
0.644004
0.510896
0.17216
0.921813
0.039776
0.258391
0.261691
0.476126
0.972752
0.133247
0.196725
0.224726
0.332637
0.07185
0.505654
0.224787
0.316739
0.727293
0.590694
0.197121
0.582942
0.866703
0.799249
0.879168
0.392024
0.212427
0.036902
0.101774
0.172083
0.391512
0.222254
0.858134
0.941719
0.591263
0.126185
0.674359
0.168574
0.62559
0.004842
0.91582
0.112932
0.194716
0.275548
0.780056
0.724218
0.130411
0.39715
0.995587
0.331448
0.403332
0.676963
0.503828
0.542641
0.781953
0.988893
0.153494
0.276805
0.372931
0.410987
0.279034
0.599517
0.049345
0.099514
0.959768
0.329636
0.608453
0.791849
0.613811
0.001153
0.554658
0.222411
0.077043
0.223834
0.255464
0.821876
0.340175
0.671713
0.100154
0.943245
0.24559
0.106577
0.142445
0.582097
0.835285
0.156333
0.476116
0.80754
0.366539
0.683221
0.903107
0.051543
0.990341
0.373483
0.576224
0.892775
0.594913
0.998658
0.61517
0.869828
0.345082
0.233422
0.682235
0.036039
0.480032
0.647773
0.570725
0.454264
0.921012
0.290777
0.277935
0.944078
0.669518
0.94011
0.057869
0.258538
0.165997
0.677332
0.604047
0.958415
0.432022
0.156777
0.308728
0.084232
0.885418
0.717789
0.713678
0.979683
0.372103
0.179494
0.193353
0.464379
0.13649
0.452065
0.335389
0.864228
0.424994
0.303694
0.99934
0.985488
0.224617
0.057009
0.54926
0.098652
0.78016
0.106777
0.577448
0.833735
0.488895
0.218331
0.382242
0.510757
0.084484
0.241585
0.018927
0.395003
0.562294
0.952263
0.742696
0.31746
0.460967
0.585847
0.441239
0.939524
0.670669
0.101516
0.710155
0.785394
0.01376
0.411611
0.405684
0.42667
0.566491
0.542951
0.209403
0.465772
0.845794
0.998911
0.065918
0.090394
0.217343
0.625082
0.693293
0.85037
0.234707
0.798612
0.373185
0.619532
0.47196
0.372164
0.528759
0.852267
0.407248
0.191804
0.613057
0.776081
0.040563
0.371662
0.627899
0.691176
0.971046
0.794931
0.265388
0.10026
0.004965
0.873884
0.44753
0.659471
0.272064
0.797983
0.473284
0.351628
0.727008
0.648376
0.743763
0.066325
0.754651
0.188109
0.215126
0.62257
0.799745
0.467653
0.928285
0.86526
0.545565
0.140236
0.926185
0.178676
0.765933
0.417217
0.261447
0.419992
0.861641
0.466336
0.242783
0.657848
0.450474
0.756701
0.783594
0.100815
0.654526
0.265914
0.673556
0.670073
0.833201
0.790648
0.27382
0.583382
0.625813
0.310616
0.080864
0.329567
0.722499
0.69393
0.830691
0.452016
0.290963
0.771973
0.586211
0.532662
0.713195
0.087633
0.347325
0.605463
0.422408
0.489495
0.333113
0.987536
0.791649
0.95625
0.499764
0.042109
0.00705
0.054376
0.780569
0.595564
0.498228
0.504372
0.811664
0.600264
0.351446
0.108659
0.609018
0.996227
0.351693
0.158969
0.594984
0.549746
0.286749
0.325918
0.97724
0.629519
0.908123
0.331824
0.570913
0.869236
0.148181
0.72732
0.88947
0.7423
0.479023
0.059451
0.203318
0.64445
0.368381
0.868225
0.150637
0.123071
0.818619
0.10918
0.383059
0.759848
0.289385
0.515778
0.92705
0.381822
0.31073
0.677364
0.7226
0.622642
0.794429
0.254265
0.898929
0.701546
0.110101
0.495948
0.743437
0.652673
0.33864
0.096711
0.562356
0.289729
0.554235
0.45403
0.887004
0.659295
0.046913
0.209917
0.985175
0.074645
0.079923
0.433685
0.757785
0.735906
0.492577
0.017426
0.378992
0.943868
0.955385
0.369822
0.036416
0.508056
0.570061
0.991706
0.546786
0.749769
0.874177
0.491484
0.552258
0.779224
0.487858
0.00804
0.364735
0.791334
0.035865
0.915946
0.785213
0.684251
0.20637
0.032046
0.498705
0.663215
0.227671
0.399006
0.313697
0.580968
0.344699
0.499626
0.255364
0.908017
0.366781
0.917815
0.789723
0.005478
0.625287
0.489606
0.801555
0.287645
0.883985
0.703302
0.567641
0.456912
0.869232
0.490675
0.824031
0.582761
0.232766
0.592106
0.699505
0.080069
0.02752
0.028149
0.641685
0.504904
0.023978
0.308482
0.207356
0.549184
0.818549
0.18494
0.885747
0.589411
0.175757
0.413708
0.282467
0.488851
0.097904
0.373376
0.627404
0.669341
0.204621
0.977899
0.1263
0.328736
0.732034
0.981019
0.784447
0.334259
0.98941
0.015831
0.921826
0.74316
0.736998
0.664229
0.592095
0.047354
0.281498
0.860045
0.271579
0.203381
0.990338
0.395987
0.375704
0.775272
0.545901
0.390122
0.65699
0.811818
0.629094
0.874393
0.118805
0.403429
0.276896
0.446448
0.720712
0.429936
0.444861
0.772263
0.047937
0.836292
0.909543
0.697536
0.078689
0.672276
0.699885
0.350514
0.061901
0.598099
0.536693
0.525964
0.054632
0.531906
0.801666
0.329367
0.214498
0.188301
0.561041
0.594725
0.577861
0.088175
0.481684
0.507768
0.167347
0.894185
0.566153
0.877314
0.782017
0.701913
0.159484
0.433244
0.651107
0.49853
0.16454
0.697232
0.262985
0.424227
0.162724
0.404663
0.217624
0.460474
0.96737
0.492457
0.275885
0.712025
0.071156
0.204065
0.947439
0.364805
0.38658
0.342541
0.227419
0.24435
0.498079
0.267919
0.698593
0.823586
0.930175
0.914631
0.451154
0.52456
0.225365
0.924652
0.122412
0.828831
0.012988
0.576934
0.071597
0.170981
0.822222
0.085575
0.165077
0.194958
0.093245
0.233248
0.858003
0.959869
0.464816
0.102934
0.455445
0.91211
0.704375
0.115806
0.431722
0.241614
0.574235
0.140307
0.013839
0.971761
0.791834
0.070132
0.510251
0.654545
0.663278
0.368882
0.095574
0.028457
0.347642
0.256435
0.988568
0.384558
0.573891
0.759529
0.896702
0.568405
0.757583
0.212381
0.610669
0.179527
0.633458
0.170613
0.312051
0.005342
0.52345
0.693727
0.343321
0.578648
0.491499
0.375263
0.805503
0.386229
0.559378
0.41085
0.870394
0.604897
0.706004
0.979121
0.069773
0.901455
0.782258
0.252778
0.967155
0.981952
0.324973
0.430388
0.060246
0.012056
0.852203
0.472332
0.588241
0.089266
0.009171
0.974454
0.052128
0.231873
0.772138
0.051117
0.912258
0.321115
0.281337
0.956812
0.733925
0.511792
0.730841
0.143101
0.292061
0.811099
0.803988
0.267702
0.10127
0.755128
0.681146
0.173606
0.763238
0.694217
0.874946
0.268995
0.298203
0.319647
0.207412
0.843012
0.914032
0.714688
0.941181
0.374388
0.984923
0.108062
0.808379
0.663956
0.77006
0.914665
0.185264
0.004084
0.981602
0.096909
0.625641
0.601277
0.391215
0.68555
0.671465
0.515655
0.562286
0.112801
0.363172
0.753712
0.792834
0.511064
0.474689
0.655003
0.720783
0.753625
0.062705
0.907217
0.284499
0.69084
0.044466
0.839144
0.684286
0.331818
0.196017
0.383075
0.641831
0.644609
0.843118
0.592056
0.031894
0.585528
0.986725
0.80626
0.07707
0.861527
0.980903
0.877416
0.512191
0.234193
0.463286
0.955869
0.30377
0.145869
0.27078
0.706668
0.057581
0.422152
0.142643
0.86403
0.825988
0.130304
0.614361
0.23221
0.011503
0.893591
0.037372
0.907186
0.529817
0.910116
0.487101
0.3172
0.716121
0.296522
0.708123
0.779162
0.858249
0.777567
0.342448
0.619851
0.7
0.53734
0.594777
0.178628
0.498182
0.659511
0.371829
0.056684
0.659035
0.057231
0.977973
0.87044
0.97996
0.061642
0.066374
0.093422
0.63571
0.174218
0.745204
0.493949
0.504011
0.11664
0.890232
0.740132
0.86645
0.397045
0.238635
0.339741
0.025053
0.134253
0.535074
0.267433
0.221927
0.288311
0.480959
0.990448
0.162291
0.653222
0.485738
0.047822
0.330171
0.479866
0.206409
0.511595
0.921799
0.887323
0.240699
0.124409
0.722482
0.606787
0.730805
0.099301
0.783207
0.143931
0.882789
0.748246
0.966822
0.823094
0.807674
0.817309
0.413671
0.985314
0.191515
0.98114
0.067923
0.437875
0.425694
0.337674
0.645685
0.371311
0.940541
0.720299
0.945018
0.172904
0.67407
0.798886
0.550173
0.432724
0.375153
0.062195
0.379204
0.787891
0.843624
0.653515
0.192873
0.239671
0.847068
0.977979
0.349986
0.153275
0.259345
0.120295
0.149663
0.891369
0.302784
0.238745
0.072301
0.254434
0.975613
0.344765
0.721638
0.943853
0.488168
0.304825
0.421098
0.875478
0.462314
0.176187
0.760477
0.186951
0.131233
0.554839
0.269326
0.098867
0.912532
0.932618
0.89147
0.2062
0.753127
0.779985
0.492906
0.397045
0.056522
0.685941
0.457147
0.644121
0.013649
0.422628
0.685629
0.052003
0.083765
0.715453
0.014118
0.869122
0.021362
0.172442
0.706072
0.434827
0.538565
0.882467
0.200722
0.416692
0.670906
0.509731
0.51678
0.105857
0.026457
0.38803
0.685121
0.037222
0.432074
0.857017
0.576889
0.481606
0.747988
0.531415
0.641968
0.295138
0.197638
0.61999
0.848285
0.66491
0.559321
0.471006
0.801226
0.942048
0.427954
0.471187
0.390046
0.502533
0.096156
0.032874
0.651893
0.698696
0.001921
0.746879
0.012317
0.404219
0.256461
0.078131
0.201487
0.965825
0.286793
0.727422
0.962516
0.190449
0.58825
0.644994
0.175773
0.153023
0.691351
0.379691
0.710189
0.915513
0.566579
0.918497
0.396233
0.091118
0.463318
0.597065
0.036471
0.65046
0.854865
0.154825
0.411964
0.760533
0.339813
0.236313
0.282041
0.159445
0.76424
0.361706
0.385094
0.347065
0.856705
0.542497
0.730765
0.203777
0.183313
0.586516
0.989007
0.966324
0.856971
0.023252
0.819324
0.277554
0.370022
0.364147
0.614912
0.327565
0.16543
0.521132
0.572553
0.331582
0.90351
0.785369
0.427668
0.703658
0.098492
0.23135
0.106466
0.169147
0.335425
0.817128
0.653631
0.091194
0.933275
0.811611
0.167814
0.831273
0.321051
0.388611
0.79053
0.027147
0.862385
0.008239
0.625714
0.022398
0.041993
0.076321
0.670021
0.696289
0.81412
0.960446
0.629486
0.816059
0.668111
0.309368
0.746939
0.725561
0.84261
0.15292
0.059473
0.358183
0.237969
0.681124
0.258725
0.857109
0.79943
0.409172
0.41062
0.618913
0.088447
0.02498
0.985424
0.360935
0.948279
0.27928
0.791216
0.497806
0.671249
0.318038
0.250404
0.948624
0.648569
0.866523
0.425388
0.941889
0.818426
0.861652
0.882063
0.686592
0.356272
0.791804
0.762977
0.879757
0.434217
0.037476
0.392289
0.702118
0.573285
0.05915
0.986327
0.803974
0.014845
0.43521
0.017506
0.446956
0.076395
0.62863
0.583925
0.405504
0.308694
0.771687
0.12322
0.425497
0.498238
0.818831
0.137106
0.605678
0.601853
0.690966
0.284895
0.410059
0.504271
0.177545
0.793375
0.701273
0.718599
0.234629
0.799633
0.139113
0.672637
0.470736
0.702216
0.015813
0.449951
0.890051
0.736377
0.511679
0.231463
0.344823
0.773571
0.741784
0.028134
0.162422
0.470532
0.153332
0.388346
0.682634
0.189898
0.196596
0.795205
0.594322
0.061035
0.065217
0.078154
0.5468
0.664778
0.91599
0.070983
0.05258
0.172435
0.880736
0.04985
0.21426
0.604656
0.529976
0.458812
0.652586
0.342086
0.338984
0.80911
0.250517
0.409585
0.095925
0.811319
0.908394
0.280953
0.737725
0.956626
0.833828
0.99482
0.333979
0.777138
0.863006
0.042144
0.899714
0.998002
0.033924
0.33995
0.80858
0.900196
0.513706
0.402391
0.096922
0.887038
0.544785
0.724802
0.822934
0.135671
0.098497
0.240399
0.473774
0.944522
0.142849
0.367106
0.840404
0.487363
0.811573
0.216702
0.949671
0.082988
0.305178
0.757788
0.873957
0.675878
0.159368
0.022473
0.787241
0.033692
0.84453
0.138984
0.833843
0.596188
0.23911
0.511163
0.608398
0.206675
0.62386
0.624255
0.83947
0.839016
0.433526
0.980522
0.20471
0.63041
0.07738
0.570107
0.184497
0.66558
0.109785
0.611404
0.304551
0.214676
0.367909
0.091458
0.650578
0.643211
0.854087
0.304791
0.868807
0.463662
0.417895
0.951397
0.910929
0.130898
0.472141
0.309513
0.275637
0.326662
0.508935
0.290708
0.05628
0.953751
0.5428
0.161177
0.884365
0.192472
0.898233
0.901736
0.86537
0.560968
0.614185
0.785809
0.270125
0.456514
0.901136
0.346054
0.254461
0.082064
0.026895
0.760765
0.927546
0.007756
0.296259
0.387647
0.09021
0.082696
0.79788
0.204032
0.283784
0.178436
0.077055
0.507766
0.950078
0.324202
0.896984
0.417796
0.713555
0.233931
0.078612
0.260492
0.101905
0.005228
0.74748
0.323846
0.815606
0.677931
0.624988
0.641868
0.091304
0.72964
0.553735
0.522739
0.823375
0.609772
0.092805
0.593127
0.037677
0.35993
0.041125
0.68456
0.440847
0.804555
0.960105
0.96236
0.153619
0.644423
0.305302
0.571594
0.339681
0.698042
0.79519
0.034532
0.650133
0.944627
0.123717
0.862906
0.976057
0.894637
0.301202
0.481679
0.1136
0.48686
0.578824
0.937624
0.5789
0.41643
0.044614
0.774427
0.615445
0.53496
0.234687
0.433011
0.901995
0.975267
0.241832
0.607166
0.971569
0.037013
0.900906
0.904248
0.594563
0.815303
0.123002
0.531219
0.773126
0.875022
0.742793
0.010458
0.228541
0.697922
0.659582
0.681015
0.176284
0.372706
0.95063
0.77711
0.250773
0.069447
0.481962
0.199357
0.436569
0.283746
0.125799
0.306699
0.733696
0.43473
0.852253
0.469696
0.447997
0.972678
0.839839
0.306736
0.127706
0.918473
0.517078
0.690422
0.237327
0.780137
0.699299
0.369104
0.481493
0.795045
0.868875
0.070825
0.88796
0.690402
0.86789
0.052464
0.386087
0.389609
0.816613
0.565768
0.113688
0.692893
0.967571
0.609871
0.695576
0.043867
0.971276
0.994636
0.378014
0.677133
0.627977
0.312257
0.980164
0.069555
0.23041
0.351491
0.546987
0.969094
0.765346
0.286546
0.97394
0.332528
0.66855
0.305653
0.921315
0.81115
0.831033
0.993315
0.710708
0.799491
0.363802
0.34482
0.94992
0.547091
0.598521
0.758039
0.740427
0.038389
0.000473
0.277244
0.600244
0.525417
0.683946
0.495179
0.745825
0.698413
0.220008
0.662917
0.156076
0.097543
0.745614
0.296953
0.349501
0.286305
0.773099
0.242612
0.319721
0.535704
0.678267
0.075635
0.091653
0.541292
0.586872
0.03756
0.394552
0.317101
0.136105
0.502634
0.050511
0.687216
0.273876
0.95823
0.975783
0.471947
0.248703
0.370996
0.351134
0.373521
0.678121
0.233863
0.841866
0.14359
0.889831
0.790824
0.890354
0.298076
0.378305
0.815422
0.164707
0.125973
0.172447
0.232962
0.74593
0.058617
0.189032
0.13929
0.182528
0.254032
0.694471
0.358733
0.429722
0.487489
0.721624
0.699436
0.869095
0.826879
0.21081
0.486712
0.028394
0.139355
0.666774
0.344627
0.73323
0.502046
0.643551
0.866919
0.357569
0.20325
0.443684
0.840323
0.973639
0.662209
0.168894
0.47005
0.147286
0.888321
0.440618
0.665454
0.37332
0.525219
0.597319
0.263509
0.193622
0.293436
0.740766
0.501611
0.296649
0.138985
0.592442
0.081276
0.71115
0.067312
0.772806
0.899264
0.695112
0.877846
0.76247
0.786539
0.96916
0.466605
0.909785
0.019328
0.093201
0.106845
0.121907
0.678098
0.016118
0.066923
0.356393
0.792831
0.696007
0.634843
0.482399
0.624913
0.445699
0.54064
0.391488
0.529808
0.578448
0.291068
0.918304
0.484916
0.697456
0.32608
0.586346
0.885218
0.195139
0.82383
0.563538
0.031794
0.496408
0.473558
0.626256
0.049304
0.783171
0.559287
0.431262
0.022682
0.240501
0.144098
0.391632
0.743588
0.794865
0.147604
0.449995
0.84489
0.381537
0.998132
0.284902
0.392962
0.694128
0.852835
0.220342
0.807069
0.765899
0.083028
0.239826
0.335553
0.156833
0.148333
0.292424
0.120772
0.153691
0.787921
0.530044
0.465453
0.993506
0.716197
0.966676
0.875058
0.500797
0.87733
0.49428
0.442276
0.212747
0.643069
0.047976
0.316447
0.293142
0.121752
0.503758
0.804309
0.442152
0.15838
0.099028
0.875753
0.539542
0.599829
0.211515
0.452808
0.395215
0.327225
0.32351
0.183185
0.216693
0.063637
0.374267
0.435797
0.292348
0.080088
0.000672
0.484278
0.191859
0.138093
0.560438
0.562794
0.682815
0.972218
0.79486
0.008105
0.828601
0.364432
0.562983
0.882649
0.201085
0.142342
0.804475
0.991676
0.470055
0.135095
0.269866
0.49711
0.834729
0.822632
0.973995
0.585207
0.903956
0.483329
0.876487
0.201898
0.651655
0.382884
0.538122
0.892576
0.190659
0.236461
0.983015
0.8124
0.323013
0.927907
0.709536
0.855194
0.865475
0.366896
0.760235
0.081226
0.125847
0.436257
0.592228
0.979472
0.114642
0.877744
0.334133
0.745563
0.857423
0.484859
0.551378
0.257302
0.601915
0.290383
0.123775
0.262381
0.891017
0.66696
0.150833
0.286567
0.634573
0.780371
0.978178
0.321175
0.340331
0.036571
0.336429
0.831891
0.700119
0.90395
0.801931
0.456003
0.940212
0.165638
0.621575
0.123635
0.37198
0.383488
0.589107
0.554243
0.656893
0.15647
0.733272
0.257307
0.988375
0.254139
0.141134
0.895886
0.975744
0.919238
0.103349
0.858633
0.812677
0.607339
0.919826
0.73763
0.192899
0.800304
0.061621
0.089309
0.51075
0.360192
0.058363
0.174205
0.295766
0.620167
0.905026
0.908455
0.443262
0.501705
0.500253
0.137051
0.726739
0.0703
0.918771
0.989203
0.160335
0.195343
0.89329
0.554181
0.066911
0.915872
0.42933
0.591252
0.9149
0.749767
0.902262
0.33401
0.64811
0.990475
0.778351
0.828026
0.157355
0.807583
0.893339
0.399191
0.563865
0.483015
0.550667
0.748876
0.028358
0.422845
0.652793
0.380914
0.496035
0.129375
0.267815
0.586793
0.850175
0.835167
0.570548
0.334098
0.794944
0.581045
0.966072
0.997673
0.611698
0.624309
0.715032
0.858218
0.303805
0.402431
0.419183
0.724316
0.25003
0.992283
0.324491
0.808559
0.753491
0.002473
0.557147
0.659835
0.755024
0.524191
0.719479
0.190275
0.435961
0.017117
0.461142
0.411214
0.056623
0.365083
0.629769
0.031756
0.338875
0.944046
0.567232
0.133723
0.392582
0.535809
0.016817
0.928145
0.638293
0.450091
0.593728
0.860427
0.718826
0.337284
0.671786
0.332057
0.818371
0.182818
0.460371
0.298564
0.178611
0.241282
0.915938
0.077899
0.023658
0.958464
0.942951
0.951827
0.341312
0.829961
0.528605
0.660368
0.165186
0.868251
0.425949
0.260055
0.438295
0.7776
0.539101
0.356533
0.709329
0.887711
0.21671
0.938901
0.905853
0.013435
0.899344
0.661796
0.6563
0.449203
0.139933
0.347052
0.019826
0.588484
0.391527
0.54912
0.774313
0.591666
0.995897
0.512524
0.569968
0.66254
0.783869
0.551867
0.507873
0.505307
0.669587
0.098582
0.887947
0.256243
0.999152
0.671707
0.533915
0.114596
0.398604
0.038293
0.975089
0.300069
0.699751
0.700454
0.977929
0.854154
0.103362
0.147303
0.006719
0.971305
0.445519
0.157206
0.644345
0.665512
0.823989
0.438655
0.760977
0.475397
0.069524
0.287214
0.290118
0.058196
0.951674
0.460721
0.388932
0.833911
0.966925
0.806
0.562975
0.119691
0.472365
0.349416
0.498265
0.888835
0.44355
0.68929
0.41914
0.501864
0.466531
0.101133
0.093325
0.670237
0.42092
0.445987
0.398061
0.249662
0.166302
0.325915
0.901536
0.686242
0.350596
0.565607
0.69257
0.589726
0.850054
0.286702
0.53885
0.971171
0.740895
0.885314
0.681748
0.364786
0.308073
0.126392
0.423748
0.439036
0.001532
0.321284
0.326224
0.35275
0.798732
0.03347
0.3158
0.464279
0.938436
0.237186
0.943572
0.800104
0.401125
0.142154
0.928961
0.998293
0.298013
0.450342
0.36978
0.042802
0.071914
0.911624
0.15361
0.88177
0.799129
0.18166
0.693982
0.582236
0.148657
0.716585
0.067256
0.023942
0.366441
0.812406
0.424932
0.46531
0.64306
0.104274
0.044898
0.27113
0.992536
0.386953
0.399182
0.353935
0.399103
0.17161
0.43617
0.834871
0.313487
0.228428
0.387548
0.843963
0.237227
0.542727
0.515406
0.180078
0.163106
0.615191
0.048465
0.69984
0.153951
0.993962
0.192013
0.777514
0.293101
0.885511
0.773825
0.596806
0.138942
0.447042
0.206238
0.559257
0.785201
0.681277
0.661284
0.57988
0.767357
0.434599
0.225975
0.115575
0.51636
0.302021
0.768647
0.39324
0.439957
0.900265
0.571176
0.366184
0.042825
0.591158
0.046456
0.637154
0.316083
0.546659
0.306816
0.093694
0.767717
0.090775
0.455414
0.629232
0.699314
0.27902
0.334751
0.050341
0.965671
0.472201
0.890421
0.770342
0.370668
0.443565
0.306928
0.063221
0.522863
0.252228
0.18966
0.681045
0.96564
0.308611
0.657953
0.402557
0.675587
0.177406
0.988743
0.912578
0.01067
0.791315
0.657661
0.299236
0.779746
0.672083
0.070024
0.814501
0.24989
0.270052
0.383134
0.246933
0.427756
0.17555
0.697969
0.22687
0.576697
0.007473
0.50695
0.688919
0.629022
0.449453
0.044431
0.596596
0.883891
0.785624
0.202711
0.737175
0.373847
0.909654
0.106137
0.272544
0.969111
0.748144
0.680876
0.724783
0.673865
0.198579
0.717275
0.118835
0.800605
0.462746
0.172806
0.867203
0.418734
0.737946
0.934235
0.548208
0.632559
0.180523
0.964489
0.763689
0.772532
0.915522
0.560299
0.097966
0.131241
0.017716
0.243784
0.186813
0.436978
0.895043
0.179986
0.599493
0.350942
0.089484
0.148153
0.022981
0.802544
0.790099
0.690033
0.86699
0.648569
0.189924
0.659818
0.200232
0.042089
0.427393
0.283743
0.135986
0.085537
0.37695
0.057817
0.030699
0.77544
0.760781
0.465762
0.540491
0.360919
0.221251
0.599299
0.233776
0.376598
0.999236
0.552585
0.009178
0.682869
0.694503
0.684495
0.313887
0.31766
0.364557
0.19438
0.06345
0.218046
0.981476
0.11063
0.361335
0.125814
0.600675
0.08556
0.998459
0.32882
0.185769
0.176984
0.954076
0.659845
0.863793
0.772107
0.011735
0.861121
0.519458
0.38733
0.273243
0.984517
0.660138
0.078778
0.764766
0.843099
0.740426
0.783149
0.327738
0.780894
0.001608
0.553372
0.907554
0.571186
0.931201
0.017214
0.39719
0.718542
0.646319
0.548875
0.804127
0.926686
0.028675
0.088924
0.690982
0.585862
0.250129
0.510318
0.720008
0.206789
0.613326
0.18424
0.610572
0.815757
0.434381
0.539338
0.846768
0.43128
0.912946
0.933864
0.397644
0.686566
0.394772
0.600094
0.607
0.006357
0.818414
0.317478
0.838306
0.660227
0.571054
0.195066
0.327429
0.881754
0.601645
0.975105
0.222861
0.958076
0.564302
0.927252
0.837325
0.893313
0.083897
0.553729
0.482869
0.580303
0.780566
0.428034
0.358433
0.266904
0.564962
0.353828
0.118272
0.22041
0.488709
0.22201
0.658479
0.387897
0.53648
0.622462
0.112923
0.697951
0.561691
0.160548
0.500018
0.835705
0.843132
0.351148
0.846372
0.654492
0.422103
0.758142
0.641973
0.643763
0.628107
0.802469
0.343528
0.228311
0.351149
0.988315
0.309375
0.572032
0.524511
0.068102
0.335837
0.577203
0.462695
0.469323
0.688626
0.608888
0.64448
0.470005
0.836405
0.019157
0.008276
0.399634
0.86205
0.668702
0.186762
0.371291
0.334072
0.860046
0.008632
0.386377
0.807879
0.617571
0.380861
0.614976
0.027881
0.365144
0.712175
0.679221
0.69411
0.997027
0.342358
0.975961
0.801777
0.108822
0.807026
0.515192
0.044931
0.023863
0.331362
0.244195
0.668115
0.238674
0.167131
0.860378
0.20225
0.085782
0.367377
0.861163
0.756377
0.292501
0.655369
0.597013
0.536363
0.711403
0.451738
0.748361
0.476647
0.039169
0.072443
0.72644
0.518407
0.981526
0.762171
0.692783
0.30439
0.955244
0.852924
0.061175
0.037293
0.152666
0.245741
0.122105
0.892442
0.823117
0.789313
0.869704
0.099213
0.767981
0.994406
0.951208
0.967749
0.375543
0.721838
0.747032
0.325772
0.767511
0.576577
0.727654
0.22291
0.248818
0.300748
0.128255
0.100072
0.584278
0.767096
0.935569
0.109144
0.277986
0.164462
0.757219
0.239673
0.287693
0.868081
0.233063
0.898143
0.196083
0.737583
0.91143
0.108645
0.196007
0.650881
0.572684
0.079245
0.146915
0.007687
0.731073
0.344401
0.278009
0.622452
0.139218
0.887506
0.88186
0.115285
0.383245
0.647653
0.327582
0.480765
0.952654
0.599609
0.413786
0.884353
0.140022
0.616553
0.435666
0.576707
0.465537
0.465185
0.195457
0.005351
0.101135
0.491406
0.960309
0.229345
0.982693
0.663789
0.478747
0.812991
0.083462
0.994136
0.059823
0.579433
0.512544
0.873291
0.050355
0.070755
0.271635
0.467915
0.965685
0.082756
0.170061
0.763082
0.623065
0.00568
0.292443
0.590941
0.066035
0.780584
0.96072
0.001068
0.165967
0.719948
0.122407
0.352888
0.656566
0.887046
0.739392
0.722132
0.498043
0.035932
0.998966
0.826166
0.281264
0.550446
0.008063
0.603828
0.946062
0.274662
0.949267
0.093836
0.857446
0.091469
0.233713
0.90234
0.800138
0.31852
0.587682
0.658015
0.519544
0.49234
0.184519
0.494155
0.449034
0.921682
0.287111
0.684258
0.555271
0.311156
0.500068
0.200758
0.609814
0.664469
0.791042
0.510902
0.210054
0.228556
0.413073
0.044435
0.230539
0.414021
0.605802
0.432387
0.902936
0.424936
0.600798
0.036142
0.194574
0.011835
0.822116
0.37315
0.93502
0.673206
0.329737
0.279991
0.448007
0.389295
0.317179
0.674892
0.345305
0.623287
0.798267
0.285816
0.20172
0.512901
0.033634
0.204311
0.744364
0.059033
0.512593
0.573586
0.165132
0.692517
0.171456
0.925462
0.38944
0.941436
0.212574
0.878915
0.743504
0.03678
0.649363
0.824249
0.313213
0.570019
0.32289
0.691626
0.213398
0.554126
0.111971
0.857262
0.031597
0.299136
0.240903
0.655257
0.978031
0.726877
0.742169
0.306666
0.371002
0.192583
0.44828
0.433508
0.787133
0.663226
0.059684
0.307952
0.240925
0.931346
0.066633
0.878726
0.752162
0.560784
0.171443
0.959516
0.993277
0.264226
0.333525
0.681732
0.533451
0.371092
0.215191
0.182587
0.967186
0.423503
0.542083
0.673552
0.984787
0.987987
0.484247
0.927876
0.526215
0.318513
0.751141
0.776401
0.868951
0.44589
0.751074
0.163263
0.183806
0.330214
0.86706
0.468176
0.708319
0.060856
0.567126
0.992285
0.970598
0.834865
0.454084
0.73764
0.972065
0.410847
0.773408
0.324874
0.061596
0.319595
0.157115
0.124759
0.7965
0.220872
0.350992
0.190472
0.502621
0.790017
0.574463
0.18196
0.50242
0.734514
0.360089
0.421305
0.087424
0.806972
0.510301
0.279579
0.447506
0.733814
0.772295
0.491104
0.285728
0.79563
0.284017
0.51251
0.457091
0.848627
0.963426
0.949348
0.399803
0.023429
0.812946
0.878735
0.387845
0.83637
0.672667
0.547121
0.09297
0.429348
0.996871
0.631724
0.884292
0.894122
0.470665
0.281801
0.619507
0.239629
0.227349
0.554401
0.420173
0.547239
0.260885
0.35822
0.321543
0.83819
0.75581
0.425952
0.780488
0.684977
0.187081
0.103414
0.9637
0.71421
0.437587
0.643082
0.415291
0.409203
0.229456
0.767453
0.070538
0.025209
0.024939
0.59552
0.253067
0.875208
0.263542
0.916529
0.499034
0.327654
0.010943
0.595539
0.415675
0.651557
0.525745
0.54055
0.211547
0.055979
0.075116
0.440963
0.867181
0.692882
0.450542
0.45865
0.978696
0.327833
0.618516
0.478834
0.560884
0.766947
0.698336
0.862627
0.999218
0.30899
0.447347
0.698059
0.784607
0.178438
0.451086
0.043323
0.843655
0.405687
0.218398
0.320927
0.679451
0.848783
0.887012
0.968217
0.133315
0.248031
0.925693
0.80282
0.813957
0.586792
0.038436
0.623584
0.304029
0.890169
0.414766
0.294568
0.191168
0.286135
0.020988
0.434305
0.407279
0.503678
0.594807
0.820773
0.049507
0.089194
0.485239
0.853192
0.020367
0.556696
0.872644
0.032887
0.751161
0.217727
0.934916
0.424265
0.169302
0.460445
0.871736
0.223294
0.800307
0.062468
0.927524
0.332344
0.517373
0.354421
0.223439
0.34414
0.009995
0.283077
0.9874
0.305175
0.617217
0.638806
0.922432
0.677822
0.467363
0.966996
0.206054
0.996131
0.857339
0.61761
0.968572
0.497058
0.076495
0.528479
0.199205
0.455198
0.938408
0.545332
0.608327
0.471109
0.376407
0.531695
0.5582
0.652962
0.757084
0.69087
0.149457
0.050921
0.200115
0.807733
0.719043
0.416327
0.795782
0.152546
0.424297
0.675676
0.743335
0.078653
0.826663
0.628721
0.88645
0.20815
0.611203
0.110896
0.238555
0.74832
0.269763
0.033002
0.95862
0.671898
0.189314
0.809937
0.023662
0.599246
0.683454
0.539151
0.75602
0.86423
0.522307
0.524962
0.350384
0.478802
0.879457
0.968545
0.885102
0.425143
0.815452
0.924976
0.180436
0.089558
0.695885
0.001653
0.142478
0.44452
0.305827
0.932359
0.658492
0.461738
0.088697
0.167675
0.503565
0.809683
0.531978
0.691856
0.384606
0.260597
0.351807
0.740219
0.1238
0.615117
0.922351
0.191408
0.465529
0.905889
0.505033
0.514435
0.246803
0.306458
0.07577
0.698561
0.359943
0.767849
0.124216
0.03035
0.359282
0.030862
0.472682
0.228129
0.546559
0.346632
0.250551
0.398779
0.931344
0.318039
0.917312
0.22411
0.393361
0.959534
0.961721
0.655375
0.752024
0.061262
0.594591
0.556763
0.114732
0.133649
0.639966
0.358245
0.122406
0.82458
0.412656
0.929168
0.632133
0.028288
0.192469
0.975811
0.923372
0.781349
0.418596
0.795916
0.582227
0.51493
0.702789
0.933644
0.137994
0.10172
0.318784
0.275023
0.60116
0.684386
0.224765
0.270983
0.617941
0.114095
0.706153
0.250913
0.493573
0.093362
0.978415
0.669268
0.672949
0.223384
0.424903
0.982873
0.71853
0.570371
0.263782
0.773943
0.94951
0.396417
0.278355
0.517888
0.422615
0.259378
0.216879
0.529725
0.188544
0.371551
0.593487
0.923148
0.458725
0.070083
0.38163
0.82443
0.793618
0.050936
0.299825
0.863896
0.412925
0.857425
0.252866
0.083055
0.500555
0.259745
0.274991
0.635254
0.894032
0.12792
0.626426
0.987381
0.739125
0.996715
0.992559
0.789994
0.365644
0.81258
0.477122
0.814948
0.66865
0.93131
0.030115
0.46289
0.590251
0.160984
0.855216
0.920042
0.138874
0.486478
0.740392
0.173961
0.056329
0.540034
0.782881
0.260472
0.017174
0.698439
0.623099
0.119951
0.063239
0.831646
0.334797
0.709424
0.824971
0.019531
0.911688
0.401129
0.266841
0.926729
0.97983
0.1474
0.017648
0.685469
0.40261
0.931475
0.362276
0.124244
0.17203
0.408291
0.615341
0.725353
0.47357
0.349078
0.951324
0.662166
0.169521
0.989577
0.969938