256 4
0
31
68
126
164
1
78
81
153
173
2
34
160
162
239
3
144
164
194
250
4
31
51
123
194
5
21
31
90
146
6
53
96
199
244
7
148
187
191
222
8
76
79
130
197
9
52
165
180
181
10
32
87
201
251
11
43
80
97
237
12
119
120
132
151
8
13
232
233
238
14
66
133
222
234
15
68
151
163
186
16
30
74
125
254
17
78
154
239
253
2
7
18
127
226
19
23
102
167
198
20
48
129
209
248
6
21
86
189
213
1
21
22
156
204
23
25
26
175
243
24
31
78
213
225
15
25
26
48
146
26
38
55
85
165
27
50
144
180
234
28
61
139
160
229
9
18
29
64
65
30
39
69
176
247
27
31
65
145
175
8
32
82
129
250
33
41
108
144
203
10
34
123
223
229
35
42
157
164
172
8
36
109
112
194
37
108
156
242
254
38
75
139
183
214
39
141
149
210
249
40
103
168
170
195
12
33
41
43
174
2
18
42
71
150
21
43
49
203
206
44
57
92
153
251
2
18
45
112
250
46
68
81
142
154
47
102
153
173
185
48
97
125
198
219
49
50
146
246
255
0
50
89
91
171
37
51
142
158
206
13
21
52
168
240
53
158
181
203
224
9
11
54
56
176
55
70
147
200
242
56
71
128
134
210
57
75
102
214
239
3
23
58
63
85
35
37
59
61
226
60
69
83
96
133
48
61
105
127
242
62
136
195
212
230
50
61
63
193
224
64
76
124
156
235
30
65
129
146
221
66
141
151
174
181
67
91
113
148
196
61
68
135
140
154
69
112
210
211
223
70
78
221
236
246
2
65
70
71
122
72
92
117
188
222
10
73
81
89
190
38
74
102
165
187
47
75
125
164
171
58
76
126
148
149
77
81
226
233
243
28
78
160
201
237
2
5
28
61
79
58
80
107
129
151
48
65
81
149
238
82
118
141
205
253
83
157
198
206
220
3
84
96
229
241
28
30
61
85
98
55
86
137
202
221
87
93
141
209
222
63
76
88
135
245
57
60
89
149
161
90
122
187
222
254
89
91
94
129
182
2
3
51
92
251
67
93
132
141
207
3
72
94
234
244
38
75
95
151
227
48
54
85
96
138
28
70
92
97
137
98
101
102
170
202
10
99
168
180
184
12
36
100
126
239
1
8
75
101
219
96
102
103
123
199
86
102
103
157
238
104
152
198
215
252
97
105
134
176
214
106
111
124
125
232
18
48
59
64
107
57
108
131
144
181
109
181
203
207
215
5
108
110
141
183
41
111
212
231
235
39
112
122
126
182
1
113
121
188
240
74
103
114
123
193
44
81
114
115
183
56
64
116
152
198
24
66
108
117
254
35
51
86
118
140
13
54
112
119
157
14
57
120
243
248
4
115
121
182
200
108
122
132
150
246
4
123
180
211
212
34
124
153
175
253
83
125
153
193
240
6
77
126
179
194
29
45
127
165
171
43
79
128
208
224
3
50
88
129
177
22
83
130
212
213
65
99
131
143
184
103
132
140
145
156
2
23
62
133
197
63
99
134
146
181
24
123
135
149
174
39
117
136
188
194
13
107
137
139
141
0
70
138
212
216
74
139
157
195
244
12
92
140
157
180
111
141
142
157
244
46
142
219
222
223
11
78
88
103
143
26
144
198
220
233
22
108
125
145
195
4
37
139
146
236
47
61
113
147
163
22
113
130
148
226
52
79
101
149
230
61
127
140
150
200
45
151
186
199
203
76
77
92
152
158
36
89
131
153
237
15
79
91
154
213
67
125
153
155
219
25
37
153
156
229
53
93
123
150
157
41
138
158
219
247
72
111
143
159
193
75
97
138
160
168
19
37
68
161
175
9
84
110
153
162
6
22
163
215
227
70
162
164
169
208
1
9
132
165
232
67
95
166
219
254
25
146
157
167
210
37
92
134
168
242
17
162
165
169
250
4
11
29
31
170
58
149
153
171
253
23
136
172
236
240
5
34
109
173
204
78
84
174
187
245
144
171
175
196
227
154
159
176
191
220
14
64
94
95
177
113
151
178
187
214
2
47
179
204
229
9
100
180
182
197
15
74
93
181
190
34
128
182
220
242
69
87
183
193
223
54
184
215
232
248
54
95
185
199
211
38
44
112
168
186
9
152
155
187
226
1
186
188
250
255
7
114
189
214
234
83
98
169
190
225
89
137
149
191
232
22
68
165
192
249
17
123
125
193
202
7
52
194
210
248
33
78
98
166
195
85
89
163
177
196
4
29
93
174
197
113
127
134
147
198
21
37
129
199
242
64
131
141
178
200
21
24
32
114
201
113
118
202
240
248
80
203
209
223
249
24
42
108
204
215
8
58
175
183
205
62
132
197
206
209
98
185
202
207
240
56
75
125
148
208
111
145
154
188
209
23
30
41
210
247
19
42
99
211
245
45
63
135
211
212
93
147
198
213
253
6
44
70
214
244
73
124
125
172
215
124
161
203
216
230
93
133
167
217
248
175
195
197
218
220
73
119
164
213
219
145
220
222
235
248
48
54
101
201
221
84
184
222
229
243
103
215
219
223
234
117
122
140
159
224
48
209
222
225
238
89
113
205
209
226
32
85
98
221
227
13
24
60
228
245
14
30
83
149
229
80
96
123
215
230
7
61
184
202
231
168
204
216
232
255
23
25
128
208
233
16
198
228
230
234
0
5
55
176
235
58
81
132
144
236
10
119
224
237
239
122
220
231
235
238
26
33
131
229
239
35
80
128
141
240
7
25
151
227
241
23
79
118
205
242
9
14
83
204
243
27
63
89
222
244
6
7
43
112
245
20
46
194
198
246
11
93
107
126
247
18
110
126
183
248
5
95
101
102
249
60
141
162
219
250
102
175
243
251
253
12
20
128
180
252
59
68
125
128
253
44
69
99
136
254
65
113
225
241
255
0.134109
0.96301
0.10945
0.998223
0.463796
0.98831
0.913087
0.188131
0.543766
0.99542
0.729924
0.867406
0.577189
0.964893
0.82624
0.016244
0.112784
0.494421
0.351603
0.075011
0.355408
0.01161
0.54039
0.70218
0.985139
0.218651
0.858864
0.66035
0.600586
0.955535
0.924009
0.409029
0.320759
0.835344
0.387263
0.931475
0.468864
0.024288
0.287639
0.146478
0.656129
0.805999
0.696219
0.433846
0.12506
0.970881
0.440628
0.376237
0.282494
0.683438
0.344168
0.287576
0.208452
0.562307
0.028413
0.500076
0.81136
0.454926
0.047957
0.702205
0.934126
0.714121
0.128542
0.222618
0.789943
0.398331
0.707186
0.890066
0.427583
0.563528
0.069267
0.353563
0.822132
0.408499
0.871179
0.063037
0.871217
0.635797
0.288674
0.075149
0.305561
0.619349
0.902558
0.949747
0.405967
0.030895
0.408461
0.589389
0.664863
0.878287
0.293174
0.111574
0.352103
0.226766
0.712967
0.410448
0.992235
0.608548
0.076983
0.830775
0.974367
0.841734
0.70097
0.930267
0.942683
0.197618
0.224096
0.947528
0.566927
0.338829
0.387772
0.920985
0.689385
0.318335
0.63183
0.200912
0.694834
0.334603
0.613259
0.955707
0.534091
0.056288
0.406987
0.653405
0.656196
0.752665
0.639434
0.153141
0.068274
0.203908
0.839237
0.736583
0.912371
0.622729
0.854456
0.591931
0.696771
0.191297
0.30211
0.993829
0.473453
0.807532
0.614345
0.621771
0.027824
0.361938
0.037479
0.986865
0.303432
0.332454
0.236207
0.84553
0.077887
0.785223
0.772424
0.843451
0.097577
0.091645
0.287145
0.701783
0.840786
0.559062
0.096495
0.712735
0.898629
0.399707
0.352242
0.140685
0.636916
0.659429
0.529296
0.759639
0.530135
0.024838
0.045879
0.631418
0.907581
0.793203
0.387689
0.301551
0.823085
0.159958
0.12577
0.249575
0.017495
0.84903
0.973844
0.174367
0.661213
0.232077
0.766659
0.828424
0.530024
0.472426
0.101814
0.81447
0.279623
0.393718
0.632778
0.217956
0.053814
0.119368
0.528296
0.407435
0.386835
0.551006
0.378966
0.291154
0.515656
0.903081
0.326753
0.645469
0.09329
0.236896
0.673653
0.872076
0.551387
0.47514
0.636588
0.059895
0.95103
0.141098
0.048503
0.363958
0.953528
0.539978
0.622546
0.031498
0.55806
0.479141
0.941331
0.884031
0.090594
0.255403
0.40347
0.580476
0.980986
0.559877
0.566636
0.381399
0.134217
0.701162
0.339573
0.935848
0.676764
0.266527
0.718243
0.374903
0.298556
0.71798
0.444695
0.699328
0.710868
0.565414
0.673033
0.398687
0.676518
0.846664
0.533626
0.368774
0.323179
0.389561
0.137571
0.478094
0.194581
0.280431
0.400406
0.119444
0.05308
0.777583
0.137267
0.808471
0.061236
0.473378
0.63105
0.871634
0.654312
0.796592
0.225991
0.451858
0.764352
0.591233
0.013634
0.298167
0.371151
0.87687
0.049934
0.623892
0.330463
0.107393
0.066768
0.894965
0.172143
0.828648
0.804005
0.271465
0.820482
0.411903
0.107179
0.086145
0.375726
0.355536
0.077159
0.782171
0.385675
0.96205
0.388885
0.272373
0.767829
0.024574
0.214862
0.059917
0.599181
0.830186
0.913421
0.659024
0.92278
0.242391
0.948094
0.937611
0.471654
0.402919
0.098271
0.579813
0.672575
0.824603
0.380783
0.927468
0.019597
0.036543
0.401307
0.995336
0.380555
0.340847
0.055417
0.577832
0.221482
0.399309
0.445071
0.298841
0.870304
0.856771
0.630167
0.390351
0.644285
0.156961
0.801049
0.465999
0.602734
0.10881
0.149667
0.732593
0.760442
0.488309
0.488374
0.567288
0.319723
0.961617
0.243715
0.863108
0.697812
0.810891
0.554276
0.13497
0.141449
0.770671
0.406136
0.179824
0.923267
0.902124
0.040857
0.4663
0.245466
0.107048
0.48561
0.049407
0.887541
0.287781
0.14733
0.151509
0.592336
0.899822
0.573742
0.570756
0.604602
0.555155
0.310562
0.303422
0.870826
0.051321
0.673318
0.201868
0.146445
0.893861
0.500333
0.697153
0.163573
0.184687
0.598802
0.587109
0.379973
0.367563
0.999762
0.345815
0.335881
0.043579
0.144179
0.468788
0.128159
0.681547
0.372573
0.831352
0.092485
0.660868
0.84189
0.613572
0.076005
0.101227
0.036948
0.333943
0.804717
0.67866
0.980998
0.626347
0.067516
0.075509
0.882146
0.931408
0.316296
0.02836
0.63923
0.298194
0.058256
0.459183
0.441803
0.845656
0.66371
0.217947
0.584861
0.312126
0.171618
0.820979
0.255194
0.29281
0.349921
0.199535
0.09476
0.338171
0.958739
0.50518
0.90304
0.280235
0.35732
0.243298
0.881784
0.426211
0.65806
0.204372
0.735317
0.804491
0.006881
0.402061
0.462384
0.187054
0.507831
0.830047
0.945685
0.361792
0.827071
0.062171
0.873342
0.773824
0.003049
0.888849
0.008709
0.249187
0.341808
0.196537
0.038674
0.521937
0.21621
0.968066
0.839854
0.473023
0.04865
0.964018
0.527184
0.696936
0.21149
0.167213
0.216946
0.398035
0.830343
0.002282
0.048237
0.743793
0.923248
0.856934
0.95349
0.94752
0.845707
0.934071
0.218333
0.326012
0.577093
0.378566
0.11154
0.154458
0.932061
0.260342
0.775446
0.021821
0.832867
0.231614
0.054593
0.736492
0.694568
0.619298
0.516813
0.08467
0.250251
0.873548
0.656876
0.502036
0.647192
0.45357
0.348888
0.169077
0.913219
0.447273
0.721422
0.791025
0.658669
0.607784
0.761957
0.983336
0.82566
0.58734
0.968178
0.129493
0.300069
0.008304
0.35211
0.456622
0.173466
0.546919
0.025859
0.630165
0.845363
0.040893
0.429996
0.719275
0.743111
0.68962
0.571162
0.838157
0.943612
0.719563
0.172366
0.497176
0.57438
0.41328
0.14689
0.780611
0.186314
0.908964
0.704016
0.689028
0.718128
0.810576
0.54552
0.943904
0.319867
0.974256
0.797483
0.387316
0.650526
0.138907
0.95755
0.686849
0.960744
0.171849
0.456843
0.586858
0.600696
0.706743
0.433898
0.581012
0.247985
0.300575
0.258442
0.52295
0.810804
0.59764
0.84672
0.044838
0.80545
0.000632
0.998136
0.171616
0.585434
0.767223
0.373673
0.817017
0.428662
0.938148
0.425586
0.519181
0.879261
0.831498
0.87128
0.94886
0.537379
0.172668
0.47308
0.98163
0.546434
0.628863
0.208389
0.206411
0.176601
0.206276
0.720408
0.449003
0.368001
0.046097
0.381193
0.761964
0.850768
0.727771
0.541427
0.112423
0.579778
0.342066
0.200989
0.640829
0.040116
0.343234
0.872565
0.137784
0.755965
0.1191
0.378061
0.856165
0.797486
0.121434
0.930431
0.792332
0.646757
0.897256
0.220958
0.615121
0.883794
0.793879
0.448095
0.165632
0.045396
0.210313
0.640558
0.679667
0.768243
0.221715
0.74025
0.331262
0.862124
0.657192
0.189527
0.84521
0.500303
0.847416
0.05436
0.661407
0.437703
0.892537
0.777147
0.175908
0.717058
0.190614
0.264926
0.453808
0.209154
0.867899
0.741309
0.127306
0.385948
0.611433
0.453412
0.462635
0.897295
0.324429
0.819931
0.27139
0.90274
0.093086
0.941907
0.146275
0.212962
0.540847
0.510244
0.043224
0.593979
0.047074
0.972899
0.92603
0.579944
0.938182
0.759943
0.03362
0.01395
0.090738
0.880568
0.164292
0.654641
0.983593
0.168255
0.479431
0.638795
0.526314
0.019394
0.140636
0.007254
0.929588
0.14284
0.796432
0.665917
0.001667
0.956545
0.820979
0.604513
0.27148
0.846076
0.433683
0.090336
0.893301
0.156287
0.567367
0.467034
0.407925
0.429934
0.546802
0.993264
0.658681
0.199928
0.3065
0.481046
0.53588
0.584753
0.642221
0.539596
0.013292
0.626734
0.741592
0.478853
0.725831
0.871494
0.857763
0.565922
0.988455
0.386504
0.736002
0.289721
0.552649
0.379725
0.099507
0.223249
0.783869
0.429611
0.651975
0.395082
0.72168
0.265556
0.181392
0.957989
0.247536
0.380714
0.991238
0.966812
0.832575
0.629222
0.658591
0.144272
0.722239
0.259779
0.032354
0.527915
0.566191
0.672275
0.375871
0.144572
0.273859
0.233164
0.558155
0.131802
0.455525
0.690503
0.580507
0.84073
0.642418
0.988801
0.12061
0.796495
0.937651
0.850481
0.120857
0.547038
0.238958
0.769513
0.545951
0.199402
0.946475
0.207583
0.194905
0.121586
0.213539
0.932808
0.403412
0.363008
0.61613
0.977822
0.993038
0.897358
0.497428
0.677447
0.182585
0.714443
0.5515
0.402412
0.706066
0.373977
0.662371
0.520165
0.268602
0.849707
0.211604
0.337764
0.811597
0.098999
0.478838
0.155782
0.305933
0.173994
0.493367
0.709424
0.899966
0.025137
0.725741
0.172393
0.467773
0.912106
0.291249
0.56291
0.200298
0.338908
0.460202
0.282579
0.881278
0.805347
0.685582
0.220715
0.500438
0.147456
0.568751
0.170475
0.544845
0.34909
0.500735
0.280581
0.390989
0.574741
0.023787
0.056646
0.609003
0.311122
0.475672
0.279591
0.634469
0.182203
0.635132
0.365309
0.575059
0.753461
0.51495
0.538785
0.898954
0.246984
0.913367
0.191723
0.581926
0.702083
0.374504
0.816915
0.533562
0.717462
0.019516
0.225344
0.871721
0.164597
0.889719
0.449307
0.309686
0.360056
0.174114
0.823255
0.661204
0.259488
0.875857
0.745016
0.520547
0.352043
0.680358
0.455994
0.749426
0.193638
0.337661
0.622593
0.608211
0.833572
0.675118
0.382197
0.742263
0.428132
0.489711
0.833451
0.654768
0.168855
0.57563
0.991465
0.387781
0.157202
0.220092
0.331634
0.384172
0.990067
0.053871
0.639286
0.423978
0.574071
0.96943
0.285918
0.928116
0.999314
0.156456
0.680245
0.023765
0.029985
0.794642
0.519077
0.957751
0.831702
0.145568
0.502496
0.649521
0.433366
0.792992
0.544067
0.193939
0.01597
0.646508
0.254314
0.86148
0.827554
0.595089
0.622106
0.200314
0.104561
0.00425
0.107991
0.012349
0.775775
0.530429
0.286223
0.513563
0.879358
0.075832
0.198181
0.0868
0.495807
0.9169
0.401874
0.929047
0.549358
0.042147
0.294703
0.395768
0.751425
0.039771
0.215055
0.919776
0.044909
0.536006
0.45098
0.795231
0.673775
0.977335
0.748751
0.887582
0.367739
0.413903
0.410252
0.652454
0.775432
0.658643
0.684508
0.379599
0.476195
0.308769
0.417905
0.672263
0.503735
0.511326
0.214321
0.386247
0.441838
0.42385
0.688031
0.322711
0.343506
0.230269
0.94644
0.704309
0.938576
0.191612
0.734611
0.930054
0.573119
0.231284
0.812804
0.083449
0.747512
0.859863
0.509191
0.119986
0.899598
0.463727
0.404128
0.530276
0.140556
0.723137
0.348996
0.058763
0.626583
0.194716
0.046219
0.797971
0.166561
0.656127
0.434226
0.950137
0.11804
0.041947
0.072225
0.826734
0.168595
0.876765
0.176699
0.759399
0.858899
0.07457
0.729325
0.992489
0.625944
0.85796
0.393883
0.525842
0.378117
0.594017
0.287519
0.95304
0.079723
0.460235
0.35425
0.78823
0.987885
0.706268
0.398248
0.296202
0.799302
0.348971
0.473176
0.604595
0.933285
0.433176
0.742877
0.400695
0.045845
0.044883
0.68736
0.14006
0.698628
0.820856
0.874323
0.373361
0.852649
0.800928
0.914596
0.432041
0.828258
0.403224
0.488721
0.360963
0.886273
0.024223
0.895111
0.259979
0.658653
0.245652
0.196024
0.277553
0.214986
0.98353
0.706025
0.46885
0.952087
0.474857
0.614065
0.445257
0.629962
0.109763
0.66707
0.868324
0.025373
0.140069
0.308518
0.446737
0.616864
0.508199
0.731977
0.029281
0.513918
0.085686
0.666886
0.21776
0.315204
0.94897
0.132426
0.32881
0.393627
0.343187
0.848699
0.012213
0.121821
0.314327
0.501499
0.118616
0.370504
0.053053
0.885158
0.544066
0.211372
0.00828
0.880414
0.72376
0.101388
0.884761
0.683397
0.302407
0.191117
0.18498
0.004436
0.443542
0.800535
0.341687
0.002488
0.094939
0.447067
0.7919
0.992871
0.793626
0.807202
0.243249
0.301574
0.815443
0.406841
0.315212
0.833748
0.695191
0.151132
0.111618
0.266772
0.266471
0.963914
0.108347
0.178262
0.403212
0.471384
0.28893
0.765056
0.34151
0.94184
0.858819
0.778294
0.314644
0.422919
0.671915
0.314235
0.662233
0.659387
0.748752
0.613156
0.756916
0.820642
0.627501
0.974879
0.562637
0.830368
0.016095
0.808065
0.153244
0.330721
0.14787
0.504264
0.627999
0.015056
0.947902
0.834045
0.909067
0.237288
0.138024
0.520129
0.627097
0.028977
0.697986
0.688095
0.027819
0.121054
0.841224
0.731246
0.009044
0.105011
0.011972
0.552107
0.513264
0.486957
0.01186
0.757685
0.039784
0.206841
0.772131
0.217066
0.563811
0.725538
0.027742
0.63434
0.912799
0.179325
0.34635
0.346337
0.216917
0.914926
0.136805
0.457219
0.194248
0.136024
0.912137
0.527667
0.452371
0.571705
0.991513
0.247281
0.282104
0.430883
0.621247
0.100669
0.677462
0.782128
0.652191
0.14385
0.056542
0.609033
0.88714
0.144809
0.745597
0.803582
0.411596
0.417575
0.224762
0.731756
0.548149
0.076047
0.190717
0.229458
0.525769
0.090164
0.803821
0.095608
0.425452
0.132047
0.360846
0.202863
0.043844
0.058122
0.019564
0.991607
0.686902
0.676737
0.892346
0.730943
0.62669
0.198454
0.994894
0.14731
0.173893
0.866767
0.405169
0.460507
0.626524
0.717902
0.03267
0.978218
0.122474
0.140262
0.929842
0.575317
0.350543
0.388593
0.193589
0.976837
0.058264
0.694682
0.287002
0.328393
0.356945
0.05752
0.694037
0.682733
0.769999
0.936892
0.410999
0.134984
0.973447
0.753923
0.57432
0.877229
0.843261
0.102241
0.930905
0.078659
0.658518
0.060951
0.363084
0.950775
0.53466
0.403395
0.183946
0.693764
0.970689
0.278315
0.686009
0.014607
0.546073
0.100616
0.541047
0.332823
0.571172
0.56087
0.36738
0.140534
0.72419
0.557182
0.343453
0.681215
0.350779
0.007546
0.487476
0.002518
0.599024
0.859265
0.298227
0.923044
0.65247
0.654775
0.877588
0.187502
0.300205
0.56939
0.256083
0.754481
0.29581
0.920072
0.469198
0.672729
0.688877
0.718484
0.95238
0.224373
0.510124
0.829613
0.835535
0.108965
0.886639
0.699264
0.806
0.912822
0.539208
0.961592
0.869009
0.640292
0.701539
0.083463
0.765842
0.594816
0.292862
0.913033
0.642677
0.073138
0.613677
0.261122
0.484171
0.565557
0.429489
0.737584
0.329346
0.735311
0.712407
0.18951
0.832536
0.248607
0.153484
0.612281
0.896829
0.210661
0.088436
0.21567
0.833977
0.526944
0.900591
0.003512
0.570089
0.915583
0.081554
0.123378
0.275506
0.457055
0.371661
0.782154
0.823766
0.86268
0.425281
0.129744
0.804833
0.696957
0.901308
0.372635
0.289065
0.704651
0.75957
0.38748
0.711911
0.419751
0.673372
0.788333
0.941478
0.762427
0.524564
0.995325
0.671915
0.760926
0.975985
0.791377
0.54417
0.376713
0.16356
0.024295
0.907487
0.244235
0.649648
0.595595
0.284129
0.949759
0.426404
0.311506
0.788828
0.324618
0.977601
0.242849
0.914974
0.696204
0.730937
0.84409
0.639936
0.482806
0.28453
0.400542
0.256502
0.057554
0.106435
0.204186
0.062908
0.791104
0.839184
0.461089
0.571859
0.01605
0.656007
0.468017
0.982471
0.583094
0.37358
0.150843
0.152314
0.732659
0.56573
0.728045
0.699718
0.921658
0.942242
0.03202
0.682689
0.87195
0.00692
0.076036
0.075645
0.114928
0.846942
0.210419
0.477557
0.904038
0.646586
0.902505
0.727782
0.484579
0.851603
0.757182
0.466851
0.176997
0.012859
0.803733
0.925519
0.913025
0.276456
0.492749
0.640231
0.363014
0.996232
0.908313
0.803107
0.18815
0.248915
0.210705
0.29138
0.313822
0.66889
0.78584
0.07985
0.335038
0.035374
0.91421
0.029859
0.413788
0.274699
0.835755
0.044413
0.939059
0.841385
0.894304
0.647331
0.600865
0.427447
0.749612
0.235
0.860609
0.332403
0.35044
0.353064
0.282378
0.160726
0.345686
0.046754
0.251163
0.584516
0.826625
0.847864
0.749026
0.895793
0.247661
0.159096
0.507168
0.911865
0.238714
0.177428
0.301117
0.282038
0.515389
0.294502
0.080505
0.428297
0.632657
0.978645
0.16527
0.499791
0.263538
0.889689
0.723138
0.80944
0.754521
0.855846
0.085595
0.70069
0.360308
0.480158
0.532901
0.696286
0.735016
0.882994
0.597905
0.690772
0.694175
0.454785
0.392964
0.340616
0.262502
0.105452
0.293211
0.687227
0.572755
0.486623
0.700344
0.910373
0.746715
0.695204
0.145031
0.372593
0.601733
0.627954
0.956088
0.980749
0.932133
0.52645
0.426692
0.07417
0.325009
0.244352
0.749339
0.053212
0.861551
0.553338
0.890921
0.575076
0.826249
0.621001
0.395341
0.999755
0.798923
0.872898
0.534798
0.732577
0.307558
0.999937
0.932318
0.712668
0.096391
0.911372
0.124988
0.25352
0.494665
0.752013
0.197197
0.58483
0.639861
0.302956
0.252015
0.287409
0.505455
0.938357
0.981536
0.250734
0.707305
0.712801
0.802554
0.901604
0.24494
0.942022
0.074684
0.687768
0.251257
0.65081
0.688194
0.544528
0.272479
0.024521
0.946816
0.09502
0.9901
0.72573
0.964035
0.594417
0.313762
0.760875
0.58324
0.162283
0.439368
0.516367
0.385689
0.77563
0.253527
0.546972
0.084076
0.182309
0.342012
0.010563
0.722383
0.82247
0.869492
0.990091
0.956392
0.2824
0.845595
0.939484
0.935792
0.455911
0.619293
0.50571
0.836075
0.884027
0.676997
0.563469
0.57754
0.039552
0.315744
0.865811
0.942519
0.547015
0.602259
0.90175
0.349742
0.587458
0.522416
0.19598
0.855301
0.943897
0.081256
0.933607
0.937377
0.314319
0.92915
0.072664
0.660232
0.734894
0.19681
0.750089
0.52885
0.999347
0.571652
0.896033
0.649727
0.602029
0.760974
0.528099
0.732958
0.663861
0.75752
0.256797
0.907081
0.164353
0.662466
0.778953
0.11827
0.95234
0.310957
0.355947
0.624203
0.104107
0.503609
0.715502
0.075238
0.234884
0.751063
0.368867
0.629539
0.705265
0.268942
0.526197
0.567193
0.112299
0.527331
0.716722
0.738696
0.214016
0.810795
0.001821
0.890518
0.802271
0.261301
0.938021
0.489323
0.442755
0.607029
0.013039
0.806805
0.607111
0.13563
0.791156
0.30844
0.332121
0.908982
0.72415
0.461023
0.800396
0.697755
0.100352
0.124039
0.941892
0.089872
0.640321
0.834806
0.904614
0.052545
0.128756
0.886338
0.236028
0.831483
0.353921
0.167533
0.648418
0.605565
0.563049
0.824953
0.135087
0.270303
0.771346
0.294477
0.460199
0.422314
0.025034
0.906744
0.241764
0.076561
0.170451
0.593672
0.233016
0.318141
0.827164
0.054449
0.157876
0.774334
0.444639
0.462024
0.881181
0.734006
0.069481
0.221963
0.161907
0.708832
0.600574
0.386324
0.77264
0.762004
0.172285
0.194683
0.747838
0.032067
0.158198
0.926174
0.70883
0.245892
0.342605
0.183214
0.413752
0.728133
0.590711
0.525393
0.976397
0.279782
0.055502
0.674434
0.591779
0.590229
0.169194
0.016378
0.021926
0.42602
0.943114
0.175139
0.34063
0.616798
0.278553
0.413939
0.076065
0.292464
0.962048
0.968521
0.363765
0.827783
0.786109
0.996214
0.893093
0.997816
0.519208
0.321586
0.788595
0.793699
0.437148
0.063561
0.322359
0.119926
0.381503
0.631734
0.696104
0.372795
0.418915
0.530632
0.955331
0.524644
0.017844
0.200031
0.760878
0.964581
0.743075
0.120734
0.986329
0.069787
0.870838
0.801997
0.747159
0.508422
0.429835
0.20478
0.869552
0.500096
0.743418
0.687104
0.229516
0.525466
0.150371
0.746341
0.675251
0.784486
0.498036
0.985429
0.69379
0.064175
0.862187
0.812973
0.986906
0.294173
0.909575
0.462219
0.39857
0.632061
0.433163
0.202655
0.944836
0.836391
0.547997
0.135231
0.094441
0.258884
0.032951
0.582445
0.709625
0.63635
0.745027
0.636067
0.038791
0.620524
0.816856
0.772669
0.453251
0.374856
0.18407
0.417367
0.018169
0.700588
0.284958
0.084316
0.723711
0.421099
0.108428
0.394311
0.689318
0.742798
0.723684
0.276588
0.060988
0.15823
0.201637
0.965924
0.171702
0.953882
0.26804
0.594884
0.955697
0.566148
0.57002
0.95856
0.992073
0.072133
0.328566
0.588273
0.166443
0.468484
0.859395
0.592379
0.716117
0.093004
0.365238
0.743613
0.641979
0.530217
0.295529
0.092357
0.147475
0.757989
0.183791
0.39389
0.152721
0.055077
0.160452
0.641571
0.601996
0.755528
0.593165
0.456688
0.044418
0.654124
0.360681
0.763097
0.040421
0.763076
0.555833
0.621176
0.671801
0.76107
0.028487
0.965328
0.010583
0.675039
0.2777
0.178438
0.098495
0.355097
0.537808
0.715062
0.302815
0.771472
0.890111
0.716018
0.113701
0.77206
0.156621
0.083561
0.420428
0.310595
0.057939
0.118175
0.9015
0.79648
0.517926
0.961406
0.561392
0.230838
0.416414
0.687099
0.588694
0.859901
0.170315
0.442344
0.441309
0.526372
0.996509
0.959159
0.243958
0.567724
0.289639
0.746015
0.730583
0.412079
0.392977
0.894245
0.204788
0.949048
0.01852
0.382798
0.22661
0.55882
0.135042
0.224501
0.759064
0.170507
0.385271
0.486814
0.168871
0.352169
0.574877
0.678505
0.187074
0.554578
0.803768
0.962383
0.454376
0.563034
0.343418
0.892168
0.291117
0.546216
0.239422
0.635743
0.196827
0.233088
0.67645
0.058517
0.614306
0.155176
0.090583
0.347376
0.906921
0.603277
0.989839
0.743898
0.68886
0.546338
0.748083
0.915457
0.903607
0.039881
0.108033
0.963562
0.728914
0.748998
0.646494
0.175621
0.325652
0.781213
0.785468
0.748676
0.162471
0.095245
0.944392
0.263784
0.584492
0.72996
0.855614
0.965868
0.142714
0.096478
0.236883
0.60959
0.280489
0.814542
0.513331
0.082693
0.929769
0.966045
0.704091
0.090461
0.018179
0.391394
0.274014
0.580963
0.939194
0.49936
0.977632
0.376488
0.831889
0.098154
0.414149
0.534955
0.845731
0.443371
0.784632
0.217316
0.514166
0.949929
0.986507
0.300853
0.793866
0.448979
0.356326
0.620083
0.02882
0.186162
0.614251
0.07838
0.694558
0.451551
0.469982
0.579666
0.232574
0.173418
0.514515
0.975351
0.015467
0.761735
0.258026
0.351374
0.701766
0.803963
0.714867
0.35945
0.897439
0.899655
0.825591
0.806867
0.656029
0.888564
0.575762
0.865991
0.562597
0.106805
0.126625
0.081323
0.096667
0.924663
0.626985
0.579608
0.417708
0.376461
0.825974
0.169644
0.831533
0.419063
0.356118
0.79512
0.493672
0.003491
0.717975
0.30207
0.335031
0.094263
0.680459
0.70623
0.055552
0.88001
0.166825
0.724893
0.32426
0.88587
0.593319
0.831803
0.281192
0.05061
0.671277
0.067669
0.446306
0.72589
0.521889
0.192286
0.056503
0.35037
0.774792
0.436178
0.899156
0.370657
0.669306
0.767119
0.326612
0.126095
0.792245
0.926479
0.943446
0.963078
0.376175
0.196742
0.398823
0.843266
0.271076
0.324458
0.826128
0.480142
0.222193
0.061574
0.891074
0.333978
0.410292
0.742406
0.545882
0.13292
0.283557
0.196852
0.952955
0.861509
0.684491
0.332475
0.10908
0.340428
0.040678
0.614624
0.406162
0.740613
0.501199
0.444311
0.88683
0.551611
0.468879
0.922084
0.385889
0.725673
0.69368
0.534625
0.628495
0.503966
0.464454
0.753918
0.033243
0.15958
0.546812
0.124704
0.8067
0.848558
0.077691
0.647304
0.978734
0.069689
0.420104
0.474254
0.618629
0.599353
0.515953
0.939597
0.60278
0.996832
0.26237
0.658202
0.829079
0.464842
0.501199
0.302285
0.032563
0.209192
0.746065
0.945349
0.165454
0.877425
0.53026
0.124367
0.409723
0.636821
0.814236
0.746337
0.679284
0.300758
0.188064
0.384005
0.399159
0.620308
0.334205
0.299769
0.361387
0.802413
0.601974
0.548952
0.496861
0.634255
0.975657
0.400552
0.316022
0.506795
0.369016
0.080956
0.547541
0.06396
0.658334
0.007304
0.145389
0.041229
0.645962
0.035103
0.987408
0.266033
0.13551
0.303224
0.010606
0.801469
0.074509
0.121171
0.057535
0.216283
0.30675
0.329068
0.449235
0.94033
0.086722
0.478579
0.131315
0.771491
0.806097
0.210248
0.233915
0.204052
0.743567
0.341999
0.564825
0.657231
0.08157
0.975738
0.437392
0.302445
0.174679
0.64011
0.74684
0.966238
0.5294
0.889985
0.40571
0.465856
0.359684
0.602405
0.339235
0.398687
0.406558
0.254827
0.809134
0.45376
0.406422
0.418649
0.700989
0.834961
0.50765
0.953835
0.838987
0.574324
0.414495
0.245472
0.059609
0.776501
0.536257
0.295556
0.426346
0.695878
0.681987
0.537717
0.924647
0.141773
0.86957
0.665122
0.348013
0.13603
0.250481
0.644388
0.005457
0.381836
0.903697
0.630105
0.062784
0.84426
0.765724
0.220127
0.21564
0.411631
0.480103
0.546153
0.219565
0.981301
0.168305
0.423513
0.233344
0.494398
0.489789
0.712876
0.109371
0.125273
0.28261
0.330906
0.065973
0.918942
0.423412
0.817107
0.03638
0.531931
0.021611
0.191834
0.219349
0.546394
0.337413
0.656085
0.412796
0.725778
0.939026
0.632045
0.31831
0.106963
0.78188
0.519122
0.83302
0.291035
0.230352
0.420494
0.358007
0.362612
0.963917
0.953305
0.316365
0.301584
0.615636
0.847493
0.526295
0.099658
0.809434
0.892082
0.315282
0.564581
0.300415
0.651448
0.70142
0.734522
0.844837
0.396858
0.271831
0.573956
0.37334
0.940422
0.671243
0.228496
0.825541
0.65568
0.056143
0.001978
0.418772
0.979164
0.887486
0.579955
0.214819
0.622955
0.182327
0.719626
0.36415
0.177542
0.192417
0.74416
0.401793
0.204235
0.895138
0.426285
0.247282
0.677543
0.53354
0.576704
0.108251
0.007661
0.291368
0.247408
0.585286
0.029076
0.829351
0.671923
0.770218
0.134843
0.016695
0.164735
0.108601
0.141458
0.97773
0.537605
0.320458
0.567247
0.954259
0.423558
0.596706
0.256156
0.120187
0.283591
0.42639
0.535062
0.839857
0.992913
0.392034
0.289922
0.711048
0.992683
0.812771
0.420123
0.293283
0.558119
0.146747
0.839463
0.494209
0.095526
0.470508
0.256031
0.62222
0.256767
0.862697
0.571184
0.02606
0.385594
0.552684
0.511575
0.352696
0.18843
0.825561
0.365122
0.645877
0.537519
0.80231
0.670424
0.900946
0.734959
0.784878
0.876651
0.543405
0.669156
0.985746
0.535689
0.11024
0.86501
0.573607
0.785955
0.921197
0.317995
0.982287
0.386233
0.444122
0.386921
0.568664
0.329319
0.21331
0.449892
0.221362
0.485137
0.82889
0.094115
0.694167
0.971763
0.224456
0.685911
0.795566
0.903587
0.838348
0.220545
0.445506
0.556939
0.169209
0.480833
0.046835
0.264335
0.121724
0.449689
0.922192
0.777945
0.240117
0.157996
0.222445
0.573214
0.136264
0.487981
0.515028
0.990065
0.196601
0.464985
0.079284
0.058129
0.993033
0.093933
0.317804
0.525933
0.144253
0.732201
0.182592
0.392643
0.198656
0.269198
0.351465
0.314195
0.852666
0.437837
0.865101
0.942604
0.823499
0.966537
0.932692
0.409865
0.64774
0.294515
0.289855
0.714998
0.251323
0.158788
0.157543
0.483597
0.075428
0.599604
0.024938
0.248428
0.582442
0.555601
0.41303
0.02855
0.224314
0.085936
0.826691
0.581037
0.825699
0.088413
0.588257
0.089716
0.961417
0.261889
0.035937
0.485308
0.628963
0.826142
0.516299
0.473477
0.692572
0.205158
0.575042
0.693026
0.995265
0.729883
0.656957
0.000681
0.452661
0.50778
0.162378
0.999972
0.072945
0.293872
0.802905
0.403943
0.53415
0.725527
0.279084
0.669867
0.868763
0.195509
0.569527
0.957989
0.950361
0.86864
0.804303
0.978005
0.059917
0.980295
0.904142
0.401264
0.76121
0.820496
0.440313
0.530239
0.951711
0.863101
0.227448
0.263998
0.27993
0.893434
0.317571
0.591937
0.72756
0.41171
0.472188
0.655858
0.575591
0.459336
0.789644
0.16881
0.058792
0.332375
0.884095
0.639537
0.699574
0.054639
0.775123
0.580182
0.872136
0.482836
0.354939
0.139595
0.609287
0.425669
0.292482
0.147807
0.941867
0.174569
0.801577
0.667106
0.911614
0.067448
0.820124
0.790569
0.74842
0.188705
0.572663
0.899219
0.860683
0.962078
0.541898
0.246291
0.967779
0.849983
0.309476
0.585544
0.800147
0.983067
0.210765
0.693579
0.126674
0.178548
0.071741
0.320392
0.608752
0.882645
0.772516
0.142087
0.082024
0.331586
0.923802
0.577228
0.383304
0.68412
0.200619
0.552483
0.642241
0.741968
0.94044
0.192282
0.612546
0.56963
0.05399
0.876569
0.693457
0.197372
0.810614
0.129848
0.666426
0.06923
0.954706
0.028136
0.275926
0.633954
0.775376
0.90188
0.640342
0.874826
0.517233
0.635468
0.54314
0.39198
0.920743
0.603785
0.701037
0.839217
0.338196
0.409862
0.968134
0.40928
0.087982
0.121845
0.426553
0.99502
0.348829
0.393663
0.446348
0.984266
0.341942
0.806381
0.311687
0.661847
0.846701
0.975953
0.486503
0.039353
0.914529
0.803855
0.017859
0.502703
0.00012
0.762562
0.727587
0.920814
0.830671
0.158634
0.491924
0.728691
0.167191
0.704111
0.656647
0.434675
0.972352
0.642259
0.332098
0.906038
0.821677
0.039658
0.81881
0.347833
0.409231
0.678491
0.658605
0.074803
0.603322
0.611482
0.695363
0.250918
0.276462
0.706297
0.654314
0.277976
0.643743
0.598659
0.880019
0.970547
0.789207
0.991634
0.804903
0.483113
0.817743
0.730895
0.728315
0.521123
0.363551
0.302509
0.276355
0.763387
0.093586
0.489627
0.285808
0.082467
0.413061
0.380293
0.609115
0.59104
0.305286
0.047692
0.309426
0.323993
0.807528
0.539379
0.100977
0.994599
0.464489
0.122932
0.226929
0.107458
0.272333
0.17275
0.687478
0.965082
0.357499
0.90588
0.879746
0.544359
0.888552
0.090987
0.471862
0.724697
0.787686
0.927988
0.399386
0.237849
0.537934
0.375311
0.202017
0.640599
0.193027
0.689347
0.806256
0.71565
0.293452
0.179929
0.914107
0.454983
0.4571
0.170707
0.409446
0.420832
0.574381
0.159732
0.617471
0.963885
0.687905
0.021984
0.42738
0.580762
0.288491
0.053569
0.445976
0.964844
0.830462
0.137576
0.232629
0.112809
0.167441
0.685125
0.099694
0.139675
0.446693
0.755406
0.058952
0.83931
0.018653
0.341474
0.679091
0.455488
0.96417
0.894171
0.408576
0.502872
0.474364
0.877701
0.697109
0.073785
0.985086
0.29655
0.155675
0.780113
0.95334
0.369708
0.338106
0.806299
0.464927
0.312029
0.065871
0.134143
0.218959
0.040292
0.51931
0.095667
0.290053
0.516466
0.33494
0.673309
0.458947
0.007252
0.220795
0.300368
0.634045
0.654148
0.924135
0.421758
0.107148
0.329971
0.404699
0.486887
0.921162
0.268076
0.729831
0.146237
0.490231
0.235454
0.529956
0.543758
0.361802
0.680778
0.819323
0.73104
0.66271
0.250613
0.114228
0.45679
0.088793
0.198089
0.338452
0.754783
0.507717
0.296905
0.376379
0.155241
0.121719
0.948927
0.989329
0.388803
0.668701
0.017013
0.935044
0.852729
0.306663
0.567362
0.091772
0.81821
0.050628
0.18731
0.265204
0.323521
0.719485
0.135655
0.279171
0.883415
0.237435
0.443672
0.38707
0.863968
0.848044
0.288095
0.133352
0.648414
0.868993
0.256182
0.219378
0.984405
0.151214
0.10707
0.160705
0.040486
0.813231
0.160055
0.028913
0.616626
0.48301
0.503661
0.66157
0.275102
0.636531
0.117079
0.104163
0.354243
0.576223
0.735122
0.370299
0.500633
0.500515
0.866918
0.550826
0.511909
0.94953
0.307917
0.389384
0.710526
0.075931
0.703324
0.842161
0.276957
0.052972
0.386314
0.927128
0.154949
0.386235
0.43775
0.260698
0.061631
0.858918
0.599758
0.719929
0.906794
0.271862
0.621592
0.318284
0.995032
0.282825
0.268321
0.027581
0.984368
0.969918
0.555436
0.537248
0.784675
0.602163
0.508309
0.4913
0.734489
0.609488
0.346216
0.41595
0.26004
0.27633
0.817363
0.102629
0.485085
0.44226
0.994108
0.858512
0.321537
0.151387
0.098522
0.835254
0.452543
0.977948
0.789082
0.533731
0.187757
0.576951
0.280239
0.926698
0.205551
0.678799
0.651435
0.634634
0.597593
0.850707
0.668308
0.259925
0.303025
0.563954
0.589164
0.76499
0.862422
0.718907
0.08975
0.680028
0.988941
0.552155
0.096881
0.672959
0.808965
0.822435
0.369905
0.824418
0.221644
0.161915
0.061449
0.053588
0.214647
0.567125
0.328702
0.403822
0.655224
0.43173
0.313857
0.785061
0.327721
0.748248
0.258221
0.657911
0.656039
0.46846
0.500893
0.943674
0.437484
0.317832
0.087301
0.581739
0.571132
0.851677
0.835105
0.965542
0.056611
0.367196
0.501256
0.794868
0.546541
0.72081
0.924799
0.891952
0.282229
0.563497
0.896304
0.280371
0.369905
0.80044
0.135981
0.190001
0.6252
0.881111
0.270345
0.783664
0.055917
0.614582
0.386789
0.53008
0.928351
0.984767
0.318254
0.999763
0.239071
0.350311
0.940347
0.370665
0.518549
0.736504
0.347261
0.317597
0.471274
0.688116
0.38131
0.896376
0.279238
0.936613
0.112901
0.695166
0.037109
0.288821
0.441965
0.736652
0.483628
0.152543
0.308683
0.92188
0.227581
0.487866
0.347725
0.417418
0.632353
0.42968
0.498316
0.376464
0.935286
0.080243
0.892001
0.639091
0.658737
0.602919
0.232312
0.239661
0.51718
0.24693
0.378168
0.027654
0.177984
0.611503
0.772468
0.622508
0.473379
0.255483
0.43606
0.838482
0.861334
0.853012
0.870294
0.654178
0.107564
0.552959
0.015961
0.659684
0.943905
0.972725
0.811582
0.12919
0.187864
0.060632
0.082236
0.431576
0.50357
0.096773
0.540207
0.220016
0.94821
0.630803
0.586214
0.720709
0.643475
0.784732
0.320443
0.077867
0.619657
0.258896
0.097589
0.799226
0.925533
0.943955
0.838765
0.457265
0.355115
0.755751
0.254958
0.882729
0.704873
0.952924
0.108989
0.760154
0.658693
0.997719
0.124086
0.682895
0.291008
0.248885
0.499667
0.223543
0.442423
0.126019
0.901648
0.68563
0.023646
0.988484
0.027444
0.191045
0.3755
0.005224
0.09843
0.001434
0.751821
0.781682
0.474444
0.372339
0.163359
0.352659
0.795433
0.756568
0.820148
0.81616
0.630051
0.093554
0.73669
0.948816
0.953777
0.171943
0.906426
0.383381
0.182217
0.595632
0.802505
0.712719
0.153242
0.481356
0.97247
0.835563
0.264846
0.692045
0.607148
0.086954
0.470384
0.732015
0.591102
0.389243
0.999338
0.073493
0.008641
0.699996
0.728809
0.6386
0.488309
0.515642
0.946928
0.729624
0.480638
0.978136
0.024021
0.456261
0.460363
0.978936
0.100984
0.392532
0.959125
0.619002
0.669694
0.297104
0.352956
0.427
0.473514
0.630655
0.202441
0.034048
0.646472
0.638359
0.29979
0.433621
0.363501
0.114776
0.257408
0.543914
0.434613
0.966235
0.790815
0.5802
0.800062
0.307827
0.676823
0.035418
0.579542
0.301457
0.816907
0.24657
0.17723
0.430743
0.870345
0.118982
0.979086
0.49625
0.955845
0.470718
0.382164
0.118531
0.621105
0.221216
0.418574
0.228489
0.724622
0.537723
0.853267
0.815773
0.6792
0.582427
0.095717
0.049071
0.771587
0.809715
0.339445
0.981297
0.786999
0.191881
0.098983
0.198681
0.579947
0.426043
0.289348
0.829581
0.206132
0.958838
0.798166
0.603162
0.127671
0.114827
0.940433
0.944831
0.073525
0.382557
0.050774
0.565681
0.079894
0.28772
0.604242
0.341469
0.02577
0.785969
0.10266
0.200403
0.710228
0.37463
0.462549
0.723966
0.987878
0.018987
0.684411
0.515903
0.059056
0.37734
0.519232
0.611381
0.790858
0.113433
0.990723
0.751696
0.296894
0.553982
0.836022
0.303873
0.474832
0.946224
0.161557
0.293438
0.315967
0.033674
0.625445
0.181313
0.667378
0.158745
0.63068
0.500328
0.106499
0.65914
0.672454
0.768738
0.890641
0.561919
0.749246
0.784407
0.587783
0.439611
0.635481
0.711063
0.728149
0.687232
0.518778
0.238729
0.441918
0.603557
0.791762
0.251929
0.99825
0.536846
0.437133
0.54225
0.914021
0.886654
0.603524
0.105057
0.23796
0.571602
0.328963
0.842966
0.052425
0.932693
0.599397
0.957091
0.041041
0.300781
0.877162
0.60186
0.438477
0.444341
0.07724
0.610008
0.991996
0.287392
0.226716
0.841682
0.885061
0.757982
0.59811
0.774855
0.107483
0.921965
0.620102
0.784898
0.374943
0.92617
0.432599
0.498189
0.957136
0.865713
0.238353
0.662671
0.054835
0.394221
0.962804
0.752887
0.39256
0.323138
0.928392
0.194236
0.504686
0.719029
0.414293
0.903584
0.316017
0.387183
0.967235
0.63612
0.217992
0.580783
0.484496
0.408072
0.478084
0.207874
0.783301
0.675532
0.778179
0.790749
0.838465
0.501735
0.813413
0.778325
0.385513
0.577535
0.073742
0.018773
0.021756
0.267114
0.428925
0.247842
0.226164
0.816786
0.449575
0.467463
0.651368
0.449404
0.054914
0.570925
0.185378
0.861085
0.064249
0.080558
0.580101
0.117326
0.734884
0.186493
0.461635
0.016125
0.523795
0.966092
0.779693
0.262562
0.633458
0.363565
0.729714
0.586666
0.284154
0.764236
0.958449
0.820182
0.287164
0.149571
0.470888
0.179488
0.69304
0.695985
0.281028
0.105929
0.873981
0.238735
0.104392
0.999875
0.148944
0.950753
0.17949
0.151005
0.840365
0.937055
0.983641
0.482068
0.310173
0.840301
0.456554
0.467186
0.487833
0.763685
0.294587
0.260559
0.297312
0.950394
0.480516
0.204483
0.572866
0.257767
0.363963
0.544285
0.301025
0.604278
0.724518
0.736658
0.41386
0.164473
0.270642
0.787828
0.972501
0.45957
0.642639
0.921648
0.86432
0.05972
0.439659
0.991408
0.45306
0.218408
0.842404
0.280116
0.316472
0.351138
0.145048
0.260592
0.373372
0.598052
0.893626
0.676917
0.273255
0.893168
0.902495
0.494772
0.634982
0.197355
0.899563
0.160753
0.295919
0.790751
0.098179
0.947866
0.603537
0.001139
0.330494
0.046275
0.214621
0.418144
0.67648
0.488507
0.279617
0.140662
0.086859
0.118183
0.031719
0.770436
0.977768
0.061572
0.738857
0.631796
0.070179
0.823869
0.903109
0.320253
0.086447
0.950723
0.330631
0.866794
0.043742
0.042787
0.217938
0.994063
0.682767
0.933743
0.226595
0.424566
0.07141
0.156974
0.910524
0.284816
0.645768
0.745163
0.423657
0.422424
0.429459
0.936266
0.465367
0.677819
0.585357
0.504996
0.855032
0.334435
0.177782
0.187494
0.121937
0.423007
0.789698
0.651301
0.573397
0.120747
0.085997
0.635958
0.980318
0.723603
0.665165
0.307017
0.874713
0.422077
0.424225
0.192451
0.046696
0.383957
0.041272
0.605707
0.779669
0.654004
0.9404
0.370181
0.882606
0.049801
0.315837
0.289701
0.580138
0.054215
0.561489
0.209108
0.765605
0.149201
0.096786
0.302386
0.654832
0.551824
0.606868
0.960595
0.73113
0.809234
0.326306
0.263555
0.319812
0.4438
0.100729
0.322485
0.766281
0.607583
0.879812
0.346713
0.853053
0.863907
0.325001
0.26896
0.296221
0.454553
0.416781
0.184726
0.52934
0.450263
0.906488
0.345692
0.209522
0.373877
0.924955
0.373505
0.152114
0.770403
0.709744
0.851639
0.287581
0.760623
0.311993
0.694054
0.38901
0.212555
0.056837
0.58412
0.968984
0.679912
0.211803
0.016396
0.171531
0.506842
0.372896
0.084157
0.220695
0.683939
0.365506
0.365165
0.465309
0.9171
0.612048
0.053019
0.384844
0.56989
0.075234
0.502936
0.634048
0.735578
0.366706
0.980601
0.922908
0.442821
0.152715
0.14101
0.781088
0.707995
0.984057
0.990905
0.76873
0.86391
0.770415
0.200175
0.35652
0.670361
0.975435
0.123273
0.599988
0.678275
0.141556
0.419764
0.749444
0.912119
0.699167
0.108575
0.610227
0.474894
0.767832
0.174567
0.841652
0.429818
0.836805
0.90268
0.5448
0.70999
0.533251
0.757631
0.348302
0.154323
0.857303
0.022408
0.470983
0.836131
0.05765
0.068223
0.28967
0.327713
0.513733
0.211621
0.110521
0.306423
0.532517
0.376853
0.120689
0.265359
0.512945
0.894746
0.707226
0.585492
0.872219
0.7402
0.683638
0.328652
0.957739
0.471118
0.126689
0.681914
0.017192
0.297618
0.291476
0.677939
0.228018
0.52986
0.48947
0.319699
0.061084
0.820764
0.769569
0.62286
0.522068
0.610675
0.191308
0.302699
0.182519
0.852511
0.126689
0.847691
0.761894
0.568527
0.70683
0.399319
0.034445
0.557357
0.509199
0.504781
0.318578
0.71882
0.706024
0.097978
0.8278
0.797847
0.045688
0.094047
0.252403
0.044412
0.177459
0.685568
0.603371
0.229097
0.37522
0.450731
0.769776
0.455246
0.998505
0.154205
0.784019
0.26306
0.715818
0.455333
0.13132
0.766916
0.915215
0.735768
0.657412
0.437327
0.599424
0.909487
0.029572
0.82978
0.321509
0.093147
0.326943
0.941323
0.29393
0.618161
0.750472
0.462067
0.419368
0.067874
0.388024
0.107015
0.543164
0.206212
0.638284
0.093999
0.145028
0.726487
0.021474
0.405725
0.912167
0.634488
0.565561
0.15222
0.427975
0.749653
0.00042
0.06875
0.82383
0.850807
0.033795
0.590437
0.366896
0.229025
0.42007
0.156217
0.047503
0.310415
0.093658
0.834558
0.408742
0.093234
0.148181
0.4832
0.855836
0.54443
0.035003
0.203955
0.926885
0.413842
0.345178
0.63133
0.232222
0.488977
0.513661
0.546863
0.871727
0.686316
0.790278
0.594352
0.171291
0.518848
0.680079
0.738134
0.490939
0.671103
0.327912
0.708572
0.819786
0.666797
0.452027
0.968981
0.324698
0.834253
0.307803
0.152114
0.121862
0.321764
0.882719
0.880029
0.372786
0.956249
0.087939
0.14735
0.900102
0.289724
0.53819
0.117883
0.847942
0.10766
0.784569
0.361125
0.485647
0.438487
0.842453
0.40018
0.561265
0.195107
0.66454
0.339513
0.132704
0.693555
0.381929
0.169341
0.305871
0.421779
0.934229
0.417894
0.935961
0.334267
0.464186
0.271937
0.401539
0.919147
0.764156
0.257395
0.734552
0.230112
0.032159
0.401337
0.732316
0.62944
0.291087
0.993432
0.510966
0.009898
0.163243
0.593011
0.754465
0.937669
0.228607
0.458691
0.432805
0.471992
0.142942
0.926227
0.996451
0.900331
0.06393
0.206103
0.540241
0.769206
0.296231
0.439075
0.686238
0.432945
0.734079
0.548307
0.104474
0.381529
0.641591
0.98121
0.912941
0.898128
0.983828
0.857587
0.592105
0.211756
0.840336
0.256465
0.633872
0.835971
0.206151
0.787879
0.046962
0.148459
0.842113
0.517298
0.407314
0.262201
0.742474
0.598058
0.878101
0.583465
0.528771
0.815845
0.198933
0.90523
0.956166
0.461552
0.945932
0.848016
0.021991
0.597623
0.115533
0.914396
0.520145
0.436161
0.798648
0.252897
0.883387
0.820813
0.737963
0.102183
0.020588
0.063271
0.403658
0.940735
0.16237
0.216755
0.17374
0.660542
0.05819
0.520822
0.410928
0.945295
0.594188
0.970964
0.81782
0.152009
0.570175
0.342554
0.301776
0.592733
0.480795
0.722129
0.143158
0.419124
0.209575
0.701172
0.501602
0.685643
0.615654
0.711429
0.603773
0.587097
0.63341
0.914489
0.59369
0.045542
0.205056
0.838326
0.634552
0.370373
0.683415
0.091564
0.889895
0.040418
0.434449
0.927837
0.010918
0.43836
0.175103
0.664056
0.696416
0.184661
0.33886
0.853967
0.607919
0.536159
0.218657
0.010018
0.291957
0.523777
0.642046
0.843683
0.422513
0.24206
0.102533
0.621287
0.013078
0.517753
0.554324
0.680823
0.527643
0.084509
0.309262
0.231283
0.03031
0.103869
0.612615
0.295852
0.194805
0.480742
0.299706
0.118987
0.552834
0.693183
0.201846
0.754594
0.996949
0.879004
0.756241
0.378281
0.872415
0.175053
0.145116
0.233552
0.955506
0.403028
0.979441
0.478196
0.867438
0.428484
0.343209
0.239384
0.862555
0.445101
0.845714
0.774703
0.217762
0.396633
0.846111
0.211761
0.81897
0.30184
0.417864
0.137842
0.938862
0.151231
0.697762
0.924759
0.541123
0.536481
0.2155
0.567195
0.247843
0.914435
0.54241
0.231816
0.716867
0.043067
0.051836
0.084952
0.344477
0.354638
0.124117
0.058232
0.274281
0.119216
0.493766
0.374947
0.468224
0.886899
0.169175
0.887408
0.251917
0.733083
0.221679
0.197805
0.205829
0.033319
0.204194
0.618004
0.619499
0.021364
0.336128
0.846439
0.603058
0.227626
0.05217
0.709965
0.915878
0.269644
0.336567
0.616934
0.090647
0.511586
0.756507
0.732742
0.622952
0.298513
0.553251
0.80271
0.756135
0.748263
0.876573
0.099552
0.858587
0.671007
0.728641
0.454725
0.107012
0.883183
0.970941
0.660883
0.739636
0.703313
0.507649
0.19854
0.731609
0.776794
0.933877
0.870856
0.609351
0.453749
0.098437
0.48184
0.753038
0.359475
0.589776
0.625829
0.168102
0.670044
0.721311
0.051289
0.295984
0.951365
0.961849
0.573561
0.06371
0.653809
0.60716
0.381093
0.913062
0.852767
0.569804
0.896603
0.084422
0.853849
0.783679
0.224912
0.020322
0.157796
0.365913
0.836859
0.829517
0.559389
0.451268
0.349847
0.331527
0.441898
0.924167
0.878738
0.838458
0.965489
0.556201
0.921591
0.854768
0.23782
0.560858
0.930195
0.754356
0.315471
0.25685
0.464127
0.421404
0.117199
0.863439
0.659294
0.415281
0.710286
0.454267
0.288434
0.166582
0.569828
0.059244
0.174263
0.143689
0.365465
0.28526
0.859325
0.88128
0.343906
0.677683
0.845955
0.014907
0.95136
0.145893
0.440974
0.701814
0.428922
0.432372
0.549961
0.440019
0.537935
0.860111
0.240857
0.978951
0.601518
0.300751
0.725755
0.153977
0.275627
0.123403
0.247377
0.034348
0.03733
0.008276
0.232048
0.454145
0.845346
0.263584
0.897468
0.641458
0.356218
0.45011
0.263897
0.596629
0.514475
0.927755
0.451767
0.762576
0.366789
0.653787
0.169984
0.427369
0.023795
0.322261
0.061753
0.847734
0.76295
0.13945
0.758546
0.524328
0.466398
0.556323
0.249494
0.841275
0.023592
0.614976
0.919425
0.266867
0.146472
0.635979
0.654334
0.39968
0.983422
0.800923
0.058573
0.982443
0.666135
0.57539
0.820009
0.02108
0.232138
0.04733
0.040123
0.484868
0.885493
0.094336
0.313071
0.787879
0.413913
0.631464
0.571512
0.184794
0.458026
0.81558
0.03956
0.809043
0.177094
0.0293
0.672837
0.683423
0.35671
0.463781
0.152866
0.23403
0.884642
0.70031
0.004137
0.540533
0.884709
0.370467
0.501191
0.865943
0.160536
0.398241
0.373938
0.678427
0.239421
0.636842
0.25074
0.141235
0.125865
0.826882
0.334203
0.904557
0.895243
0.54962
0.113198
0.590255
0.879461
0.110699
0.282533
0.462799
0.62276
0.715455
0.4628
0.986233
0.500037
0.543577
0.802664
0.784087
0.416776
0.139183
0.096029
0.918001
0.398326
0.138541
0.087894
0.621698
0.334142
0.582671
0.771859
0.960762
0.856109
0.562286
0.377045
0.089565
0.331991
0.776465
0.456863
0.04457
0.752267
0.954595
0.924747
0.458666
0.12101
0.03648
0.935555
0.618396
0.531785
0.002676
0.021902
0.486584
0.858827
0.028837
0.542598
0.571817
0.084777
0.788267
0.827437
0.737563
0.782791
0.202731
0.808488
0.904963
0.958342
0.737991
0.522347
0.01299
0.760883
0.030345
0.809645
0.604202
0.357501
0.971598
0.350902
0.153523
0.021857
0.787869
0.626484
0.059671
0.196837
0.482726
0.666853
0.582814
0.510484
0.20846
0.276054
0.841364
0.525186
0.41224
0.593268
0.981702
0.354132
0.680028
0.86724
0.655771
0.40897
0.475803
0.40102
0.635558
0.747845
0.433986
0.787127
0.782801
0.864152
0.010667
0.190075
0.687945
0.488988
0.982579
0.108439
0.502611
0.523842
0.986204
0.32508
0.120936
0.99701
0.143599
0.993975
0.088072
0.442495
0.467722
0.180244
0.52296
0.608086
0.371911
0.158062
0.523205
0.045129
0.39848
0.1901
0.967982
0.69604
0.327794
0.530956
0.400076
0.844746
0.247281
0.243785
0.566608
0.272393
0.561294
0.506293
0.045493
0.17738
0.099872
0.867321
0.724518
0.13707
0.942078
0.138634
0.813701
0.052344
0.051919
0.202981
0.388869
0.316939
0.916603
0.072409
0.37989
0.049262
0.867528
0.862418
0.932122
0.640682
0.078349
0.976485
0.892292
0.249874
0.735688
0.363074
0.103675
0.534369
0.761438
0.433397
0.200689
0.860694
0.931175
0.583089
0.976483
0.379652
0.350709
0.545908
0.148767
0.994784
0.601527
0.632375
0.176685
0.203906
0.381478
0.8603
0.934638
0.212594
0.622583
0.266867
0.462393
0.340524
0.977284
0.850702
0.398118
0.230249
0.823478
0.085344
0.323121
0.682361
0.041363
0.637892
0.069582
0.744898
0.40936
0.363211
0.949859
0.025721
0.868485
0.184261
0.180982
0.943939
0.425623
0.319405
0.615704
0.291009
0.67235
0.039207
0.903932
0.767715
0.538722
0.413751
0.597281
0.333474
0.28943
0.260935
0.230929
0.993601
0.734829
0.600501
0.118736
0.490296
0.456498
0.309927
0.839272
0.398006
0.372183
0.372557
0.864819
0.099218
0.877929
0.163365
0.332271
0.670154
0.364062
0.244562
0.207941
0.18994
0.821814
0.336919
0.084422
0.9802
0.739995
0.208568
0.082059
0.727029
0.818395
0.401692
0.252947
0.725057
0.846609
0.756632
0.473526
0.397619
0.505442
0.901926
0.466494
0.145922
0.428999
0.853813
0.08172
0.28109
0.374441
0.307425
0.057669
0.963557
0.857204
0.119572
0.901761
0.908078
0.336172
0.111634
0.184805
0.520956
0.523521
0.421935
0.874727
0.425698
0.842583
0.894751
0.922289
0.503319
0.116492
0.884171
0.179106
0.202406
0.919586
0.542995
0.375601
0.334005
0.08029
0.925039
0.349366
0.035814
0.478435
0.298891
0.458693
0.59617
0.427008
0.264599
0.525618
0.53196
0.760925
0.870446
0.809673
0.462958
0.299154
0.219506
0.41161
0.954414
0.535284
0.804797
0.6251
0.465023
0.908323
0.115199
0.55336
0.722897
0.704733
0.574964
0.292745
0.944527
0.098766
0.252788
0.687671
0.960478
0.824333
0.184411
0.242194
0.997632
0.289284
0.925039
0.414119
0.408635
0.768117
0.344564
0.341048
0.803121
0.613913
0.84824
0.646659
0.621907
0.935812
0.749689
0.445289
0.916807
0.525319
0.144217
0.644521
0.360707
0.161554
0.955988
0.92469
0.312961
0.613608
0.678254
0.528806
0.972838
0.878778
0.819621
0.218499
0.318596
0.865097
0.479067
0.982003
0.195794
0.025323
0.001023
0.753017
0.383611
0.341914
0.803694
0.113644
0.349242
0.115329
0.484422
0.104707
0.815812
0.121664
0.114529
0.827087
0.739478
0.975774
0.535417
0.636709
0.937208
0.298629
0.960967
0.23866
0.339615
0.547726
0.998433
0.661569
0.551949
0.62302
0.087465
0.363958
0.352522
0.591349
0.272142
0.002253
0.745963
0.903222
0.720913
0.719215
0.398901
0.137188
0.207782
0.255746
0.883999
0.748689
0.18818
0.527712
0.532275
0.108188
0.859115
0.606322
0.716638
0.974153
0.704268
0.468755
0.683144
0.355168
0.617791
0.001848
0.968673
0.77176
0.97586
0.377854
0.398458
0.917081
0.65545
0.652952
0.62137
0.310473
0.675894
0.124082
0.603314
0.556236
0.631829
0.811959
0.418197
0.793914
0.590077
0.442343
0.27935
0.676325
0.343014
0.151354
0.39208
0.507723
0.969776
0.213978
0.458923
0.464698
0.585292
0.720026
0.638966
0.533633
0.298274
0.083872
0.006682
0.841431
0.090785
0.429652
0.745837
0.73649
0.164218
0.768606
0.028525
0.311152
0.83705
0.15875
0.763425
0.260438
0.632038
0.982185
0.335617
0.562263
0.778577
0.068957
0.790376
0.383617
0.816753
0.161547
0.834414
0.010304
0.788108
0.498745
0.807955
0.222694
0.251081
0.70463
0.225928
0.3941
0.870539
0.114509
0.364469
0.628639
0.622211
0.729892
0.733627
0.86024
0.244013
0.996258
0.567594
0.938034
0.362923
0.887045
0.503102
0.156713
0.453568
0.218055
0.723277
0.89992
0.853058
0.956191
0.947276
0.301166
0.247987
0.417012
0.006506
0.925624
0.984
0.410072
0.042901
0.221512
0.299545
0.521283
0.839604
0.526435
0.87673
0.847098
0.758265
0.521434
0.016137
0.331504
0.548614
0.134394
0.447665
0.729839
0.21516
0.346103
0.735842
0.283227
0.774774
0.902108
0.867571
0.631301
0.350322
0.864593
0.134478
0.037919
0.653962
0.759241
0.4093
0.776575
0.470606
0.911951
0.426616
0.452521
0.157187
0.677636
0.596292
0.663139
0.148841
0.895352
0.19779
0.573233
0.402458
0.563903
0.838959
0.812777
0.399374
0.838089
0.617413
0.439855
0.734937
0.160246
0.006201
0.762707
0.046683
0.968978
0.526345
0.146055
0.832303
0.912372
0.180408
0.874826
0.057671
0.49747
0.019167
0.379118
0.009314
0.724887
0.162018
0.513809
0.541503
0.352315
0.281567
0.930625
0.334537
0.748553
0.263417
0.144666
0.508884
0.555483
0.111237
0.161601
0.999118
0.977826
0.532998
0.35087
0.130457
0.886899
0.666013
0.314953
0.541888
0.677598
0.192179
0.214347
0.70108
0.781229
0.481737
0.667468
0.474908
0.808497
0.931876
0.19757
0.615068
0.174525
0.487972
0.438571
0.390691
0.172366
0.477755
0.067112
0.104539
0.430072
0.074252
0.820637
0.569427
0.848957
0.602505
0.150877
0.653576
0.458007
0.742823
0.165691
0.845626
0.047182
0.771656
0.287671
0.170049
0.286224
0.114278
0.029463
0.028221
0.11803
0.699504
0.217825
0.930439
0.009582
0.818344
0.163052
0.942727
0.488385
0.583457
0.781826
0.929847
0.292357
0.953853
0.326135
0.151478
0.732313
0.290236
0.504774
0.81017
0.736916
0.877148
0.790619
0.990679
0.493815
0.142472
0.189859
0.706609
0.776148
0.57895
0.336625
0.04834
0.663431
0.670892
0.015932
0.823313
0.06969
0.149165
0.595554
0.808067
0.038979
0.097438
0.04539
0.247216
0.15589
0.728607
0.200558
0.177816
0.633015
0.770014
0.692707
0.26877
0.473806
0.382912
0.619331
0.225026
0.82097
0.983188
0.456829
0.933089
0.291854
0.028039
0.780428
0.4151
0.448805
0.987224
0.485147
0.729152
0.947275
0.121379
0.584078
0.686037
0.277275
0.726173
0.184998
0.920804
0.824339
0.309583
0.911928
0.479514
0.849013
0.296261
0.588532
0.905802
0.470757
0.498608
0.538855
0.780059
0.328444
0.008256
0.694519
0.922737
0.285176
0.757349
0.701603
0.386897
0.592544
0.702803
0.512247
0.37074
0.586445
0.986298
0.665041
0.335798
0.41619
0.684463
0.585988
0.305807
0.522455
0.373772
0.245275
0.339541
0.493307
0.162531
0.504131
0.847742
0.541116
0.793815
0.647671
0.713836
0.933044
0.737571
0.579271
0.489432
0.677118
0.768822
0.712903
0.391082
0.654519
0.784175
0.893905
0.506429
0.1308
0.270522
0.664987
0.186646
0.219474
0.845563
0.280132
0.988656
0.380379
0.765709
0.87762
0.778469
0.374614
0.882968
0.526275
0.087024
0.722347
0.150691
0.730494
0.612495
0.240282
0.161428
0.37199
0.68905
0.484243
0.545686
0.242968
0.330033
0.2633
0.385037
0.622462
0.043344
0.229628
0.618669
0.538776
0.634713
0.414886
0.220625
0.821963
0.944952
0.879028
0.663141
0.112082
0.970053
0.15464
0.472521
0.057251
0.218013
0.587603
0.398367
0.534769
0.612366
0.167895
0.260465
0.455957
0.193312
0.31634
0.045064
0.96901
0.929709
0.646155
0.433925
0.636302
0.956356
0.163542
0.636596
0.374542
0.858492
0.612606
0.6808
0.880203
0.149783
0.78539
0.25588
0.387842
0.707979
0.7351
0.904087
0.567681
0.977488
0.25912
0.685121
0.360793
0.884106
0.907439
0.556521
0.174416
0.877196
0.833401
0.873973
0.006422
0.712642
0.330443
0.622483
0.63697
0.411876
0.27921
0.613719
0.4752
0.440308
0.428943
0.270808
0.180525
0.359936
0.392369
0.291397
0.540279
0.037521
0.968827
0.94363
0.158833
0.098999
0.891781
0.660595
0.700095
0.562241
0.639478
0.887908
0.291621
0.201281
0.248267
0.457714
0.690004
0.322595
0.024596
0.185471
0.892337
0.889443
0.409552
0.195944
0.775543
0.357395
0.640369
0.877041
0.339881
0.062261
0.686382
0.911925
0.803507
0.517145
0.198804
0.064672
0.851535
0.259414
0.439354
0.444496
0.263098
0.303981
0.179127
0.562158
0.572237
0.89235
0.059992
0.220314
0.399364
0.86219
0.585175
0.86591
0.773667
0.736638
0.937928
0.097718
0.194366
0.988241
0.543152
0.896833
0.892278
0.940895
0.969744
0.503544
0.709527
0.908558
0.616873
0.283312
0.84353
0.968947
0.247141
0.790601
0.488508
0.664128
0.084137
0.48644
0.219888
0.312485
0.255999
0.817157
0.543725
0.979052
0.348808
0.58002
0.375809
0.218002
0.930998
0.269879
0.342237
0.837435
0.598692
0.151537
0.677573
0.488
0.07871
0.456288
0.005097
0.17933
0.176467
0.686547
0.498955
0.342069
0.752885
0.108677
0.94036
0.448658
0.785417
0.88295
0.674614
0.031085
0.516826
0.331814
0.634333
0.51081
0.366139
0.895785
0.385036
0.299652
0.625403
0.951787
0.236265
0.341786
0.219715
0.590978
0.887032
0.121174
0.682099
0.762577
0.482593
0.886556
0.986566
0.876331
0.854229
0.921747
0.720732
0.996274
0.643332
0.076689
0.275948
0.478682
0.821586
0.988915
0.582577
0.608192
0.763598
0.197038
0.267506
0.461684
0.829325
0.696493
0.854081
0.219178
0.830893
0.82465
0.955093
0.969718
0.264285
0.197526
0.609542
0.624535
0.238275
0.639792
0.719656
0.889263
0.893139
0.889153
0.545417
0.883151
0.504802
0.63836
0.472195
0.419363
0.61051
0.523375
0.668935
0.840991
0.717953
0.756245
0.577827
0.245764
0.610315
0.574688
0.363678
0.506189
0.311294
0.912967
0.882173
0.808269
0.863451
0.118029
0.617357
0.426698
0.049743
0.529304
0.265617
0.030313
0.240352
0.951515
0.5086
0.423239
0.159477
0.09817
0.10384
0.578102
0.378844
0.962718
0.271507
0.502291
0.760895
0.49698
0.024573
0.854606
0.740039
0.567254
0.224394
0.083178
0.792867
0.523648
0.025992
0.470555
0.053971
0.897182
0.687808
0.735812
0.356533
0.797223
0.92768
0.716476
0.92834
0.037633
0.716969
0.280356
0.428469
0.3787
0.967886
0.277363
0.038615
0.836592
0.418695
0.384403
0.861505
0.141295
0.123992
0.304288
0.884491
0.643701
0.021245
0.514808
0.897709
0.919661
0.135033
0.322182
0.371533
0.254809
0.288964
0.360135
0.942981
0.207658
0.31772
0.312528
0.904838
0.362163
0.725438
0.335977
0.265206
0.25685
0.932202
0.128987
0.213789
0.487209
0.736802
0.910856
0.714282
0.078003
0.008585
0.5699
0.672777
0.658684
0.283455
0.486233
0.067832
0.084867
0.231852
0.36406
0.58427
0.380426
0.79618
0.154216
0.514649
0.184924
0.43305
0.428465
0.29605
0.749399
0.04616
0.295119
0.559351
0.047093
0.869862
0.964676
0.667913
0.268749
0.774267
0.070359
0.343685
0.866756
0.971255
0.93198
0.968875
0.442134
0.982447
0.811403
0.631899
0.075086
0.502975
0.128257
0.352298
0.853478
0.318529
0.796055
0.973662
0.141519
0.695648
0.303576
0.062065
0.896954
0.448662
0.095751
0.678268
0.49543
0.052709
0.512227
0.424032
0.162105
0.806941
0.291216
0.691473
0.921559
0.054318
0.474968
0.472217
0.950544
0.650064
0.118394
0.583251
0.95021
0.03323
0.502817
0.129894
0.364618
0.740746
0.275046
0.971559
0.901454
0.213083
0.590515
0.785653
0.017656
0.042774
0.628474
0.311268
0.678485
0.446486
0.204502
0.248906
0.377873
0.656031
0.917159
0.286268
0.774921
0.094055
0.09037
0.44928
0.581274
0.629023
0.85896
0.160984
0.695759
0.875731
0.406877
0.428512
0.144076
0.875678
0.201886
0.348741
0.479008
0.524931
0.725292
0.030165
0.230423
0.305551
0.047534
0.668289
0.27755
0.529777
0.286327
0.636097
0.03833
0.331536
0.265926
0.571844
0.423955
0.99648
0.085572
0.447642
0.352222
0.215345
0.560537
0.108158
0.59628
0.727429
0.86489
0.864883
0.954951
0.470857
0.172043
0.605347
0.181629
0.225215
0.86451
0.783178
0.2482
0.538137
0.227161
0.513509
0.641067
0.273012
0.499436
0.369905
0.854558
0.140688
0.006502
0.215951
0.032729
0.659848
0.11292
0.360177
0.265384
0.364107
0.48567
0.390219
0.650628
0.610986
0.128326
0.474736
0.134999
0.715054
0.160466
0.298864
0.681909
0.047012
0.014768
0.074177
0.952997
0.726042
0.583434
0.19359
0.813973
0.408389
0.021803
0.491131
0.530806
0.692583
0.723534
0.017021
0.762041
0.520197
0.164158
0.943309
0.468077
0.416991
0.458502
0.281999
0.407287
0.243138
0.169908
0.9954
0.551018
0.70241
0.468023
0.987705
0.494949
0.8359
0.6457
0.917809
0.475801
0.170911
0.170494
0.286115
0.885178
0.536301
0.270134
0.259333
0.718193
0.088993
0.235627
0.152038
0.490962
0.366663
0.305858
0.649269
0.795461
0.537562
0.517031
0.29317
0.542981
0.174921
0.8173
0.18966
0.866332
0.720661
0.920763
0.314819
0.526696
0.482129
0.036241
0.44845
0.469921
0.64242
0.903331
0.469253
0.742422
0.229569
0.049674
0.87383
0.507426
0.798013
0.136585
0.662882
0.082436
0.61043
0.523879
0.101209
0.334578
0.437045
0.291809
0.893071
0.844994
0.592187
0.948289
0.366004
0.65314
0.904104
0.147426
0.365107
0.370542
0.13677
0.492866
0.135161
0.070473
0.832086
0.997106
0.762293
0.986223
0.014221
0.228516
0.573727
0.291667
0.015133
0.214759
0.429256
0.907741
0.331077
0.943493
0.846064
0.776802
0.944695
0.785281
0.837332
0.34445
0.681168
0.695237
0.252838
0.338222
0.393952
0.887643
0.675993
0.390795
0.825137
0.744731
0.79797
0.338371
0.086813
0.984023
0.244007
0.503595
0.4515
0.087075
0.156216
0.885934
0.113409
0.884603
0.477864
0.279012
0.75843
0.267527
0.930247
0.750037
0.713292
0.630584
0.366361
0.668531
0.548056
0.311087
0.782538
0.327361
0.605024
0.602923
0.147301
0.781995
0.754436
0.949267
0.459972
0.791419
0.593099
0.074824
0.934227
0.062199
0.843849
0.164196
0.912447
0.245007
0.751885
0.995208
0.240903
0.132452
0.496968
0.368359
0.17536
0.431237
0.678739
0.451289
0.740304
0.103096
0.808268
0.623788
0.132915
0.151366
0.335676
0.75217
0.450969
0.691686
0.773566
0.074169
0.360053
0.682512
0.311603
0.044918
0.808635
0.390235
0.875029
0.822029
0.612319
0.629173
0.52467
0.118133
0.942297
0.743354
0.608847
0.526995
0.508221
0.457758
0.355951
0.043234
0.38665
0.212265
0.878968
0.936402
0.302913
0.323574
0.208247
0.957211
0.12145
0.54567
0.064069
0.580512
0.727681
0.377125
0.350536
0.545841
0.350899
0.987634
0.950811
0.078447
0.957316
0.279471
0.208289
0.203417
0.540611
0.648472
0.017238
0.115457
0.206082
0.581316
0.08045
0.326414
0.729383
0.324805
0.01689
0.137121
0.273245
0.502955
0.962604
0.147131
0.000659
0.406896
0.047964
0.351709
0.370618
0.667853
0.795664
0.554496
0.036779
0.492712
0.181912
0.304715
0.751156
0.133593
0.831458
0.568093
0.104819
0.114485
0.075045
0.957343
0.093045
0.817566
0.925424
0.675538
0.721981
0.583678
0.288336
0.017683
0.652132
0.554274
0.561168
0.173526
0.372212
0.431037
0.766107
0.193422
0.268416
0.710033
0.828132
0.466135
0.098207
0.074427
0.083676
0.78599
0.561225
0.10389
0.32769
0.163245
0.54497
0.954699
0.795382
0.527537
0.690068
0.196825
0.832657
0.375726
0.382028
0.727543
0.01886
0.243076
0.522452
0.483636
0.181544
0.714974
0.426106
0.516507
0.781527
0.446428
0.451497
0.112663
0.139826
0.894971
0.196377
0.803913
0.296287
0.099091
0.485083
0.703136
0.725742
0.20137
0.635423
0.273485
0.70727
0.475403
0.411423
0.477854
0.659266
0.815918
0.1654
0.293808
0.209165
0.269891
0.225319
0.618435
0.684168
0.35669
0.282774
0.641533
0.762395
0.663763
0.924704
0.81687
0.98263
0.939879
0.742978
0.148627
0.317682
0.022683
0.461975
0.703099
0.383267
0.569765
0.547272
0.849133
0.011575
0.96035
0.116878
0.41014
0.947995
0.291284
0.517239
0.034414
0.967446
0.131572
0.764285
0.796497
0.776349
0.743481
0.900753
0.739488
0.601981
0.047123
0.424284
0.265448
0.194051
0.396598
0.410132
0.856198
0.044502
0.04254
0.100833
0.396633
0.284091
0.453222
0.498809
0.338988
0.589902
0.158533
0.129057
0.071534
0.611499
0.939101
0.633976
0.771619
0.309562
0.84973
0.771376
0.930654
0.842155
0.606344
0.490575
0.1611
0.043823
0.891621
0.766616
0.772955
0.502718
0.581765
0.313863
0.233282
0.841974
0.158382
0.854924
0.006075
0.73443
0.890655
0.475835
0.218628
0.263417
0.57094
0.840646
0.730537
0.895641
0.887043
0.208053
0.633623
0.634144
0.800575
0.856795
0.910249
0.007264
0.475436
0.701602
0.424238
0.511946
0.85327
0.296934
0.632934
0.035074
0.376856
0.949904
0.091224
0.70625
0.336492
0.118202
0.824876
0.571415
0.492781
0.658283
0.942994
0.648981
0.00728
0.535723
0.567979
0.329551
0.483374
0.129748
0.781795
0.35367
0.931203
0.080605
0.568131
0.771322
0.030725
0.857725
0.006192
0.329998
0.70297
0.137348
0.236785
0.991871
0.673732
0.831099
0.567514
0.740348
0.430733
0.411851
0.880438
0.290716
0.928288
0.541331
0.539456
0.916292
0.316928
0.520704
0.408574
0.991705
0.872902
0.856488
0.805409
0.801122
0.178881
0.755677
0.223462
0.62497
0.575879
0.208707
0.981969
0.680048
0.94536
0.598223
0.443475
0.844554
0.902613
0.035762
0.297805
0.099196
0.039309
0.977842
0.584855
0.256836
0.349877
0.828008
0.703528
0.460279
0.299555
0.485703
0.052645
0.655134
0.13578
0.772443
0.859027
0.863348
0.981963
0.512797
0.973142
0.781771
0.514015
0.493253
0.472612
0.620907
0.57354
0.754728
0.741333
0.791482
0.983786
0.527113
0.29543
0.851327
0.689407
0.915447
0.697553
0.776783
0.809111
0.463173
0.900191
0.678772
0.010888
0.952466
0.249015
0.284613
0.293656
0.563066
0.282891
0.3494
0.970365
0.213111
0.909527
0.44557
0.217653
0.656922
0.612747
0.212625
0.568557
0.019955
0.830073
0.412269
0.267773
0.61332
0.732242
0.111997
0.559063
0.237451
0.938015
0.253831
0.713556
0.318591
0.100456
0.845364
0.257364
0.980458
0.040628
0.811795
0.56931
0.334847
0.449879
0.414262
0.860772
0.557157
0.90679
0.92082
0.056824
0.551406
0.750503
0.754613
0.669071
0.270351
0.102814
0.378734
0.5451
0.767222
0.020591
0.897442
0.795942
0.549699
0.107773
0.063177
0.335495
0.785382
0.95901
0.040358
0.007528
0.971702
0.363899
0.845024
0.198144
0.186065
0.825408
0.616524
0.137453
0.975874
0.432808
0.601892
0.194207
0.873978
0.220433
0.289239
0.486529
0.011153
0.573565
0.759737
0.507339
0.655701
0.896158
0.575996
0.519154
0.170858
0.337179
0.06468
0.141471
0.890051
0.635106
0.093543
0.477267
0.967306
0.460815
0.824646
0.682288
0.207597
0.232333
0.585388
0.68405
0.522568
0.086847
0.565232
0.090324
0.839919
0.129767
0.517321
0.086624
0.089013
0.10348
0.432356
0.190414
0.060458
0.314412
0.866282
0.074473
0.890949
0.625931
0.518981
0.871317
0.471936
0.07747
0.748745
0.028402
0.807853
0.956534
0.048218
0.792444
0.932245
0.148178
0.851319
0.40573
0.455401
0.792152
0.969526
0.927336
0.908308
0.562898
0.035255
0.609774
0.088865
0.745066
0.178762
0.926962
0.456746
0.858915
0.031315
0.136935
0.840784
0.13043
0.707131
0.40607
0.116084
0.580764
0.076206
0.057284
0.284988
0.995116
0.164169
0.141126
0.807681
0.516451
0.448677
0.400673
0.586726
0.381365
0.225441
0.706637
0.173476
0.032202
0.072087
0.584076
0.792611
0.17297
0.157052
0.695118
0.230446
0.170423
0.698947
0.725798
0.389649
0.781731
0.749522
0.130636
0.948732
0.910147
0.757764
0.301916
0.482992
0.487352
0.142155
0.680888
0.23609
0.633386
0.014341
0.778818
0.1397
0.973811
0.698901
0.219309
0.668344
0.303811
0.134652
0.512869
0.855236
0.405254
0.768282
0.084894
0.878054
0.996934
0.882492
0.710925
0.955843
0.935828
0.658714
0.669091
0.623256
0.173463
0.749474
0.131949
0.35814
0.777157
0.296744
0.767775
0.358729
0.58208
0.243445
0.817228
0.425581
0.095641
0.366949
0.09009
0.546902
0.986195
0.745287
0.512289
0.854697
0.210318
0.862912
0.230719
0.240904
0.403803
0.722059
0.84899
0.940754
0.107498
0.879081
0.331187
0.475726
0.824004
0.735193
0.592031
0.406272
0.886568
0.315449
0.020127
0.949324
0.501818
0.871798
0.220337
0.518861
0.745621
0.259793
0.527584
0.896677
0.07136
0.684183
0.874711
0.341576
0.725909
0.607562
0.751673
0.51307
0.651593
0.792887
0.059336
0.887325
0.527418
0.884777
0.280437
0.568561
0.862593
0.613145
0.182006
0.009164
0.449309
0.599499
0.704044
0.064556
0.53686
0.54074
0.947978
0.849014
0.525678
0.21362
0.375666
0.253001
0.154477
0.191679
0.760181
0.250325
0.876731
0.10861
0.140256
0.286199
0.945682
0.669577
0.561575
0.92958
0.111193
0.692666
0.567905
0.113686
0.545788
0.275865
0.606942
0.444389
0.177793
0.396796
0.63234
0.075739
0.326813
0.159225
0.777056
0.97571
0.38318
0.825848
0.963552
0.233924
0.403648
0.30207
0.952378
0.993375
0.348284
0.745301
0.407371
0.130444
0.539706
0.291673
0.8537
0.52232
0.909406
0.254012
0.371758
0.689069
0.598679
0.112677
0.055076
0.558874
0.095811
0.502736
0.833445
0.5034
0.782616
0.370484
0.707936
0.887268
0.86459
0.487644
0.638139
0.929579
0.066944
0.755256
0.144555
0.530324
0.958806
0.991785
0.310964
0.313935
0.562762
0.335059
0.22699
0.135304
0.347918
0.553383
0.634366
0.36812
0.713034
0.245546
0.464248
0.151607
0.911662
0.164052
0.367216
0.595519
0.957516
0.619902
0.55168
0.004015
0.429499
0.338613
0.921287
0.140335
0.442781
0.63513
0.275533
0.719383
0.623888
0.538861
0.50112
0.109556
0.576977
0.151823
0.209326
0.735455
0.173895
0.638592
0.374801
0.402259
0.848707
0.725955
0.334449
0.227314
0.267301
0.636914
0.344572
0.600386
0.874875
0.246776
0.638665
0.872698
0.825512
0.15672
0.600377
0.343894
0.752496
0.833544
0.14029
0.310957
0.312465
0.503031
0.19498
0.023902
0.67091
0.003031
0.780311
0.156734
0.169902
0.455246
0.604858
0.08637
0.374635
0.248049
0.354293
0.731025
0.235962
0.077505
0.249768
0.363476
0.992532
0.547215
0.661537
0.230994
0.185911
0.130394
0.585837
0.861156
0.361636
0.638722
0.771976
0.285075
0.590229
0.968945
0.781683
0.39496
0.191351
0.976554
0.357066
0.296716
0.16239
0.143792
0.691576
0.54248
0.928959
0.865803
0.091214
0.966068
0.867993
0.311871
0.226703
0.807936
0.998974
0.59982
0.758372
0.791591
0.15301
0.826838
0.940992
0.569946
0.629482
0.990495
0.293904
0.851624
0.643076
0.87563
0.704764
0.739268
0.970107
0.035106
0.908374
0.845383
0.70317
0.88606
0.932822
0.258204
0.452724
0.106438
0.360659
0.352121
0.700271
0.059781
0.412894
0.69396
0.471334
0.529135
0.951324
0.65829
0.15117
0.572511
0.136498
0.639161
0.345427
0.761361
0.42573
0.309362
0.986929
0.922153
0.018179
0.7557
0.529765
0.129685
0.594746
0.421517
0.254761
0.052751
0.606375
0.128008
0.653789
0.950604
0.964117
0.485094
0.195467
0.981326
0.714426
0.490348
0.35924
0.104997
0.284811
0.970423
0.550947
0.381197
0.622203
0.042972
0.651311
0.770653
0.634257
0.700426
0.438262
0.370541
0.635169
0.741441
0.948667
0.823738
0.986099
0.759481
0.334325
0.194246
0.128136
0.610124
0.50241
0.690505
0.162093
0.903983
0.377542
0.214151
0.728347
0.273436
0.047577
0.799414
0.471116
0.993618
0.277542
0.611919
0.718452
0.943345
0.914614
0.150281
0.288282
0.544777
0.688
0.436143
0.455567
0.088626
0.807802
0.274279
0.304305
0.469005
0.956555
0.000564
0.289672
0.453998
0.219954
0.669852
0.61658
0.3222
0.938037
0.272685
0.988635
0.518043
0.587022
0.920201
0.32951
0.168745
0.321923
0.104857
0.161719
0.427324
0.612906
0.521157
0.773877
0.471486
0.725237
0.295719
0.156804
0.352457
0.202803
0.18893
0.551756
0.001568
0.603987
0.235261
0.364723
0.540532
0.677678
0.549122
0.077081
0.042552
0.825
0.673519
0.70379
0.304337
0.40394
0.873809
0.401721
0.050805
0.933255
0.46341
0.010505
0.499561
0.106833
0.484296
0.467807
0.197011
0.458722
0.871928
0.413858
0.597677
0.068272
0.481237
0.677383
0.472426
0.727781
0.222986
0.546705
0.178098
0.535935
0.72079
0.337657
0.998626
0.070401
0.629489
0.705019
0.61644
0.696966
0.840336
0.147439
0.204699
0.716839
0.695972
0.031918
0.746757
0.278908
0.712664
0.267861
0.247391
0.300724
0.590581
0.718845
0.570156
0.350733
0.147748
0.474017
0.450767
0.199791
0.101857
0.001078
0.702941
0.404945
0.816259
0.321933
0.745577
0.780527
0.814764
0.443852
0.002298
0.165001
0.201141
0.775832
0.324791
0.033365
0.851169
0.25491
0.425842
0.263417
0.625756
0.686747
0.078583
0.901414
0.705508
0.447855
0.272375
0.510837
0.309649
0.318134
0.36275
0.229762
0.378218
0.490846
0.18419
0.141986
0.895932
0.478074
0.86988
0.763177
0.875968
0.234936
0.568442
0.059717
0.412061
0.479991
0.686828
0.513997
0.450731
0.93104
0.358067
0.706184
0.160801
0.102016
0.182024
0.342995
0.952688
0.779286
0.453641
0.522196
0.11576
0.365981
0.366365
0.980257
0.602884
0.127566
0.215638
0.513033
0.17663
0.879399
0.547161
0.322849
0.877005
0.139821
0.903425
0.925093
0.214345
0.760604
0.150715
0.570364
0.679113
0.074108
0.079484
0.743176
0.437851
0.23831
0.384366
0.079988
0.014678
0.205581
0.268408
0.468557
0.78851
0.619365
0.248962
0.159728
0.521255
0.824958
0.513465
0.555259
0.125149
0.60784
0.398556
0.663297
0.72963
0.906009
0.282229
0.322423
0.335211
0.620461
0.37123
0.206263
0.719427
0.195115
0.290734
0.331928
0.741168
0.112766
0.607768
0.691477
0.821531
0.397907
0.802466
0.518346
0.047801
0.676133
0.425164
0.516243
0.392728
0.879808
0.810877
0.607631
0.742723
0.681716
0.791422
0.900061
0.000149
0.07929
0.656417
0.876365
0.643961
0.999832
0.669186
0.046939
0.112203
0.481707
0.927954
0.654196
0.705189
0.609085
0.036647
0.681455
0.472378
0.559918
0.061613
0.092702
0.861005
0.401199
0.808529
0.435206
0.378934
0.772149
0.114755
0.637966
0.171846
0.852658
0.196589
0.565602
0.289999
0.37751
0.424692
0.522683
0.902054
0.56758
0.749857
0.013577
0.997149
0.510414
0.878719
0.218673
0.149398
0.147682
0.256221
0.176556
0.553959
0.700478
0.180029
0.146084
0.13518
0.084427
0.951735
0.840996
0.948606
0.273838
0.868279
0.502345
0.840476
0.223097
0.072532
0.08769
0.758125
0.510724
0.374103
0.445032
0.577041
0.19261
0.653848
0.417673
0.5243
0.476404
0.631538
0.650096
0.739254
0.966589
0.188327
0.28773
0.824873
0.138804
0.896616
0.295575
0.709158
0.200984
0.780727
0.414379
0.211792
0.473394
0.356076
0.942242
0.209512
0.544132
0.7519
0.828609
0.4443
0.515279
0.230906
0.070551
0.850439
0.308002
0.221175
0.695346
0.072541
0.221966
0.737833
0.334263
0.962449
0.5957
0.393916
0.711957
0.677595
0.792056
0.100944
0.677708
0.104308
0.860656
0.236993
0.863872
0.089063
0.77043
0.366324
0.112793
0.752467
0.795729
0.399684
0.720613
0.839549
0.260569
0.3595
0.675796
0.327041
0.274078
0.478784
0.596036
0.236023
0.150385
0.362918
0.383808
0.473956
0.478619
0.234761
0.092042
0.162877
0.664805
0.123948
0.968327
0.729256
0.811631
0.950826
0.895531
0.349307
0.790803
0.192416
0.279404
0.623691
0.761989
0.251184
0.706322
0.017261
0.677498
0.439158
0.691497
0.031861
0.985428
0.094235
0.47859
0.728799
0.011071
0.888531
0.721219
0.810519
0.895569
0.540995
0.359231
0.913236
0.459994
0.429053
0.242009
0.396652
0.426837
0.584149
0.438132
0.232743
0.270446
0.433387
0.913884
0.066376
0.730843
0.564902
0.57034
0.940525
0.35399
0.802787
0.149961
0.416958
0.443047
0.153677
0.554491
0.280458
0.92037
0.341809
0.342301
0.100258
0.888797
0.109932
0.758638
0.341995
0.163082
0.67458
0.109567
0.3223
0.299523
0.155611
0.320755
0.681436
0.005392
0.735725
0.082596
0.288884
0.226825
0.541719
0.758689
0.336124
0.226991
0.444263
0.734313
0.513371
0.783486
0.459036
0.010417
0.8253
0.550043
0.009754
0.983433
0.900465
0.987113
0.094223
0.133524
0.340919
0.104664
0.89688
0.671042
0.10211
0.099369
0.885476
0.006919
0.873696
0.869528
0.881742
0.320615
0.005614
0.725793
0.294167
0.598216
0.183319
0.775929
0.948072
0.37256
0.650007
0.737159
0.215599
0.920485
0.735389
0.832702
0.949763
0.045544
0.193434
0.739669
0.498628
0.743847
0.917557
0.207971
0.840676
0.831276
0.287667
0.887413
0.963354
0.58395
0.778456
0.918295
0.230631
0.549626
0.289716
0.410315
0.29637
0.298447
0.773211
0.453667
0.370573
0.818284
0.432055
0.851701
0.451643
0.785932
0.592583
0.458188
0.86451
0.615355
0.827806
0.043723
0.788628
0.422681
0.160021
0.736646
0.836544
0.218328
0.463766
0.712331
0.10975
0.471603
0.789851
0.969199
0.761787
0.129328
0.719334
0.40508
0.790036
0.053338
0.358025
0.996596
0.841214
0.928539
0.235213
0.479153
0.809835
0.175565
0.59449
0.332346
0.209437
0.505407
0.472263
0.54432
0.340886
0.234523
0.108025
0.39519
0.935506
0.789969
0.839157
0.17344
0.079733
0.306804
0.479338
0.011686
0.650984
0.946431
0.862063
0.519097
0.943063
0.655499
0.596746
0.002089
0.98939
0.188483
0.119112
0.51801
0.568259
0.561429
0.654223
0.312291
0.618609
0.63054
0.510325
0.895035
0.65871
0.47923
0.928547
0.640157
0.879249
0.719558
0.849661
0.239905
0.164536
0.134484
0.005377
0.364897
0.077484
0.723055
0.929637
0.836993
0.34072
0.701679
0.675167
0.33658
0.776797
0.758313
0.917884
0.397222
0.218745
0.799904
0.286736
0.330861
0.727978
0.811639
0.097207
0.818308
0.09191
0.212924
0.542683
0.947769
0.002621
0.419874
0.557494
0.873077
0.35058
0.892736
0.489706
0.376716
0.219496
0.085021
0.661251
0.832448
0.35701
0.648357
0.880661
0.341281
0.144986
0.346817
0.098133
0.3324
0.471664
0.736063
0.682578
0.52032
0.230528
0.802532
0.521602
0.91259
0.655451
0.305114
0.364355
0.075062
0.658511
0.395072
0.02222
0.438531
0.697869
0.199463
0.572117
0.716868
0.23948
0.360047
0.923953
0.28178
0.744847
0.666424
0.77663
0.705377
0.078488
0.641966
0.230177
0.895735
0.809198
0.481637
0.670211
0.309704
0.12483
0.68431
0.994708
0.357735
0.349643
0.696544
0.952494
0.075362
0.364925
0.317615
0.627477
0.517138
0.839859
0.91112
0.824457
0.621259
0.683581
0.667432
0.035924
0.069454
0.57307
0.697869
0.316109
0.861383
0.58238
0.80836
0.623547
0.471931
0.871493
0.742635
0.439673
0.256066
0.920767
0.637557
0.175084
0.211851
0.004721
0.261234
0.453015
0.856968
0.732281
0.882903
0.76011
0.357516
0.109638
0.314934
0.807452
0.952758
0.408871
0.581448
0.514548
0.206871
0.006214
0.40236
0.252534
0.700894
0.268881
0.525794
0.832733
0.354362
0.188181
0.644007
0.353872
0.762897
0.284282
0.94988
0.04834
0.677121
0.293021
0.817735
0.10597
0.849294
0.897012
0.863314
0.427284
0.553462
0.585204
0.098947
0.49738
0.02602
0.09968
0.100298
0.905934
0.633247
0.63713
0.506375
0.670505
0.786677
0.355166
0.127809
0.683716
0.928746
0.156747
0.637397
0.751097
0.69655
0.658005
0.380658
0.589543
0.151762
0.246998
0.892791
0.390062
0.354087
0.519729
0.76377
0.100443
0.839714
0.263891
0.852386
0.627866
0.632351
0.53997
0.05373
0.019729
0.766899
0.494028
0.845525
0.745628
0.746937
0.241936
0.264036
0.057096
0.183513
0.072609
0.333509
0.802335
0.467759
0.382816
0.268099
0.279045
0.314731
0.10455
0.187787
0.584825
0.863009
0.974334
0.065978
0.341432
0.198118
0.000823
0.052586
0.834009
0.355456
0.189035
0.715189
0.141497
0.649276
0.891594
0.33174
0.971271
0.185767
0.6413
0.70073
0.603663
0.724008
0.081581
0.856602
0.391702
0.310201
0.720382
0.164963
0.548711
0.652428
0.515226
0.92627
0.819716
0.685776
0.198489
0.116055
0.427265
0.049872
0.406578
0.963435
0.089935
0.919151
0.313327
0.946244
0.195577
0.352791
0.00137
0.893171
0.390913
0.513148
0.127365
0.164233
0.871447
0.514905
0.000107
0.549388
0.585879
0.460195
0.902073
0.475315
0.59675
0.002468
0.109727
0.571437
0.335927
0.007789
0.470018
0.591546
0.528611
0.550805
0.822368
0.403964
0.13871
0.950998
0.308013
0.964891
0.179813
0.747667
0.831117
0.056333
0.90453
0.817105
0.343712
0.389854
0.198167
0.005034
0.065817
0.578615
0.207548
0.251436
0.687169
0.934557
0.049201
0.558003
0.237964
0.921911
0.876572
0.825547
0.869962
0.074696
0.787329
0.278924
0.757231
0.745018
0.556649
0.608403
0.393996
0.698065
0.684987
0.219445
0.883307
0.730852
0.343885
0.643186
0.43157
0.515885
0.263676
0.834457
0.775762
0.970632
0.891011
0.222916
0.047857
0.086411
0.212491
0.308898
0.975273
0.680672
0.888968
0.133935
0.147957
0.585383
0.220318
0.594914
0.025227
0.961812
0.821989
0.307781
0.050851
0.92099
0.081215
0.33066
0.271637
0.923593
0.57705
0.39246
0.603713
0.443594
0.613086
0.076842
0.762132
0.066092
0.638422
0.822436
0.592764
0.449941
0.646149
0.652439
0.311763
0.976625
0.561286
0.557232
0.192551
0.560738
0.597369
0.260167
0.415152
0.625044
0.625142
0.177629
0.174904
0.901126
0.500875
0.977372
0.041105
0.878209
0.384291
0.57122
0.018946
0.002054
0.85961
0.381038
0.854948
0.275809
0.871725
0.591824
0.222482
0.177548
0.101723
0.826334
0.920824
0.840944
0.978349
0.357595
0.363365
0.504696
0.055038
0.380072
0.175398
0.483561
0.410829
0.090736
0.107037
0.734502
0.439935
0.766138
0.12737
0.674448
0.265192
0.069655
0.873559
0.344049
0.15729
0.196656
0.431508
0.621204
0.332742
0.49154
0.674344
0.972249
0.541456
0.618562
0.076684
0.608039
0.643868
0.277669
0.112586
0.015355
0.514866
0.097486
0.266128
0.365506
0.332667
0.631244
0.249879
0.466893
0.945683
0.810915
0.442772
0.16376
0.337462
0.086048
0.395214
0.300859
0.262052
0.704878
0.443012
0.143287
0.288394
0.736529
0.263118
0.385892
0.07005
0.911242
0.557894
0.191062
0.138933
0.65638
0.387814
0.570666