256 4
0
1
195
197
234
1
14
88
98
249
2
6
63
158
233
3
34
193
211
234
4
23
134
172
185
5
43
60
70
221
6
51
75
168
220
7
55
111
137
181
8
104
131
136
238
9
29
34
236
247
10
33
53
143
152
11
42
105
160
204
12
151
182
248
253
13
23
47
100
145
14
42
104
135
247
15
84
85
190
243
16
56
67
248
254
17
79
147
182
247
18
49
147
182
242
19
48
107
123
229
20
21
48
61
188
12
21
27
49
177
2
22
60
92
189
23
105
117
121
175
24
168
171
172
241
25
40
104
143
158
26
70
75
119
145
22
27
89
125
205
28
55
229
240
247
29
31
94
105
240
30
129
179
205
250
31
45
61
104
151
32
77
170
192
228
33
226
233
238
244
34
119
137
177
250
35
67
123
201
255
36
92
203
227
232
9
37
82
135
188
38
64
75
84
194
9
17
39
46
190
40
52
87
144
210
8
11
36
41
69
42
86
113
175
183
40
43
79
206
249
1
44
158
224
238
45
80
83
166
220
32
46
89
103
198
47
111
186
205
206
48
119
124
167
246
30
49
73
109
189
50
84
201
224
247
34
46
51
86
209
52
122
139
223
231
2
53
92
210
248
11
54
131
238
251
38
55
102
116
172
28
40
56
105
250
52
57
227
245
249
56
58
124
233
237
39
59
61
124
249
23
60
119
198
234
61
109
113
122
242
16
62
145
169
244
63
75
154
157
215
64
79
81
169
176
13
65
121
144
152
48
66
108
221
231
67
172
177
213
217
9
23
68
159
177
47
69
120
180
234
33
59
70
236
241
1
4
36
71
137
72
75
112
131
135
19
73
92
158
254
53
61
74
195
197
45
75
139
163
177
4
76
88
165
174
63
77
80
109
198
78
88
125
142
214
25
79
84
147
224
80
211
217
224
246
81
122
154
157
194
25
31
72
82
224
83
143
148
229
251
14
26
84
158
207
70
85
145
156
211
83
86
161
195
219
72
87
205
223
253
47
88
113
140
201
14
65
89
215
219
20
39
41
90
122
10
73
91
125
163
0
49
92
211
245
93
135
140
173
231
0
94
238
254
255
76
95
133
140
179
12
35
96
217
238
10
23
87
97
171
42
98
130
144
240
99
169
216
245
250
39
100
112
121
188
69
101
114
148
214
16
48
64
102
223
103
154
178
229
240
53
104
110
130
207
85
105
168
198
215
16
106
121
175
237
73
107
117
132
142
29
108
125
151
219
43
76
109
175
234
110
116
131
164
188
7
53
111
195
214
30
112
120
155
255
34
101
113
144
225
32
50
112
114
188
87
113
115
181
240
116
150
175
181
209
16
48
117
128
243
118
129
159
206
221
58
91
103
119
251
4
63
120
145
172
58
121
128
170
201
3
79
112
122
181
2
123
198
216
250
59
124
178
182
228
125
183
185
189
206
28
126
152
161
194
2
47
127
162
178
66
128
196
215
241
124
129
174
216
238
2
97
130
133
148
87
104
131
150
226
23
64
107
132
161
100
109
133
141
218
81
133
134
142
167
74
135
165
175
216
12
116
136
191
196
21
40
49
70
137
1
2
107
138
141
31
125
139
190
214
5
84
140
197
200
74
106
122
141
199
2
108
142
195
235
77
135
143
186
249
67
75
144
181
195
21
33
84
145
156
146
158
181
196
250
37
42
147
217
243
148
170
172
195
213
1
149
183
231
255
135
150
206
232
233
69
151
163
173
252
99
107
152
207
249
69
153
179
234
238
100
154
187
227
236
116
147
155
161
162
17
134
156
190
234
0
2
61
140
157
48
132
158
225
226
26
33
83
159
242
5
160
181
208
235
31
52
101
161
163
48
77
81
162
212
98
132
145
163
211
60
87
117
164
171
34
165
190
213
228
37
62
74
97
166
2
95
100
144
167
39
103
118
168
211
15
88
148
169
222
60
74
85
170
229
40
138
171
234
245
16
172
173
183
234
161
167
173
238
252
97
117
147
159
174
138
175
200
213
224
93
97
176
190
250
55
126
161
177
244
6
7
178
234
241
17
134
169
179
251
47
124
125
153
180
157
181
191
196
226
34
91
158
182
225
140
141
183
185
220
43
59
184
202
222
143
161
184
185
220
38
182
186
194
204
84
187
193
215
245
49
139
177
188
232
12
26
134
189
254
2
125
140
190
219
12
24
61
70
191
5
106
110
159
192
47
135
169
193
232
11
32
44
81
194
118
175
195
214
221
13
144
150
196
209
126
181
197
204
255
0
141
197
198
201
15
153
170
184
199
17
106
129
200
243
54
131
144
161
201
77
100
140
202
255
8
18
203
225
243
114
142
187
204
231
5
65
81
205
210
57
132
174
202
206
145
150
202
207
248
70
169
172
208
232
76
106
147
165
209
78
125
210
225
247
51
60
206
211
243
4
51
98
207
212
31
88
109
159
213
124
129
188
214
236
124
130
148
170
215
61
67
98
152
216
86
89
174
204
217
15
76
110
218
236
49
105
137
219
244
63
139
146
200
220
41
115
176
204
221
27
144
178
196
222
55
65
145
211
223
46
65
164
189
224
53
160
225
234
249
5
87
151
165
226
8
139
196
227
239
67
137
190
218
228
74
190
229
243
252
163
184
230
238
241
52
77
145
231
241
26
52
150
199
232
100
134
158
171
233
90
95
102
197
234
37
120
126
189
235
0
206
209
236
247
21
174
193
237
240
9
35
121
238
244
13
22
159
186
239
54
69
195
212
240
2
76
142
149
241
46
93
173
230
242
34
45
52
229
243
1
196
221
244
254
66
203
244
245
252
99
189
235
240
246
45
126
137
207
247
62
175
227
238
248
152
189
231
236
249
4
106
164
239
250
41
78
87
153
251
65
90
211
219
252
77
84
162
211
253
103
161
170
211
254
89
103
131
192
255
0.938683
0.000535
0.01025
0.118775
0.225561
0.830408
0.517006
0.437154
0.797256
0.707507
0.839062
0.640449
0.526225
0.01915
0.029488
0.442572
0.443199
0.70524
0.048737
0.100096
0.510224
0.531113
0.936358
0.42037
0.777698
0.150905
0.642453
0.726205
0.787236
0.993878
0.395788
0.774115
0.324173
0.017514
0.0193
0.318962
0.37667
0.839649
0.292506
0.216836
0.103637
0.645516
0.422748
0.354358
0.093612
0.919978
0.922312
0.599406
0.236423
0.546003
0.985813
0.675147
0.399265
0.133965
0.680958
0.842039
0.499481
0.793836
0.444228
0.784229
0.573511
0.227797
0.256798
0.546754
0.118697
0.469947
0.960987
0.243467
0.2519
0.952555
0.386507
0.644232
0.878741
0.468813
0.075992
0.79607
0.539654
0.178318
0.822241
0.536646
0.522233
0.729957
0.403686
0.464265
0.210194
0.918808
0.111051
0.926176
0.230722
0.486368
0.601501
0.753525
0.510928
0.168355
0.93295
0.283525
0.988924
0.726052
0.00135
0.144708
0.054424
0.87322
0.994414
0.534623
0.400112
0.939447
0.726456
0.72158
0.731862
0.81512
0.756648
0.067989
0.524403
0.915066
0.915008
0.809507
0.898306
0.168534
0.114698
0.686715
0.390185
0.796883
0.416066
0.749246
0.401612
0.324071
0.965795
0.264596
0.606007
0.388477
0.248111
0.273285
0.782365
0.271947
0.43242
0.595794
0.706397
0.799303
0.487496
0.072355
0.642943
0.774892
0.194138
0.736756
0.530674
0.236483
0.736446
0.766864
0.993944
0.148087
0.383488
0.900084
0.811222
0.198234
0.325944
0.459206
0.900313
0.039027
0.664847
0.18894
0.30792
0.354171
0.414478
0.609923
0.5948
0.759572
0.565589
0.986186
0.372744
0.714672
0.397213
0.292753
0.875788
0.3801
0.336461
0.732573
0.799746
0.811106
0.434888
0.157424
0.141252
0.994623
0.482443
0.016218
0.433113
0.097912
0.187514
0.880726
0.389619
0.097196
0.383123
0.160141
0.290724
0.8277
0.135554
0.229423
0.458937
0.191136
0.731089
0.4553
0.83203
0.555771
0.726346
0.905978
0.882494
0.16858
0.408578
0.307996
0.985293
0.296325
0.670485
0.15946
0.918766
0.707972
0.827328
0.847637
0.73741
0.811044
0.854797
0.594146
0.760284
0.583456
0.300352
0.862719
0.546517
0.966047
0.96417
0.127029
0.500375
0.249568
0.126096
0.472888
0.705911
0.014164
0.498534
0.591665
0.691219
0.088916
0.439879
0.88578
0.797916
0.19832
0.679668
0.62547
0.791834
0.310764
0.478842
0.642047
0.482429
0.325649
0.481463
0.537805
0.840588
0.454309
0.781567
0.308112
0.414386
0.53405
0.986123
0.273985
0.549037
0.564033
0.461949
0.106815
0.50194
0.536869
0.109303
0.053888
0.929192
0.634481
0.109545
0.46013
0.456173
0.019022
0.644934
0.221291
0.764628
0.358437
0.905652
0.45178
0.465754
0.74939
0.789696
0.173298
0.20428
0.507164
0.524304
0.236732
0.045993
0.439238
0.794237
0.24375
0.223838
0.753412
0.693533
0.947581
0.712602
0.091059
0.099518
0.717336
0.283314
0.250565
0.202781
0.387151
0.263401
0.159698
0.919314
0.92431
0.599207
0.742682
0.617926
0.015335
0.051226
0.179749
0.323231
0.450077
0.504829
0.700261
0.13309
0.144944
0.285788
0.175734
0.4705
0.704288
0.383242
0.202478
0.570442
0.519284
0.165291
0.52027
0.85256
0.729214
0.501978
0.061245
0.749285
0.905819
0.074112
0.55567
0.555076
0.394435
0.812477
0.115907
0.525727
0.802993
0.28751
0.596364
0.406583
0.34817
0.236414
0.062283
0.567286
0.121131
0.205853
0.613189
0.827411
0.27158
0.022351
0.636645
0.688843
0.799642
0.741115
0.369591
0.307201
0.563756
0.671254
0.760552
0.859603
0.803736
0.893149
0.92668
0.483421
0.426545
0.685894
0.696171
0.248073
0.119042
0.16482
0.050974
0.903382
0.591145
0.815708
0.925019
0.760363
0.990511
0.108111
0.094858
0.12552
0.967971
0.350959
0.849521
0.455108
0.758829
0.901227
0.994367
0.144304
0.562647
0.190636
0.704832
0.977839
0.440341
0.098476
0.916615
0.431056
0.882015
0.384474
0.42
0.311087
0.647995
0.408838
0.467308
0.938842
0.330534
0.488431
0.131124
0.2143
0.562595
0.896715
0.535914
0.127328
0.579495
0.27677
0.839517
0.483817
0.380582
0.132544
0.860006
0.555392
0.82656
0.881733
0.296191
0.134687
0.274649
0.860121
0.728196
0.290988
0.602606
0.627158
0.581265
0.92631
0.905854
0.719174
0.909265
0.852467
0.859372
0.707331
0.734233
0.927444
0.707677
0.649389
0.492114
0.779905
0.161698
0.6445
0.328903
0.114578
0.925624
0.068926
0.779809
0.199359
0.53756
0.206783
0.691594
0.28587
0.119135
0.022095
0.109569
0.433483
0.745348
0.389102
0.500869
0.661278
0.008185
0.440697
0.594278
0.57044
0.837274
0.823803
0.588794
0.866051
0.503159
0.22861
0.384754
0.702274
0.049933
0.665318
0.683167
0.458291
0.956768
0.345271
0.1993
0.756585
0.137044
0.106754
0.472464
0.32814
0.67705
0.043568
0.650184
0.21981
0.353636
0.652623
0.55982
0.384041
0.68397
0.059293
0.345385
0.683387
0.558373
0.984022
0.946636
0.880614
0.932019
0.110375
0.917711
0.793969
0.483057
0.686652
0.834788
0.75485
0.29154
0.181729
0.418477
0.876918
0.282418
0.048427
0.518077
0.471889
0.666577
0.913871
0.889296
0.938525
0.78372
0.985323
0.842024
0.24234
0.868318
0.637123
0.746384
0.926108
0.580351
0.286133
0.108259
0.459736
0.004002
0.568435
0.609059
0.49439
0.346324
0.978807
0.178989
0.893438
0.531497
0.323655
0.384821
0.953775
0.274505
0.91313
0.362262
0.692029
0.274441
0.947438
0.696619
0.630146
0.179171
0.739903
0.981445
0.200059
0.952321
0.550913
0.543656
0.642514
0.248831
0.03357
0.421864
0.028773
0.775149
0.658186
0.226329
0.142904
0.500215
0.009132
0.08202
0.589664
0.752661
0.148245
0.054702
0.688634
0.241628
0.866843
0.411841
0.252675
0.752843
0.975125
0.710919
0.657636
0.824717
0.432028
0.467078
0.209472
0.468713
0.142609
0.422382
0.22786
0.590341
0.065893
0.37514
0.471805
0.18421
0.199883
0.210468
0.904639
0.225956
0.761529
0.041554
0.754755
0.173164
0.157591
0.357508
0.883131
0.538029
0.148982
0.015689
0.865249
0.101271
0.967421
0.019206
0.176932
0.662645
0.689311
0.814531
0.973348
0.133487
0.759844
0.577407
0.505294
0.826989
0.132855
0.717103
0.131926
0.539845
0.832219
0.459902
0.441482
0.652895
0.716521
0.95874
0.556889
0.765509
0.068846
0.818781
0.536263
0.696786
0.847495
0.048711
0.289113
0.716598
0.488553
0.600599
0.371027
0.466271
0.955869
0.086579
0.429602
0.292907
0.127908
0.691134
0.244609
0.559044
0.308492
0.33238
0.089407
0.381459
0.565015
0.782623
0.220245
0.239665
0.598635
0.009147
0.744332
0.779911
0.510059
0.339748
0.350442
0.59852
0.979637
0.35672
0.089545
0.392743
0.419585
0.963382
0.841627
0.059405
0.82244
0.729169
0.316544
0.117461
0.344167
0.718735
0.819284
0.126364
0.978932
0.886744
0.123764
0.208651
0.5725
0.82403
0.031897
0.459616
0.007023
0.519104
0.711044
0.701988
0.006902
0.908825
0.51323
0.830491
0.588329
0.91312
0.897292
0.456983
0.015092
0.040301
0.268825
0.028605
0.094967
0.655986
0.057682
0.413896
0.931663
0.54238
0.737411
0.955123
0.104536
0.711545
0.396051
0.446059
0.425139
0.484016
0.919292
0.986713
0.304179
0.932171
0.37038
0.950209
0.468722
0.880958
0.479884
0.680122
0.342552
0.29577
0.254355
0.778794
0.49141
0.669423
0.440315
0.071903
0.825794
0.3808
0.786205
0.977191
0.395115
0.345165
0.068245
0.955078
0.603971
0.05771
0.280486
0.711825
0.847217
0.990659
0.309482
0.584945
0.138736
0.897338
0.586432
0.251982
0.637555
0.037722
0.17539
0.081244
0.887256
0.479551
0.627304
0.664775
0.286381
0.396381
0.81413
0.068032
0.438744
0.358946
0.523765
0.818708
0.089764
0.802213
0.179533
0.076687
0.212573
0.846298
0.198621
0.668456
0.044406
0.188622
0.902395
0.468812
0.773875
0.651385
0.066896
0.206699
0.43573
0.170318
0.169666
0.29183
0.946624
0.136218
0.681285
0.308788
0.59639
0.710908
0.893751
0.424692
0.665985
0.283799
0.506212
0.862755
0.66768
0.185045
0.402383
0.8591
0.18452
0.874726
0.508913
0.746044
0.553112
0.588062
0.977316
0.119359
0.401144
0.430701
0.011833
0.165395
0.455455
0.493255
0.710941
0.703162
0.371138
0.099324
0.034454
0.178472
0.024895
0.94055
0.230879
0.180137
0.601131
0.408071
0.756075
0.773122
0.100021
0.0481
0.307512
0.461714
0.731532
0.250575
0.908682
0.834655
0.016684
0.880832
0.478632
0.74552
0.195229
0.438293
0.657373
0.973205
0.358681
0.298919
0.422381
0.736872
0.373309
0.928413
0.74736
0.40225
0.842033
0.840862
0.703576
0.797795
0.990392
0.620235
0.269005
0.271377
0.107179
0.920301
0.02157
0.208201
0.104096
0.08654
0.78324
0.635141
0.556878
0.283844
0.397337
0.724414
0.129539
0.92967
0.006116
0.922848
0.185546
0.01218
0.099831
0.477841
0.182252
0.512278
0.378878
0.144451
0.26598
0.270167
0.190247
0.705641
0.353924
0.410603
0.873575
0.374201
0.238523
0.265289
0.114371
0.175599
0.967129
0.297305
0.574905
0.35641
0.880638
0.353287
0.098832
0.48471
0.652954
0.408862
0.087461
0.652356
0.18267
0.472139
0.378037
0.610828
0.928024
0.065349
0.44783
0.146933
0.677522
0.155773
0.030488
0.442966
0.555324
0.639549
0.462746
0.386745
0.015236
0.475182
0.588769
0.150222
0.807489
0.317495
0.321582
0.611049
0.934346
0.032708
0.579275
0.817061
0.054241
0.165838
0.580697
0.730252
0.642474
0.414193
0.567999
0.94939
0.474556
0.072861
0.614688
0.238631
0.596623
0.23688
0.092532
0.716149
0.088702
0.274958
0.788435
0.686729
0.640999
0.389422
0.44431
0.971701
0.778438
0.43032
0.52457
0.543012
0.530016
0.484554
0.579311
0.754003
0.202072
0.197152
0.10369
0.567211
0.197574
0.10257
0.312361
0.028236
0.207621
0.927976
0.903585
0.470617
0.891901
0.189594
0.593488
0.285905
0.374576
0.555793
0.157092
0.713579
0.9674
0.165426
0.484876
0.137845
0.30098
0.420543
0.642443
0.462487
0.070895
0.716519
0.710745
0.57744
0.553244
0.131495
0.183563
0.294779
0.094314
0.885132
0.811427
0.342492
0.592736
0.072451
0.572389
0.345497
0.053806
0.267784
0.728705
0.794168
0.65625
0.969744
0.995758
0.856192
0.76456
0.125777
0.150466
0.611307
0.056454
0.38473
0.742801
0.596077
0.273062
0.842356
0.584585
0.237054
0.246497
0.20876
0.717025
0.156998
0.957163
0.089426
0.628931
0.635428
0.176152
0.62721
0.651729
0.508802
0.57492
0.478917
0.575054
0.292239
0.72828
0.500666
0.119156
0.110085
0.815514
0.702001
0.382902
0.027109
0.322569
0.871031
0.198023
0.645935
0.661524
0.440896
0.019902
0.873204
0.786339
0.793255
0.507556
0.124996
0.866455
0.617821
0.734899
0.935863
0.727696
0.760643
0.202063
0.795976
0.484815
0.646336
0.095831
0.623538
0.7413
0.910471
0.027672
0.863994
0.463571
0.44369
0.436462
0.692877
0.099361
0.696314
0.71756
0.634058
0.19916
0.300049
0.6696
0.232246
0.171517
0.319435
0.25125
0.918253
0.200422
0.27944
0.735244
0.968685
0.64327
0.333171
0.605172
0.500447
0.22222
0.422438
0.390246
0.611743
0.664359
0.034205
0.831068
0.193349
0.230588
0.786957
0.773371
0.212395
0.142141
0.867522
0.781068
0.650564
0.045973
0.952013
0.450727
0.698376
0.457729
0.36551
0.371856
0.909392
0.526575
0.997153
0.035065
0.431388
0.364123
0.825954
0.775588
0.684829
0.987797
0.982122
0.638619
0.457805
0.039072
0.901626
0.239659
0.257752
0.561523
0.976873
0.984333
0.628877
0.260117
0.377991
0.522921
0.07069
0.161147
0.47095
0.230713
0.102701
0.881803
0.000909
0.125447
0.118872
0.650984
0.192342
0.67494
0.656122
0.101823
0.140745
0.73191
0.208893
0.478759
0.890922
0.977949
0.420245
0.622628
0.512505
0.425452
0.222601
0.062292
0.352692
0.604424
0.512979
0.557451
0.617701
0.60078
0.851152
0.01962
0.211192
0.498246
0.575986
0.949236
0.894388
0.032423
0.616635
0.991015
0.162071
0.048892
0.234458
0.599963
0.236395
0.433472
0.87226
0.38478
0.160636
0.270403
0.902684
0.069075
0.448953
0.367914
0.093477
0.223719
0.445729
0.791786
0.719787
0.367674
0.673361
0.339908
0.807468
0.832996
0.785068
0.762015
0.600642
0.11315
0.818524
0.695904
0.442712
0.67554
0.047341
0.722067
0.180932
0.695817
0.212173
0.479337
0.336798
0.424437
0.213693
0.243662
0.125723
0.396863
0.254393
0.596696
0.733022
0.635715
0.203892
0.560951
0.082001
0.272322
0.073756
0.790535
0.004809
0.254799
0.706833
0.662237
0.601317
0.586486
0.774872
0.231193
0.514945
0.560996
0.329387
0.458675
0.938602
0.03399
0.105453
0.895797
0.14458
0.647926
0.853486
0.139031
0.849438
0.352956
0.88989
0.111767
0.242019
0.983723
0.772896
0.282465
0.414783
0.671928
0.676258
0.500055
0.50943
0.101629
0.463254
0.561564
0.832693
0.699738
0.848309
0.474336
0.016483
0.223345
0.253086
0.597395
0.73476
0.739238
0.997564
0.181825
0.415534
0.411773
0.98985
0.64517
0.719184
0.9563
0.671788
0.425054
0.036353
0.43426
0.291734
0.11242
0.662033
0.761254
0.082327
0.496303
0.855123
0.409487
0.902632
0.795431
0.673498
0.702084
0.685729
0.502316
0.956114
0.236279
0.601427
0.292624
0.738198
0.309135
0.358417
0.071781
0.31118
0.545072
0.252953
0.751985
0.297967
0.997006
0.568544
0.9791
0.951423
0.072452
0.169469
0.132508
0.321724
0.482752
0.803876
0.523264
0.340811
0.876441
0.285918
0.7613
0.920471
0.245539
0.196971
0.146329
0.001922
0.159151
0.612654
0.701243
0.440556
0.032854
0.033045
0.720961
0.368419
0.954676
0.253648
0.755112
0.302673
0.842806
0.782822
0.868178
0.349469
0.270784
0.163782
0.718241
0.720734
0.416715
0.839233
0.902088
0.020837
0.297376
0.486918
0.243234
0.417935
0.800638
0.794879
0.176854
0.406891
0.508187
0.256404
0.405234
0.179822
0.652251
0.379006
0.762418
0.625064
0.006647
0.785828
0.140764
0.230005
0.650138
0.953248
0.567734
0.579302
0.853439
0.508847
0.926079
0.267067
0.263856
0.137654
0.92736
0.310402
0.455311
0.052169
0.638781
0.704352
0.956529
0.035795
0.111901
0.986451
0.914002
0.030422
0.930644
0.175346
0.581116
0.313423
0.910049
0.432949
0.235991
0.763978
0.581851
0.470947
0.315365
0.07987
0.913427
0.297003
0.753305
0.266839
0.905601
0.36987
0.831791
0.385941
0.764659
0.93903
0.85728
0.271763
0.395805
0.049926
0.094323
0.661253
0.835421
0.51079
0.009337
0.954219
0.990026
0.953454
0.863676
0.526682
0.581785
0.627966
0.892275
0.063396
0.99548
0.681011
0.511379
0.345996
0.901165
0.787174
0.57063
0.880109
0.070412
0.942234
0.265661
0.176816
0.033556
0.673535
0.476483
0.475914
0.157897
0.292463
0.807834
0.45747
0.13069
0.192418
0.63041
0.011662
0.062433
0.726989
0.38163
0.003608
0.760526
0.609822
0.495914
0.6844
0.195208
0.182867
0.482961
0.860543
0.381625
0.537637
0.826676
0.051663
0.454511
0.023276
0.394003
0.916387
0.874808
0.322647
0.555516
0.991266
0.189421
0.004317
0.05317
0.809266
0.101955
0.896849
0.246733
0.300462
0.444019
0.140828
0.843316
0.483595
0.014182
0.801463
0.035739
0.058732
0.026494
0.278864
0.462959
0.599879
0.4412
0.490969
0.419441
0.699015
0.58347
0.817479
0.281315
0.336528
0.950571
0.091769
0.871056
0.144882
0.929937
0.179116
0.02845
0.628956
0.223029
0.982475
0.64898
0.152131
0.735582
0.293899
0.329141
0.288226
0.822776
0.58569
0.133664
0.16693
0.223339
0.859871
0.050321
0.811938
0.742455
0.599741
0.919082
0.568712
0.08799
0.534417
0.996714
0.73043
0.564014
0.564082
0.573895
0.138466
0.474863
0.373239
0.556406
0.52951
0.858166
0.667025
0.558718
0.29776
0.435995
0.032674
0.40017
0.367566
0.797189
0.304228
0.293564
0.216935
0.095669
0.18984
0.567697
0.251021
0.590514
0.329854
0.244155
0.377796
0.299107
0.035469
0.595638
0.593428
0.882942
0.362616
0.976935
0.871373
0.427389
0.930888
0.975628
0.047265
0.424375
0.039249
0.29218
0.503472
0.622968
0.817338
0.036337
0.816078
0.974545
0.20012
0.927766
0.16424
0.839931
0.018051
0.441608
0.776165
0.468722
0.955666
0.254652
0.144342
0.016841
0.236751
0.482745
0.840489
0.484597
0.387796
0.787749
0.087148
0.661391
0.03277
0.629803
0.725238
0.657461
0.978204
0.941483
0.09645
0.156423
0.076891
0.432695
0.975184
0.519986
0.989126
0.021756
0.050617
0.957767
0.877561
0.014841
0.942457
0.27747
0.063992
0.735475
0.64387
0.662555
0.324287
0.66024
0.460074
0.432636
0.643331
0.036328
0.543355
0.399593
0.561643
0.292212
0.25772
0.748603
0.279547
0.786402
0.658067
0.458122
0.050576
0.048138
0.651272
0.482823
0.923583
0.991665
0.140647
0.788472
0.148946
0.796591
0.489096
0.868642
0.358357
0.811781
0.847465
0.728898
0.594052
0.352859
0.046434
0.443665
0.394516
0.977913
0.759892
0.913236
0.152705
0.078526
0.666747
0.739553
0.566534
0.778454
0.26433
0.597239
0.428131
0.271133
0.170944
0.649895
0.927694
0.914403
0.919756
0.15179
0.71265
0.167795
0.983511
0.221686
0.499321
0.980217
0.562289
0.294763
0.873707
0.484794
0.434585
0.590753
0.654311
0.650664
0.209898
0.77587
0.546028
0.80727
0.082858
0.998785
0.442149
0.585305
0.834582
0.062531
0.114187
0.172869
0.895657
0.037266
0.35923
0.802693
0.091268
0.886735
0.56946
0.841667
0.27114
0.066356
0.64905
0.982112
0.334727
0.064322
0.173965
0.613431
0.849158
0.721771
0.046767
0.546601
0.959533
0.623439
0.558536
0.560804
0.41944
0.9257
0.856376
0.554412
0.978147
0.82732
0.674085
0.126984
0.005286
0.68006
0.964753
0.269572
0.316742
0.794245
0.319427
0.137395
0.450352
0.960852
0.592805
0.74417
0.934166
0.159657
0.513469
0.381951
0.13653
0.641286
0.208182
0.615276
0.966623
0.908416
0.502547
0.140076
0.056282
0.49255
0.405961
0.587047
0.150446
0.839265
0.767881
0.449252
0.556636
0.251648
0.846769
0.876221
0.239311
0.704892
0.101911
0.33824
0.732345
0.233974
0.517724
0.545049
0.921215
0.385399
0.754326
0.643141
0.947553
0.321464
0.263168
0.066682
0.65335
0.844465
0.932518
0.217137
0.371719
0.130826
0.337561
0.181202
0.893895
0.709159
0.202444
0.323573
0.86459
0.450522
0.140527
0.52451
0.575867
0.725217
0.263114
0.167204
0.941758
0.740661
0.601144
0.942734
0.41738
0.415647
0.740594
0.155879
0.317159
0.559446
0.48694
0.436544
0.078234
0.423406
2.6e-05
0.470984
0.713522
0.630907
0.66679
0.966369
0.599794
0.229602
0.997474
0.016666
0.528716
0.316061
0.723179
0.908942
0.690461
0.002019
0.415126
0.530762
0.375645
0.532112
0.11082
0.155485
0.13217
0.265
0.228551
0.271857
0.819184
0.590691
0.975015
0.698942
0.651985
0.546507
0.363511
0.048382
0.392137
0.58813
0.235289
0.86188
0.522946
0.00505
0.620814
0.417227
0.227036
0.335568
0.735211
0.004087
0.132862
0.344324
0.345402
0.213006
0.334961
0.419743
0.454237
0.939503
0.551143
0.227052
0.773324
0.518539
0.670435
0.951429
0.675437
0.430664
0.165466
0.825765
0.247796
0.698702
0.627122
0.649209
0.631982
0.498551
0.986099
0.602072
0.984207
0.264349
0.828146
0.301663
0.17921
0.889786
0.702062
0.989483
0.358976
0.204018
0.874183
0.304045
0.735414
0.330853
0.204935
0.546409
0.58374
0.739123
0.101944
0.854068
0.064454
0.568195
0.288161
0.646604
0.227393
0.723167
0.020582
0.608793
0.398823
0.266193
0.392455
0.950005
0.238252
0.74944
0.946874
0.271068
0.17958
0.956743
0.333277
0.090701
0.651192
0.809427
0.062971
0.355399
0.911982
0.185449
0.06987
0.093136
0.828556
0.542511
0.7028
0.209848
0.389241
0.805381
0.578396
0.28999
0.121284
0.600887
0.799573
0.816117
0.474069
0.623484
0.885186
0.610497
0.000502
0.78141
0.544978
0.984783
0.928113
0.489541
0.030662
0.814472
0.104463
0.085206
0.805679
0.457912
0.410941
0.808902
0.933482
0.247236
0.748887
0.778844
0.713117
0.682014
0.625215
0.510041
0.864389
0.584816
0.240609
0.283947
0.583942
0.178048
0.826146
0.789275
0.790066
0.602328
0.236604
0.683138
0.037482
0.969936
0.393004
0.457664
0.879779
0.546322
0.083079
0.003861
0.503669
0.334957
0.58743
0.96005
0.227993
0.884568
0.48849
0.648052
0.225783
0.175661
0.005821
0.098846
0.65305
0.538052
0.607575
0.423669
0.136401
0.752992
0.514154
0.846847
0.541442
0.777346
0.592216
0.844692
0.151407
0.28034
0.818308
0.847027
0.062732
0.933606
0.445329
0.672863
0.14205
0.863892
0.865853
0.297685
0.685275
0.88154
0.049452
0.926619
0.541688
0.158263
0.084452
0.74041
0.43657
0.397193
0.097708
0.375232
0.310017
0.112101
0.872523
0.560632
0.966468
0.446749
0.015379
0.640325
0.031821
0.266081
0.828949
0.540778
0.740464
0.646483
0.022026
0.858126
0.358482
0.17567
0.1037
0.447819
0.589512
0.291532
0.131189
0.575083
0.549036
0.660796
0.444469
0.399472
0.786981
0.698998
0.592686
0.560331
0.044812
0.662297
0.200589
0.71906
0.150295
0.246985
0.825847
0.64507
0.046645
0.702918
0.271433
0.91224
0.173083
0.779017
0.901492
0.411868
0.225635
0.185841
0.718766
0.543206
0.529558
0.362988
0.497029
0.227271
0.212373
0.525257
0.53435
0.695173
0.267435
0.098831
0.388018
0.331155
0.146289
0.126016
0.366484
0.289247
0.486881
0.089019
0.912193
0.361267
0.075386
0.705606
0.1635
0.279751
0.985449
0.203683
0.327641
0.883538
0.624795
0.933966
0.239724
0.057119
0.295581
0.939406
0.410197
0.103546
0.338357
0.194619
0.565876
0.439799
0.930085
0.75782
0.982643
0.306178
0.262548
0.714927
0.449798
0.55173
0.307573
0.598874
0.967558
0.859685
0.097873
0.021708
0.303665
0.405105
0.878333
0.417451
0.942071
0.226567
0.173562
0.224023
0.867932
0.453027
0.976197
0.453327
0.391359
0.78656
0.997278
0.69314
0.547888
0.615756
0.956331
0.120808
0.824681
0.098156
0.237304
0.266089
0.841776
0.362544
0.657208
0.749298
0.591806
0.860492
0.009964
0.600427
0.911906
0.634611
0.524219
0.471918
0.896912
0.827446
0.981083
0.161432
0.660743
0.421078
0.793087
0.721455
0.425066
0.549237
0.868994
0.789644
0.29803
0.429922
0.348407
0.643153
0.130566
0.212396
0.484132
0.874677
0.637812
0.005973
0.585088
0.093995
0.915431
0.826654
0.394301
0.035339
0.305727
0.401938
0.240598
0.98254
0.506335
0.418439
0.912313
0.083253
0.647502
0.293464
0.867584
0.221549
0.457022
0.659898
0.598365
0.469134
0.287401
0.764585
0.235432
0.424671
0.219838
0.556327
0.309954
0.387182
0.429429
0.383626
0.115466
0.468094
0.446856
0.213658
0.964662
0.731367
0.842337
0.732694
0.637569
0.673349
0.069358
0.332734
0.536072
0.022012
0.02973
0.004905
0.698926
0.784411
0.885491
0.647981
0.995704
0.750079
0.11978
0.449267
0.323551
0.169692
0.006163
0.57918
0.996426
0.330565
0.334073
0.528555
0.374643
0.088122
0.590129
0.562735
0.265369
0.97427
0.056282
0.596859
0.065012
0.56264
0.517096
0.517817
0.374825
0.805172
0.856062
0.385642
0.544764
0.446022
0.592008
0.348872
0.342414
0.836547
0.353881
0.946858
0.284167
0.552972
0.320669
0.359503
0.716885
0.828222
0.225114
0.091538
0.65308
0.373583
0.637585
0.801559
0.383798
0.607072
0.319135
0.582912
0.094808
0.104707
0.252326
0.518476
0.605697
0.019331
0.267141
0.643024
0.048661
0.233902
0.694901
0.674137
0.579402
0.607674
0.498549
0.907923
0.712112
0.140096
0.968937
0.272753
0.405667
0.043879
0.267542
0.578882
0.435343
0.09179
0.459726
0.326114
0.573519
0.420078
0.773068
0.84816
0.10302
0.272621
0.24433
0.246891
0.339199
0.755511
0.06894
0.637191
0.90045
0.462806
0.791572
0.544644
0.426138
0.600934
0.575171
0.644347
0.245634
0.573024
0.657212
0.999146
0.101186
0.500287
0.446412
0.760802
0.515086
0.646082
0.543199
0.625905
0.673592
0.230356
0.536013
0.211145
0.942356
0.07434
0.044684
0.109075
0.252825
0.922501
0.487949
0.90289
0.220571
0.863207
0.254015
0.332483
0.491078
0.510669
0.572117
0.779298
0.925205
0.289237
0.630712
0.059456
0.56756
0.85263
0.56474
0.765021
0.181612
0.654716
0.062612
0.576549
0.23087
0.803533
0.325154
0.059117
0.102425
0.252249
0.326662
0.919094
0.202685
0.429336
0.858765
0.697885
0.532873
0.02612
0.204449
0.438891
0.092189
0.051779
0.5118
0.076739
0.867652
0.522354
0.566518
0.876904
0.899725
0.69929
0.622479
0.013631
0.88531
0.095908
0.386701
0.492664
0.301738
0.964805
0.341993
0.360367
0.601819
0.118852
0.149211
0.453867
0.931011
0.381522
0.110057
0.003366
0.729415
0.031796
0.451907
0.71095
0.149047
0.463493
0.488242
0.5186
0.748471
0.235476
0.590119
0.612738
0.518146
0.37527
0.145049
0.109883
0.859985
0.738264
0.145321
0.407759
0.290769
0.781188
0.355766
0.344668
0.248362
0.455712
0.52103
0.944396
0.966086
0.78963
0.524066
0.860222
0.078788
0.208489
0.039734
0.658852
0.302816
0.518345
0.260864
0.166806
0.751104
0.254313
0.780081
0.553321
0.32218
0.0491
0.78635
0.546768
0.837052
0.801202
0.699802
0.075356
0.792693
0.119981
0.094939
0.2334
0.875851
0.562274
0.252074
0.754801
0.406092
0.759186
0.032945
0.777609
0.777545
0.750656
0.950977
0.645122
0.805054
0.791209
0.339532
0.61736
0.148891
0.32684
0.68324
0.007534
0.556838
0.284049
0.771339
0.567634
0.810534
0.27337
0.100244
0.336416
0.776751
0.817296
0.028374
0.926144
0.820883
0.580683
0.986086
0.658739
0.688348
0.737287
0.139136
0.960542
0.724014
0.361874
0.712506
0.797606
0.73397
0.273431
0.47805
0.229651
0.300108
0.461536
0.949003
0.80658
0.804245
0.111287
0.790973
0.171967
0.765861
0.270442
0.510987
0.495613
0.668386
0.129999
0.023413
0.983518
0.680381
0.560365
0.667099
0.509945
0.995583
0.015274
0.551514
0.46148
0.359256
0.441901
0.926315
0.03656
0.884406
0.001032
0.49156
0.970199
0.675137
0.608535
0.548381
0.510619
0.224532
0.934251
0.955838
0.13827
0.166447
0.689399
0.100068
0.269213
0.583298
0.033118
0.945634
0.714949
0.451753
0.822232
0.47785
0.920654
0.183718
0.127139
0.182335
0.571097
0.151153
0.514222
0.051932
0.55751
0.758095
0.107551
0.250717
0.734484
0.336879
0.004799
0.008544
0.736758
0.4972
0.962794
0.155731
0.322224
0.300287
0.267198
0.711095
0.150649
0.119416
0.683911
0.837773
0.292162
0.952651
0.323998
0.25791
0.280564
0.880288
0.458591
0.016072
0.015202
0.230086
0.616537
0.4502
0.979881
0.551742
0.214148
0.927775
0.171877
0.201237
0.523748
0.533283
0.163327
0.321688
0.053594
0.25968
0.696041
0.570116
0.561339
0.043754
0.745391
0.54666
0.962319
0.707453
0.040634
0.346184
0.357844
0.325428
0.90239
0.504185
0.096852
0.45735
0.262662
0.843809
0.187226
0.475565
0.884818
0.372595
0.835782
0.382903
0.029243
0.086671
0.157198
0.33411
0.637449
0.678704
0.832449
0.049554
0.214589
0.458474
0.932148
0.465723
0.379386
0.42747
0.541314
0.627445
0.391531
0.384821
0.05202
0.304052
0.105717
0.942664
0.52129
0.91907
0.096157
0.543364
0.313148
0.031873
0.064027
0.651584
0.757305
0.237656
0.869043
0.277682
0.376321
0.177324
0.314754
0.757521
0.732756
0.479063
0.007701
0.221499
0.419239
0.181741
0.226631
0.69938
0.533484
0.722771
0.317344
0.701707
0.493537
0.522942
0.78756
0.554363
0.428671
0.640095
0.329768
0.846689
0.341874
0.166062
0.253494
0.848831
0.303126
0.524487
0.673894
0.828844
0.577655
0.506495
0.731116
0.768493
0.51001
0.881501
0.971224
0.842231
0.319056
0.966706
0.543296
0.61371
0.884173
0.060309
0.1895
0.982431
0.713369
0.253912
0.170232
0.817192
0.955537
0.857487
0.39096
0.594203
0.890727
0.42948
0.608302
0.091179
0.646515
0.963578
0.681907
0.705234
0.461999
0.970048
0.985384
0.298925
0.757667
0.837177
0.514263
0.260046
0.515941
0.594775
0.022269
0.857887
0.827089
0.088298
0.558294
0.105747
0.100711
0.855517
0.278849
0.047835
0.867342
0.461157
0.889998
0.969476
0.457039
0.241146
0.538971
0.327679
0.756426
0.640503
0.213876
0.459957
0.813373
0.417741
0.439871
0.433925
0.588546
0.648053
0.526861
0.056503
0.589593
0.411474
0.926524
0.901229
0.906659
0.839741
0.715579
0.693198
0.969608
0.635681
0.611851
0.193147
0.013548
0.575499
0.884097
0.361266
0.511241
0.275253
0.098539
0.307607
0.086268
0.774333
0.698897
0.024473
0.857321
0.474031
0.470213
0.950941
0.360966
0.040331
0.635197
0.410469
0.548654
0.120026
0.982738
0.542064
0.049212
0.339253
0.899291
0.931745
0.860165
0.487024
0.710173
0.559344
0.359007
0.884956
0.491394
0.166672
0.539047
0.131146
0.637792
0.000918
0.743632
0.186139
0.807221
0.449281
0.269388
0.353565
0.087132
0.616267
0.057728
0.244663
0.590976
0.36504
0.715438
0.737478
0.706602
0.614143
0.855227
0.441761
0.006939
0.057565
0.052931
0.608064
0.380858
0.158147
0.997057
0.677559
0.224149
0.285882
0.811252
0.94285
0.05667
0.896039
0.682923
0.227912
0.708388
0.631105
0.667913
0.644394
0.436529
0.535569
0.483363
0.123202
0.520534
0.347906
0.971753
0.640351
0.751898
0.106612
0.479981
0.161438
0.721299
0.262696
0.15864
0.562204
0.730472
0.55013
0.686117
0.614589
0.353974
0.249587
0.187716
0.523985
0.008728
0.922184
0.275733
0.029421
0.971161
0.76403
0.724532
0.168434
0.524749
0.764424
0.986557
0.768266
0.18143
0.870271
0.817876
0.115142
0.551723
0.285567
0.444865
0.512293
0.623198
0.348379
0.261345
0.418482
0.636607
0.023668
0.280682
0.195535
0.77103
0.89655
0.155825
0.187565
0.735045
0.063336
0.318359
0.811787
0.197589
0.154015
0.683244
0.998026
0.307053
0.439047
0.531726
0.447298
0.998312
0.224622
0.02159
0.246226
0.040284
0.472604
0.289763
0.441402
0.908232
0.092761
0.0242
0.582783
0.157318
0.668468
0.927787
0.589047
0.849255
0.869105
0.128375
0.724484
0.126925
0.626424
0.48191
0.875946
0.173137
0.792831
0.112655
0.820819
0.974082
0.201531
0.081462
0.960462
0.480817
0.165216
0.570792
0.000658
0.822368
0.355509
0.27916
0.119159
0.203607
0.990895
0.502973
0.948229
0.933052
0.984931
0.40636
0.936022
0.91081
0.729866
0.947896
0.629799
0.596967
0.007855
0.858172
0.836121
0.986105
0.388335
0.471363
0.900727
0.906711
0.758435
0.321468
0.115632
0.664537
0.169879
0.700983
0.674824
0.595127
0.373481
0.904495
0.703773
0.37737
0.553124
0.836305
0.028964
0.217835
0.355628
0.036659
0.155752
0.410537
0.202593
0.057123
0.930555
0.412362
0.010205
0.935638
0.710686
0.807542
0.181377
0.217368
0.457783
0.438785
0.92974
0.006485
0.215061
0.097155
0.566265
0.570572
0.382386
0.71882
0.314315
0.275201
0.157664
0.856739
0.635732
0.050041
0.971397
0.16083
0.885523
0.653326
0.837554
0.156669
0.075238
0.000259
0.074285
0.850645
0.736127
0.374547
0.302641
0.754542
0.0698
0.351273
0.688224
0.451939
0.542555
0.97128
0.565612
0.270436
0.747864
0.855046
0.455004
0.015195
0.137937
0.710909
0.363434
0.23808
0.52509
0.008283
0.085125
0.756525
0.612014
0.824953
0.429352
0.669692
0.377971
0.845383
0.731564
0.219955
0.523898
0.686624
0.342868
0.294106
0.903974
0.23121
0.264129
0.100054
0.10779
0.094404
0.571763
0.513207
0.029982
0.689649
0.368744
0.414013
0.612906
0.708632
0.124513
0.767783
0.81638
0.220929
0.36728
0.208194
0.113584
0.003333
0.382218
0.045757
0.085868
0.460948
0.465405
0.04982
0.879598
0.645712
0.608202
0.90593
0.881221
0.97234
0.710403
0.818482
0.115435
0.223177
0.993567
0.516288
0.77733
0.030686
0.889786
0.888848
0.927695
0.297042
0.740347
0.82878
0.327884
0.915582
0.17341
0.449088
0.123457
0.102714
0.061002
0.375238
0.785702
0.377053
0.7243
0.353209
0.66463
0.646084
0.031672
0.929946
0.730504
0.188873
0.148245
0.531192
0.574139
0.674642
0.908414
0.851867
0.005239
0.195653
0.103769
0.901005
0.439058
0.37948
0.50269
0.207995
0.309606
0.994769
0.775254
0.478425
0.134342
0.03699
0.003464
0.639262
0.312508
0.806893
0.699071
0.803971
0.646333
0.999723
0.490182
0.491576
0.196019
0.491469
0.976638
0.544661
0.597207
0.100128
0.242978
0.293353
0.223205
0.730336
0.108879
0.629701
0.447617
0.630967
0.867821
0.640394
0.85907
0.948665
0.991024
0.761406
0.314363
0.52588
0.186888
0.469924
0.724328
0.928277
0.223588
0.507833
0.25089
0.846917
0.559468
0.122737
0.845517
0.138413
0.254905
0.48161
0.675697
0.426382
0.442476
0.695075
0.032199
0.119752
0.133229
0.402575
0.595519
0.874311
0.814357
0.830552
0.676619
0.231699
0.832235
0.791761
0.217631
0.62851
0.373687
0.86009
0.420929
0.558318
0.642002
0.492831
0.258687
0.135544
0.257507
0.525842
0.606579
0.580701
0.382197
0.439368
0.06258
0.702307
0.87062
0.494353
0.44431
0.834459
0.138545
0.818155
0.538308
0.76201
0.531201
0.495357
0.393632
0.471008
0.449063
0.564487
0.858016
0.161842
0.743142
0.077704
0.533795
0.741304
0.909829
0.574125
0.123234
0.031824
0.661545
0.868259
0.84323
0.915494
0.903326
0.768616
0.988932
0.401615
0.512968
0.105483
0.479072
0.48809
0.219785
0.051894
0.254228
0.084965
0.174266
0.981372
0.081108
0.632429
0.762827
0.219156
0.579697
0.917122
0.047347
0.793295
0.919224
0.491527
0.750338
0.758762
0.741308
0.617103
0.814339
0.286981
0.294398
0.527446
0.42237
0.128434
0.009183
0.15551
0.685395
0.868918
0.861499
0.756483
0.668811
0.701415
0.611267
0.459282
0.387533
0.051972
0.043919
0.696573
0.150377
0.405191
0.898866
0.305037
0.568261
0.040846
0.093094
0.524071
0.171199
0.205539
0.723305
0.786902
0.432975
0.512131
0.610436
0.355828
0.774389
0.902296
0.602532
0.870276
0.037347
0.67485
0.704782
0.647293
0.19841
0.753767
0.227529
0.581793
0.177875
0.863353
0.481252
0.525584
0.35571
0.747099
0.638014
0.26735
0.809601
0.307933
0.071591
0.849079
0.991629
0.672365
0.223462
0.038623
0.680399
0.211327
0.107337
0.345691
0.014362
0.440332
0.863037
0.567077
0.54244
0.401447
0.501253
0.046666
0.790506
0.110079
0.873226
0.487803
0.201137
0.055861
0.115106
0.768117
0.289373
0.167769
0.958318
0.874828
0.279492
0.633403
0.774515
0.880721
0.364932
0.227668
0.69281
0.721818
0.528092
0.097912
0.868058
0.235428
0.378029
0.295969
0.656623
0.76054
0.734638
0.026365
0.846875
0.77559
0.051199
0.84926
0.741118
0.92763
0.310415
0.771242
0.392715
0.046681
0.491551
0.294206
0.39245
0.706592
0.946216
0.418284
0.630962
0.15091
0.728935
0.0701
0.556752
0.829104
0.598301
0.870026
0.847285
0.645914
0.710128
0.626607
0.622896
0.855116
0.60478
0.149721
0.240461
0.956331
0.674655
0.599397
0.799771
0.33567
0.225918
0.881271
0.707186
0.913653
0.810247
0.788023
0.50354
0.487403
0.368998
0.374142
0.38574
0.594525
0.273652
0.407465
0.999648
0.828777
0.700457
0.202895
0.226571
0.529965
0.129968
0.244591
0.346245
0.479943
0.476335
0.628493
0.316018
0.864675
0.995281
0.73425
0.214975
0.895589
0.628985
0.33163
0.019156
0.389759
0.909174
0.106843
0.388432
0.613906
0.54487
0.028168
0.089867
0.773214
0.646997
0.283887
0.287421
0.259427
0.787431
0.939438
0.806965
0.176736
0.437272
0.332406
0.175975
0.614099
0.869481
0.882954
0.33569
0.339134
0.821234
0.550278
0.629625
0.809814
0.273018
0.745779
0.145794
0.820155
0.346621
0.301731
0.708441
0.810418
0.136564
0.670865
0.034861
0.244019
0.465361
0.066507
0.904624
0.2849
0.240474
0.488993
0.387391
0.751479
0.012592
0.301737
0.054454
0.978943
0.786605
0.748989
0.041567
0.647897
0.185238
0.03432
0.033659
0.411465
0.112829
0.033304
0.078844
0.786404
0.730659
0.339674
0.319289
0.260835
0.786116
0.945029
0.173682
0.045328
0.482762
0.800668
0.510389
0.466188
0.071851
0.542108
0.728307
0.781723
0.306452
0.951277
0.204553
0.436192
0.066874
0.103475
0.28507
0.291957
0.172345
0.364947
0.122484
0.858491
0.756003
0.383845
0.759149
0.593541
0.041501
0.430888
0.927129
0.655438
0.805663
0.654342
0.344907
0.216183
0.653991
0.227595
0.196806
0.887325
0.567122
0.855625
0.223275
0.848957
0.903509
0.45927
0.014975
0.952442
0.511453
0.006927
0.061563
0.966785
0.504911
0.113978
0.013238
0.628069
0.920709
0.695879
0.684918
0.862294
0.991085
0.277026
0.193498
0.592328
0.129726
0.812397
0.335268
0.514594
0.002999
0.113184
0.159995
0.272215
0.192615
0.60109
0.301982
0.205539
0.664105
0.362784
0.403808
0.387012
0.428623
0.612335
0.806747
0.516104
0.428096
0.725127
0.557162
0.327422
0.375469
0.411357
0.029252
0.959384
0.190487
0.50866
0.625591
0.341645
0.05401
0.56778
0.787552
0.313684
0.548981
0.260872
0.604875
0.576001
0.625771
0.880612
0.121456
0.680458
0.0997
0.76283
0.650054
0.309868
0.114933
0.572837
0.140596
0.023985
0.528313
0.35773
0.473234
0.126208
0.341927
0.276515
0.877191
0.311045
0.370939
0.858357
0.757412
0.010724
0.817597
0.029234
0.181822
0.196673
0.116331
0.876526
0.015116
0.684965
0.850485
0.938941
0.445067
0.364399
0.106194
0.250788
0.195324
0.976135
0.453587
0.500644
0.767754
0.9123
0.733411
0.050053
0.57373
0.858466
0.554144
0.408821
0.607001
0.92281
0.20375
0.300059
0.03252
0.738653
0.659975
0.868188
0.342849
0.908512
0.529028
0.42413
0.205572
0.392306
0.46621
0.78401
0.448237
0.116595
0.423692
0.900604
0.45963
0.510071
0.320124
0.982114
0.773212
0.11253
0.201868
0.347756
0.540881
0.472676
0.071284
0.644992
0.532604
0.844408
0.619789
0.252783
0.794284
0.820172
0.011746
0.628338
0.421264
0.961667
0.649882
0.554598
0.982683
0.718569
0.641335
0.956503
0.56082
0.517734
0.681432
0.371948
0.91202
0.252793
0.352689
0.897173
0.987531
0.548013
0.276515
0.537541
0.523182
0.474728
0.066075
0.075601
0.055268
0.525516
0.526141
0.934884
0.4332
0.077293
0.890009
0.694147
0.692772
0.879948
0.079488
0.812986
0.256769
0.247911
0.162662
0.822763
0.986771
0.494958
0.461631
0.166544
0.86118
0.914876
0.694116
0.08472
0.104717
0.736111
0.628101
0.327554
0.156086
0.773355
0.659015
0.604984
0.538959
0.765455
0.28042
0.917041
0.035815
0.038664
0.289761
0.85327
0.797509
0.903946
0.554912
0.126114
0.533571
0.22245
0.196939
0.890671
0.55636
0.557817
0.444333
0.090096
0.109844
0.776261
0.771629
0.351484
0.566489
0.738938
0.498424
0.319639
0.754709
0.234858
0.821761
0.56595
0.594352
0.812527
0.935752
0.06875
0.637522
0.658234
0.132639
0.900122
0.679033
0.014251
0.227148
0.994357
0.044604
0.414005
0.048189
0.89725
0.263444
0.249392
0.057691
0.524508
0.589418
0.060677
0.844581
0.804522
0.060788
0.073063
0.78269
0.724653
0.816118
0.836104
0.960869
0.737813
0.444677
0.724032
0.890698
0.913787
0.461121
0.585502
0.911869
0.459791
0.88462
0.985032
0.83082
0.638267
0.838115
0.673944
0.543479
0.534249
0.640716
0.785623
0.824414
0.375612
0.750437
0.878055
0.781632
0.226333
0.199508
0.188668
0.871487
0.90406
0.549209
0.161979
0.024646
0.773349
0.589625
0.009576
0.390865
0.281761
0.09155
0.980867
0.895107
0.03126
0.819957
0.831812
0.909364
0.792618
0.629739
0.372809
0.633252
0.863372
0.24036
0.927189
0.546334
0.263309
0.144238
0.773251
0.055686
0.342154
0.136409
0.405229
0.2696
0.47278
0.128876
0.780677
0.449843
0.412723
0.430888
0.324487
0.91645
0.429359
0.526803
0.055277
0.315669
0.543939
0.051206
0.701932
0.109623
0.938968
0.885159
0.773218
0.29001
0.002022
0.053319
0.632517
0.988982
0.633424
0.364194
0.204105
0.177699
0.359807
0.091649
0.162484
0.830633
0.507833
0.887057
0.879387
0.091685
0.464416
0.52229
0.577497
0.937554
0.271148
0.943315
0.913667
0.425555
0.395466
0.61571
0.926365
0.205068
0.200465
0.592286
0.155926
0.303175
0.667058
0.304746
0.607372
0.926538
0.157271
0.793368
0.960051
0.773035
0.912491
0.04405
0.683475
0.429215
0.866676
0.380263
0.838221
0.042524
0.810019
0.270799
0.154524
0.562733
0.463771
0.684458
0.745738
0.075683
0.220421
0.605744
0.856102
0.637144
0.968931
0.429761
0.90144
0.652239
0.073488
0.44388
0.045993
0.087804
0.812988
0.60637
0.566147
0.58895
0.750224
0.198002
0.797975
0.119465
0.26235
0.749597
0.956703
0.416225
0.074471
0.21437
0.949554
0.664254
0.937241
0.470814
0.543585
0.46532
0.391552
0.869851
0.668641
0.21364
0.959186
0.531042
0.64197
0.134469
0.914254
0.629069
0.41613
0.128614
0.888221
0.379047
0.687351
0.759862
0.097702
0.138903
0.287309
0.013832
0.660021
0.670468
0.749287
0.403206
0.512065
0.936236
0.217914
0.733068
0.140012
0.560894
0.909901
0.305431
0.836605
0.902512
0.538522
0.424771
0.716937
0.742924
0.168374
0.111721
0.630097
0.874707
0.442479
0.062195
0.430266
0.539704
0.060255
0.760297
0.028574
0.026169
0.329735
0.436184
0.584215
0.649299
0.239838
0.586503
0.287254
0.484695
0.819827
0.257037
0.635187
0.111071
0.992429
0.422813
0.578728
0.445351
0.516511
0.228503
0.578717
0.045249
0.442037
0.813084
0.15112
0.40301
0.676094
0.740746
0.218717
0.036977
0.013348
0.813625
0.547044
0.461016
0.219945
0.000981
0.895394
0.997822
0.660409
0.753635
0.141621
0.027329
0.77092
0.454505
0.743523
0.603727
0.328292
0.461563
0.807595
0.697494
0.523479
0.61783
0.394819
0.237501
0.731571
0.26369
0.829154
0.474977
0.498683
0.402207
0.976072
0.0822
0.795654
0.899234
0.619999
0.160605
0.213579
0.745792
0.87325
0.082963
0.47465
0.946809
0.559885
0.908296
0.810456
0.065872
0.516392
0.830311
0.091311
0.896178
0.803872
0.256363
0.589694
0.927221
0.410975
0.899653
0.837973
0.197386
0.951081
0.98067
0.607085
0.005533
0.614374
0.416806
0.258086
0.867775
0.321183
0.468461
0.80927
0.753971
0.547596
0.629347
0.808585
0.10727
0.350397
0.776183
0.528281
0.641375
0.874022
0.942616
0.15669
0.637418
0.097698
0.985583
0.787288
0.769452
0.106729
0.580995
0.192652
0.120953
0.568867
0.533176
0.992494
0.481701
0.441072
0.297938
0.358808
0.48388
0.122856
0.736405
0.197695
0.12114
0.789032
0.875757
0.554867
0.092381
0.779856
0.195131
0.259281
0.927891
0.389485
0.445077
0.178484
0.863509
0.428697
0.217873
0.344468
0.259152
0.227971
0.949893
0.018739
0.242485
0.769635
0.858171
0.123832
0.263539
0.540099
0.658752
0.245928
0.558787
0.272483
0.834098
0.034044
0.277487
0.748512
0.885238
0.943173
0.45379
0.34015
0.084763
0.932425
0.686743
0.525253
0.703632
0.608357
0.880334
0.609933
0.25083
0.299286
0.617006
0.57105
0.226289
0.779855
0.739434
0.248148
0.589397
0.157752
0.189908
0.893507
0.161741
0.650064
0.350434
0.870893
0.707051
0.522174
0.709724
0.904347
0.376872
0.710823
0.667146
0.027818
0.229105
0.82705
0.322229
0.775395
0.624295
0.410675
0.021336
0.653599
0.905726
0.014218
0.684028
0.887504
0.253722
0.66874
0.125594
0.583304
0.80988
0.670337
0.642297
0.517871
0.900965
0.028254
0.068205
0.10933
0.050704
0.997535
0.968364
0.856185
0.62779
0.449096
0.469809
0.633527
0.345776
0.084023
0.214226
0.52484
0.537819
0.443729
0.176816
0.223156
0.651983
0.674399
0.569508
0.5501
0.337181
0.284503
0.16374
0.967366
0.124241
0.260083
0.885884
0.958737
0.045512
0.576177
0.575143
0.072474
0.32126
0.862117
0.379442
0.339211
0.323315
0.341075
0.900188
0.09015
0.290038
0.500833
0.223388
0.915343
0.03486
0.893035
0.343529
0.375734
0.820551
0.524889
0.524554
0.03212
0.274751
0.479073
0.91096
0.687045
0.254209
0.855423
0.41676
0.840079
0.481016
0.75562
0.180314
0.94957
0.501108
0.328661
0.449321
0.748661
0.141881
0.134376
0.499502
0.21461
0.511198
0.285377
0.995977
0.253623
0.994043
0.190311
0.365659
0.680888
0.420349
0.662996
0.227614
0.108232
0.419802
0.585149
0.96902
0.22604
0.646121
0.946407
0.452187
0.072838
0.017465
0.628845
0.726069
0.954447
0.74645
0.488009
0.188948
0.856366
0.037528
0.470878
0.072099
0.420291
0.976235
0.571749
0.41133
0.249223
0.258859
0.442565
0.861201
0.786896
0.658276
0.66211
0.164724
0.366209
0.472671
0.214977
0.383931
0.938873
0.783402
0.88548
0.180875
0.872889
0.576677
0.137866
0.202289
0.309128
0.740313
0.079158
0.443126
0.906464
0.521723
0.057952
0.773886
0.925864
0.865274
0.96024
0.854951
0.691255
0.331178
0.855626
0.109959
0.685272
0.037339
0.529324
0.680925
0.407671
0.900103
0.161326
0.612095
0.8931
0.992523
0.316302
0.949866
0.153107
0.803365
0.434386
0.322972
0.023019
0.641761
0.412487
0.31581
0.966808
0.689737
0.219661
0.598354
0.014581
0.525438
0.461116
0.826171
0.119668
0.775049
0.300397
0.958771
0.888413
0.404311
0.426276
0.798634
0.69364
0.965962
0.406385
0.342421
0.667247
0.917092
0.377659
0.633023
0.022229
0.540745
0.925289
0.532226
0.916877
0.367855
0.830579
0.018839
0.763416
0.571217
0.662783
0.242989
0.357239
0.069279
0.87874
0.964447
0.01212
0.236744
0.167521
0.509615
0.517837
0.560466
0.30032
0.280308
0.493815
0.135609
0.788348
0.255265
0.673853
0.821869
0.234891
0.197525
0.762335
0.999594
0.014951
0.402717
0.409913
0.981627
0.338426
0.422646
0.943309
0.716395
0.861454
0.780595
0.514718
0.664497
0.031922
0.618909
0.720692
0.203337
0.111455
0.807723
0.021585
0.204693
0.700997
0.946481
0.101183
0.639613
0.219269
0.421123
0.122873
0.641731
0.203721
0.89335
0.966256
0.191677
0.645643
0.337471
0.027714
0.985892
0.211375
0.851712
0.006355
0.397167
0.113558
0.097221
0.519618
0.217897
0.985601
0.265787
0.654849
0.965425
0.290364
0.592307
0.951552
0.466387
0.901793
0.440821
0.46571
0.995927
0.476866
0.30141
0.466682
0.48653
0.80618
0.869202
0.133046
0.483894
0.390003
0.539253
0.040216
0.651605
0.462991
0.517245
0.530785
0.440289
0.13878
0.51663
0.699597
0.70323
0.640452
0.575385
0.306727
0.848021
0.691902
0.442714
0.005902
0.433913
0.132084
0.299535
0.429327
0.844614
0.57157
0.997443
0.534665
0.115942
0.103494
0.446094
0.053939
0.100685
0.425173
0.998725
0.781337
0.013154
0.287784
0.182483
0.0459
0.541369
0.8611
0.554123
0.926373
0.268813
0.367696
0.208154
0.003241
0.07315
0.140094
0.973763
0.948145
0.220614
0.491967
0.999492
0.76673
0.824838
0.013403
0.368002
0.239129
0.189446
0.588246
0.555087
0.670227
0.240229
0.071526
0.555231
0.277995
0.046423
0.278232
0.237664
0.728589
0.1164
0.474557
0.995017
0.194175
0.600223
0.531518
0.619957
0.385932
0.217872
0.103366
0.923509
0.227543
0.859494
0.766413
0.948421
0.340435
0.660214
0.53863
0.220551
0.670027
0.500238
0.947117
0.799997
0.90848
0.191008
0.887841
0.967118
0.564583
0.233205
0.843915
0.463246
0.58932
0.429897
0.131272
0.909839
0.623618
0.548089
0.369636
0.96644
0.794225
0.03597
0.999127
0.622762
0.204737
0.480048
0.54776
0.61567
0.033233
0.683355
0.09696
0.162145
0.351617
0.513541
0.195544
0.993702
0.184699
0.515558
0.903569
0.561086
0.86014
0.681545
0.919169
0.547222
0.988472
0.268423
0.133739
0.998181
0.740123
0.618494
0.583463
0.606149
0.968824
0.236838
0.03366
0.460351
0.574993
0.441127
0.088376
0.908994
0.580982
0.281595
0.562992
0.071349
0.800803
0.232824
0.363743
0.685978
0.860295
0.468195
0.105319
0.917874
0.347152
0.648855
0.461895
0.199004
0.950242
0.670138
0.369454
0.217587
0.804869
0.434876
0.908486
0.35254
0.585007
0.489284
0.821687
0.380976
0.188903
0.397126
0.963511
0.475895
0.277876
0.825927
0.631783
0.244795
0.375576
0.901237
0.440233
0.39473
0.170884
0.67919
0.121869
0.89194
0.140445
0.049631
0.487409
0.487621
0.152484
0.579477
0.462433
0.695173
0.718118
0.569393
0.354154
0.002482
0.690266
0.409615
0.225424
0.127122
0.922593
0.398968
0.544699
0.185189
0.53958
0.89443
0.981534
0.025329
0.538352
0.996976
0.687284
0.321077
0.372833
0.198954
0.55464
0.55951
0.198303
0.778646
0.748289
0.665151
0.572384
0.265108
0.252543
0.585184
0.771274
0.306768
0.775734
0.461977
0.087135
0.736973
0.730009
0.320624
0.410355
0.268313
0.935651
0.749289
0.11184
0.353182
0.000818
0.631323
0.225682
0.807715
0.750906
0.105498
0.886757
0.622714
0.045999
0.937452
0.021544
0.117049
0.395388
0.150109
0.632343
0.976679
0.904152
0.36689
0.445519
0.743425
0.200423
0.175488
0.853812
0.888259
0.691048
0.734865
0.223281
0.925981
0.531044
0.615996
0.272854
0.953388
0.718668
0.860817
0.057509
0.007227
0.088809
0.530007
0.14758
0.392855
0.391884
0.265184
0.701782
0.418367
0.602128
0.022514
0.595579
0.660803
0.769524
0.193483
0.503757
0.138131
0.892361
0.826724
0.951271
0.242768
0.399526
0.796257
0.966669
0.687295
0.293311
0.750593
0.157529
0.45234
0.803935
0.207573
0.690021
0.618165
0.684365
0.324673
0.667789
0.977971
0.32761
0.850738
0.807369
0.729785
0.311861
0.608972
0.703751
0.044714
0.885426
0.348805
0.89922
0.672667
0.490103
0.835724
0.867171
0.253877
0.362749
0.474582
0.036952
0.74452
0.188211
0.541777
0.858344
0.987525
0.752351
0.774458
0.078362
0.165865
0.372874
0.709451
0.396464
0.71523
0.177545
0.98561
0.300647
0.931497
0.091178
0.815023
0.489228
0.420411
0.587386
0.346671
0.376445
0.494755
0.990155
0.787729
0.155469
0.853715
0.70594
0.511683
0.243223
0.510767
0.594711
0.84375
0.209626
0.700157
0.426949
0.9584
0.896631
0.595114
0.876925
0.541761
0.852925
0.75774
0.367069
0.115737
0.776176
0.115089
0.728977
0.196025
0.989942
0.466363
0.006395
0.628365
0.424903
0.928031
0.169288
0.08339
0.925306
0.017623
0.480324
0.681707
0.934157
0.786786
0.053888
0.12566
0.44521
0.573505
0.979247
0.002268
0.466341
0.794443
0.796145
0.058407
0.836641
0.336944
0.729329
0.356985
0.094754
0.671553
0.523552
0.709316
0.007775
0.662242
0.191671
0.412201
0.870491
0.807713
0.555651
0.709421
0.862707
0.244907
0.270281
0.346066
0.835228
0.940694
0.241412
0.364259
0.195835
0.387635
0.887172
0.521152
0.066984
0.815389
0.732684
0.61195
0.033635
0.267057
0.152277
0.330124
0.268512
0.16074
0.904176
0.933584
0.882064
0.076264
0.222148
0.434134
0.559132
0.014634
0.871771
0.425306
0.961833
0.116986
0.220804
0.491468
0.585538
0.32309
0.283097
0.589506
0.432825
0.611441
0.504134
0.301644
0.960216
0.123963
0.428285
0.230394
0.411843
0.819625
0.817766
0.342187
0.070138
0.665257
0.957451
0.882676
0.381258
0.989229
0.529529
0.720344
0.209098
0.011156
0.599469
0.50074
0.589556
0.595317
0.611991
0.845471
0.689926
0.642428
0.321203
0.068867
0.68968
0.010301
0.667367
0.915727
0.831921
0.805545
0.266653
0.269712
0.344888
0.970894
0.780581
0.173371
0.886428
0.356407
0.867462
0.360087
0.587726
0.845001
0.503494
0.175965
0.676049
0.720684
0.33913
0.921521
0.017373
0.69884
0.619939
0.281802
0.855631
0.690636
0.272971
0.323997
0.604459
0.593728
0.897455
0.488163
0.93336
0.274529
0.320202
0.568022
0.107844
0.225292
0.155036
0.025947
0.324327
0.580866
0.294953
0.438602
0.392369
0.208667
0.933599
0.54011
0.873516
0.369321
0.989137
0.96863
0.752726
0.345479
0.194501
0.41086
0.168295
0.383953
0.940753
0.80041
0.540141
0.586917
0.629533
0.182032
0.38056
0.435301
0.601488
0.580397
0.238359
0.005893
0.45681
0.442644
0.154405
0.1724
0.644811
0.950723
0.294137
0.956135
0.260677
0.498328
0.63975
0.911102
0.967075
0.406999
0.995435
0.797572
0.784335
0.869018
0.438609
0.137751
0.402271
0.895401
0.906971
0.142235
0.925368
0.697437
0.604279
0.740683
0.516038
0.916085
0.201563
0.892908
0.585073
0.24561
0.15243
0.522252
0.335142
0.550554
0.354644
0.810656
0.125724
0.032066
0.577502
0.298697
0.703992
0.06145
0.057321
0.346785
0.567264
0.48752
0.367281
0.418143
0.621724
0.089674
0.27263
0.466428
0.04097
0.415011
0.948961
0.491183
0.955905
0.560344
0.424531
0.521965
0.663228
0.365003
0.82258
0.906309
0.325481
0.442017
0.974232
0.963441
0.923822
0.396903
0.039266
0.163193
0.519695
0.3061
0.999595
0.573199
0.78937
0.103294
0.627572
0.192215
0.653682
0.591079
0.148319
0.899358
0.29556
0.338203
0.54559
0.840704
0.730969
0.071432
0.186207
0.666094
0.173636
0.634759
0.647022
0.902557
0.697743
0.017561
0.028292
0.103041
0.414532
0.156142
0.801953
0.886845
0.512177
0.449717
0.207049
0.736569
0.39689
0.247691
0.545409
0.350787
0.81065
0.164221
0.722759
0.689871
0.424851
0.662596
0.430695
0.085945
0.640777
0.170301
0.355027
0.409295
0.160333
0.973597
0.183242
0.891363
0.202872
0.944811
0.636389
0.226139
0.095557
0.020131
0.831627
0.675013
0.431865
0.28115
0.387232
0.056844
0.164014
0.321779
0.254419
0.306319
0.694612
0.725751
0.475012
0.002648
0.846716
0.45382
0.529946
0.820549
0.582564
0.509575
0.805958
0.137146
0.348398
0.227786
0.933054
0.840145
0.71525
0.874776
0.259246
0.304527
0.183962
0.511636
0.654323
0.266995
0.021722
0.337382
0.972968
0.248336
0.218684
0.702929
0.64874
0.361931
0.751861
0.020551
0.181025
0.508223
0.250493
0.284673
0.977579
0.719898
0.072959
0.671479
0.370651
0.213679
0.14527
0.75796
0.206183
0.230619
0.498097
0.753021
0.026248
0.023213
0.186917
0.985026
0.741239
0.726652
0.258477
0.365679
0.872315
0.197338
0.970657
0.036243
0.343125
0.302356
0.663972
0.760038
0.034319
0.822621
0.591851
0.931199
0.860526
0.641578
0.006057
0.565667
0.336522
0.641286
0.239199
0.101386
0.731961
0.828664
0.054451
0.674229
0.046995
0.730429
0.095299
0.530987
0.283388
0.322395
0.322676
0.229242
0.324071
0.751263
0.203942
0.327013
0.363826
0.213131
0.843025
0.824108
0.338884
0.432037
0.610263
0.670334
0.802632
0.506646
0.752512
0.796403
0.580934
0.858758
0.412573
0.99196
0.38591
0.14894
0.054977
0.780788
0.256042
0.282909
0.140369
0.343768
0.633794
0.00815
0.641171
0.442721
0.576938
0.175351
0.358196
0.905503
0.821688
0.787374
0.490632
0.162624
0.697232
0.010498
0.25868
0.316029
0.232224
0.174192
0.90167
0.61126
0.917718
0.592953
0.286527
0.34612
0.660863
0.254082
0.86249
0.302929
0.771372
0.718954
0.170113
0.779344
0.466975
0.812585
0.550831
0.411555
0.240817
0.297146
0.516362
0.74486
0.341208
0.283764
0.881182
0.103183
0.164359
0.00404
0.37922
0.344129
0.063231
0.686806
0.06229
0.86878
0.617977
0.168877
0.499069
0.594617
0.386285
0.48484
0.029553
0.028353
0.612937
0.850447
0.814897
0.204911
0.608916
0.140271
0.806793
0.249841
0.894975
0.091888
0.066909
0.72719
0.666421
0.502703
0.792145
0.746023
0.488055
0.738396
0.294209
0.32166
0.049291
0.153354
0.401025
0.108371
0.647808
0.742728
0.314541
0.756093
0.229483
0.568697
0.763906
0.313615
0.076362
0.79616
0.471058
0.545104
0.331414
0.889113
0.191897
0.015129
0.506458
0.985512
0.686243
0.789845
0.353478
0.780837
0.366469
0.894385
0.865438
0.033462
0.746778
0.91963
0.125839
0.526106
0.48028
0.254133
0.267323
0.507938
0.590867
0.517727
0.836477
0.30474
0.450746
0.11408
0.637874
0.728535
0.685835
0.958331
0.66085
0.794837
0.016683
0.595377
0.130983
0.017439
0.24207
0.074883
0.407238
0.452045
0.535849
0.742985
0.71749
0.368893
0.259399
0.412617
0.355824
0.876866
0.033371
0.194987
0.509696
0.192774
0.608489
0.690599
0.630645
0.251431
0.02202
0.403118
0.085953
0.385333
0.749609
0.802704
0.239365
0.60353
0.377283
0.019389
0.824097
0.885414
0.546852
0.042952
0.556886
0.358465
0.001607
0.19387
0.289884
0.55599
0.011812
0.072813
0.381968
0.414081
0.612004
0.204693
0.107482
0.897754
0.043036
0.85172
0.595607
0.872009
0.160273
0.351978
0.222647
0.46881
0.178505
0.679121
0.951776
0.618281
0.350849
0.931264
0.520262
0.491576
0.619639
0.544045
0.971015
0.279651
0.102452
0.67242
0.463159
0.235286
0.069556
0.056988
0.29381
0.707527
0.214694
0.926111
0.486597
0.076859
0.244181
0.025756
0.212257
0.739911
0.95607
0.21517
0.64393
0.853141
0.838541
0.596442
0.564844
0.691336
0.531185
0.74452
0.733041
0.983585
0.224276
0.111454
0.67165
0.762689
0.115451
0.194402
0.730313
0.08913
0.245509
0.474802
0.720404
0.117917
0.368854
0.656258
0.758371
0.752093
0.026201
0.831828
0.439547
0.094103
0.887773
0.349462
0.766212
0.450675
0.383663
0.165898
0.022756
0.436771
0.044642
0.520281
0.194413
0.627764
0.472635
0.604694
0.851683
0.417425
0.194888
0.597589
0.211542
0.873585
0.774099
0.898202
0.937413
0.002906
0.538523
0.211985
0.053011
0.654533
0.370625
0.710833
0.622634
0.773892
0.787091
0.563817
0.568537
0.489108
0.32067
0.69217
0.279046
0.06475
0.521764
0.384117
0.461678
0.013124
0.694129
0.82328
0.897058
0.007523
0.517086
0.405482
0.248714
0.465268
0.099239
0.469349
0.829273
0.245859
0.858678
0.938062
0.767544
0.369902
0.757841
0.489987
0.482825
0.923289
0.17799
0.766144
0.948205
0.795035
0.738295
0.292553
0.487159
0.339514
0.061538
0.390991
0.680143
0.882761
0.033252
0.548637
0.073105
0.673018
0.742894
0.041654
0.298875
0.558819
0.775163
0.097187
0.431398
0.259486
0.071437
0.31817
0.641658
0.206918
0.392926
0.281405
0.986998
0.343074
0.32684
0.585082
0.443828
0.314393
0.472228
0.313343
0.514346
0.00216
0.35121
0.0002
0.880069
0.383251
0.61168
0.135998
0.192984
0.45353
0.234405
0.086329
0.295321
0.389152
0.565236
0.685272
0.450409
0.188326
0.798152
0.426764
0.955386
0.801426
0.025041
0.969499
0.100831
0.964965
0.071712
0.583087
0.565023
0.960701
0.367477
0.382854
0.856107
0.248629
0.917692
0.995416
0.071001
0.893025
0.903851
0.604331
0.588093
0.983201
0.738194
0.559458
0.31725
0.249722
0.551244
0.112157
0.318943
0.133585
0.094692
0.782611
0.070127
0.675832
0.590291
0.951935
0.464563
0.205855
0.556701
0.857207
0.726568
0.435702
0.529153
0.177947
0.568518
0.089143
0.497554
0.050792
0.30518
0.467106
0.157822
0.869976
0.612308
0.927736
0.958585
0.116419
0.762798
0.420111
0.640253
0.66081
0.130678
0.210508
0.19241
0.958866
0.439012
0.650182
0.915993
0.606459
0.471883
0.267677
0.236528
0.788465
0.567994
0.170763
0.789605
0.566794
0.484087
0.738297
0.897113
0.262271
0.798828
0.0841
0.82223
0.384769
0.569875
0.958738
0.668523
0.300668
0.145505
0.456688
0.647275
0.614055
0.868074
0.867647
0.596046
0.136838
0.385439
0.581675
0.167904
0.072758
0.111295
0.776249
0.681964
0.466633
0.723353
0.393005
0.600659
0.302946
0.29906
0.501215
0.074602
0.146882
0.638023
0.228867
0.611691
0.298941
0.765833
0.001221
0.68354
0.356353
0.097886
0.540341
0.975938
0.291804
0.138698
0.175893
0.016104
0.422009
0.627256
0.664689
0.542477
0.568875
0.764818
0.745505
0.190646
0.665941
0.656269
0.033144
0.759521
0.484211
0.359681
0.982493
0.348355
0.535037
0.724058
0.18427
0.60624
0.86376
0.787694
0.244536
0.973507
0.126184
0.574369
0.647525
0.22347
0.093393
0.323619
0.739967
0.456348
0.945599
0.052967
0.121805
0.393801
0.12428
0.40713
0.875194
0.116417
0.689906
0.071788
0.933454
0.422139
0.558376
0.039915
0.767567
0.139364
0.529373
0.339824
0.087153
0.764921
0.902318
0.922629
0.487219
0.885751
0.529581
0.893966
0.516718
0.810022
0.966309
0.549312
0.00338
0.98453
0.699866
0.558177
0.131604
0.66024
0.886248
0.990303
0.026556
0.325494
0.192314
0.893902
0.75304
0.674452
0.853089
0.543318
0.261518
0.621702
0.735274
0.632267
0.916886
0.734756
0.930874
0.987832
0.620372
0.680935
0.79179
0.969509
0.932246
0.12125
0.987199
0.858068
0.164616
0.848022
0.935545
0.14743
0.02291
0.300826
0.192837
0.727458
0.810304
0.838894
0.832579
0.364757
0.718533
0.65936
0.488753
0.684191
0.591449
0.555494
0.305767
0.170083
0.729306
0.480063
0.084741
0.504986
0.832641
0.829755
0.055018
0.950828
0.355998
0.267214
0.910093
0.147839
0.39002
0.919609
0.433524
0.585045
0.68385
0.56156
0.238291
0.047057
0.47694
0.269278
0.173908
0.521775
0.167205
0.075696
0.063148
0.330105
0.877021
0.829439
0.428879
0.115427
0.307535
0.340671
0.336081
0.648782
0.563238
0.864218
0.890134
0.409067
0.411142
0.934225
0.343906
0.171124
0.20627
0.160468
0.969977
0.973011
0.271996
0.020149
0.026108
0.808673
0.060751
0.694727
0.740717
0.002069
0.828144
0.09187
0.597511
0.94719
0.284777
0.125924
0.369761
0.587448
0.37273
0.115686
0.942357
0.718106
0.046489
0.405844
0.718003
0.508926
0.485084
0.023225
0.518381
0.690321
0.281804
0.151301
0.811207
0.73218
0.588014
0.164552
0.472366
0.570544
0.904902
0.745147
0.863303
0.001011
0.679182
0.850623
0.77582
0.535619
0.770598
0.147237
0.772205
0.714701
0.38506
0.152775
0.278442
0.984645
0.291487
0.269466
0.705295
0.232614
0.3164
0.922717
0.161353
0.718578
0.167486
0.647005
0.831239
0.412413
0.596514
0.802417
0.271423
0.775291
0.563098
0.510159
0.20557
0.84987
0.490827
0.262477
0.182106
0.040506
0.743862
0.18009
0.374466
0.645316
0.452931
0.92616
0.258541
0.625464
0.294445
0.570943
0.946528
0.864868
0.84211
0.779224
0.314761
0.549259
0.948401
0.039351
0.490217
0.394314
0.515199
0.717729
0.399591
0.733276
0.391464
0.476294
0.381794
0.279015
0.048449
0.387315
0.78737
0.77578
0.167354
0.10509
0.888289
0.746041
0.625039
0.511651
0.93912
0.435907
0.407906
0.281511
0.912014
0.202566
0.32067
0.644353
0.067467
0.995587
0.459748
0.627135
0.584677
0.228489
0.446152
0.063971
0.604612
0.077028
0.638927
0.441735
0.89348
0.728462
0.995258
0.00189
0.244435
0.325179
0.70595
0.019177
0.721935
0.285516
0.897916
0.544288
0.800896
0.499787
0.536729
0.829899
0.87505
0.777814
0.586861
0.69227
0.365835
0.134184
0.960842
0.497786
0.576429
0.105231
0.724977
0.499466
0.072863
0.093044
0.729566
0.49598
0.493681
0.972815
0.055959
0.336924
0.946138
0.909451
0.623983
0.530673
0.846038
0.83456
0.354688
0.2021
0.613135
0.064435
0.765675
0.924235
0.09581
0.638354
0.146142
0.651434
0.296671
0.033568
0.855404
0.983475
0.55362
0.135449
0.716899
0.122936
0.285695
0.557068
0.939871
0.126549
0.429556
0.198775
0.327029
0.136941
0.970079
0.541106
0.689174
0.310208
0.837094
0.987685
0.203908
0.58381
0.868997
0.874821
0.589497
0.624395
0.202487
0.272974
0.620691
0.089504
0.155375
0.141309
0.127302
0.905223
0.368592
0.965133
0.877753
0.628432
0.284172
0.32351
0.942754
0.812585
0.047347
0.053405
0.110425
0.512968
0.080076
0.134003
0.913865
0.305755
0.007129
0.046358
0.995658
0.310882
0.506585
0.336827
0.538891
0.019985
0.654212
0.902906
0.549142
0.324539
0.504599
0.529279
0.998721
0.988634
0.776951
0.235894
0.141304
0.493694
0.595388
0.862263
0.035162
0.160467
0.222232
0.583962
0.026218
0.464364
0.231297
0.080527
0.128674
0.390838
0.999312
0.695916
0.15172
0.981968
0.503521
0.139694
0.642721
0.920219
0.089313
0.417727
0.370458
0.529851
0.510314
0.72192
0.560536
0.731322
0.923147
0.521659
0.868073
0.64021
0.704141
0.449077
0.038354
0.60463
0.483097
0.921357
0.442287
0.860348
0.495796
0.626836
0.974798
0.176247
0.28569
0.172764
0.799951
0.439153
0.088507
0.132166
0.303624
0.252145
0.174792
0.235049
0.624061
0.540317
0.138972
0.514587
0.214819
0.804437
0.139608
0.549478
0.259281
0.776793
0.970505
0.34075
0.51282
0.753968
0.465349
0.359705
0.7974
0.077766
0.370146
0.973485
0.315135
0.194591
0.763723
0.237239
0.28923
0.959456
0.613218
0.210293
0.991333
0.341881
0.92269
0.740153
0.057417
0.835888
0.419561
0.507845
0.014771
0.013129
0.814466
0.954181
0.579934
0.116697
0.35151
0.043881
0.5683
0.480198
0.158334
0.068942
0.238331
0.443682
0.972094
0.523149
0.959767
0.742545
0.536758
0.227926
0.368577
0.23117
0.776234
0.616129
0.420828
0.637085
0.572097
0.225939
0.396397
0.063795
0.544065
0.827462
0.250615
0.89733
0.943292
0.456295
0.313144
0.127724
0.568509
0.706796
0.821658
0.134873
0.681308
0.112162
0.249624
0.984282
0.959052
0.834881
0.152769
0.893139
0.954994
0.772431
0.945858
0.454795
0.789593
0.128788
0.883048
0.286895
0.04117
0.444168
0.844606
0.705033
0.329404
0.638038
0.839262
0.763276
0.210012
0.208035
0.009713
0.814402
0.534568
0.928266
0.878709
0.427353
0.567341
0.886293
0.24826
0.368593
0.934933
0.059196
0.774559
0.493256
0.25214
0.039321
0.663895
0.374015
0.543893
0.318115
0.357185
0.843651
0.159403
0.640407
0.674276
0.869247
0.965548
0.754772
0.30266
0.868814
0.374095
0.693056
0.216711
0.271585
0.660249
0.870799
0.31542
0.611234
0.581871
0.194691
0.575193
0.585609
0.565563
0.298231
0.627366
0.352824
0.79705
0.843156
0.553718
0.328404
0.538946
0.351544
0.732572
0.54558
0.790503
0.767777
0.52576
0.365209
0.2131
0.174329
0.895899
0.457263
0.905398
0.148577
0.214864
0.647586
0.052457
0.874133
0.780799
0.643184
0.473417
0.071532
0.986458
0.287176
0.051759
0.787564
0.375475
0.942311
0.563733
0.675858
0.099132
0.690561
0.246315
0.69749
0.676396
0.063287
0.764376
0.911159
0.466291
0.053887
0.019219
0.591834
0.92629
0.66886
0.468734
0.009779
0.293834
0.186587
0.908393
0.845215
0.730673
0.119947
0.834646
0.491679
0.117818
0.509871
0.472025
0.695139
0.143008
0.423698
0.189419
0.427982
0.880759
0.213126
0.827128
0.989957
0.990593
0.2964
0.488748
0.151029
0.728089
0.73481
0.655588
0.444694
0.579629
0.951244
0.326244
0.131972
0.032109
0.200401
0.705208
0.397669
0.242571
0.917312
0.724045
0.402187
0.497821
0.275819
0.599016
0.173147
0.990012
0.393098
0.256825
0.611612
0.623168
0.033762
0.055737
0.233611
0.333331
0.506438
0.552751
0.227416
0.405619
0.611902
0.777812
0.165446
0.940774
0.213172
0.143457
0.215724
0.642758
0.449815
0.387774
0.261044
0.859625
0.463932
0.422086
0.096418
0.898907
0.803673
0.87542
0.284462
0.896702
0.391926
0.401026
0.164449
0.062452
0.672608
0.359828
0.402259
0.18087
0.51532
0.086446
0.380139
0.026775
0.688773
0.152096
0.837448
0.506694
0.803188
0.57222
0.029322
0.246759
0.122763
0.065216
0.150004
0.124526
0.325468
0.227818
0.680094
0.719916
0.68894
0.74134
0.134357
0.459324
0.495698
0.097426
0.019
0.625215
0.046436
0.096878
0.841054
0.242249
0.305952
0.271351
0.54095
0.390744
0.136132
0.013328
0.932393
0.70431
0.27132
0.473827
0.531182
0.219598
0.323045
0.515585
0.544489
0.870011
0.292546
0.948516
0.839871
0.620729
0.220293
0.596389
0.115291
0.876305
0.397545
0.569455
0.458035
0.298707
0.365396
0.348472
0.861915
0.515403
0.82784
0.753772
0.66514
0.052795
0.912182
0.803862
0.145713
0.477425
0.507411
0.667745
0.256308
0.858835
0.151303
0.820106
0.655131
0.517782
0.949318
0.416751
0.622185
0.419512
0.941104
0.577172
0.604776
0.779551
0.640704
0.231959
0.956873
0.293753
0.165194
0.420523
0.903728
0.941873
0.73507
0.150564
0.187626
0.210806
0.128812
0.087022
0.128108
0.144922
0.295874
0.156686
0.626216
0.350709
0.31103
0.918105
0.74107
0.446836
0.623513
0.543135
0.446875
0.139237
0.760329
0.495956
0.615979
0.745804
0.278816
0.893515
0.696578
0.570814
0.671283
0.254083
0.04381
0.387583
0.482858
0.275467
0.823529
0.929534
0.84096
0.91073
0.892819
0.142517
0.503358
0.442332
0.063977
0.979363
0.725519
0.032901
0.705459
0.397372
0.042326
0.073791
0.533327
0.513918
0.083514
0.523802
0.575361
0.853093
0.166921
0.721488
0.455123
0.654331
0.212371
0.294376
0.380949
0.226292
0.974555
0.570443
0.345934
0.869381
0.013481
0.44686
0.516729
0.925101
0.195959
0.640098
0.601638
0.29719
0.508821
0.454947
0.832721
0.025943
0.096349
0.0158
0.009309
0.937207
0.399115
0.279341
0.264474
0.674192
0.126103
0.391244
0.602126
0.989827
0.325112
0.311345
0.639722
0.744969
0.02497
0.295871
0.657948
0.505964
0.514672
0.358152
0.930326
0.821683
0.143024
0.826397
0.576107
0.220158
0.5707
0.463623
0.424586
0.215307
0.97002
0.082201
0.642986
0.765443
0.106119
0.454577
0.180772
0.420523
0.588843
0.251857
0.782458
0.810662
0.759789
0.589398
0.406236
0.610038
0.344395
0.219998
0.209277
0.802978
0.007588
0.143832
0.685996
0.502773
0.506512
0.235938
0.566161
0.013361
0.584833
0.669888
0.505202
0.578378
0.989568
0.748489
0.204495
0.860012
0.036731
0.78976
0.845589
0.706147
0.233896
0.451913
0.878577
0.046699
0.988124
0.661727
0.111472
0.526255
0.512202
0.335202
0.520933
0.266729
0.984016
0.658918
0.574553
0.794633
0.894204
0.930581
0.742347
0.217619
0.508609
0.291182
0.455783
0.117317
0.153815
0.207062
0.007387
0.161635
0.886035
0.403027
0.062366
0.319867
0.415262
0.059895
0.997356
0.66183
0.460116
0.134004
0.438088
0.796207
0.301902
0.121332
0.245705
0.202596
0.894702
0.439713
0.165868
0.262703
0.274654
0.093153
0.674933
0.031343
0.957599
0.895739
0.341212
0.231222
0.094453
0.470055
0.158623
0.761769
0.671382
0.169317
0.852551
0.909375
0.831021
0.558033
0.528769
0.21186
0.672664
0.164052
0.512234
0.168968
0.025488
0.293897
0.161054
0.213338
0.449472
0.174528
0.186914
0.560525
0.076747
0.773355
0.7636
0.431755
0.00795
0.522314
0.750843
0.076746
0.131424
0.667084
0.017166
0.525571
0.155876
0.346609
0.266362
0.312339
0.108069
0.581191
0.351608
0.462091
0.528983
0.414249
0.375655
0.291783
0.503414
0.317542
0.080962
0.926036
0.50411
0.855843
0.872849
0.476145
0.205326
0.13361
0.597191
0.973109
0.674007
0.005172
0.689453
0.214375
0.018274
0.210982
0.275254
0.235299
0.265925
0.278673
0.872684
0.487106
0.9609
0.114827
0.265959
0.430602
0.253043
0.104909
0.807377
0.946369
0.909415
0.494613
0.119584
0.856177
0.889474
0.83577
0.171651
0.704734
0.690622
0.177826
0.438558
0.063752
0.435685
0.598341
0.763492
0.045159
0.8344
0.314706
0.400687
0.077494
0.460642
0.505924
0.872659
0.810208
0.329524
0.897126
0.500981
0.687807
0.300705
0.934529
0.219367
0.440004
0.190266
0.644759
0.249537
0.483639
0.821083
0.803294
0.3498
0.330833
0.872831
0.520886
0.974048
0.167238
0.460604
0.532485
0.273198
0.928441
0.376916
0.67189
0.777123
0.022911
0.062267
0.262723
0.735583
0.708894
0.874929
0.08115
0.626906
0.159832
0.062884
0.328354
0.903482
0.056679
0.812264
0.872005
0.481787
0.230091
0.833314
0.833401
0.334406
0.710647
0.367866
0.267775
0.981816
0.473423
0.024861
0.30029
0.45075
0.15844
0.531761
0.170882
0.493632
0.038072
0.143368
0.153121
0.221194
0.155149
0.338862
0.640511
0.866276
0.720906
0.117627
0.203818
0.166907
0.818455
0.081869
0.63186
0.523313
0.988418
0.635281
0.196236
0.080011
0.421039
0.520944
0.903628
0.810277
0.124308
0.53613
0.936711
0.904965
0.660227
0.311591
0.372547
0.604634
0.858866
0.403689
0.072226
0.506079
0.161562
0.285347
0.838144
0.301374
0.682006
0.495852
0.864719
0.794631
0.319299
0.98798
0.856389
0.574647
0.817841
0.545621
0.963865
0.977409
0.544654
0.044444
0.487909
0.526067
0.182316
0.622479
0.343424
0.693596
0.812588
0.253624
0.327355
0.975785
0.256106
0.79717
0.848908
0.312037
0.089299
0.492198
0.459343
0.465318
0.684824
0.219248
0.953974
0.740536
0.855324
0.12005
0.594961
0.508269
0.53647
0.319805
0.330501
0.44262
0.052518
0.946808
0.33101
0.534413
0.035769
0.108475
0.518211
0.648514
0.38201
0.594978
0.215068
0.627897
0.836235
0.704723
0.074166
0.163831
0.728549
0.084621
0.085592
0.410601
0.700901
0.6174
0.266171
0.7605
0.988789
0.229424
0.129242
0.714652
0.577529
0.615998
0.731886
0.911819
0.648355
0.541955
0.266809
0.422033
0.287331
0.950658
0.81361
0.775443
0.425892
0.437091
0.820523
0.191734
0.37891
0.535632
0.309509
0.324492
0.409515
0.901422
0.887701
0.861056
0.525469
0.354967
0.69624
0.076716
0.313727
0.445636
0.386838
0.246797
0.691789
0.701539
0.171753
0.787497
0.163333
0.649547
0.011067
0.215496
0.808832
0.209759
0.602622
0.823414
0.1168
0.807809
0.547287
0.454962
0.366628
0.48569
0.084912
0.730579
0.06142
0.641219
0.904181
0.372431
0.765504
0.775901
0.055688
0.105201
0.870399
0.536683
0.863261
0.78229
0.811827
0.172574
0.512887
0.12945
0.149474
0.650247
0.553813
0.723941
0.877683
0.523304
0.226494
0.753408
0.567092
0.388758
0.420047
0.258915
0.487284
0.860884
0.349413
0.337532
0.627194
0.723654
0.830881
0.733839
0.070518
0.805024
0.172031
0.946287
0.656461
0.130201
0.141716
0.40411
0.81831
0.517785
0.672825
0.4775
0.694898
0.407262
0.924179
0.131032
0.06736
0.364542
0.165358
0.099937
0.636626
0.787958
0.543656
0.887951
0.296332
0.073842
0.130641
0.906205
0.198242
0.624283
0.107635
0.790723
0.197313
0.038258
0.108262
0.377708
0.647787
0.730679
0.092459
0.912797
0.339012
0.35138
0.055868
0.065905
0.865345
0.527861
0.574346
0.972245
0.644104
0.300579
0.098486
0.58235
0.701457
0.499473
0.874056
0.402974
0.540909
0.957693
0.950258
0.902328
0.559239
0.982803
0.681368
0.544291
0.291244
0.520134
0.223967
0.23558
0.524917
0.413546
0.058511
0.428671
0.852069
0.538211
0.642859
0.511838
0.970295
0.458995
0.455814
0.555398
0.421649
0.091272
0.679105
0.744419
0.340112
0.667276
0.857418
0.044964
0.05842
0.909898
0.37431
0.722417
0.642651
0.178403
0.828505
0.068382
0.695029
0.934653
0.793256
0.294017
0.552856
0.558191
0.57393
0.546354
0.684885
0.016043
0.230994
0.872367
0.392752
0.733776
0.293963
0.065286
0.259682
0.232438
0.259916
0.373851
0.220169
0.839417
0.084543
0.65449
0.592874
0.264109
0.22023
0.719503
0.417496
0.942557
0.339896
0.587396
0.164874
0.277663
0.846143
0.400421
0.170597
0.532981
0.57809
0.498299
0.795086
0.699182
0.337669
0.413565
0.520279
0.213308
0.945772
0.339373
0.619056
0.096611
0.688199
0.169843
0.104697
0.574283
0.524302
0.741904
0.042494
0.800155
0.772544
0.03461
0.584727
0.668339
0.877204
0.942261
0.827822
0.458929
0.752935
0.886514
0.769405
0.878357
0.09385
0.792554
0.276291
0.207421
0.805927
0.68688
0.250907
0.284512
0.598986
0.226414
0.713461
0.339163
0.228544
0.789221
0.924833
0.970575
0.77087
0.399725
0.786255
0.043693
0.18955
0.506043
0.621958
0.66991
0.434797
0.494412
0.527097
0.238551
0.353281
0.890498
0.086729
0.279494
0.18342
0.634518
0.493327
0.11174
0.698019
0.705948
0.640728
0.437147
0.504298
0.496353
0.715382
0.53312
0.50939
0.573306
0.050933
0.857788
0.81586
0.266141
0.159742
0.179487
0.889776
0.36354
0.065159
0.791634
0.726597
0.15632
0.142966
0.558819
0.283411
0.230834
0.512201
0.684467
0.068802
0.056496
0.473047
0.989416
0.912601
0.496725
0.420498
0.041447
0.07158
0.041666
0.849921
0.327883
0.734487
0.532954
0.647053
0.424798
0.651328
0.412927
0.338158
0.203325
0.086929
0.504886
0.950317
0.429426
0.298327
0.522721
0.818207
0.146681
0.657398
0.535357
0.953569
0.54702
0.507852
0.236048
0.835087
0.021249
0.115965
0.527271
0.699456
0.441747
0.984587
0.422224
0.252321
0.356029
0.82696
0.819136
0.909495
0.361091
0.840389
0.523563
0.663767
0.597445
0.645372
0.480922
0.740505
0.638863
0.277168
0.675657
0.488234
0.268451
0.616019
0.276727
0.125817
0.072649
0.743302
0.521981
0.799368
0.546203
0.917433
0.304285
0.070634
0.847227
0.557982
0.549162
0.916898
0.935869
0.90446
0.548821
0.125264
0.831776
0.023506
0.877512
0.366638
0.641298
0.863029
0.258231
0.978394
0.00916
0.304605
0.79515
0.837526
0.43416
0.807841
0.415643
0.620226
0.025812
0.531392
0.794217
0.149284
0.350982
0.786099
0.044944
0.646158
0.315676
0.680558
0.597271
0.43865
0.84305
0.930708
0.435887
0.965408
0.372078
0.486205
0.997387
0.454922
0.47263
0.969744
0.163684
0.613108
0.908532
0.575974
0.697077
0.889575
0.377453
0.532887
0.717308
0.652119
0.797691
0.049498
0.092685
0.665715
0.821104
0.717297
0.108478
0.88362
0.752068
0.322436
0.111106
0.267836
0.331753
0.547009
0.474751
0.845767
0.324532
0.071246
0.362744
0.932077
0.704388
0.533242
0.992242
0.270243
0.508816
0.203528
0.108311
0.806368
0.825113
0.277765
0.008116
0.746429
0.612411
0.785663
0.315746
0.097784
0.306263
0.194564
0.884799
0.751384
0.320458
0.992724
0.446529
0.177049
0.686285
0.857938
0.90911
0.536689
0.801314
0.604385
0.102796
0.436998
0.737923
0.736945
0.66873
0.442744
0.182554
0.85558
0.558192
0.174084
0.748661
0.951156
0.620642
0.727848
0.768405
0.738072
0.010591
0.87694
0.09175
0.661206
0.083008
0.787925
0.775471
0.085221
0.600687
0.17943
0.474371
0.525643
0.060334
0.129435
0.64692
0.374271
0.475365
0.049944
0.968294
0.111698
0.678103
0.529011
0.252386
0.74342
0.844191
0.964146
0.173647
0.790987
0.67712
0.655257
0.547938
0.3675
0.132101
0.456381
0.156405
0.376958
0.975826
0.388547
0.722383
0.908822
0.339529
0.120786
0.31286
0.515097
0.962616
0.876175
0.695694
0.296575
0.583235
0.010287
0.118087
0.156323
0.713221
0.969149
0.341279
0.402893
0.878236
0.439226
0.518565
0.984319
0.530544
0.860664
0.184112
0.361234
0.072658
0.880773
0.872949
0.411313
0.838012
0.568373
0.310347
0.061908
0.386533
0.152881
0.374394
0.289072
0.946206
0.533434
0.812816
0.397827
0.040479
0.616626
0.054552
0.341117
0.393443
0.800373
0.175499
0.017275
0.954276
0.865682
0.119827
0.002338
0.715231
0.408329
0.124263
0.28353
0.05035
0.92768
0.011701
0.059682
0.169779
0.583188
0.051046
0.523536
0.527907
0.981112
0.28002
0.789825
0.776177
0.553371
0.121212
0.542595
0.809137
0.181052
0.413196
0.798961
0.542591
0.043944
0.62674
0.172167
0.34812
0.656666
0.258853
0.001248
0.726299
0.478363
0.445595
0.348004
0.694368
0.664573
0.574573
0.912932
0.014174
0.361005
0.460383
0.527596
0.082049
0.611871
0.260111
0.680875
0.69798
0.651112
0.946462
0.85995
0.736349
0.749405
0.46624
0.570537
0.285443
0.415538
0.555788
0.516708
0.880864
0.497781
0.959317
0.568649
0.024309
0.932431
0.654157
0.698672
0.62275
0.840801
0.078947
0.544218
0.278624
0.469561
0.31628
0.914722
0.899741
0.005543
0.759796
0.946339
0.720251
0.709066
0.42257
0.213686
0.601781
0.030005
0.821647
0.129302
0.065789
0.70288
0.324499
0.548193
0.802466
0.498447
0.205763
0.842838
0.491722
0.530787
0.237563
0.083811
0.090225
0.924927
0.921463
0.066825
0.497821
0.91724
0.947349
0.895944
0.907389
0.189636
0.906592
0.048568
0.121226
0.799403
0.756061
0.601621
0.482066
0.007632
0.352636
0.07414
0.856593
0.830671
0.526981
0.383122
0.741266
0.946817
0.877998
0.225614
0.276846
0.228756
0.336869
0.617109
0.712982
0.246759
0.610588
0.334604
0.07965
0.02225
0.093984
0.357893
0.832343
0.980452
0.929885
0.972078
0.470081
0.545988
0.538606
0.195644
0.437676
0.171053
0.638222
0.326699
0.195225
0.750055
0.508438
0.968551
0.9293
0.798061
0.434366
0.938184
0.24302
0.885069
0.358242
0.634655
0.48944
0.11794
0.591268
0.032572
0.877312
0.183377
0.332819
0.466277
0.351668
0.101741
0.498486
0.207899
0.984032
0.515155
0.136582
0.687799
0.040961
0.889498
0.093484
0.325787
0.182837
0.069223
0.128927
0.681287
0.766914
0.445097
0.450462
0.020652
0.957973
0.364894
0.306638
0.619354
0.907067
0.301067
0.488055
0.642189