256 4
0
192
215
222
241
1
62
66
92
142
2
145
177
198
240
1
3
14
87
181
4
56
116
135
208
5
27
62
84
190
6
76
86
201
239
7
106
150
156
254
8
31
50
130
242
5
9
143
157
222
7
10
95
135
233
11
50
51
179
236
12
33
66
92
239
13
108
119
226
252
7
14
88
184
191
15
223
224
228
240
16
22
75
103
139
6
8
17
103
239
11
18
70
188
235
7
19
29
117
200
20
81
158
213
252
2
21
96
118
226
14
22
93
179
235
11
23
51
61
87
2
24
29
168
251
25
81
135
205
216
26
178
195
201
223
8
22
27
121
148
16
25
28
49
242
17
29
106
193
214
16
30
96
177
195
31
146
176
178
230
32
45
117
168
177
18
33
56
57
129
5
34
147
217
220
35
77
188
211
229
36
46
60
112
120
2
13
22
37
101
38
42
126
225
239
39
51
212
226
230
40
87
99
199
220
26
41
61
73
81
3
42
148
166
246
32
43
71
131
182
44
45
77
140
206
45
101
184
225
230
3
12
46
64
187
47
100
105
135
212
48
62
152
179
247
49
121
148
223
239
50
86
121
123
244
12
43
51
126
210
50
52
93
145
194
30
53
116
131
183
41
54
131
157
209
23
55
67
121
173
7
36
56
240
246
33
57
79
142
147
11
58
108
182
214
59
61
134
215
242
45
60
127
224
232
41
61
94
167
229
0
3
50
62
162
4
63
74
121
150
60
64
200
207
237
5
65
154
157
218
66
78
116
146
180
48
55
67
158
216
46
68
74
107
153
44
66
69
211
248
15
18
37
45
70
71
105
206
213
254
48
72
85
195
206
58
73
132
173
244
37
74
197
230
255
28
31
75
191
208
76
91
166
189
223
23
69
77
246
255
78
89
98
188
200
70
79
138
182
192
38
80
131
201
236
67
81
146
153
231
15
42
82
95
174
54
83
127
138
211
84
162
178
214
228
56
85
109
170
230
36
75
86
124
253
77
87
146
154
203
70
88
111
116
166
89
188
230
238
251
90
139
174
208
220
91
117
128
147
180
1
72
92
194
250
93
166
175
181
234
19
94
138
170
179
63
94
95
110
119
4
64
96
107
206
28
89
97
180
192
98
181
184
190
231
99
119
199
211
247
34
55
100
137
197
67
101
156
159
160
42
102
171
254
255
7
52
77
103
226
37
104
142
223
229
105
148
149
158
217
82
90
96
106
147
46
59
64
107
175
16
81
108
144
253
56
109
128
184
227
22
109
110
162
225
33
34
75
111
149
21
37
80
112
163
108
109
113
126
160
67
95
114
115
126
45
54
115
167
185
26
116
158
188
196
4
117
183
194
221
61
63
91
118
121
23
119
150
183
191
30
50
62
120
157
70
101
102
121
237
96
122
125
162
212
80
122
123
145
227
70
124
149
181
190
34
38
61
125
255
41
58
74
85
126
26
60
127
138
185
128
136
198
237
246
36
84
129
137
251
36
47
54
130
245
17
53
131
170
198
32
63
132
186
238
60
110
133
158
188
54
73
134
191
227
56
121
127
135
173
89
130
136
161
179
36
77
137
164
251
69
101
138
244
247
14
29
123
139
231
9
53
133
140
253
21
70
141
142
165
0
32
84
118
142
46
120
143
144
247
24
72
112
144
169
60
65
72
145
168
6
78
143
146
208
43
83
106
131
147
148
205
210
212
225
114
149
161
162
171
33
150
202
225
230
34
58
133
151
171
14
17
88
127
152
40
94
122
153
242
15
132
154
160
218
74
106
135
145
155
60
121
156
164
180
85
127
145
157
165
58
142
158
201
253
67
138
159
179
201
14
88
121
160
182
35
88
143
161
213
4
19
31
119
162
17
94
156
163
226
36
157
160
164
197
143
157
165
222
251
151
166
236
242
249
84
141
167
177
188
28
54
122
168
203
16
91
167
169
229
46
51
144
162
170
29
66
107
171
253
1
11
112
172
183
100
173
185
197
226
72
120
146
159
174
51
143
175
195
241
7
91
176
195
249
7
20
92
149
177
98
158
178
185
212
69
74
96
106
179
9
115
134
180
222
29
158
181
230
237
70
72
85
88
182
27
31
183
193
240
52
184
224
227
228
19
132
154
185
244
91
115
186
201
235
79
90
100
187
197
61
73
144
182
188
13
54
159
181
189
23
61
79
190
237
137
180
191
243
246
34
91
132
192
246
15
28
122
193
201
7
37
136
185
194
34
102
108
165
195
44
196
203
230
248
53
79
177
183
197
13
35
75
162
198
2
8
17
24
199
9
32
49
140
200
99
198
201
213
219
63
77
150
202
220
91
137
180
194
203
3
54
80
195
204
43
50
75
205
208
63
140
206
222
243
10
111
207
224
241
22
28
108
117
208
69
125
175
193
209
64
147
178
210
247
16
148
152
211
251
15
36
38
115
212
86
126
198
213
223
177
184
197
214
215
117
145
167
215
246
198
215
216
224
228
29
38
46
125
217
52
142
170
218
225
16
102
117
129
219
47
161
220
251
255
20
101
212
221
245
18
128
151
172
222
50
79
223
243
255
102
118
132
196
224
26
155
166
177
225
105
162
204
222
226
44
62
105
141
227
10
12
140
228
251
44
52
152
178
229
0
109
130
191
230
17
28
195
226
231
33
34
51
195
232
107
163
189
233
255
89
127
196
234
254
25
66
134
179
235
70
171
187
236
240
56
126
132
237
252
11
95
145
238
241
24
169
209
218
239
73
93
155
236
240
24
41
46
165
241
153
154
216
242
249
52
56
98
201
243
59
128
154
222
244
59
67
144
153
245
65
183
185
215
246
21
59
157
208
247
4
23
41
125
248
106
111
214
249
252
70
112
203
248
250
141
186
226
236
251
3
144
145
176
252
34
86
185
215
253
10
11
177
243
254
28
92
168
235
255
0.993378
0.876779
0.064506
0.578279
0.351804
0.266356
0.942194
0.862166
0.682792
0.089057
0.876971
0.699299
0.123317
0.204676
0.952803
0.353702
0.600236
0.939974
0.072561
0.80482
0.751924
0.1851
0.503093
0.642
0.803417
0.423317
0.872025
0.726263
0.731353
0.153127
0.48442
0.66715
0.834144
0.591888
0.140751
0.603804
0.401094
0.603651
0.889749
0.046569
0.495542
0.15401
0.722896
0.641888
0.593992
0.626062
0.860329
0.417401
0.95165
0.859282
0.145759
0.058984
0.352192
0.300048
0.872167
0.039784
0.168856
0.519263
0.912613
0.951031
0.478874
0.961519
0.572775
0.061206
0.586119
0.648096
0.059337
0.932353
0.772774
0.319329
0.658209
0.129425
0.642459
0.405169
0.699469
0.658183
0.387367
0.47825
0.187894
0.63145
0.48459
0.838297
0.288648
0.31256
0.816813
0.962276
0.430301
0.871783
0.084839
0.727283
0.222906
0.784808
0.273409
0.168322
0.236398
0.960998
0.030266
0.727278
0.898062
0.707322
0.184614
0.374367
0.957209
0.071172
0.28704
0.090141
0.875512
0.793043
0.907786
0.468825
0.174733
0.042628
0.649517
0.791047
0.199292
0.488074
0.869222
0.410367
0.74639
0.576387
0.885262
0.727085
0.031835
0.499483
0.400652
0.552854
0.332695
0.979642
0.709892
0.215624
0.835255
0.394358
0.31889
0.131781
0.573908
0.929219
0.416777
0.221359
0.460957
0.091146
0.087619
0.204593
0.186545
0.676639
0.254134
0.552851
0.45342
0.70195
0.167799
0.490973
0.825762
0.028535
0.359108
0.665662
0.348513
0.452569
0.02291
0.453481
0.469609
0.860698
0.615352
0.568902
0.490413
0.190271
0.190553
0.898766
0.629073
0.088684
0.572571
0.557838
0.811621
0.957624
0.600076
0.547652
0.964382
0.041546
0.648102
0.074901
0.781182
0.910005
0.26176
0.079024
0.391653
0.813012
0.784313
0.100474
0.144505
0.754712
0.399224
0.599051
0.081631
0.340796
0.849767
0.964806
0.8286
0.200715
0.697787
0.278263
0.597251
0.088562
0.558262
0.034381
0.551078
0.035504
0.847522
0.494727
0.112923
0.883068
0.11104
0.830786
0.686922
0.153205
0.026241
0.102739
0.996089
0.202499
0.273992
0.268953
0.854095
0.341201
0.72163
0.176794
0.268911
0.641029
0.95715
0.339705
0.233466
0.320984
0.557518
0.912179
0.556346
0.404594
0.273251
0.242864
0.023313
0.141598
0.64711
0.703186
0.999527
0.367297
0.77581
0.891716
0.394067
0.580336
0.908408
0.728884
0.650562
0.984113
0.838957
0.84781
0.51128
0.525326
0.132902
0.344607
0.981648
0.288557
0.476085
0.738037
0.027048
0.210148
0.521577
0.213814
0.92421
0.180107
0.175516
0.029614
0.119295
0.766796
0.575335
0.852904
0.988216
0.388873
0.133266
0.154487
0.163968
0.426189
0.221111
0.07817
0.242963
0.498548
0.643693
0.016306
0.120117
0.716994
0.609734
0.717231
0.816086
0.569176
0.404442
0.285754
0.381236
0.798955
0.887959
0.188807
0.612388
0.637204
0.533517
0.352397
0.364921
0.057153
0.866834
0.422455
0.432819
0.432222
0.130751
0.837595
0.914445
0.262233
0.605366
0.694955
0.574936
0.566718
0.934714
0.587585
0.35247
0.670476
0.29139
0.643559
0.760645
0.210425
0.671991
0.362793
0.692356
0.058184
0.921079
0.011873
0.719475
0.92864
0.5019
0.386795
0.374116
0.799675
0.5773
0.497256
0.849759
0.720829
0.112134
0.664979
0.953487
0.927935
0.800556
0.135313
0.033283
0.535627
0.219256
0.629788
0.686046
0.054233
0.379468
0.767275
0.884353
0.916362
0.671938
0.107678
0.475144
0.273535
0.729207
0.948543
0.735951
0.715675
0.763982
0.450979
0.154024
0.660547
0.946473
0.370291
0.399848
0.761394
0.519368
0.500069
0.655613
0.676995
0.219231
0.621617
0.129316
0.261834
0.510792
0.859431
0.276466
0.100663
0.544905
0.129356
0.618704
0.68481
0.048844
0.06975
0.11418
0.31683
0.769816
0.950241
0.724435
0.520427
0.438266
0.571755
0.07111
0.154711
0.268399
0.529868
0.254205
0.915408
0.837286
0.224835
0.508539
0.295453
0.13621
0.04371
0.110905
0.100702
0.085573
0.948217
0.80904
0.805529
0.747534
0.036585
0.54643
0.990227
0.278451
0.358658
0.856321
0.994327
0.80147
0.616101
0.967265
0.995045
0.119272
0.860078
0.850234
0.190922
0.940367
0.493781
0.703544
0.385753
0.892122
0.827663
0.584983
0.732273
0.913574
0.546598
0.906403
0.367162
0.811977
0.46596
0.533191
0.743182
0.927759
0.373938
0.373713
0.934072
0.270842
0.168996
0.542179
0.090737
0.038584
0.614919
0.364583
0.205835
0.416824
0.861316
0.131256
0.457336
0.425562
0.651638
0.732697
0.484565
0.175712
0.919664
0.012294
0.175487
0.975624
0.41178
0.806164
0.993295
0.538696
0.035214
0.739949
0.408002
0.635744
0.920405
0.669329
0.085445
0.823646
0.438223
0.818357
0.986511
0.970405
0.295122
0.116487
0.751546
0.945971
0.285139
0.307263
0.612499
0.424885
0.478518
0.386437
0.2037
0.74238
0.425602
0.131036
0.104651
0.748734
0.127438
0.348237
0.048292
0.211714
0.897623
0.218081
0.966669
0.769976
0.49667
0.51601
0.317044
0.940603
0.507726
0.994384
0.148906
0.923102
0.345597
0.038631
0.609117
0.92371
0.22327
0.674747
0.20398
0.299039
0.560949
0.621965
0.701878
0.994392
0.551874
0.046081
0.894228
0.893764
0.811876
0.478974
0.224137
0.97918
0.28313
0.535791
0.167283
0.320789
0.79413
0.388628
0.393853
0.550156
0.568446
0.421922
0.217927
0.319141
0.967626
0.128069
0.134647
0.311498
0.289239
0.975598
0.261806
0.072253
0.069319
0.440647
0.831857
0.321985
0.447472
0.688869
0.860114
0.688331
0.15785
0.469749
0.56194
0.689462
0.587696
0.05578
0.088364
0.09242
0.006772
0.311265
0.448267
0.947822
0.890993
0.230134
0.293156
0.054725
0.697282
0.787047
0.259032
0.816168
0.173958
0.502092
0.672845
0.991765
0.487708
0.75549
0.720966
0.578507
0.377165
0.863527
0.463344
0.429078
0.306471
0.231621
0.460623
0.387031
0.273762
0.166512
0.055798
0.975099
0.532828
0.044234
0.363146
0.034521
0.925328
0.899703
0.044351
0.460154
0.558277
0.739213
0.302617
0.843479
0.749646
0.272434
0.920053
0.268681
0.892213
0.323121
0.384019
0.467265
0.317254
0.685339
0.502362
0.73449
0.764975
0.496764
0.384872
0.570827
0.191644
0.972465
0.837436
0.616038
0.239363
0.26958
0.549123
0.673363
0.251384
0.068059
0.675261
0.396944
0.007047
0.258415
0.748056
0.296886
0.451603
0.187759
0.157626
0.082264
0.241172
0.969754
0.694594
0.740368
0.546282
0.446001
0.503725
0.930006
0.827551
0.320968
0.03622
0.525994
0.313171
0.311092
0.241168
0.304761
0.556885
0.877989
0.768741
0.498483
0.369623
0.157708
0.949971
0.975786
0.033437
0.639968
0.430543
0.635107
0.169075
0.592307
0.040075
0.843155
0.624077
0.199665
0.409527
0.061787
0.807125
0.957699
0.522677
0.448548
0.639145
0.946456
0.869902
0.045871
0.822497
0.469586
0.986209
0.516195
0.578311
0.586858
0.652236
0.064182
0.033528
0.448655
0.135177
0.86578
0.499294
0.037301
0.533777
0.417259
0.286156
0.84237
0.537367
0.840185
0.759873
0.016151
0.337217
0.331067
0.428826
0.568612
0.162357
0.943915
0.100195
0.946648
0.222332
0.499077
0.783058
0.101074
0.504962
0.756771
0.039318
0.284889
0.846939
0.078045
0.30056
0.841079
0.913369
0.03088
0.730853
0.024825
0.453461
0.293961
0.068133
0.130904
0.198582
0.447104
0.947423
0.005099
0.587047
0.961839
0.726945
0.64675
0.179122
0.003989
0.45947
0.076029
0.805276
0.256619
0.411836
0.621132
0.485915
0.903138
0.732686
0.129223
0.795516
0.520317
0.436857
0.856442
0.222678
0.877917
0.097806
0.411069
0.307142
0.978775
0.737725
0.474904
0.909609
0.964893
0.329753
0.915519
0.929381
0.074208
0.211249
0.704748
0.970885
0.099726
0.783085
0.366008
0.282888
0.847762
0.449156
0.574153
0.30597
0.500877
0.370967
0.999729
0.799481
0.565789
0.442676
0.937937
0.443855
0.35325
0.335198
0.100731
0.980986
0.58031
0.241261
0.241471
0.363696
0.107025
0.864623
0.164981
0.871633
0.355075
0.85196
0.419187
0.019286
0.149036
0.73187
0.648878
0.717979
0.232862
0.259715
0.227538
0.585211
0.348997
0.703987
0.062263
0.923867
0.622649
0.196089
0.147351
0.997039
0.686661
0.587018
0.3454
0.789396
0.992223
0.838503
0.236198
0.544668
0.453659
0.373737
0.088535
0.421562
0.379427
0.062402
0.135864
0.614907
0.17227
0.219101
0.485213
0.685194
0.556891
0.792984
0.511013
0.823152
0.629822
0.793098
0.425157
0.42764
0.849871
0.563285
0.146043
0.537366
0.399509
0.853629
0.501249
0.799849
0.94485
0.054013
0.596339
0.041012
0.047478
0.784101
0.368944
0.861548
0.221417
0.580539
0.126118
0.968707
0.859403
0.286272
0.3592
0.863982
0.849845
0.860284
0.898372
0.086627
0.550708
0.785469
0.551358
0.302722
0.703939
0.81224
0.650814
0.256702
0.67311
0.367411
0.89373
0.236725
0.613881
0.472762
0.124042
0.97428
0.843363
0.597617
0.572144
0.706094
0.625878
0.279786
0.932948
0.818156
0.367236
0.736804
0.68464
0.692665
0.292096
0.602916
0.545823
0.694904
0.883739
0.26111
0.717131
0.883681
0.334705
0.76339
0.979584
0.920843
0.936684
0.66135
0.461761
0.298241
0.459114
0.868325
0.52656
0.46356
0.888733
0.4876
0.914661
0.696918
0.55029
0.361084
0.484471
0.256766
0.683345
0.241077
0.771951
0.142773
0.916459
0.593991
0.767479
0.663293
0.978529
0.996929
0.705043
0.625885
0.769342
0.678525
0.161359
0.210328
0.987999
0.224645
0.457529
0.498135
0.858484
0.73033
0.682706
0.9315
0.104133
0.566893
0.690651
0.466861
0.592035
0.323219
0.714939
0.096103
0.527709
0.553497
0.330417
0.056022
0.247495
0.913029
0.261888
0.894184
0.945566
0.876478
0.434681
0.221828
0.007431
0.717003
0.931553
0.666909
0.050234
0.270342
0.402157
0.840694
0.862332
0.963473
0.471783
0.863083
0.241943
0.47978
0.09014
0.66062
0.646069
0.300052
0.658911
0.745333
0.637748
0.442343
0.57457
0.922273
0.3573
0.210479
0.627605
0.969238
0.051348
0.539585
0.592071
0.683783
0.049508
0.447041
0.780558
0.009907
0.287283
0.012205
0.877036
0.649368
0.657829
0.114304
0.519408
0.820148
0.624104
0.193374
0.472803
0.683347
0.023961
0.650542
0.594995
0.956417
0.617015
0.22105
0.865235
0.699397
0.025481
0.364881
0.089677
0.331897
0.238169
0.887163
0.865177
0.342706
0.544101
0.118545
0.398649
0.652871
0.350687
0.647038
0.121045
0.762057
0.644903
0.154098
0.682798
0.41675
0.40706
0.040861
0.01469
0.880591
0.274425
0.41453
0.739775
0.130957
0.786037
0.586111
0.310883
0.95117
0.527925
0.687968
0.34283
0.301402
0.317995
0.787063
0.388793
0.12668
0.728286
0.784119
0.845419
0.94414
0.775538
0.311015
0.376382
0.562323
0.573202
0.066424
0.344531
0.857093
0.038242
0.34509
0.365493
0.11039
0.583744
0.77937
0.414481
0.930977
0.578543
0.180035
0.967772
0.577157
0.134139
0.554453
0.211227
0.893757
0.354557
0.447844
0.659247
0.013632
0.823616
0.993052
0.071386
0.11505
0.462425
0.252735
0.636649
0.772305
0.172143
0.361856
0.237963
0.025801
0.306588
0.44083
0.907418
0.833426
0.604933
0.448422
0.848281
0.113106
0.811874
0.90397
0.379202
0.155924
0.238389
0.89309
0.982293
0.78224
0.563689
0.810048
0.417592
0.074827
0.741434
0.707901
0.224949
0.039224
0.649571
0.490229
0.793457
0.644629
0.067289
0.77233
0.726091
0.673125
0.193291
0.091074
0.564724
0.508794
0.716901
0.088403
0.860846
0.336162
0.576791
0.559413
0.237678
0.392466
0.367158
0.644649
0.108664
0.006866
0.180394
0.012298
0.546492
0.369366
0.236437
0.331209
0.920021
0.825325
0.862895
0.793826
0.091771
0.418353
0.622146
0.115172
0.610031
0.394853
0.315555
0.357581
0.965259
0.787884
0.935051
0.60616
0.618105
0.011769
0.94003
0.53412
0.44193
0.01006
0.161236
0.389567
0.309606
0.760501
0.667497
0.192504
0.858412
0.213227
0.240253
0.137116
0.598959
0.327515
0.423786
0.519449
0.152174
0.616933
0.876273
0.634491
0.255831
0.491077
0.21584
0.97577
0.534081
0.15132
0.090096
0.643104
0.214983
0.289143
0.591309
0.943962
0.529621
0.035081
0.828634
0.282783
0.199598
0.948417
0.036361
0.83172
0.722471
0.404416
0.175481
0.354853
0.420952
0.07184
0.50375
0.825327
0.985932
0.682835
0.432009
0.673091
0.652224
0.148773
0.286
0.74327
0.594871
0.458573
0.333643
0.104996
0.735663
0.341561
0.373449
0.494039
0.065008
0.840985
0.198233
0.305029
0.542594
0.972458
0.719725
0.259364
0.329209
0.589698
0.809186
0.723234
0.620768
0.530965
0.73382
0.508495
0.163907
0.473211
0.3794
0.159056
0.072447
0.074017
0.991303
0.584166
0.665828
0.928818
0.30661
0.605052
0.493314
0.384059
0.267097
0.96251
0.218677
0.737899
0.766077
0.108346
0.61196
0.023957
0.303836
0.18985
0.137407
0.542268
0.155508
0.339811
0.118581
0.453462
0.55534
0.731867
0.237457
0.050127
0.035018
0.901597
0.143541
0.636696
0.324797
0.17187
0.378451
0.474639
0.930495
0.993291
0.575283
0.184236
0.360993
0.670184
0.038822
0.708054
0.664834
0.527653
0.110684
0.494666
0.472983
0.524679
0.29726
0.576143
0.275709
0.173437
0.979294
0.060326
0.798213
0.709423
0.895324
0.560603
0.286221
0.314246
0.143362
0.495891
0.561127
0.594351
0.120653
0.499781
0.157355
0.166548
0.391708
0.670755
0.560278
0.373275
0.925937
0.386269
0.457596
0.433482
0.67392
0.561497
0.214289
0.680944
0.511024
0.159364
0.00954
0.471039
0.895506
0.047965
0.234808
0.783997
0.879881
0.732275
0.533692
0.727642
0.150856
0.421807
0.855715
0.258797
0.23862
0.102134
0.891225
0.875479
0.133208
0.242744
0.046832
0.008513
0.151574
0.864303
0.582509
0.137008
0.460627
0.352155
0.383445
0.615297
0.110531
0.288143
0.004161
0.066602
0.273012
0.075163
0.031997
0.815778
0.815515
0.835294
0.973238
0.791157
0.802191
0.476088
0.50257
0.434435
0.203578
0.957675
0.757034
0.84099
0.678814
0.063109
0.739775
0.783036
0.82226
0.545766
0.673364
0.10893
0.266888
0.37223
0.331788
0.605849
0.363309
0.226276
0.915037
0.471527
0.060089
0.8137
0.725934
0.443206
0.807025
0.72959
0.159837
0.112585
0.223773
0.373729
0.090104
0.033816
0.215763
0.639203
0.974059
0.522242
0.517603
0.080795
0.947778
0.68643
0.486964
0.682747
0.345554
0.648671
0.399911
0.778161
0.034182
0.984458
0.918994
0.018729
0.428558
0.428923
0.501046
0.277023
0.338264
0.253492
0.55035
0.659712
0.854271
0.697212
0.901277
0.466306
0.605094
0.521025
0.290781
0.505511
0.385082
0.012383
0.32487
0.510097
0.840289
0.152984
0.617414
0.330857
0.282702
0.26229
0.847976
0.421509
0.569367
0.975734
0.110325
0.350165
0.947766
0.643417
0.87002
0.214348
0.6385
0.282439
0.836437
0.990158
0.301551
0.608086
0.280647
0.925091
0.429194
0.204696
0.468725
0.119598
0.779893
0.686682
0.224159
0.375974
0.538616
0.754572
0.959543
0.392637
0.103558
0.947686
0.86998
0.776198
0.804121
0.711749
0.217136
0.063202
0.889597
0.0023
0.99399
0.206225
0.775963
0.84277
0.220485
0.067659
0.860135
0.36006
0.070611
0.123051
0.872373
0.150984
0.729907
0.102481
0.79579
0.553723
0.615708
0.681219
0.926652
0.586806
0.017076
0.333525
0.845558
0.499795
0.619794
0.995833
0.641683
0.983444
0.224459
0.499005
0.884185
0.374634
0.928801
0.307467
0.954832
0.690558
0.144004
0.562035
0.549424
0.179789
0.368914
0.859189
0.211916
0.599955
0.437806
0.26296
0.825438
0.695035
0.519972
0.332263
0.412042
0.117814
0.210295
0.976803
0.073735
0.824926
0.232055
0.286574
0.750243
0.24054
0.081372
0.348707
0.860333
0.339364
0.98789
0.000749
0.51418
0.450534
0.437785
0.057284
0.134242
0.951024
0.875282
0.274469
0.312615
0.483885
0.635507
0.426255
0.189774
0.284877
0.130601
0.715344
0.164609
0.836536
0.906962
0.810469
0.68028
0.106467
0.621104
0.349439
0.217328
0.73326
0.199269
0.6192
0.324191
0.644575
0.656719
0.67996
0.791098
0.000594
0.988049
0.245948
0.283639
0.170515
0.77462
0.985437
0.89089
0.256433
0.172704
0.022543
0.098825
0.490796
0.970503
0.449423
0.848993
0.530431
0.336729
0.360116
0.335465
0.449204
0.839848
0.901704
0.686956
0.209003
0.684874
0.881648
0.688268
0.599816
0.12341
0.044339
0.185582
0.2388
0.643959
0.602381
0.160818
0.632426
0.993358
0.669839
0.622767
0.489803
0.369744
0.031885
0.680865
0.562616
0.413774
0.325305
0.333616
0.93012
0.228879
0.200503
0.333902
0.420373
0.819935
0.000437
0.471524
0.997976
0.151024
0.643862
0.089885
0.615168
0.688417
0.601424
0.50866
0.594017
0.950187
0.275786
0.217045
0.977128
0.773294
0.936397
0.478114
0.043911
0.506884
0.201182
0.729739
0.627184
0.54663
0.619763
0.144126
0.145322
0.209451
0.561725
0.564663
0.370166
0.369211
0.411597
0.585636
0.435836
0.723652
0.153865
0.100153
0.282847
0.816911
0.466971
0.846673
0.467159
0.722317
0.216452
0.332863
0.380287
0.217089
0.180937
0.110651
0.835633
0.128522
0.763319
0.818778
0.337876
0.502029
0.4047
0.879648
0.291468
0.483111
0.032495
0.265292
0.719784
0.623913
0.270405
0.387241
0.439741
0.974131
0.419681
0.53558
0.567785
0.670379
0.125745
0.177636
0.880751
0.091114
0.185117
0.604739
0.952404
0.844812
0.580211
0.500462
0.603778
0.645437
0.550372
0.915227
0.236901
0.496514
0.639505
0.095474
0.285576
0.143218
0.265657
0.80682
0.787456
0.42291
0.850117
0.009521
0.182225
0.814231
0.295481
0.016371
0.068516
0.712116
0.109485
0.066824
0.875191
0.504661
0.399428
0.023253
0.750783
0.65614
0.427101
0.252729
0.226986
0.571857
0.40474
0.994479
0.113061
0.602643
0.969224
0.959711
0.875379
0.871232
0.677118
0.342601
0.405533
0.349498
0.298166
0.893075
0.680649
0.938662
0.895282
0.321793
0.486466
0.207501
0.434301
0.70478
0.237081
0.819751
0.902824
0.485266
0.828396
0.306357
0.100089
0.582149
0.466144
0.15679
0.65034
0.713369
0.241417
0.898513
0.051179
0.659675
0.261157
0.357398
0.31551
0.397879
0.680194
0.411644
0.407191
0.869443
0.589666
0.195193
0.437293
0.51266
0.794933
0.075559
0.134566
0.031115
0.355339
0.84615
0.895308
0.652962
0.458843
0.636036
0.680573
0.14286
0.499139
0.305135
0.704118
0.474601
0.552737
0.721459
0.35163
0.048895
0.160256
0.551939
0.822571
0.845297
0.081212
0.889509
0.297776
0.880974
0.822442
0.342863
0.103777
0.299728
0.47134
0.473383
0.651185
0.291263
0.024907
0.963448
0.891749
0.078409
0.131182
0.911692
0.184549
0.510431
0.712753
0.401102
0.803446
0.652887
0.422885
0.156437
0.068058
0.045213
0.109335
0.073524
0.311127
0.544443
0.756459
0.982177
0.558584
0.772465
0.435685
0.33808
0.052204
0.942923
0.120744
0.069957
0.840421
0.765004
0.469642
0.998674
0.891853
0.164452
0.533375
0.825639
0.052932
0.289514
0.91187
0.366525
0.009944
0.256588
0.710531
0.442337
0.149439
0.847189
0.789819
0.355986
0.361149
0.605887
0.150495
0.748403
0.051685
0.571513
0.412419
0.312082
0.353099
0.724771
0.035267
0.038608
0.83328
0.52157
0.856355
0.257591
0.498688
0.842099
0.506122
0.811177
0.660137
0.760125
0.840307
0.463019
0.688031
0.849302
0.776817
0.52207
0.529767
0.018177
0.580991
0.392029
0.182829
0.631856
0.990998
0.891915
0.823242
0.117299
0.777926
0.68598
0.321631
0.418835
0.63431
0.53908
0.720628
0.0214
0.526272
0.828683
0.989809
0.198763
0.146711
0.41856
0.958405
0.767294
0.050296
0.550785
0.207442
0.553386
0.324747
0.756824
0.198279
0.426388
0.550474
0.413987
0.186955
0.38171
0.40924
0.202559
0.041657
0.988195
0.690093
0.275207
0.484099
0.373033
0.71734
0.874953
0.575962
0.231736
0.710735
0.145298
0.172077
0.521794
0.472506
0.581066
0.510789
0.575009
0.969379
0.932391
0.495727
0.163069
0.165781
0.647862
0.646648
0.522659
0.408918
0.974396
0.744661
0.241821
0.263572
0.34263
0.060218
0.699734
0.187844
0.534381
0.620927
0.490497
0.018816
0.708477
0.060138
0.146856
0.582449
0.089834
0.969456
0.18394
0.168194
0.574202
0.605347
0.178921
0.520286
0.078956
0.763436
0.526092
0.216785
0.683316
0.685443
0.084663
0.290909
0.89741
0.822418
0.609394
0.968908
0.418418
0.254724
0.728606
0.264698
0.109913
0.308733
0.429407
0.385502
0.394722
0.36211
0.38288
0.568022
0.028935
0.961847
0.111477
0.268949
0.017477
0.330135
0.61698
0.435909
0.043388
0.628577
0.75253
0.949372
0.477346
0.465362
0.721692
0.52116
0.148613
0.432323
0.849979
0.329627
0.702749
0.318727
0.722608
0.519981
0.464032
0.082779
0.387811
0.957038
0.467315
0.902848
0.346668
0.949615
0.695568
0.71908
0.883952
0.098062
0.52098
0.921499
0.117182
0.512523
0.589544
0.131334
0.60444
0.907199
0.643237
0.502229
0.010603
0.387024
0.076548
0.376167
0.922736
0.694727
0.535485
0.703832
0.846362
0.49102
0.562383
0.526025
0.089094
0.903713
0.02096
0.056091
0.487967
0.219956
0.001875
0.238308
0.952135
0.951911
0.173877
0.685884
0.757941
0.91827
0.227176
0.764416
0.816425
0.429853
0.176967
0.53833
0.882833
0.595523
0.813511
0.548438
0.745108
0.686733
0.992054
0.962509
0.943157
0.247263
0.68402
0.730767
0.077826
0.428345
0.058929
0.871992
0.454837
0.005324
0.517005
0.636397
0.442155
0.419078
0.628462
0.770517
0.452289
0.412452
0.781441
0.31695
0.795448
0.703013
0.130424
0.688082
0.031587
0.050328
0.830357
0.701787
0.433847
0.347868
0.529641
0.710786
0.240177
0.924127
0.573445
0.069778
0.028239
0.454669
0.268806
0.506346
0.062266
0.805119
0.801924
0.18883
0.664294
0.843151
0.462662
0.405488
0.902275
0.459334
0.89403
0.467937
0.215775
0.016725
0.900254
0.387689
0.664748
0.785439
0.888391
0.174139
0.209612
0.257105
0.944563
0.008109
0.13789
0.801033
0.049774
0.814217
0.995458
0.625202
0.521537
0.643368
0.204329
0.709828
0.528579
0.840669
0.55476
0.109927
0.136713
0.756587
0.5834
0.96979
0.011724
0.925825
0.611145
0.124064
0.842486
0.010402
0.631585
0.441525
0.38364
0.610756
0.340502
0.114124
0.226041
0.630559
0.619753
0.72885
0.897438
0.066529
0.474003
0.491043
0.423025
0.679144
0.371185
0.462776
0.950191
0.51802
0.27014
0.450017
0.857267
0.293083
0.995434
0.180912
0.587826
0.020635
0.498087
0.941757
0.874713
0.055665
0.899555
0.024451
0.786106
0.658309
0.949499
0.841345
0.429388
0.280564
0.2357
0.828128
0.503731
0.440464
0.229305
0.290837
0.495255
0.578992
0.175266
0.246319
0.937103
0.968275
0.105962
0.401425
0.847885
0.354949
0.38054
0.274489
0.808636
0.326257
0.595146
0.926423
0.034652
0.926124
0.082254
0.6263
0.466333
0.598023
0.58144
0.936834
0.044334
0.864751
0.76282
0.294779
0.231295
0.054426
0.973437
0.319461
0.55533
0.268846
0.734869
0.2188
0.662065
0.215084
0.250974
0.009609
0.158361
0.77545
0.205059
0.935046
0.043702
0.818469
0.667157
0.619889
0.435022
0.030442
0.612954
0.069648
0.471186
0.840161
0.722119
0.530008
0.341097
0.784088
0.336235
0.483483
0.003011
0.555312
0.338884
0.104306
0.436663
0.886213
0.608081
0.378952
0.173162
0.659279
0.882486
0.185779
0.889117
0.958648
0.165408
0.702797
0.974701
0.863121
0.626183
0.478936
0.584011
0.054202
0.852394
0.116878
0.330945
0.784471
0.948183
0.558033
0.661215
0.967006
0.555213
0.833958
0.244906
0.600922
0.479458
0.064319
0.924927
0.601987
0.716777
0.684622
0.422626
0.881216
0.57456
0.159121
0.251557
0.690236
0.284449
0.502149
0.361634
0.592489
0.992952
0.931573
0.844637
0.268849
0.065508
0.747384
0.542058
0.545194
0.652674
0.039502
0.888494
0.345568
0.195488
0.701593
0.00687
0.943737
0.051523
0.12816
0.429564
0.589461
0.687231
0.073172
0.915503
0.812603
0.112341
0.772302
0.063797
0.014781
0.602363
0.452749
0.95095
0.848796
0.44405
0.814984
0.208319
0.745987
0.256131
0.101103
0.309457
0.925689
0.423658
0.713072
0.028532
0.771093
0.711177
0.105517
0.248036
0.945674
0.845771
0.641527
0.392
0.829533
0.202666
0.701312
0.692227
0.00772
0.228328
0.144709
0.337473
0.968816
0.248175
0.786886
0.2054
0.889096
0.844434
0.048618
0.767283
0.768262
0.736522
0.871478
0.632091
0.694294
0.463645
0.764725
0.276715
0.443808
0.238301
0.824279
0.980501
0.888355
0.060834
0.002129
0.888347
0.368548
0.640105
0.659258
0.681954
0.711305
0.674975
0.078666
0.301793
0.430204
0.437972
0.746973
0.064803
0.919876
0.910368
0.557075
0.985884
0.546896
0.754851
0.989698
0.617075
0.814497
0.993307
0.796954
0.463438
0.662322
0.572528
0.801223
0.324965
0.295093
0.021813
0.379085
0.617614
0.130056
0.212999
0.020014
0.476154
0.185844
0.269394
0.351922
0.485678
0.484117
0.407395
0.416065
0.755532
0.056367
0.974042
0.852058
0.5817
0.609633
0.122488
0.915039
0.778189
0.057239
0.101224
0.413484
0.994564
0.253776
0.632604
0.160061
0.687072
0.12094
0.110427
0.912245
0.198793
0.582228
0.777069
0.01006
0.276291
0.425449
0.177211
0.996273
0.889811
0.778096
0.690131
0.375475
0.51439
0.298592
0.552703
0.006451
0.119036
0.645374
0.65154
0.232729
0.917163
0.634085
0.484481
0.042918
0.908142
0.023041
0.268283
0.676213
0.727695
0.766989
0.81814
0.799141
0.623207
0.898494
0.484695
0.96438
0.332109
0.567126
0.261544
0.923394
0.356089
0.776987
0.800969
0.071042
0.6581
0.67881
0.757136
0.3193
0.312048
0.322464
0.054938
0.696926
0.44012
0.592125
0.314496
0.508984
0.648821
0.480959
0.897605
0.718687
0.215204
0.074663
0.223675
0.539524
0.509748
0.69822
0.227091
0.642276
0.42501
0.340957
0.234848
0.225674
0.163654
0.061872
0.163308
0.503094
0.642707
0.328288
0.119244
0.323283
0.745524
0.558278
0.650748
0.865787
0.406559
0.920891
0.12593
0.611036
0.700811
0.562062
0.448064
0.461542
0.834876
0.531271
0.199307
0.157794
0.134402
0.198365
0.317295
0.956897
0.353242
0.872991
0.255756
0.214053
0.826239
0.227911
0.236654
0.389036
0.806073
0.721878
0.730316
0.940034
0.67746
0.794638
0.562405
0.148727
0.792548
0.341514
0.929164
0.339472
0.864156
0.239985
0.513726
0.836149
0.29584
0.773099
0.736581
0.473246
0.384026
0.968824
0.123241
0.125603
0.124185
0.588498
0.187199
0.944498
0.201959
0.041119
0.162464
0.796709
0.739361
0.258802
0.79651
0.711447
0.848316
0.875982
0.053136
0.31368
0.091069
0.909279
0.27169
0.321649
0.633646
0.722299
0.176975
0.34366
0.141302
0.039168
0.798884
0.163081
0.11936
0.314834
0.29391
0.074617
0.884243
0.544039
0.434702
0.722894
0.395774
0.832044
0.715881
0.528393
0.259568
0.100083
0.605116
0.818485
0.290681
0.945713
0.223818
0.244896
0.058969
0.644634
0.783599
0.425611
0.812981
0.125775
0.312232
0.279917
0.769197
0.32012
0.17725
0.431494
0.708981
0.764021
0.841288
0.554105
0.313409
0.617896
0.741945
0.719381
0.689351
0.88813
0.979111
0.931571
0.466162
0.174037
0.444029
0.47743
0.737047
0.986825
0.572321
0.476342
0.700555
0.390552
0.763352
0.78348
0.621972
0.723812
0.139633
0.173355
0.120816
0.244837
0.779125
0.566952
0.481753
0.403908
0.164662
0.601058
0.254018
0.741275
0.659504
0.330598
0.93504
0.936603
0.429624
0.009757
0.83314
0.844035
0.101849
0.627677
0.482405
0.21472
0.606386
0.16503
0.894192
0.840586
0.94471
0.244475
0.099128
0.938222
0.440371
0.597107
0.77754
0.840931
0.729586
0.109341
0.081773
0.967585
0.02903
0.812848
0.528312
0.521732
0.449926
0.067069
0.128308
0.175606
0.825859
0.134692
0.191479
0.725272
0.338357
0.755019
0.517446
0.231131
0.645891
0.363363
0.881346
0.715313
0.499815
0.342632
0.210163
0.392464
0.882239
0.798761
0.219167
0.493814
0.647771
0.974506
0.244421
0.378934
0.910139
0.397637
0.135779
0.769232
0.383354
0.350843
0.487159
0.365953
0.782279
0.383623
0.706785
0.058999
0.04361
0.002545
0.41848
0.815003
0.021847
0.047317
0.370276
0.991224
0.552345
0.277758
0.03984
0.769835
0.759951
0.98039
0.738188
0.250775
0.690563
0.35109
0.305778
0.024868
0.964546
0.376407
0.068559
0.863931
0.919177
0.852888
0.600755
0.233542
0.441697
0.905591
0.05561
0.239259
0.148108
0.65619
0.522469
0.530834
0.081791
0.039824
0.423836
0.381997
0.626598
0.696755
0.393565
0.298095
0.107459
0.459119
0.783704
0.281282
0.09319
0.857742
0.546202
0.619344
0.249176
0.463433
0.812416
0.972039
0.340963
0.526958
0.373958
0.084674
0.605439
0.171064
0.806007
0.832831
0.193913
0.403976
0.840558
0.321983
0.183703
0.080253
0.7699
0.075304
0.892877
0.43222
0.541213
0.331331
0.172084
0.187962
0.197182
0.115244
0.329811
0.490998
0.302553
0.332934
0.861559
0.619629
0.274318
0.946942
0.303015
0.885157
0.90942
0.662311
0.280224
0.074935
0.340413
0.347175
0.518223
0.457006
0.749771
0.652891
0.921977
0.334145
0.864621
0.321053
0.011399
0.469895
0.488073
0.673833
0.687941
0.93417
0.810698
0.305161
0.932431
0.058203
0.327132
0.012478
0.88249
0.743961
0.273801
0.512768
0.076787
0.352731
0.662319
0.743947
0.799581
0.874158
0.500256
0.508287
0.265174
0.053214
0.509943
0.862782
0.675514
0.633927
0.874457
0.018848
0.732661
0.311361
0.091318
0.584798
0.752227
0.587693
0.632196
0.477323
0.324878
0.429794
0.348167
0.709256
0.086537
0.165494
0.771993
0.813669
0.410604
0.030146
0.668848
0.815003
0.761386
0.781808
0.235566
0.332969
0.169581
0.781427
0.274978
0.17013
0.835414
0.115902
0.053526
0.201835
0.256698
0.040774
0.857416
0.426948
0.303563
0.340701
0.291262
0.312293
0.076482
0.973119
0.52802
0.504752
0.797078
0.203767
0.006805
0.843092
0.126283
0.669341
0.322656
0.60908
0.105183
0.475141
0.5649
0.174194
0.802655
0.222693
0.833322
0.161539
0.725569
0.288958
0.302296
0.017966
0.320129
0.228526
0.182241
0.633444
0.805482
0.045458
0.185618
0.304135
0.902025
0.773329
0.729252
0.165707
0.937499
0.823828
0.460314
0.568696
0.811586
0.312326
0.851531
0.811057
0.705085
0.292553
0.707651
0.906298
0.840388
0.599198
0.908992
0.709503
0.218157
0.197294
0.567622
0.190537
0.634055
0.079385
0.682435
0.425236
0.471816
0.566301
0.604329
0.161876
0.490207
0.849603
0.11877
0.241217
0.699473
0.963515
0.614656
0.057343
0.915166
0.560315
0.418249
0.216402
0.02692
0.119013
0.050574
0.144492
0.312756
0.20158
0.227086
0.132769
0.275454
0.185553
0.624161
0.31083
0.752984
0.266972
0.102074
0.370216
0.557006
0.44994
0.523016
0.561285
0.565012
0.459509
0.352715
0.916055
0.480012
0.092775
0.931331
0.832688
0.655925
0.086791
0.427259
0.330682
0.969563
0.365029
0.508928
0.259374
0.647067
0.340041
0.294828
0.082795
0.219098
0.144827
0.36581
0.151244
0.92266
0.512778
0.368688
0.805004
0.028453
0.531259
0.693352
0.599947
0.982655
0.134153
0.288657
0.562617
0.86043
0.442558
0.10461
0.82891
0.977627
0.999835
0.503583
0.373596
0.541468
0.61953
0.498608
0.606144
0.650816
0.923011
0.847319
0.578636
0.61576
0.834708
0.415128
0.77935
0.432845
0.359399
0.383679
0.915224
0.725359
0.881034
0.685623
0.522386
0.700481
0.382668
0.353596
0.321135
0.136469
0.8853
0.37606
0.432205
0.09239
0.533632
0.251007
0.343301
0.556112
0.816562
0.519105
0.722934
0.170912
0.534826
0.282978
0.114834
0.175874
0.175125
0.244884
0.340101
0.002404
0.347163
0.667079
0.691703
0.65285
0.314336
0.177134
0.894875
0.383679
0.872788
0.346092
0.952223
0.740032
0.682033
0.174974
0.584995
0.836579
0.404235
0.763976
0.349324
0.988726
0.050873
0.033576
0.445643
0.745755
0.368827
0.284475
0.708019
0.822881
0.235515
0.011685
0.075827
0.757969
0.947124
0.501525
0.518607
0.118424
0.826168
0.777128
0.975092
0.633654
0.773735
0.356775
0.811293
0.210952
0.275371
0.086141
0.680091
0.338535
0.493473
0.053252
0.685016
0.872265
0.90229
0.916091
0.078701
0.50787
0.96962
0.239398
0.699398
0.920247
0.589627
0.223428
0.342347
0.496788
0.052857
0.824868
0.454131
0.736731
0.347342
0.339195
0.652681
0.769696
0.46301
0.203146
0.755989
0.489227
0.396979
0.168466
0.476267
0.500053
0.900662
0.604952
0.592201
0.822404
0.419794
0.388553
0.829938
0.602812
0.305768
0.529496
0.643177
0.298634
0.200848
0.804627
0.329675
0.807857
0.123561
0.903446
0.167887
0.962688
0.356976
0.920842
0.351115
0.559946
0.371001
0.097843
0.241591
0.903355
0.488505
0.333611
0.363996
0.005592
0.309696
0.485667
0.262283
0.184992
0.595911
0.284038
0.849049
0.010721
0.008021
0.100286
0.933214
0.896252
0.754987
0.452542
0.532444
0.660628
0.759312
0.774488
0.505239
0.141421
0.139418
0.567778
0.725569
0.557586
0.164391
0.830527
0.699034
0.146402
0.65928
0.875575
0.345454
0.973767
0.807684
0.065229
0.213879
0.273348
0.435155
0.038499
0.934182
0.393404
0.288586
0.183504
0.589978
0.803645
0.326687
0.404543
0.891871
0.103935
0.247532
0.81611
0.986937
0.563765
0.592929
0.780604
0.720332
0.690986
0.87492
0.806721
0.387968
0.964586
0.040796
0.851229
0.366784
0.907701
0.282784
0.076263
0.433875
0.396379
0.210575
0.571032
0.493445
0.446496
0.185871
0.952871
0.005005
0.009529
0.968673
0.495839
0.940532
0.365213
0.772111
0.06834
0.08175
0.715666
0.975293
0.482529
0.57715
0.626723
0.369589
0.121088
0.257638
0.291425
0.409641
0.504809
0.94817
0.791048
0.567968
0.714
0.075648
0.796682
0.443028
0.328814
0.172479
0.213065
0.777001
0.62737
0.624056
0.807698
0.850372
0.077607
0.586567
0.178196
0.652732
0.16306
0.656151
0.766999
0.344485
0.792345
0.839884
0.146812
0.782193
0.557023
0.744995
0.517902
0.503825
0.561133
0.002361
0.629536
0.826339
0.048383
0.937848
0.771818
0.782481
0.238669
0.56519
0.895229
0.573659
0.62762
0.156994
0.273655
0.117814
0.880492
0.772455
0.133564
0.115582
0.184463
0.764171
0.518584
0.170921
0.608658
0.762716
0.002896
0.52882
0.716905
0.03192
0.025759
0.524418
0.640476
0.679577
0.022231
0.484171
0.762917
0.568508
0.485425
0.775623
0.811406
0.583162
0.044556
0.710238
0.876108
0.948073
0.376453
0.767888
0.443878
0.411628
0.122617
0.949726
0.586398
0.892679
0.185818
0.618912
0.258144
0.900187
0.481918
0.290709
0.497562
0.256003
0.58795
0.030047
0.575042
0.188752
0.373048
0.826806
0.096894
0.403935
0.606284
0.098114
0.032312
0.958726
0.066053
0.168061
0.013651
0.073137
0.066981
0.002525
0.928833
0.381368
0.646998
0.470163
0.457654
0.575682
0.477488
0.250659
0.869121
0.158028
0.108256
0.443112
0.792545
0.162306
0.980747
0.389648
0.712612
0.693695
0.703147
0.712952
0.000885
0.963301
0.334561
0.301431
0.628647
0.035142
0.522516
0.874314
0.782204
0.429887
0.167344
0.366825
0.77104
0.700606
0.685585
0.519086
0.448923
0.137767
0.47146
0.51584
0.986
0.127917
0.925201
0.437667
0.674472
0.018016
0.305503
0.592149
0.985036
0.231012
0.19747
0.982082
0.606729
0.649066
0.869102
0.611413
0.400456
0.31356
0.566783
0.016608
0.19187
0.811405
0.392239
0.024941
0.665451
0.419835
0.794292
0.868568
0.132351
0.133922
0.627987
0.022077
0.968924
0.617729
0.743982
0.885132
0.335869
0.130715
0.067183
0.950506
0.476637
0.213311
0.537047
0.210734
0.560215
0.878462
0.998112
0.827486
0.709406
0.42243
0.276648
0.637874
0.753352
0.462488
0.252758
0.806901
0.36748
0.751684
0.861841
0.936959
0.175103
0.555115
0.820852
0.828717
0.238648
0.352382
0.037294
0.994812
0.985423
0.595227
0.034607
0.75848
0.191117
0.348517
0.331607
0.028187
0.460589
0.800936
0.804968
0.469002
0.811559
0.120978
0.109426
0.978403
0.002893
0.212103
0.296412
0.50666
0.163784
0.284133
0.635252
0.919186
0.063515
0.611197
0.727914
0.064526
0.088435
0.802394
0.642423
0.239169
0.740478
0.397572
0.954171
0.71409
0.548301
0.656929
0.595033
0.580202
0.02444
0.442131
0.051514
0.506578
0.923956
0.494463
0.760004
0.697087
0.862257
0.864332
0.26445
0.234032
0.387212
0.554019
0.160666
0.50247
0.072264
0.519774
0.498897
0.519001
0.795157
0.915401
0.052261
0.925505
0.212797
0.153561
0.929752
0.858165
0.097023
0.592355
0.811873
0.579675
0.409714
0.057492
0.081572
0.481762
0.49682
0.221032
0.929639
0.581599
0.038774
0.844086
0.375712
0.737164
0.254866
0.800576
0.635012
0.730087
0.625554
0.120283
0.192466
0.921904
0.71124
0.900973
0.32607
0.783037
0.98239
0.534642
0.543427
0.147781
0.415784
0.701733
0.277228
0.743892
0.178858
0.162165
0.617738
0.570785
0.730853
0.652501
0.419546
0.187771
0.120152
0.652186
0.113019
0.220071
0.499683
0.943778
0.955714
0.827686
0.054611
0.159215
0.060515
0.672648
0.642914
0.539068
0.027078
0.572431
0.665865
0.451622
0.457764
0.717203
0.582741
0.529542
0.573217
0.967854
0.145274
0.343302
0.685413
0.50161
0.579536
0.776267
0.660614
0.626475
0.717832
0.869103
0.967138
0.071477
0.883682
0.057826
0.774907
0.024615
0.202136
0.638561
0.522503
0.67251
0.430118
0.134588
0.310237
0.421914
0.464741
0.027529
0.013206
0.119529
0.220349
0.497072
0.645966
0.706734
0.269697
0.137661
0.700889
0.498616
0.800696
0.258112
0.493153
0.40529
0.556506
0.109233
0.841703
0.196473
0.975792
0.383849
0.08812
0.62449
0.282477
0.056069
0.405356
0.741668
0.663297
0.650724
0.927578
0.454557
0.440318
0.403776
0.159457
0.7809
0.385994
0.417485
0.523315
0.609863
0.283682
0.35513
0.401638
0.638872
0.03765
0.896718
0.416028
0.771429
0.793736
0.506903
0.511117
0.984329
0.422288
0.617816
0.065382
0.901591
0.803646
0.729738
0.548315
0.558897
0.183661
0.733491
0.884358
0.282074
0.551448
0.520992
0.880403
0.542096
0.539556
0.162099
0.198018
0.734353
0.391658
0.043906
0.433671
0.180474
0.482821
0.940744
0.180158
0.658798
0.956701
0.423182
0.49996
0.623568
0.298877
0.768461
0.679637
0.429361
0.087772
0.927287
0.502065
0.925308
0.017265
0.077843
0.164068
0.425819
0.261398
0.143684
0.119466
0.393736
0.555094
0.840737
0.546383
0.164015
0.851465
0.201969
0.485814
0.116485
0.600174
0.587907
0.955063
0.442063
0.853337
0.798934
0.114119
0.615415
0.09813
0.667085
0.128985
0.701801
0.95219
0.533284
0.441804
0.868601
0.382964
0.7899
0.435756
0.527785
0.734918
0.272449
0.624917
0.838377
0.573342
0.815839
0.089544
0.73494
0.750919
0.90083
0.537375
0.191997
0.624761
0.737688
0.279786
0.879748
0.3517
0.109462
0.31864
0.883156
0.264204
0.60973
0.031598
0.304064
0.466534
0.74218
0.252249
0.033028
0.515937
0.42521
0.802461
0.054825
0.837883
0.99165
0.43446
0.367678
0.643285
0.144964
0.674428
0.130435
0.084985
0.688092
0.823438
0.904661
0.28415
0.991259
0.061789
0.278371
0.603698
0.897577
0.682494
0.193489
0.359607
0.78941
0.253452
0.529063
0.128909
0.549728
0.514909
0.329764
0.862599
0.86987
0.775518
0.88253
0.728124
0.396148
0.377144
0.736052
0.196823
0.486927
0.024564
0.966465
0.492597
0.964195
0.618092
0.355192
0.204415
0.3172
0.275468
0.468817
0.340059
0.221194
0.947808
0.569029
0.399458
0.559068
0.750511
0.670059
0.32389
0.212181
0.486358
0.339187
0.938031
0.619672
0.84665
0.468097
0.894814
0.919069
0.745447
0.907475
0.591582
0.335053
0.239107
0.052303
0.797552
0.913465
0.924928
0.171477
0.505162
0.650671
0.666221
0.558439
0.282865
0.862119
0.998682
0.567409
0.203864
0.973236
0.774111
0.923763
0.097412
0.464483
0.728528
0.683901
0.229033
0.661203
0.423777
0.990579
0.752304
0.864132
0.779096
0.308237
0.138982
0.38866
0.162188
0.776941
0.495564
0.774897
0.563636
0.139695
0.546617
0.250502
0.322484
0.285815
0.29316
0.33087
0.671118
0.041785
0.505911
0.061369
0.33063
0.842362
0.798334
0.003254
0.757814
0.333984
0.931038
0.354048
0.481222
0.85189
0.933367
0.245567
0.197357
0.213995
0.666593
0.953114
0.005624
0.170682
0.64372
0.348804
0.985966
0.030516
0.2676
0.53327
0.252043
0.644497
0.470898
0.729301
0.348309
0.456838
0.211396
0.435319
0.990585
0.212704
0.329968
0.744645
0.424954
0.963857
0.016584
0.899949
0.16206
0.56164
0.197596
0.564178
0.698587
0.959921
0.704381
0.852311
0.870188
0.565149
0.945495
0.689448
0.339465
0.337095
0.753643
0.900647
0.192963
0.82296
0.754629
0.555215
0.9439
0.242108
0.678087
0.490103
0.096318
0.302522
0.477916
0.010409
0.5183
0.031608
0.263674
0.905164
0.62063
0.644553
0.276593
0.844295
0.694266
0.574867
0.896092
0.047516
0.285419
0.883555
0.601577
0.135991
0.847334
0.75137
0.59595
0.870979
0.878703
0.737099
0.541246
0.7117
0.341453
0.722152
0.252195
0.82819
0.931077
0.431118
0.660858
0.649918
0.002667
0.023792
0.210556
0.781906
0.686813
0.859895
0.191304
0.203304
0.144333
0.770441
0.226113
0.119638
0.040189
0.3886
0.561005
0.739604
0.064632
0.765896
0.082863
0.428764
0.693848
0.005311
0.531469
0.652432
0.284584
0.474381
0.776643
0.119699
0.263551
0.6716
0.509721
0.52346
0.624257
0.376753
0.271169
0.857467
0.360164
0.703393
0.500882
0.949127
0.936299
0.569561
0.735891
0.371578
0.660218
0.967606
0.410408
0.125914
0.627013
0.557334
0.693755
0.718261
0.259957
0.192221
0.191424
0.23535
0.648035
0.563281
0.244904
0.869422
0.155214
0.415993
0.644988
0.00124
0.827573
0.186635
0.716377
0.146763
0.026459
0.04479
0.210152
0.143094
0.328437
0.085273
0.89256
0.358801
0.907928
0.153854
0.18911
0.054058
0.537117
0.683069
0.062611
0.508057
0.726984
0.724876
0.034207
0.704577
0.59502
0.682093
0.818421
0.187017
0.007016
0.096069
0.86987
0.420309
0.643884
0.729934
0.988219
0.331352
0.002317
0.952479
0.023497
0.211163
0.324775
0.536617
0.623968
0.847533
0.375649
0.072622
0.544114
0.442392
0.193998
0.226359
0.834837
0.890508
0.551901
0.580248
0.558167
0.651154
0.560923
0.374029
0.989097
0.507196
0.414508
0.674183
0.696122
0.040969
0.031542
0.985352
0.747444
0.625605
0.525392
0.767623
0.087669
0.650974
0.999524
0.371785
0.885331
0.201634
0.935538
0.452436
0.136132
0.056044
0.864238
0.180649
0.954319
0.991309
0.517395
0.875273
0.93809
0.70934
0.688259
0.073556
0.663368
0.720903
0.046031
0.687368
0.991986
0.71952
0.429088
0.512758
0.741492
0.409056
0.891959
0.625331
0.516347
0.294012
0.167921
0.513037
0.718476
0.723962
0.642603
0.27655
0.355286
0.602441
0.063284
0.477074
0.553196
0.480831
0.273563
0.555902
0.462332
0.00937
0.943623
0.678443
0.891731
0.245558
0.68567
0.028259
0.841213
0.823589
0.704675
0.564821
0.675305
0.569802
0.6729
0.801606
0.751101
0.443776
0.303439
0.757205
0.659945
0.317111
0.169725
0.024072
0.216951
0.242925
0.778905
0.823408
0.497631
0.288679
0.026738
0.859897
0.165139
0.168221
0.034855
0.019496
0.256123
0.489581
0.320222
0.895925
0.434885
0.208941
0.457544
0.945629
0.087462
0.394917
0.964095
0.603113
0.428917
0.09885
0.638642
0.717039
0.175228
0.904255
0.381267
0.041467
0.535107
0.30525
0.874397
0.311054
0.84817
0.183434
0.085167
0.812741
0.180263
0.494463
0.42336
0.443399
0.222182
0.520452
0.319181
0.363935
0.203662
0.135396
0.416295
0.551351
0.013911
0.229789
0.903851
0.152527
0.451106
0.812495
0.133442
0.246858
0.329593
0.335044
0.799099
0.460406
0.096649
0.389769
0.288566
0.230196
0.065653
0.715752
0.024619
0.737618
0.91041
0.282923
0.998051
0.752252
0.576111
0.798109
0.416548
0.28404
0.202201
0.852815
0.790045
0.509089
0.353804
0.455648
0.353707
0.611325
0.461829
0.481432
0.740732
0.637633
0.684897
0.999537
0.221613
0.968532
0.763125
0.023797
0.584708
0.252395
0.495684
0.977031
0.043353
0.540958
0.971203
0.529129
0.648503
0.059792
0.384823
0.000917
0.481624
0.913711
0.201555
0.36197
0.340256
0.41301
0.621773
0.518646
0.178379
0.208951
0.113221
0.302544
0.296551
0.359279
0.31594
0.192159
0.725313
0.916807
0.138125
0.417855
0.687459
0.690263
0.687313
0.823641
0.780523
0.097307
0.34293
0.881835
0.79738
0.8782
0.678932
0.388831
0.363272
0.506886
0.56188
0.822091
0.006511
0.954454
0.910413
0.207837
0.435522
0.801251
0.666802
0.85865
0.678159
0.830881
0.749134
0.250663
0.233167
0.509723
0.848151
0.673878
0.122757
0.638763
0.472413
0.545049
0.792427
0.418197
0.707973
0.113902
0.459373
0.609262
0.931259
0.043079
0.101525
0.549284
0.488041
0.253752
0.499749
0.223419
0.95877
0.218475
0.139418
0.345488
0.068031
0.269921
0.971516
0.683481
0.88648
0.064061
0.651146
0.249235
0.867358
0.181538
0.549753
0.328316
0.759727
0.047969
0.557742
0.811453
0.627394
0.619667
0.873716
0.356738
0.790672
0.353299
0.460118
0.604741
0.929784
0.289113
0.93437
0.946185
0.867668
0.195532
0.813423
0.83179
0.834548
0.521196
0.726278
0.227491
0.419102
0.612832
0.416552
0.922941
0.072008
0.933491
0.58847
0.64511
0.103427
0.459094
0.30973
0.22595
0.472415
0.028983
0.311828
0.707212
0.703033
0.874647
0.857686
0.463068
0.143916
0.164293
0.998686
0.992276
0.149852
0.159083
0.631575
0.807896
0.801238
0.364448
0.36544
0.703762
0.84577
0.50083
0.613801
0.187715
0.903333
0.640327
0.913514
0.654566
0.606143
0.663332
0.333609
0.560842
0.504241
0.849129
0.441199
0.507766
0.296225
0.635387
0.192538
0.963272
0.224535
0.386404
0.012255
0.748502
0.929365
0.613421
0.430338
0.408009
0.485772
0.730098
0.535001
0.115157
0.445302
0.225585
0.346386
0.34516
0.150294
0.488941
0.900091
0.7558
0.8698
0.236856
0.745969
0.2511
0.136026
0.869415
0.275003
0.627847
0.528891
0.247401
0.913578
0.195873
0.79198
0.601727
0.449205
0.589913
0.564112
0.989467
0.182191
0.915428
0.012842
0.790035
0.255954
0.442744
0.804575
0.425513
0.831383
0.89166
0.267992
0.510955
0.526665
0.324778
0.094448
0.287214
0.805211
0.441612
0.954478
0.044017
0.217559
0.729333
0.74113
0.552177
0.503015
0.116435
0.240469
0.604429
0.026732
0.839751
0.015543
0.172011
0.687767
0.064599
0.489343
0.837348
0.023656
0.90171
0.214155
0.744396
0.731509
0.009309
0.368002
0.880466
0.466292
0.609618
0.550959
0.466169
0.586421
0.801276
0.665695
0.935012
0.008321
0.69513
0.082471
0.25171
0.429362
0.013239
0.95734
0.914857
0.57276
0.40109
0.128598
0.996763
0.34776
0.493473
0.419101
0.163302
0.67747
0.720403
0.060552
0.880105
0.912144
0.402413
0.624955
0.674095
0.183321
0.024374
0.308459
0.259068
0.713266
0.101936
0.140401
0.28631
0.186088
0.646675
0.352274
0.531915
0.929424
0.089209
0.670345
0.75977
0.662418
0.760939
0.227104
0.042819
0.282384
0.620799
0.505233
0.908212
0.17777
0.109152
0.391019
0.093693
0.279685
0.628642
0.073136
0.088341
0.098797
0.129927
0.117026
0.160236
0.189943
0.443598
0.164883
0.518262
0.716428
0.599865
0.201523
0.680782
0.406467
0.429901
0.552392
0.738706
0.204122
0.964201
0.271012
0.29984
0.232941
0.609179
0.12227
0.978595
0.602787
0.650589
0.13579
0.858452
0.425471
0.843164
0.336832
0.010153
0.151927
0.552019
0.715463
0.793709
0.96468
0.056103
0.752792
0.222143
0.324284
0.396918
0.116086
0.321277
0.73831
0.824341
0.867538
0.532885
0.201708
0.922675
0.926264
0.301369
0.923337
0.200736
0.292687
0.661679
0.5007
0.09725
0.622235
0.138342
0.778775
0.743596
0.501238
0.47965
0.98994
0.856528
0.821285
0.47457
0.419457
0.742048
0.226304
0.234348
0.100519
0.150543
0.834253
0.897144
0.105255
0.267966
0.556603
0.915951
0.255918
0.193474
0.506843
0.193163
0.966608
0.042586
0.378525
0.611534
0.755174
0.432393
0.022526
0.881885
0.530871
0.208354
0.503858
0.526507
0.518509
0.889198
0.044937
0.370874
0.75698
0.711213
0.045326
0.860715
0.520071
0.178952
0.833215
0.831315
0.385528
0.745867
0.486912
0.865605
0.740429
0.146212
0.510262
0.887553
0.09415
0.317918
0.359689
0.125282
0.26581
0.015586
0.951353
0.510023
0.830739
0.460877
0.210835
0.552433
0.202524
0.194388
0.485415
0.900383
0.671221
0.403286
0.859817
0.47297
0.001062
0.417471
0.923647
0.86012
0.83037
0.663313
0.788007
0.427617
0.647162
0.168298
0.43173
0.386174
0.321043
0.533975
0.93012
0.053482
0.808019
0.429678
0.595023
0.978811
0.713416
0.923597
0.94461
0.748383
0.282006
0.429818
0.412624
0.963945
0.357771
0.690272
0.752283
0.757532
0.887648
0.888258
0.869866
0.074512
0.371785
0.131695
0.257789
0.665739
0.663296
0.143395
0.524782
0.847064
0.414313
0.518523
0.417608
0.136411
0.037647
0.052623
0.247858
0.175728
0.970762
0.874612
0.671228
0.429483
0.212549
0.731578
0.930443
0.253465
0.440403
0.409015
0.173704
0.588712
0.14506
0.179959
0.250298
0.697289
0.601495
0.441555
0.826264
0.436627
0.238018
0.71892
0.49651
0.587078
0.412496
0.23632
0.069226
0.421986
0.822721
0.525274
0.892793
0.493199
0.881272
0.737249
0.333018
0.075426
0.255774
0.480102
0.46538
0.586919
0.827697
0.334243
0.008682
0.257715
0.747685
0.432307
0.025867
0.624553
0.723018
0.927282
0.742337
0.633564
0.901218
0.274317
0.43847
0.811398
0.634246
0.909208
0.760363
0.232678
0.812054
0.638764
0.726142
0.241111
0.956246
0.62117
0.373385
0.918359
0.654604
0.972232
0.688072
0.178877
0.414651
0.545515
0.428139
0.459109
0.764972
0.542079
0.56656
0.811298
0.145072
0.663067
0.137716
0.908241
0.463715
0.913071
0.089488
0.665493
0.777826
0.290117
0.202015
0.650334
0.706073
0.26706
0.70436
0.947723
0.182319
0.605245
0.901966
0.408759
0.519232
0.852238
0.257994
0.105701
0.539682
0.814983
0.202537
0.72982
0.964327
0.328171
0.874148
0.293549
0.101083
0.258289
0.430626
0.445887
0.578518
0.138992
0.98543
0.425107
0.046292
0.237406
0.10218
0.265178
0.896972
0.093593
0.134699
0.943558
0.477176
0.284352
0.227804
0.191483
0.596161
0.010601
0.926029
0.414323
0.49192
0.268835
0.280014
0.648653
0.396806
0.173102
0.079074
0.152259
0.10976
0.899709
0.603496
0.364539
0.218853
0.692071
0.75451
0.646922
0.854276
0.822786
0.946797
0.019759
0.273814
0.671581
0.398592
0.613078
0.958284
0.029975
0.135518
0.361718
0.198792
0.642144
0.465457
0.681913
0.949324
0.891124
0.805685
0.544168
0.757296
0.35352
0.279787
0.104658
0.170883
0.853914
0.279601
0.098873
0.846459
0.340721
0.79389
0.752066
0.526799
0.225465
0.479167
0.482044
0.439684
0.064896
0.487258
0.873001
0.690154
0.296624
0.365602
0.573514
0.120237
0.830643
0.286812
0.979101
0.304701
0.582401
0.056616
0.406302
0.358673
0.565144
0.396116
0.274438
0.539558
0.941843
0.80893
0.730592
0.244831
0.342219
0.177488
0.132621
0.179392
0.953347
0.855316
0.014241
0.17054
0.757662
0.021213
0.378074
0.083247
0.523693
0.840533
0.26525
0.246067
0.251053
0.906437
0.690115
0.786753
0.021122
0.867552
0.422135
0.101711
0.625921
0.503684
0.790666
0.619328
0.173494
0.288646
0.340528
0.68122
0.147182
0.482411
0.766517
0.306915
0.058205
0.251173
0.001563
0.333952
0.651426
0.594918
0.153574
0.490576
0.267076
0.76372
0.612266
0.362813
0.382753
0.996607
0.542911
0.525686
0.999819
0.414413
0.967834
0.854346
0.568166
0.453882
0.159835
0.872915
0.157483
0.628172
0.481461
0.184873
0.715664
0.380429
0.684215
0.553867
0.971773
0.855876
0.09507
0.001718
0.410447
0.401152
0.622381
0.737954
0.748825
0.191357
0.965829
0.105932
0.108605
0.762448
0.40656
0.294751
0.048856
0.752633
0.931786
0.89203
0.7802
0.652789
0.404716
0.801841
0.300476
0.268319
0.376356
0.664451
0.71067
0.688169
0.285051
0.778967
0.432217
0.585044
0.484056
0.564073
0.368688
0.044766
0.153234
0.912499
0.457964
0.205882
0.994469
0.953628
0.206719
0.475389
0.411634
0.010965
0.329138
0.284806
0.664585
0.629818
0.275869
0.010238
0.099801
0.999115
0.228222
0.060673
0.891111
0.822105
0.351057
0.514404
0.631304
0.3105
0.801091
0.628151
0.585821
0.68679
0.808868
0.16397
0.608925
0.574
0.148472
0.39223
0.961271
0.211238
0.51663
0.803925
0.33777
0.223643
0.793983
0.255121
0.383242
0.370397
0.682302
0.421548
0.498975
0.821526
0.935586
0.989629
0.52483
0.82806
0.361633
0.013483
0.437748
0.059039
0.845365
0.21778
0.144766
0.378878
0.28465
0.544865
0.390306
0.258693
0.561658
0.711893
0.622795
0.885195
0.371416
0.171524
0.515203
0.26493
0.342274
0.364943
0.400847
0.595923
0.212879
0.109212
0.847571
0.422183
0.207109
0.258499
0.463255
0.973423
0.733599
0.143539
0.748686
0.029281
0.349202
0.948349
0.767797
0.070302
0.372097
0.406324
0.716772
0.957407
0.779166
0.810814
0.346318
0.551885
0.515454
0.198093
0.438912
0.203774
0.011221
0.50793
0.586149
0.886001
0.965153
0.646432
0.809022
0.642465
0.415461
0.651057
0.257803
0.291941
0.285587
0.85302
0.72352
0.141775
0.519116
0.917221
0.110198
0.227941
0.838769
0.757624
0.588382
0.494628
0.686949
0.40564
0.787327
0.989598
0.00108
0.009998
0.99659
0.922736
0.733905
0.126895
0.183647
0.332896
0.46974
0.44986
0.757833
0.289214
0.597237
0.997662
0.42222
0.609123
0.935435
0.683007
0.766307
0.295883
0.413364
0.603911
0.046774
0.616645
0.4135
0.489741
0.107307
0.591051
0.637598
0.270389
0.223681
0.324789
0.333923
0.106689
0.309406
0.669391
0.442739
0.58885
0.271909
0.663066
0.679136
0.31868
0.282146
0.988255
0.533298
0.048159
0.948044
0.439531
0.49834
0.347929
0.665693
0.297193
0.610392
0.177189
0.8043
0.975525
0.376201
0.096399
0.634065
0.814044
0.640036
0.813266
0.501238
0.304283
0.506723
0.468199
0.67974
0.939389
0.713773
0.415952
0.424588
0.281579
0.07626
0.663473
0.819786
0.885439
0.853184
0.678778
0.67629
0.581553
0.933136
0.287831
0.481351
0.732986
0.664532
0.624968
0.47357
0.142616
0.879105
0.417534
0.404763
0.327336
0.278165
0.575022
0.519831
0.558392
0.344868
0.924957
0.863566
0.328255
0.474059
0.844528
0.038337
0.077861
0.936906
0.515872
0.926434
0.325372
0.438674
0.145379
0.004106
0.753539
0.1467
0.999504
0.47117
0.622605
0.405428
0.929937
0.732826
0.350734
0.528722
0.519397
0.110269
0.980184
0.848098
0.49444
0.341855
0.53763
0.463678
0.20606
0.748668
0.475496
0.358749
0.774835
0.817819
0.265161
0.370362
0.356387
0.081475
0.887799
0.225459
0.352132
0.096142
0.660643
0.233423
0.309488
0.389125
0.57413
0.503716
0.725669
0.84078
0.957092
0.617118
0.36405
0.206427
0.58428
0.477366
0.252406
0.89181
0.884341
0.252758
0.375808
0.419763
0.204797
0.767614
0.200608
0.332481
0.732513
0.60292
0.256895
0.107192
0.142843
0.277823
0.469347
0.615741
0.617409
0.323623
0.627415
0.982003
0.90292
0.250164
0.960271
0.543242
0.480421
0.832683
0.810577
0.876782
0.008053
0.104154
0.805961
0.202685
0.224508
0.069261
0.218113
0.49979
0.252532
0.156336
0.541919
0.599515
0.072235
0.049531
0.245738
0.629531
0.371482
0.542236
0.562306
0.854543
0.521479
0.284688
0.421889
0.770741
0.601939
0.460061
0.911128
0.655063
0.360539
0.92015
0.462445
0.075496
0.334617
0.735629
0.005624
0.031932
0.118597
0.8603
0.069778
0.238941
0.266067
0.639191
0.561965
0.500614
0.374327
0.252482
0.924662
0.162381
0.988512
0.09408
0.111944
0.180052
0.712537
0.520121
0.847665
0.945497
0.755498
0.544437
0.604698
0.004101
0.068986
0.067387
0.911502
0.251825
0.610033
0.77044
0.738339
0.856147
0.424233
0.531196
0.365992
0.540387
0.594927
0.780612
0.053337
0.216233
0.162308
0.394543
0.733843
0.843813
0.147503
0.873854
0.173076
0.848096
0.216577
0.164861
0.786739
0.168311
0.192475
0.216286
0.401959
0.293576
0.795069
0.739661
0.510022
0.433395
0.135772
0.892096
0.401419
0.553208
0.495459
0.148138
0.879514
0.484956
0.482392
0.692761
0.812836
0.274522
0.39679
0.673505
0.963723
0.161664
0.368018
0.059601
0.556423
0.189679
0.371643
0.924302
0.709538
0.942264
0.250875
0.242327
0.291997
0.387414
0.412769
0.998484
0.282241
0.425171
0.166038
0.705377
0.445668
0.912183
0.274592
0.631753
0.836457
0.401034
0.857126
0.916835
0.721455
0.914438
0.05135
0.142369
0.299299
0.253359
0.140243
0.497982
0.101309
0.329561
0.668998
0.494488
0.167197
0.533441
0.299879
0.42222
0.62616
0.432757
0.025129
0.381583
0.692502
0.125998
0.382811
0.576997
0.953138
0.80323
0.074219
0.892151
0.804972
0.339659
0.93589
0.35459
0.450307
0.730697
0.904042
0.080319
0.235368
0.346374
0.845483
0.43764
0.243815
0.595163
0.186934
0.112324
0.801273
0.573304
0.456819
0.559835
0.213882
0.973684
0.225119
0.449415
0.842163
0.506534
0.440349
0.732866
0.171717
0.029502
0.16644
0.884322
0.291104
0.175895
0.263843
0.446082
0.607334
0.001307
0.922261
0.900177
0.067596
0.08631
0.401983
0.127037
0.642598
0.674795
0.522817
0.787565
0.480879
0.614833
0.989281
0.515111
0.168312
0.642761
0.499161
0.862862
0.634017
0.214088
0.682666
0.358936
0.6607
0.328094
0.492454
0.387681
0.999982
0.387269
0.823589
0.818171
0.865621
0.829108
0.162056
0.370006
0.561171
0.436321
0.519802
0.298441
0.401548
0.525903
0.409532
0.711791
0.911145
0.179692
0.697964
0.573896
0.891947
0.126477
0.921226
0.292136
0.807614
0.023202
0.711541
0.50171
0.586598
0.313336
0.069735
0.094218
0.26421
0.119887
0.295962
0.685606
0.031894
0.435616
0.470889
0.586266
0.795275
0.066237
0.527659
0.247715
0.982588
0.930722
0.715892
0.791142
0.674
0.300226
0.654874
0.799544
0.86391
0.474735
0.928244
0.035635
0.636985
0.867167
0.923735
0.647473
0.49594
0.28351
0.695951
0.888847
0.006708
0.043455
0.072318
0.142328
0.849638
0.835436
0.03341
0.380678
0.648616
0.166948
0.644503
0.855629
0.084158
0.793041
0.912706
0.689507
0.631728
0.24242
0.006589
0.624095
0.497165
0.636564
0.761142
0.070967
0.217178
0.581583
0.184233
0.358952
0.629264
0.556019
0.211471
0.558068
0.788262
0.258485
0.356782
0.390424
0.207799
0.293091
0.002332
0.645152
0.624273
0.516035
0.120415
0.703282
0.80169
0.502814
0.130846
0.284473
0.609318
0.937417
0.160048
0.704138
0.714061
0.330449
0.101057
0.529443
0.013072
0.746775
0.672909
0.280883
0.471004
0.473726
0.067826
0.219372
0.925118
0.029356
0.685198
0.544603
0.554364
0.333524
0.780884
0.53788
0.535394
0.723202
0.669973
0.107028
0.071591
0.437778
0.69734
0.492163
0.060558
0.750908
0.091974
0.002736
0.333063
0.819725
0.767844
0.48619
0.527317
0.169184
0.809625
0.512715
0.675522
0.056918
0.167374
0.264066
0.801682
0.09088
0.551206
0.444681
0.091261
0.038007
0.795951
0.824167
0.220028
0.779178
0.637337
0.309743
0.558168
0.919911
0.311783
0.759328
0.747201
0.053235
0.383102
0.010021
0.866481
0.577332
0.914626
0.876929
0.398891
0.846115
0.093709
0.079275
0.392716
0.559177
0.392657
0.402077
0.605678
0.739421
0.284175
0.927236
0.524211
0.384594
0.198553
0.205569
0.041243
0.978201
0.593358
0.896867
0.734445
0.751851
0.226963
0.037356
0.334948
0.855401
0.841074
0.031975
0.246918
0.842693
0.65393
0.143464
0.716487
0.409853
0.347832
0.002258
0.981543
0.471815
0.314526
0.586121
0.325467
0.55702
0.055081
0.056454
0.475949
0.635632
0.941092
0.172575
0.991138
0.246867
0.281393
0.270948
0.458755
0.061277
0.373701
0.15046
0.660009
0.515506
0.040959
0.129178
0.51743
0.358009
0.051925
0.269331
0.797288
0.745673
0.107959
0.750504
0.538926
0.706387
0.56502
0.702319
0.290361
0.233944
0.034661
0.878402
0.198307
0.915404
0.888237
0.406292
0.366625
0.557848
0.948278
0.739636
0.10899
0.267389
0.235986
0.286572
0.696812
0.743225
0.217358
0.286122
0.388957
0.534957
0.903565
0.470583
0.316217
0.029504
0.476034
0.103872
0.58474
0.679151
0.135546
0.444355
0.300509
0.957385
0.017383
0.871103
0.683782
0.972757
0.149899
0.414944
0.629135
0.662676
0.789675
0.493946
0.529955
0.094385
0.834922
0.883563
0.912184
0.523314
0.75278
0.136519
0.883206
0.512895
0.740093
0.067785
0.918448
0.535379
0.716131
0.461561
0.077267
0.346196
0.739641
0.024624
0.219919
0.4449
0.723149
0.40195
0.271294
0.645161
0.079408
0.248753
0.043663
0.214497
0.28414
0.317651
0.451444
0.736141
0.114796
0.44432
0.522625
0.90349
0.824382
0.742161
0.066492
0.419869
0.051645
0.181927
0.478702
0.298009
0.551932
0.802754
0.45597
0.519649
0.383226
0.262731
0.548708
0.286202
0.368733
0.059215
0.883406
0.092845
0.619249
0.289603
0.001226
0.059908
0.079407
0.947601
0.673819
0.862283
0.36089
0.148098
0.581169
0.08042
0.100035
0.672751
0.284726
0.02635
0.339286
0.579683
0.557228
0.081181
0.61014
0.638673
0.393836
0.989791
0.44544
0.41929
0.577089
0.642963
0.686155
0.418025
0.916991
0.501839
0.531747
0.207925
0.767056
0.920632
0.113286
0.804625
0.961489
0.057713
0.989466
0.715573
0.21723
0.496856
0.65681
0.050468
0.867261
0.501362
0.804825
0.29351
0.064873
0.376389
0.587692
0.65228
0.429665
0.111823
0.83422
0.174556
0.262021
0.468999
0.824699
0.055639
0.154855
0.511834
0.537273
0.181007
0.473218
0.149713
0.332461
0.870166
0.279292
0.691514
0.938946
0.238795
0.747903
0.759929
0.82757
0.0514
0.546842
0.497746
0.748276
0.678286
0.707624
0.811676
0.63474
0.875552
0.183889
0.880948
0.773219
0.954556
0.463128
0.578254
0.028944
0.843253
0.65356
0.433527
0.235608
0.268925
0.631664
0.381429
0.35034
0.577917
0.964086
0.140235
0.105664
0.655246
0.981663
0.391565
0.253075
0.387301
0.024042
0.765933
0.361265
0.441626
0.023223
0.631874
0.779274
0.076135
0.845773
0.799712
0.929227
0.284474
0.813588
0.869264
0.189296
0.66859
0.876835
0.834203
0.837908
0.111164
0.970913
0.550954
0.841521
0.634181
0.639574
0.670499
0.801805
0.549121
0.777362
0.587004
0.246673
0.364631
0.662206
0.53586
0.641988
0.1358
0.860093
0.071616
0.448755
0.441734
0.144465
0.187281
0.394444
0.365613
0.063357
0.645778
0.029178
0.063915
0.165919
0.813584
0.896498
0.996764
0.453697
0.50508
0.462886
0.849829
0.517236
0.401337
0.569777
0.544902
0.791749
0.36187
0.855942
0.815165
0.744454
0.625754
0.138186
0.468569
0.78888
0.290111
0.130505
0.846084
0.536294
0.71751
0.341662
0.513973
0.730652
0.212147
0.37841
0.926688
0.038165
0.410253
0.221713
0.978326
0.251907
0.8055
0.014486
0.627512
0.65959
0.525911
0.628433
0.592661
0.525115
0.304452
0.680189
0.622797
0.226303
0.018548
0.988146
0.877708
0.827867
0.285548
0.754736
0.379003
0.718209
0.753076
0.736073
0.855599
0.650592
0.583109
0.741008
0.294625
0.283616
0.00588
0.442617
0.784524
0.702149
0.740607
0.442623
0.095045
0.614595
0.208514
0.337497
0.195873
0.03715
0.001309
0.946744
0.69786
0.218895
0.22225
0.408722
0.835344
0.075603
0.02304
0.131828
0.098559
0.477598
0.536999
0.325913
0.102967
0.987471
0.407919
0.479822
0.351022
0.866631
0.627987
0.092245
0.665712
0.063633
0.655996
0.852672
0.928641
0.52474
0.385266
0.340635
0.731493
0.130086
0.942315
0.505492
0.118365
0.451762
0.162904
0.591262
0.011112
0.190672
0.695152
0.819667
0.34957
0.277294
0.994989
0.789962
0.343619
0.903345
0.23505
0.854689
0.307963
0.684324
0.216334
0.819562
0.521222
0.406652
0.195467
0.571832
0.439878
0.389521
0.860467
0.005217
0.865956
0.751693
0.95388
0.76667
0.150557
0.315822
0.305126
0.691373
0.53898
0.826483
0.031751
0.364079
0.48211
0.928026
0.447315
0.175176
0.344755
0.848509
0.652548
0.530143
0.502525
0.43179
0.916078
0.792114
0.843048
0.262233
0.568639
0.427027
0.18498
0.333687
0.490148
0.132849
0.161042
0.751197
0.976085
0.839455
0.232041
0.43527
0.023165
0.525326
0.074129
0.626677
0.136656
0.881516
0.078003
0.621842
0.329776
0.714895
0.059935
0.909362
0.236043
0.685327
0.521741
0.616137
0.014937
0.476222
0.172785
0.132337
0.907426
0.544197
0.153881
0.122242
0.64547
0.453456
0.31429
0.606118
0.013644
0.788719
0.19753
0.595203
0.4825
0.990806
0.756177
0.403715
0.976168
0.385117
0.97824
0.106948
0.471355
0.952444
0.00878
0.220802
0.144279
0.839275
0.192425
0.063954
0.613403
0.632587
0.78601
0.363797
0.893823
0.176791
0.072529
0.032434
0.466259
0.435057
0.730074
0.761158
0.05407
0.774546
0.690432
0.133577
0.298809
0.329651
0.269239
0.338946
0.982922
0.983527
0.172837
0.883932
0.230711
0.978187
0.506599
0.503563
0.475288
0.025307
0.959311
0.474072
0.575102
0.504776
0.524873
0.192961
0.362535
0.237712
0.249978
0.756071
0.934931
0.911099
0.067587
0.384416
0.633859
0.935478
0.147201
0.09605
0.865754
0.352559
0.808853
0.743728
0.571196
0.201532
0.02753
0.442264
0.687866
0.719547
0.512919
0.088117
0.780356
0.96979
0.232352
0.600973
0.321132
0.463403
0.453898
0.260264
0.440492
0.456634
0.628366
0.896716
0.368167
0.519783
0.235677
0.737812
0.392701
0.483576
0.03571
0.141649
0.179962
0.581919
0.916574
0.783152
0.68717
0.939965
0.346075
0.892277
0.500179
0.708639
0.412809
0.315022
0.224514
0.800709
0.548178
0.922606
0.923017
0.315858
0.740916
0.637025
0.575539
0.296521
0.018425
0.136548
0.293067
0.313566
0.580075
0.383934
0.69214
0.095258
0.566248
0.032078
0.652184
0.940605
0.448065
0.503816
0.531073
0.407928
0.59592
0.378756
0.522732
0.142446
0.450316
0.671284
0.451749
0.297638
0.658666
0.510689
0.106146
0.748808
0.955525
0.111823
0.635835
0.215388
0.95661
0.278207
0.77065
0.989665
0.585386
0.258539
0.167669
0.029016
0.310075
0.04573
0.575191
0.430767
0.583975
0.203639
0.52601
0.093885
0.041066
0.206507
0.209926
0.038158
0.081935
0.46608
0.35662
0.768852
0.12627
0.05116
0.235268
0.596766
0.018031
0.089829
0.897113
0.50808
0.640309
0.161097
0.236907
0.480509
0.448357
0.752284
0.205707
0.856423
0.232911
0.990029
0.393872
0.582707
0.796178
0.30574
0.505184
0.776521
0.32388
0.952113
0.090423
0.103366
0.932258
0.301251
0.626504
0.715237
0.429541
0.649864
0.581507
0.708455
0.391554
0.893862
0.056536
0.474215
0.746495
0.032241
0.941403
0.099938
0.559451
0.670272
0.776577
0.021695
0.252259
0.616098
0.758656
0.862243
0.899459
0.946803
0.207326
0.685554
0.3956
0.399083
0.352223
0.207209
0.748627
0.028555
0.2757
0.686441
0.805407
0.931353
0.09624
0.818681
0.084595
0.250325
0.189863
0.180456
0.382027
0.743388
0.756956
0.464346
0.778244
0.712248
0.21955
0.671083
0.820937
0.964486
0.889403
0.54864
0.202116
0.582131
0.113039
0.802899
0.56973
0.676424
0.295415
0.019988
0.736623
0.039615
0.96412
0.805658
0.943547
0.521477
0.684622
0.351148
0.829808
0.588818
0.52466
0.340399
0.942703
0.619588
0.993809
0.951505
0.322405
0.005751
0.312024
0.690831
0.893423
0.326186
0.204318
0.758074
0.350347
0.726988
0.369347
0.689106
0.53693
0.842749
0.32526
0.27958
0.367976
0.610112
0.231173
0.692114
0.723881
0.207059
0.835402
0.365077
0.216434
0.408569
0.745462
0.849932
0.658305
0.426256
0.466334
0.225351
0.053485
0.719117
0.712194
0.793755
0.264384
0.098602
0.676375
0.722636
0.81621
0.617893
0.108922
0.828942
0.478445
0.11808
0.184651
0.603635
0.148308
0.49842
0.303956
0.350821
0.418933
0.754151
0.096416
0.864352
0.899568
0.208779
0.392236
0.786098
0.776581
0.44341
0.276703
0.538449
0.440527
0.301479
0.540013
0.322207
0.732146
0.201729
0.511743
0.613319
0.326625
0.139749
0.423633
0.909365
0.914415
0.42431
0.940898
0.021485
0.999936
0.976016
0.751898
0.838768
0.051071
0.335115
0.545832
0.550867
0.405267
0.375003
0.200233
0.435742
0.049019
0.310319
0.721832
0.318505
0.405222
0.367018
0.148745
0.977492
0.858943
0.891002
0.113718
0.544436
0.573188
0.125828
0.93123
0.659155
0.793614
0.693201
0.195562
0.685194
0.364981
0.150327
0.740153
0.94771
0.423735
0.615433
0.153447
0.971447
0.316484
0.165868
0.433032
0.570424
0.939481
0.433242
0.318001
0.782195
0.301609
0.770231
0.283272
0.866104
0.898474
0.352534
0.170079
0.26533
0.981543
0.72905
0.989977
0.570431
0.245659
0.872418
0.914378
0.786016
0.917179
0.930952
0.083045
0.242912
0.245681
0.084957
0.057517
0.260685
0.03198
0.600648
0.13382
0.586796
0.222372
0.612342
0.149233
0.710681
0.695371
0.047336
0.725643
0.245637
0.600528
0.40781
0.299818
0.555612
0.125719
0.481505
0.672358
0.406443
0.274325
0.1259
0.164004
0.35876
0.944875
0.41136
0.048352
0.122672
0.360451
0.435607
0.38031
0.915775
0.834406
0.685221
0.483585
0.907245
0.309551
0.001289
0.835428
0.993414
0.185479
0.706167
0.184007
0.468162
0.181267
0.741188
0.34297
0.085566
0.149829
0.21378
0.734003
0.494155
0.125689
0.416178
0.506341
0.033017
0.423488
0.610005
0.416268
0.774333
0.918258
0.260417
0.843804
0.218298
0.948028
0.36595
0.148987
0.041835
0.445059
0.905094
0.079803
0.894348
0.165745
0.376091
0.679623
0.060941
0.316362
0.479793
0.962792
0.75398
0.033938
0.297095
0.959336
0.177277
0.438619
0.1314
0.812999
0.547966
0.202749
0.30177
0.45
0.209998
0.447171
0.90355
0.69402
0.115482
0.569798
0.862608
0.937686
0.287882
0.189657
0.10023
0.095118
0.672526
0.222792
0.685617
0.416987
0.477997
0.631151
0.505008
0.434565
0.233789
0.22134
0.445345
0.97941
0.396175
0.936796
0.389624
0.089334
0.242979
0.374337
0.911128
0.085326
0.320495
0.855442
0.873372
0.384344
0.285467
0.04797
0.769823
0.910343
0.427442
0.12037
0.420903
0.511535
0.052552
0.352469
0.291351
0.745427
0.411563
0.763191
0.835385
0.201512
0.154544
0.885861
0.501035
0.207216
0.091966
0.599588
0.215805
0.876996
0.60223
0.271726
0.141754
0.573415
0.557225
0.6843
0.622777
0.397935
0.551039
0.592652
0.188878
0.340946
0.109916
0.225097
0.563531
0.535038
0.142501
0.294928
0.419884
0.650845
0.961389
0.818536
0.169125
0.148361
0.950875
0.05902
0.286157
0.588654
0.242172
0.663726
0.990015
0.210928
0.112425
0.340163
0.457516
0.562784
0.876076
0.619219
0.639064
0.101047
0.64845
0.527906
0.968925
0.777224
0.863294
0.004076
0.410805
0.551496
0.263297
0.274452
0.458356
0.054565
0.693647
0.895645
0.242765
0.584889
0.348608
0.70362
0.639883
0.716119
0.708437
0.656791
0.576176
0.792678
0.973044
0.636944
0.880528
0.447306
0.39166
0.368671
0.379587
0.80001
0.770366
0.005694
0.928328
0.510964
0.803646
0.34565
0.439265
0.009962
0.384077
0.682642
0.835466
0.842355
0.567368
0.829948
0.275721
0.432321
0.985648
0.812456
0.823576
0.15527
0.259043
0.299042
0.750413
0.343464
0.453025
0.381924
0.77817
0.704045
0.031789
0.669966
0.72578
0.3315
0.494773
0.914893
0.366349
0.506227
0.786342
0.916324
0.174711
0.320466
0.044797
0.129818
0.198198
0.953012
0.234497
0.505878
0.471178
0.475979
0.297824
0.379904
0.518983
0.658206
0.231718
0.783199
0.202583
0.322565
0.57755
0.638676
0.132907
0.231078
0.796101
0.624436
0.706475
0.77673
0.093596
0.054146
0.04962
0.96138
0.127767
0.486289
0.644717
0.134272
0.602643
0.111479
0.466272
0.424419
0.557143
0.095769
0.824651
0.18739
0.740209
0.706792
0.053864
0.673327
0.770183
0.369446
0.439387
0.443645
0.1901
0.628308
0.980209
0.377693
0.740597
0.073609
0.752142
0.293204
0.005936
0.873383
0.395533
0.365919
0.037783
0.844749
0.509339
0.201148
0.275359
0.303135
0.495325
0.466748
0.965862
0.231068
0.352954
0.660744
0.832122
0.756534
0.721785
0.701928
0.555116
0.07622
0.688648
0.654727
0.43448
0.568241
0.561912
0.514222
0.338472
0.213134
0.064804
0.217244
0.920847
0.539634
0.438118
0.446467
0.097742
0.892819
0.193484
0.318701
0.196013
0.361574
0.403097
0.057877
0.421024
0.919296
0.345764
0.994056
0.258308
0.865746
0.800261
0.694776
0.358467
0.338368
0.68929
0.225123
0.928412
0.647354
0.244372
0.70782
0.028744
0.370797
0.468885
0.676872
0.820779
0.707819
0.297976
0.421842
0.475755
0.991688
0.010458
0.051409
0.823563
0.934344
0.607973
0.901573
0.597073
0.938918
0.34931
0.387359
0.530161
0.860668
0.634709
0.904061
0.646245
0.171065
0.752021
0.243645
0.771972
0.390956
0.798407
0.267365
0.338825
0.038722
0.594918
0.962424
0.258521
0.172355
0.269385
0.311214
0.907336
0.055447
0.593073
0.082567
0.57516
0.46227
0.476618
0.650283
0.342788
0.567598
0.898575
0.387031
0.711002
0.677824
0.876467
0.16573
0.427748
0.294644
0.235893
0.502677
0.497089
0.683787
0.5666
0.019852
0.246946
0.849205
0.166723
0.12385
0.956618
0.93647
0.605041
0.695634
0.155758
0.326192
0.153819
0.353026
0.210756
0.901791
0.156935
0.591106
0.222043
0.79189
0.403766
0.212235
0.564211
0.901126
0.254391
0.062501
0.799034
0.827513
0.638228
0.042931
0.127214
0.76414
0.393069
0.849489
0.609432
0.60463
0.599378
0.861388
0.004846
0.882368
0.723228
0.809377
0.498346
0.773197
0.48981
0.584885
0.239239
0.546184
0.731101
0.368821
0.597118
0.380614
0.70499
0.177249
0.00728
0.614912
0.617761
0.153534
0.271822
0.370898
0.615976
0.903718
0.668322
0.0298
0.979435
0.725258
0.122442
0.095501
0.269066
0.326367
0.785469
0.317321
0.908821
0.963714
0.374589
0.728432
0.108826
0.768324
0.403093
0.008733
0.521389
0.59625
0.560835
0.007723
0.0411
0.295621
0.097638
0.848587
0.144474
0.308061
0.571684
0.679468
0.716913
0.448248
0.154173
0.710887
0.610966
0.747445
0.977477
0.543375
0.608488
0.566452
0.313883
0.591288
0.535444
0.75424
0.975233
0.643391
0.483378
0.001346
0.280921
0.466598
0.927759
0.451927
0.833181
0.278642
0.456817
0.19484
0.64314
0.898293
0.57543
0.956467
0.932931
0.642366
0.456075
0.635916
0.879378
0.137445
0.313715
0.866291
0.051433
0.786733
0.641814
0.947394
0.869908
0.213953
0.809447
0.835277
0.606115
0.553454
0.27669
0.671854
0.055488
0.555858
0.30845
0.990827
0.708428
0.381799
0.895983
0.637835
0.828253
0.063698
0.577055
0.008876
0.531004
0.692345
0.688923
0.627204
0.713725
0.658344
0.703527
0.02226
0.731235
0.546549
0.834133
0.358966
0.375226
0.705101
0.310879
0.800045
0.723485
0.566719
0.456008
0.294545
0.190822
0.590776
0.8196
0.796167
0.716603
0.659792
0.570343
0.767805
0.093974
0.835895
0.211685
0.05872
0.230101
0.838212
0.602318
0.796255
0.644699
0.394597
0.743325
0.831557
0.851223
0.263417
0.308113
0.525791
0.082724
0.957187
0.487441
0.02475
0.687631
0.113592
0.894589
0.34769
0.825514
0.757344
0.905923
0.538192
0.658777
0.161538
0.704656
0.283936
0.722063
0.348321
0.473896
0.242399
0.471321
0.019655
0.30567
0.309054
0.467974
0.584688
0.41602
0.728819
0.329669
0.523782
0.031418
0.334498
0.194895
0.597634
0.380669
0.746206
0.362807
0.625215
0.882785
0.653684
0.706937
0.392768
0.179369
0.955389
0.484715
0.758093
0.325534
0.955444
0.253304
0.133112
0.663877
0.900716
0.345043
0.108159
0.67712
0.694506
0.91157
0.797023
0.263496
0.464687
0.871296
0.120301
0.060196
0.07561
0.48215
0.354935
0.958227
0.231763
0.936711
0.978422
0.556933
0.953228
0.032708
0.390068
0.424777
0.737923
0.166244
0.35156
0.270247
0.038053
0.613648
0.159416
0.946
0.14136
0.044698
0.334397
0.685546
0.494511
0.334291
0.725761
0.500155
0.305779
0.380289
0.238251
0.827639
0.191665
0.138072
0.694126
0.845845
0.654551
0.115709
0.133937
0.837186
0.712479
0.577685
0.439338
0.524253
0.01755
0.960817
0.076121
0.862118
0.743495
0.902734
0.756126
0.208096
0.120791
0.697957
0.720098
0.132026
0.712377
0.227475
0.243608
0.316386
0.081586
0.702423
0.452001
0.135581
0.603183
0.847801
0.535245
0.196164
0.930178
0.300002
0.094731
0.342521
0.803737
0.426283
0.361867
0.930844
0.548723
0.820801
0.084319
0.543894
0.352983
0.489003
0.247447
0.066487
0.575272
0.570361
0.936786
0.538273
0.759539
0.563458
0.857137
0.992235
0.38539
0.81651
0.215148
0.236738
0.687732
0.093659
0.954648
0.04628
0.385553
0.497116
0.85661
0.570919
0.30138
0.294043
0.365216
0.903539
0.340699
0.977112
0.614292
0.951474
0.248956
0.199657
0.775935
0.132355
0.456648
0.497842
0.960642
0.676738
0.107691
0.903653
0.215564
0.896936
0.096149
0.103392
0.964988
0.146349
0.217962
0.60837
0.633114
0.183942
0.333253
0.586886
0.326393
0.366843
0.973802
0.533642
0.902903
0.016299
0.997942
0.119307
0.833526
0.594514
0.672523
0.719837
0.874211
0.505606
0.441651
0.437874
0.322388
0.87119
0.871529
0.778029
0.664876
0.443475
0.840339
0.973022
0.279194
0.951997
0.105441
0.291295
0.182657
0.225097
0.811374
0.853317
0.459868
0.77762
0.61186
0.552325
0.865057
0.055025
0.939377
0.489338
0.366796
0.7812
0.407496
0.040207
0.136787
0.229537
0.288823
0.669718
0.411256
0.541179
0.500335
0.373152
0.14603
0.165052
0.847353
0.408022
0.024067
0.850699
0.216476
0.09991
0.599298
0.328086
0.680406
0.845954
0.182051
0.142874
0.451164
0.022879
0.497812
0.060856
0.816201
0.688588
0.487155
0.580365
0.98274
0.983466
0.877368
0.037033
0.201177
0.215871
0.338229
0.753986
0.913956
0.979367
0.641952
0.048065
0.114535
0.171083
0.920143
0.294724
0.0463
0.653513
0.068144
0.300292
0.238308
0.698282
0.750352
0.488474
0.674215
0.408209
0.832795
0.174515
0.275836
0.918212
0.709473
0.4594
0.215594
0.445314
0.649846
0.722909
0.240557
0.952974
0.184829
0.526994
0.598431
0.110952
0.379291
0.984506
0.549665
0.274972
0.314142
0.460456
0.120155
0.200221
0.761716
0.167905
0.766396
0.912608
0.512803
0.821815
0.576437
0.318572
0.498546
0.315539
0.216038
0.149656
0.475675
0.467318
0.320067
0.816685
0.745205
0.743711
0.450113
0.399107
0.891852
0.147361
0.212842
0.028381
0.823601
0.450504
0.008299
0.777235
0.68236
0.78533
0.319737
0.801389
0.263546
0.29233
0.413189
0.767469
0.148016
0.456666
0.52261
0.66446
0.000842
0.14669
0.546626
0.395957
0.830145
0.822204
0.841372
0.05172
0.808394
0.76204
0.266282
0.978585
0.364079
0.171298
0.586936
0.535827
0.765465
0.649558
0.131722
0.615687
0.223293
0.026231
0.76631
0.508086
0.614867
0.116405
0.44093
0.521839
0.1544
0.68799
0.463308
0.842776
0.751655
0.154235
0.65614
0.381503
0.225911
0.70956
0.200055
0.755898
0.823682
0.609853
0.959039
0.085016
0.954225
0.840984
0.213031
0.02141
0.198597
0.537729
0.676909
0.822503
0.542784
0.782895
0.185135
0.634699
0.827296
0.745829
0.517502
0.442309
0.18669
0.516036
0.36416
0.411824
0.183831
0.293615
0.230542
0.023071
0.411827
0.987287
0.105798
0.464258
0.264207
0.182043
0.264735
0.092593
0.987867
0.831459
0.548679
0.168101
0.500541
0.869598
0.837708
0.335072
0.641035
0.250794
0.494581
0.671214
0.480158
0.043254
0.804652
0.04996
0.563778
0.068542
0.118745
0.877421
0.351979
0.502794
0.410831
0.597425
0.38247
0.023825
0.208271
0.024058
0.198453
0.056426
0.32482
0.882844
0.362133
0.877071
0.230712
0.756807
0.757506
0.513445
0.641421
0.775833
0.990638
0.677706
0.503604
0.322879
0.527166
0.263581
0.556028
0.767025
0.460741
0.991521
0.88623
0.105235
0.211484
0.283493
0.719457
0.236227
0.234142
0.307298
0.042286
0.787498
0.292927
0.810583
0.049951
0.901903
0.707227
0.069424
0.441655
0.728677
0.009299
0.811
0.475988
0.797938
0.749202
0.293809
0.156314
0.916659
0.609569
0.278809
0.288876
0.88632
0.919615
0.742571
0.794031
0.537063
0.884156
0.765056
0.399031