256 4
0
46
49
158
230
1
11
112
147
196
2
33
74
126
138
3
67
79
113
229
4
53
144
226
247
5
34
74
185
230
6
51
64
109
224
7
22
72
99
231
8
90
161
197
208
9
11
50
84
229
10
157
189
213
231
8
11
58
136
139
12
39
71
172
186
13
99
115
235
236
14
72
144
215
230
13
15
40
49
157
16
21
151
199
241
17
75
167
195
233
15
18
133
137
205
19
20
87
134
178
11
20
65
75
128
21
67
178
205
245
22
42
156
160
167
23
94
102
196
243
24
75
146
168
202
15
25
78
198
240
26
49
89
204
227
27
39
80
152
180
28
110
150
162
248
29
46
58
180
188
12
30
106
140
183
18
31
91
117
136
2
32
33
41
204
33
131
156
194
220
34
39
74
163
206
35
41
50
98
122
5
36
37
86
225
37
143
145
234
235
18
38
83
139
197
39
47
84
123
153
2
40
137
189
254
5
22
41
115
233
14
42
99
150
186
29
43
94
184
206
1
26
44
96
213
45
58
65
198
226
46
150
222
231
238
47
69
236
242
243
48
127
142
157
208
7
49
107
113
202
50
84
174
176
240
20
51
160
200
235
52
104
169
195
235
53
59
146
209
247
28
54
58
179
202
6
27
55
100
124
56
102
112
132
252
57
90
173
237
241
58
97
199
222
250
59
88
168
200
231
60
133
168
234
250
16
61
98
117
136
3
20
62
65
237
41
63
69
73
187
64
71
92
158
238
58
65
92
119
182
65
66
67
155
195
67
130
145
210
224
45
68
155
203
239
69
81
114
142
201
10
22
68
70
150
40
71
92
113
155
23
72
135
178
231
41
58
73
123
134
74
107
135
164
210
40
75
233
248
252
9
30
76
116
132
67
77
95
160
201
68
78
98
114
144
79
101
170
197
244
8
41
80
105
106
73
81
130
163
238
4
82
145
229
237
37
83
124
164
253
70
78
81
84
243
7
85
89
112
176
86
119
149
201
202
87
155
223
226
240
3
40
42
88
136
33
43
85
89
101
46
90
182
189
252
91
103
106
162
181
92
97
178
186
190
42
93
131
160
244
4
34
94
152
236
29
90
95
178
215
13
96
119
128
184
96
97
146
168
169
7
90
98
217
248
99
121
123
132
188
44
100
153
188
246
25
101
125
222
252
9
102
147
208
243
33
61
99
102
103
2
21
44
104
255
24
54
105
127
128
106
181
196
237
239
107
164
185
226
243
48
56
108
167
241
40
109
137
145
147
29
73
110
207
253
34
57
61
111
245
21
112
169
172
254
42
47
113
136
197
32
114
139
187
203
44
90
115
161
249
106
116
149
204
253
8
117
191
201
240
34
118
219
226
248
13
119
125
225
235
99
120
139
165
214
62
91
121
163
212
60
122
150
211
223
49
57
75
123
163
38
57
81
124
249
28
94
103
125
199
59
80
119
126
139
15
106
127
168
222
15
96
128
146
205
0
25
66
69
129
87
109
130
187
200
131
156
161
164
253
26
38
132
208
215
5
66
117
133
229
15
132
133
134
246
26
48
135
189
220
18
84
103
126
136
48
55
103
137
212
7
80
122
138
231
21
47
52
139
140
97
140
237
241
248
5
108
141
168
177
90
142
145
151
250
2
17
84
143
195
102
144
203
241
245
7
47
145
172
205
10
59
146
159
244
90
105
147
185
234
2
93
136
148
204
40
58
149
203
221
150
182
186
216
243
60
151
176
207
241
31
55
60
124
152
22
60
105
143
153
17
33
36
154
189
91
111
115
135
155
6
9
89
156
221
157
201
215
225
249
77
108
119
158
231
16
76
86
139
159
41
56
159
160
244
6
113
159
161
244
52
133
162
207
220
57
76
127
163
248
35
67
164
204
235
127
152
165
192
220
58
140
160
166
242
84
148
167
213
226
17
90
168
217
230
90
116
166
169
234
33
35
135
170
192
49
170
171
185
221
91
131
136
157
172
48
77
173
196
248
82
86
168
174
227
78
175
201
208
222
47
64
141
176
227
113
124
177
202
203
47
103
152
162
178
52
179
180
200
252
17
73
147
180
226
141
181
233
244
245
33
112
151
182
197
31
91
173
183
234
7
26
116
184
201
21
99
146
152
185
53
62
186
188
246
14
138
142
174
187
72
186
188
189
249
70
114
189
198
218
4
13
50
190
228
12
20
148
191
254
63
96
137
192
202
17
72
90
193
247
26
186
194
200
218
9
29
56
62
195
28
122
124
196
229
98
127
150
197
215
26
34
198
245
252
34
168
197
199
239
51
92
126
176
200
17
133
201
212
215
31
178
198
202
210
115
181
186
194
203
57
61
93
95
204
30
84
177
188
205
14
20
118
206
241
18
61
113
131
207
42
66
151
208
247
12
76
117
118
209
43
57
136
209
210
86
125
181
211
245
96
168
212
216
221
19
24
181
213
227
13
110
180
214
238
7
89
215
218
241
59
140
216
228
252
20
21
35
101
217
102
198
218
231
253
3
39
76
157
219
4
109
149
186
220
79
87
217
221
234
63
193
222
246
255
48
85
133
223
245
90
95
204
224
243
13
54
69
148
225
81
83
104
226
250
38
40
75
136
227
23
91
129
173
228
70
127
207
227
229
26
122
166
215
230
37
77
138
231
242
3
34
74
198
232
4
66
186
224
233
21
78
192
234
248
31
185
187
235
240
81
97
170
218
236
41
87
100
185
237
4
118
129
215
238
11
47
113
199
239
6
33
215
226
240
5
58
148
167
241
33
47
149
202
242
86
132
168
243
247
29
31
87
154
244
105
164
172
173
245
86
143
204
229
246
65
75
108
208
247
32
71
101
150
248
35
127
157
207
249
6
143
201
242
250
32
51
148
218
251
12
72
187
188
252
13
24
43
141
253
46
165
176
221
254
8
20
86
110
255
0.539648
0.233617
0.920119
0.268236
0.569937
0.937297
0.494296
0.320728
0.450605
0.439375
0.382247
0.592287
0.795342
0.997972
0.452464
0.455232
0.577367
0.138986
0.728935
0.760352
0.589978
0.118696
0.981267
0.767007
0.734341
0.332058
0.882577
0.56268
0.213337
0.275559
0.585097
0.034029
0.416187
0.195809
0.420973
0.61586
0.798405
0.134698
0.017122
0.949779
0.653455
0.915912
0.643828
0.273333
0.302394
0.101261
0.179781
0.981354
0.730899
0.797326
0.061391
0.65508
0.877728
0.325301
0.771806
0.275177
0.58829
0.508727
0.297493
0.416328
0.083148
0.387327
0.371309
0.115481
0.764253
0.930193
0.895531
0.975067
0.503201
0.5686
0.15478
0.494153
0.863006
0.185122
0.8862
0.677018
0.077722
0.682458
0.613326
0.077888
0.20431
0.115202
0.846715
0.363282
0.357618
0.977511
0.619758
0.495918
0.274516
0.210626
0.07946
0.424345
0.446702
0.782719
0.387841
0.304635
0.451594
0.285582
0.494765
0.200523
0.257519
0.236659
0.62753
0.28317
0.998551
0.902572
0.670922
0.236601
0.065306
0.33518
0.715057
0.986104
0.750521
0.192962
0.187742
0.133414
0.011318
0.895905
0.9426
0.806486
0.132806
0.082476
0.725182
0.319418
0.130125
0.30165
0.318085
0.435665
0.408247
0.406038
0.906181
0.666738
0.669522
0.097708
0.14557
0.588057
0.375907
0.908069
0.705828
0.91977
0.901145
0.057146
0.342213
0.684942
0.255151
0.334079
0.361326
0.952345
0.079396
0.721363
0.723936
0.421763
0.423698
0.416462
0.131466
0.28683
0.437501
0.539634
0.10884
0.054247
0.235064
0.293596
0.447364
0.913093
0.148085
0.210506
0.85211
0.075024
0.60952
0.855095
0.200461
0.945253
0.378122
0.029068
0.359913
0.691449
0.622422
0.914641
0.048051
0.428766
0.375147
0.632646
0.394797
0.950132
0.083458
0.841064
0.593187
0.182119
0.126287
0.684751
0.518439
0.270147
0.44453
0.546603
0.255947
0.06302
0.725899
0.763702
0.767662
0.218472
0.750598
0.767748
0.991722
0.835735
0.918076
0.049428
0.70682
0.495788
0.320201
0.046332
0.511824
0.357204
0.13725
0.665736
0.731636
0.157005
0.428652
0.649488
0.247316
0.322054
0.978842
0.567394
0.357989
0.225768
0.212358
0.350541
0.54146
0.709001
0.865912
0.0475
0.120964
0.493708
0.717312
0.273367
0.698696
0.932873
0.320061
0.52053
0.190483
0.366802
0.682047
0.462268
0.30671
0.875409
0.148831
0.742291
0.098832
0.331857
0.183811
0.239744
0.593999
0.514947
0.844808
0.430435
0.067545
0.737354
0.191278
0.128433
0.709708
0.787029
0.427376
0.177795
0.665754
0.125545
0.107101
0.144139
0.547727
0.856942
0.990398
0.300053
0.35414
0.90299
0.136793
0.354892
0.326233
0.075668
0.285659
0.241133
0.056793
0.854357
0.236891
0.893806
0.814436
0.222683
0.122287
0.640919
0.342976
0.45228
0.517392
0.667106
0.520564
0.75636
0.289495
0.657214
0.034973
0.607891
0.096349
0.722482
0.944995
0.815032
0.018038
0.65927
0.931452
0.044682
0.920078
0.61558
0.437914
0.496096
0.658983
0.731071
0.597386
0.907665
0.410774
0.906004
0.610681
0.939747
0.355971
0.357535
0.186507
0.974222
0.685009
0.460073
0.400755
0.848371
0.066118
0.416692
0.983306
0.896536
0.78806
0.177851
0.513601
0.896329
0.057421
0.07167
0.985343
0.597919
0.165077
0.439251
0.65992
0.563128
0.993169
0.910247
0.973081
0.477442
0.949163
0.548068
0.007522
0.500507
0.193541
0.346872
0.682274
0.362212
0.850118
0.946063
0.536951
0.43586
0.12633
0.558051
0.583677
0.450127
0.868067
0.861966
0.652443
0.008819
0.247746
0.943379
0.675274
0.621365
0.844683
0.01132
0.00937
0.733113
0.52639
0.036422
0.244057
0.186762
0.93156
0.956823
0.835353
0.629504
0.48803
0.552232
0.286013
0.433723
0.934487
0.650489
0.091553
0.788664
0.791172
0.201829
0.987641
0.06411
0.62166
0.574246
0.069562
0.167228
0.3494
0.129835
0.945918
0.628147
0.420791
0.932582
0.627998
0.011053
0.38557
0.852502
0.851692
0.620363
0.57916
0.206476
0.33351
0.005923
0.310757
0.709496
0.645071
0.58161
0.175024
0.424115
0.141771
0.090762
0.716411
0.391927
0.934262
0.579422
0.733472
0.852064
0.72076
0.967733
0.512998
0.574812
0.548851
0.971754
0.813725
0.984215
0.74711
0.634147
0.532375
0.254836
0.01924
0.790215
0.212883
0.266357
0.988424
0.578054
0.308915
0.287103
0.439509
0.298365
0.887689
0.316587
0.902456
0.900812
0.358459
0.758794
0.242648
0.432282
0.570257
0.9942
0.168751
0.24053
0.268123
0.204492
0.744477
0.343651
0.016856
0.363168
0.623548
0.717503
0.42798
0.337657
0.627892
0.264126
0.228533
0.736805
0.390467
0.54577
0.205046
0.276025
0.743772
0.239815
0.156225
0.986373
0.983869
0.018927
0.225196
0.482451
0.263449
0.239083
0.091959
0.279083
0.717049
0.880228
0.93569
0.237804
0.713438
0.399202
0.645696
0.58903
0.649458
0.761511
0.053173
0.383401
0.184829
0.952549
0.379451
0.017593
0.394517
0.741374
0.928366
0.07566
0.667415
0.842212
0.991939
0.067938
0.828616
0.234988
0.743077
0.812671
0.254355
0.564534
0.314014
0.860185
0.419206
0.82467
0.216841
0.799606
0.331379
0.534161
0.79613
0.64477
0.604894
0.704794
0.311372
0.352471
0.570657
0.692297
0.764772
0.216401
0.713426
0.346803
0.494407
0.766333
0.354671
0.557906
0.822073
0.211141
0.578132
0.51694
0.89252
0.682793
0.179541
0.493699
0.995902
0.288391
0.785844
0.393121
0.534738
0.025297
0.520045
0.713629
0.613713
0.520829
0.433037
0.010897
0.123489
0.614051
0.542508
0.090443
0.491019
0.763211
0.52289
0.823719
0.55855
0.893861
0.947191
0.563397
0.632689
0.789955
0.04315
0.133414
0.216583
0.00852
0.960113
0.807246
0.254225
0.678983
0.288477
0.93258
0.137649
0.934583
0.968389
0.398044
0.67126
0.433105
0.453687
0.857172
0.874166
0.662053
0.624549
0.490726
0.427465
0.1379
0.919698
0.606436
0.625816
0.973009
0.635518
0.370042
0.164294
0.957323
0.705662
0.483438
0.169231
0.457598
0.761495
0.153222
0.276735
0.175604
0.178609
0.826957
0.959444
0.071159
0.096263
0.220696
0.666846
0.471797
0.43092
0.961076
0.438261
0.26396
0.443692
0.101525
0.195576
0.314524
0.574438
0.871832
0.655002
0.901244
0.924874
0.030234
0.060067
0.359502
0.072956
0.412207
0.400013
0.668967
0.089772
0.974827
0.190418
0.28886
0.296908
0.025436
0.72239
0.718176
0.640897
0.183554
0.773268
0.054133
0.248116
0.115329
0.376859
0.350124
0.157642
0.648458
0.231823
0.432331
0.951047
0.763613
0.188212
0.214091
0.813048
0.570582
0.818379
0.821293
0.194911
0.004037
0.446387
0.424727
0.172496
0.812978
0.081086
0.65254
0.254403
0.803299
0.211106
0.585075
0.959013
0.440669
0.93304
0.59738
0.991675
0.98102
0.725988
0.982891
0.763435
0.157538
0.595144
0.235757
0.986152
0.967662
0.784772
0.596385
0.595177
0.753462
0.453167
0.471843
0.045031
0.336395
0.875681
0.352366
0.979447
0.57601
0.646514
0.851106
0.025257
0.279699
0.784386
0.815543
0.07844
0.307933
0.237446
0.4919
0.949789
0.099069
0.15567
0.123098
0.936089
0.184639
0.810746
0.183175
0.464949
0.069836
0.032501
0.284167
0.442623
0.644389
0.048158
0.898915
0.027502
0.406177
0.299975
0.896953
0.1145
0.865753
0.891348
0.39115
0.349067
0.38167
0.803493
0.129098
0.454308
0.385106
0.760577
0.867607
0.321227
0.120551
0.602373
0.280108
0.526033
0.209767
0.15788
0.122512
0.504621
0.069119
0.917877
0.569871
0.269765
0.369043
0.291493
0.565319
0.608525
0.79845
0.370809
0.166126
0.255031
0.325326
0.108882
0.692264
0.111915
0.413231
0.004455
0.255357
0.829185
0.130404
0.322217
0.888937
0.321898
0.614325
0.015828
0.924779
0.690563
0.992558
0.652558
0.637346
0.876303
0.776301
0.658492
0.035677
0.93678
0.702681
0.027506
0.358961
0.872873
0.793375
0.584783
0.068855
0.487417
0.605024
0.166269
0.703265
0.330797
0.833601
0.682746
0.237625
0.291419
0.291966
0.417141
0.297646
0.349003
0.1852
0.002186
0.783088
0.043911
0.709917
0.711937
0.994567
0.062837
0.627978
0.971448
0.001715
0.050476
0.007583
0.243059
0.442323
0.456297
0.496007
0.732743
0.189407
0.735814
0.599312
0.703509
0.926721
0.561176
0.248452
0.755473
0.648086
0.922845
0.862706
0.380748
0.504204
0.618892
0.498825
0.515959
0.41678
0.2413
0.231316
0.99435
0.332221
0.541147
0.350161
0.307479
0.351097
0.584619
0.600754
0.033653
0.430737
0.681525
0.51376
0.99259
0.554188
0.463792
0.19913
0.895696
0.735381
0.66177
0.243773
0.868165
0.294126
0.008777
0.017259
0.169239
0.117599
0.109369
0.092929
0.919594
0.487117
0.161016
0.163283
0.075255
0.751681
0.191448
0.85702
0.119695
0.47812
0.294401
0.436043
0.039416
0.680144
0.260177
0.578666
0.981174
0.953791
0.109219
0.378877
0.363363
0.868171
0.219041
0.053643
0.589275
0.898036
0.221474
0.242121
0.4317
0.280901
0.690075
0.809993
0.780387
0.836488
0.294528
0.494426
0.19707
0.783084
0.428144
0.004123
0.539598
0.005237
0.174452
0.704248
0.430804
0.410197
0.925349
0.616338
0.687504
0.620335
0.621399
0.345822
0.263935
0.28946
0.525988
0.596673
0.066349
0.397167
0.194476
0.407111
0.561725
0.096134
0.384504
0.466091
0.555462
0.022234
0.376454
0.718709
0.753544
0.762597
0.294277
0.313395
0.55232
0.894495
0.416826
0.842061
0.5974
0.302349
0.007321
0.430296
0.97493
0.594366
0.623881
0.451872
0.306848
0.656752
0.482175
0.147414
0.569539
0.190311
0.989819
0.090516
0.613929
0.550584
0.632912
0.873531
0.033638
0.041509
0.942653
0.631417
0.08146
0.18409
0.527206
0.462495
0.058807
0.758182
0.584416
0.087952
0.822866
0.818068
0.567332
0.71094
0.751768
0.646993
0.730912
0.437613
0.631078
0.32003
0.468983
0.969955
0.97222
0.608975
0.204599
0.017561
0.974505
0.51776
0.653426
0.598301
0.355767
0.011999
0.679876
0.88782
0.022168
0.088001
0.305808
0.743111
0.860969
0.178157
0.970179
0.467086
0.782714
0.674053
0.406502
0.524732
0.307227
0.402402
0.674734
0.617412
0.179769
0.27193
0.946282
0.183521
0.273811
0.705886
0.941048
0.470552
0.227053
0.437804
0.187996
0.2963
0.194189
0.077108
0.256783
0.801996
0.87153
0.015577
0.054657
0.825847
0.665434
0.124734
0.083385
0.042759
0.340039
0.58451
0.98758
0.329737
0.225641
0.66502
0.336063
0.367323
0.944728
0.862339
0.359867
0.031309
0.949733
0.431075
0.970048
0.388018
0.836167
0.066821
0.31165
0.685588
0.565816
0.463064
0.7312
0.357049
0.987972
0.227914
0.701002
0.534906
0.785181
0.503938
0.716602
0.586448
0.981128
0.896693
0.895161
0.540561
0.03665
0.153099
0.141271
0.359092
0.99531
0.442496
0.875258
0.198613
0.677396
0.869076
0.587998
0.732831
0.846513
0.711456
0.424608
0.484895
0.975687
0.55759
0.572577
0.601656
0.089984
0.054763
0.86706
0.829069
0.910265
0.374538
0.519089
0.501602
0.713158
0.771271
0.994636
0.526031
0.121596
0.283684
0.17188
0.26187
0.165325
0.246758
0.444492
0.628628
0.735423
0.325565
0.856406
0.786458
0.136857
0.899485
0.070793
0.461118
0.638912
0.636828
0.684513
0.959972
0.796736
0.11759
0.005613
0.787097
0.871827
0.643298
0.438157
0.466629
0.87799
0.781097
0.571737
0.539705
0.994697
0.038577
0.098986
0.982792
0.04134
0.028313
0.045605
0.174176
0.497552
0.542833
0.591533
0.201629
0.771319
0.127547
0.312374
0.177541
0.672378
0.053948
0.125201
0.596211
0.107145
0.597701
0.572433
0.588436
0.777115
0.753975
0.403553
0.94375
0.109118
0.399795
0.779259
0.476314
0.791128
0.772352
0.064755
0.216222
0.30082
0.329828
0.328334
0.428723
0.141348
0.798182
0.37259
0.48002
0.339738
0.381718
0.973818
0.330692
0.935009
0.028679
0.336643
0.874013
0.715871
0.054781
0.451539
0.37622
0.707158
0.756544
0.29506
0.641635
0.796171
0.633021
0.862641
0.649504
0.544974
0.276143
0.500269
0.96069
0.236953
0.902628
0.829732
0.196139
0.453026
0.502544
0.377885
0.847965
0.398043
0.658312
0.602516
0.455935
0.087865
0.722057
0.660134
0.58026
0.6116
0.434414
0.125646
0.917109
0.679944
0.22804
0.486883
0.893667
0.855556
0.660356
0.673794
0.627867
0.282395
0.62356
0.969741
0.912923
0.521206
0.004485
0.084801
0.991034
0.170365
0.048741
0.094077
0.297944
0.569216
0.4401
0.633777
0.717519
0.294795
0.571354
0.196625
0.453779
0.228095
0.840282
0.292485
0.004849
0.050069
0.230161
0.684196
0.06645
0.978166
0.099915
0.155826
0.210787
0.708047
0.266521
0.486884
0.655348
0.2757
0.071576
0.966767
0.729428
0.371086
0.401796
0.28976
0.639273
0.06949
0.691371
0.403757
0.745736
0.489617
0.745949
0.92734
0.673509
0.352076
0.711366
0.974219
0.777505
0.831615
0.025089
0.529918
0.795385
0.315148
0.457101
0.493848
0.89664
0.761063
0.750112
0.105863
0.197223
0.156641
0.668197
0.352863
0.014536
0.942099
0.354129
0.276741
0.29781
0.034787
0.536488
0.972538
0.774832
0.478832
0.432214
0.114911
0.148486
0.632907
0.351742
0.341598
0.26921
0.570565
0.299129
0.87271
0.756081
0.853449
0.172884
0.534931
0.291985
0.613401
0.762768
0.029074
0.295561
0.309742
0.827158
0.964396
0.434391
0.232538
0.237526
0.663245
0.847377
0.405361
0.846934
0.921994
0.49212
0.288275
0.751253
0.774041
0.55979
0.589218
0.12497
0.10157
0.520191
0.033402
0.986985
0.290684
0.799683
0.50981
0.384864
0.549036
0.256394
0.644821
0.939279
0.898641
0.740136
0.156099
0.9514
0.258378
0.526626
0.421593
0.693133
0.819524
0.824787
0.646227
0.263841
0.725106
0.093079
0.724175
0.588131
0.297766
0.545465
0.332142
0.740071
0.882929
0.080969
0.971373
0.654522
0.126725
0.043487
0.259614
0.084138
0.221866
0.086269
0.788987
0.052689
0.855256
0.112231
0.852985
0.448323
0.08935
0.221679
0.30015
0.522734
0.349372
0.147587
0.833138
0.700635
0.777643
0.430398
0.294137
0.278951
0.074875
0.501456
0.91489
0.358177
0.527878
0.751877
0.893182
0.788318
0.408065
0.751269
0.935375
0.967575
0.545535
0.219173
0.020561
0.748535
0.30964
0.185008
0.534658
0.234544
0.754659
0.333577
0.138046
0.072353
0.461247
0.270738
0.55379
0.069972
0.41369
0.856511
0.884031
0.147903
0.850177
0.234657
0.020293
0.876123
0.024352
0.164941
0.65932
0.052817
0.986354
0.256334
0.721867
0.224215
0.430882
0.835836
0.856873
0.149674
0.687645
0.824747
0.214212
0.96882
0.501657
0.652449
0.217394
0.413603
0.92079
0.526406
0.996258
0.880367
0.969259
0.552012
0.155406
0.37053
0.312902
0.838738
0.131287
0.928056
0.873544
0.939802
0.852276
0.856162
0.282335
0.679886
0.387577
0.399769
0.551688
0.806397
0.315841
0.595358
0.757449
0.944086
0.189941
0.091409
0.980248
0.148888
0.428209
0.292065
0.361032
0.02842
0.99802
0.946776
0.527534
0.65268
0.40454
0.092773
0.845162
0.197477
0.908514
0.756915
0.115255
0.900764
0.327287
0.97099
0.575622
0.434646
0.510983
0.102172
0.265751
0.164823
0.868034
0.10713
0.54316
0.364089
0.08263
0.258762
0.874707
0.742934
0.57464
0.720899
0.545333
0.334805
0.969554
0.381036
0.730243
0.540488
0.810476
0.801744
0.479537
0.233397
0.21933
0.017419
0.786117
0.853365
0.216491
0.033516
0.994744
0.416182
0.014228
0.3428
0.82222
0.259904
0.87868
0.168967
0.612986
0.083758
0.902914
0.5853
0.111551
0.758788
0.165257
0.273271
0.272462
0.472696
0.469939
0.950601
0.332591
0.505275
0.52502
0.16996
0.367331
0.712211
0.72604
0.745334
0.385867
0.086206
0.96183
0.180125
0.665461
0.28817
0.986036
0.396052
0.017109
0.581173
0.17266
0.514811
0.258777
0.37129
0.176713
0.061354
0.236502
0.732643
0.405896
0.91981
0.466733
0.835837
0.82713
0.94292
0.47022
0.700796
0.88911
0.918847
0.125555
0.10097
0.923661
0.544153
0.891604
0.536166
0.044736
0.567307
0.906855
0.851868
0.862603
0.188053
0.905083
0.245178
0.711468
0.422687
0.000502
0.93949
0.885879
0.293215
0.070261
0.186481
0.869737
0.403832
0.335343
0.899629
0.795705
0.014983
0.172763
0.979825
0.487213
0.348441
0.092674
0.828635
0.182522
0.239497
0.40299
0.472055
0.097734
0.564385
0.29523
0.463314
0.06304
0.989924
0.780616
0.985843
0.112831
0.220232
0.432042
0.99603
0.328617
0.217555
0.175611
0.824199
0.298416
0.658862
0.663069
0.468511
0.770049
0.388409
0.425636
0.499313
0.377244
0.294134
0.081909
0.068627
0.324076
0.169092
0.342811
0.406621
0.477215
0.660089
0.290746
0.623236
0.650182
0.343778
0.426701
0.594749
0.489088
0.874302
0.418478
0.350647
0.660042
0.010161
0.404881
0.266863
0.686258
0.604675
0.961532
0.826909
0.260484
0.563758
0.087511
0.29659
0.062258
0.954114
0.618145
0.278704
0.158871
0.007329
0.375087
0.796279
0.504473
0.404586
0.022653
0.978571
0.139332
0.936027
0.725432
0.720008
0.598829
0.135453
0.381084
0.020335
0.878875
0.568573
0.071831
0.776032
0.702329
0.332242
0.044161
0.771737
0.97422
0.112645
0.691556
0.792349
0.354702
0.897884
0.00575
0.764586
0.109803
0.640877
0.293685
0.059641
0.705683
0.92725
0.924442
0.651218
0.351689
0.642936
0.206547
0.539744
0.300162
0.877883
0.222742
0.367508
0.519953
0.244325
0.872406
0.810899
0.964563
0.797157
0.03722
0.581678
0.097355
0.141622
0.221722
0.018842
0.232312
0.255528
0.178929
0.847437
0.663387
0.472894
0.99618
0.958994
0.982985
0.787984
0.101099
0.519571
0.43459
0.52862
0.52054
0.961879
0.54378
0.571884
0.520175
0.085318
0.088864
0.681835
0.703487
0.557928
0.094903
0.607229
0.611142
0.858558
0.350977
0.606885
0.668366
0.652771
0.452894
0.874468
0.377613
0.632055
0.935197
0.235906
0.844152
0.694261
0.122774
0.788555
0.219706
0.362451
0.685213
0.013649
0.793979
0.160039
0.601985
0.63098
0.198467
0.150313
0.179635
0.861318
0.148461
0.65832
0.661456
0.031237
0.854879
0.78034
0.863992
0.58285
0.74495
0.338298
0.847046
0.768403
0.701571
0.314952
0.507168
0.076287
0.829374
0.989921
0.106473
0.700992
0.958327
0.299906
0.404792
0.518323
0.082802
0.034038
0.370305
0.075379
0.568336
0.335188
0.573031
0.658334
0.754831
0.102581
0.77045
0.32826
0.548852
0.639559
0.540674
0.641786
0.218758
0.137819
0.665694
0.891047
0.763464
0.222991
0.791449
0.016583
0.730563
0.886028
0.494273
0.255112
0.107854
0.513991
0.264327
0.400321
0.671872
0.457726
0.601668
0.858852
0.744123
0.978327
0.823143
0.631533
0.913989
0.508313
0.089108
0.916137
0.225237
0.735227
0.46515
0.189866
0.218266
0.379798
0.274635
0.746804
0.156251
0.699004
0.947724
0.554939
0.47655
0.647228
0.258309
0.027016
0.533228
0.88472
0.895506
0.654961
0.182525
0.315599
0.451282
0.68873
0.563164
0.721118
0.99725
0.732345
0.243796
0.940673
0.530118
0.110161
0.669118
0.156922
0.440103
0.077433
0.587113
0.457733
0.051839
0.673591
0.948485
0.359075
0.214128
0.397144
0.00523
0.821831
0.607348
0.658452
0.408113
0.23772
0.435676
0.983043
0.661152
0.904621
0.305416
0.053973
0.52531
0.889172
0.855894
0.953684
0.876899
0.253208
0.425291
0.198445
0.060411
0.571303
0.385986
0.89742
0.567257
0.721913
0.587465
0.060374
0.803625
0.743666
0.465614
0.581612
0.262754
0.906755
0.365587
0.499023
0.128417
0.648786
0.026637
0.595506
0.844026
0.789709
0.343621
0.234736
0.190884
0.792793
0.06442
0.916651
0.979249
0.044541
0.818545
0.370926
0.964364
0.454592
0.764104
0.236951
0.81048
0.939012
0.24924
0.797701
0.061316
0.763151
0.722661
0.527294
0.094689
0.722707
0.394227
0.185593
0.18499
0.260965
0.195423
0.803103
0.456595
0.541955
0.540108
0.540826
0.780114
0.737701
0.91959
0.106616
0.255355
0.60038
0.390743
0.949249
0.142133
0.694796
0.720511
0.842103
0.112903
0.28852
0.478305
0.334026
0.437861
0.927745
0.151631
0.172282
0.047055
0.009084
0.452045
0.463442
0.32085
0.103097
0.748148
0.430054
0.119894
0.105137
0.904674
0.249708
0.18438
0.720924
0.776996
0.415331
0.059184
0.011694
0.642198
0.299549
0.939388
0.681353
0.184876
0.458644
0.169637
0.329571
0.191036
0.743618
0.512409
0.731726
0.316631
0.963859
0.154399
0.046862
0.48091
0.631037
0.903193
0.886164
0.062041
0.730767
0.251336
0.835715
0.809977
0.099233
0.073511
0.220321
0.356937
0.691762
0.766891
0.87184
0.429908
0.373971
0.033748
0.989024
0.815215
0.783983
0.246598
0.463204
0.106017
0.490086
0.944541
0.611309
0.950227
0.993812
0.756594
0.861927
0.404022
0.822961
0.493251
0.198869
0.093184
0.139568
0.862371
0.91281
0.324135
0.954689
0.642252
0.40103
0.732527
0.438149
0.152199
0.944142
0.6147
0.223421
0.104172
0.030525
0.511782
0.599122
0.859232
0.925893
0.941382
0.90007
0.200235
0.244711
0.586307
0.318005
0.385386
0.355461
0.48318
0.357872
0.288799
0.890604
0.989286
0.56425
0.444444
0.539849
0.294191
0.760325
0.829499
0.332484
0.778172
0.934464
0.859572
0.443701
0.807737
0.625389
0.992394
0.193787
0.88488
0.060592
0.794393
0.554007
0.596712
0.288983
0.850045
0.383233
0.408495
0.626481
0.283557
0.953539
0.93039
0.627787
0.153418
0.539713
0.277109
0.80036
0.873356
0.187945
0.169125
0.542331
0.867058
0.954804
0.495065
0.752748
0.911569
0.500945
0.057393
0.120562
0.836998
0.333653
0.68757
0.820866
0.730254
0.201727
0.433883
0.277316
0.979607
0.760532
0.459133
0.289541
0.886604
0.699334
0.503626
0.597652
0.899925
0.125286
0.58095
0.869647
0.392857
0.65423
0.403275
0.343013
0.706237
0.794877
0.818325
0.989139
0.414324
0.254978
0.338546
0.671931
0.902601
0.024298
0.03666
0.755989
0.918233
0.598413
0.790665
0.195448
0.464577
0.776391
0.899067
0.366743
0.700787
0.988071
0.920804
0.645878
0.444728
0.115146
0.920787
0.507675
0.01151
0.615855
0.155562
0.01654
0.770681
0.42465
0.306088
0.930448
0.966009
0.444271
0.847197
0.790294
0.7303
0.438708
0.155144
0.886124
0.30651
0.404623
0.826874
0.022225
0.059162
0.52724
0.24538
0.35355
0.03988
0.980192
0.778244
0.420624
0.332739
0.201053
0.888392
0.245752
0.764271
0.635406
0.68191
0.533964
0.450673
0.383913
0.313105
0.292062
0.121882
0.789352
0.766197
0.892415
0.358235
0.620462
0.530937
0.277211
0.458621
0.02405
0.293586
0.776374
0.075702
0.885292
0.234938
0.739263
0.337986
0.598452
0.724993
0.585268
0.009569
0.438676
0.335336
0.393701
0.544327
0.982288
0.702852
0.750971
0.207392
0.713036
0.614994
0.67874
0.209139
0.21338
0.597027
0.685721
0.981905
0.674215
0.123527
0.26342
0.581723
0.315642
0.950376
0.279836
0.797584
0.192577
0.453204
0.560603
0.775002
0.158284
0.485478
0.432006
0.924907
0.692876
0.715874
0.860371
0.31088
0.363288
0.455803
0.774299
0.318177
0.81351
0.440463
0.063885
0.626167
0.758197
0.619345
0.034292
0.936905
0.539294
0.364472
0.615121
0.528037
0.993955
0.023593
0.093602
0.000783
0.807504
0.91579
0.135949
0.072729
0.663029
0.67327
0.541006
0.986716
0.491377
0.605769
0.494104
0.498048
0.32068
0.934522
0.554933
0.899585
0.5163
0.041522
0.912245
0.688875
0.523547
0.434717
0.970565
0.31843
0.911629
0.967333
0.497992
0.064891
0.931963
0.174783
0.527735
0.193553
0.934255
0.883548
0.596593
0.009636
0.860939
0.796676
0.503014
0.57939
0.501249
0.921366
0.709396
0.021337
0.783968
0.239922
0.906213
0.220815
0.026481
0.200934
0.766856
0.477693
0.376341
0.659196
0.833536
0.694173
0.996813
0.544425
0.992053
0.473845
0.591977
0.127179
0.670832
0.644775
0.854346
0.006069
0.935462
0.031062
0.640307
0.90587
0.225318
0.934503
0.819507
0.620568
0.048837
0.309409
0.882897
0.483418
0.799278
0.586952
0.762939
0.998071
0.466805
0.511217
0.781388
0.631539
0.674037
0.469107
0.359592
0.8107
0.326995
0.983389
0.664654
0.214239
0.868407
0.1237
0.491552
0.262699
0.734979
0.179833
0.337287
0.372638
0.635828
0.916899
0.094011
0.450448
0.043838
0.218416
0.687409
0.581814
0.141161
0.820606
0.839335
0.293027
0.439686
0.723157
0.752648
0.846861
0.335734
0.654601
0.426707
0.322433
0.491585
0.381483
0.596233
0.599801
0.608643
0.115434
0.895131
0.487064
0.090272
0.71861
0.591809
0.288612
0.618062
0.150929
0.936224
0.708103
0.503758
0.619587
0.214709
0.779342
0.578744
0.904092
0.986282
0.081703
0.037858
0.660884
0.750434
0.943729
0.194506
0.86171
0.308968
0.871895
0.7078
0.446721
0.920248
0.768833
0.555395
0.26643
0.571115
0.890452
0.654157
0.341946
0.382161
0.656986
0.542722
0.608014
0.887993
0.130119
0.003563
0.70896
0.01254
0.074675
0.366782
0.032227
0.731485
0.370298
0.085678
0.441328
0.147691
0.06861
0.30396
0.018439
0.854679
0.591943
0.113467
0.28662
0.402782
0.859431
0.970596
0.615911
0.291096
0.396902
0.245384
0.282241
0.179608
0.47089
0.020461
0.177143
0.828347
0.898035
0.468632
0.219833
0.157611
0.090385
0.287814
0.556168
0.515028
0.990137
0.804723
0.495415
0.301639
0.873411
0.952125
0.770648
0.226005
0.745088
0.901821
0.935486
0.743398
0.67899
0.663464
0.57561
0.93251
0.650949
0.828262
0.975519
0.961911
0.402772
0.058821
0.2343
0.89725
0.015463
0.854843
0.069495
0.024998
0.086085
0.225206
0.69652
0.326919
0.09519
0.955579
0.935753
0.96124
0.677712
0.913492
0.506639
0.544952
0.556098
0.061374
0.792703
0.336108
0.548923
0.870563
0.89065
0.096611
0.460558
0.957513
0.066351
0.825102
0.066469
0.291491
0.072296
0.191628
0.262994
0.610356
0.171633
0.372765
0.651266
0.102125
0.89307
0.925151
0.565914
0.586773
0.258651
0.318884
0.245962
0.643592
0.751785
0.606915
0.206608
0.204692
0.843912
0.807373
0.950757
0.114927
0.371702
0.943843
0.831099
0.05365
0.766346
0.348761
0.97326
0.648043
0.592632
0.64648
0.903611
0.723112
0.670821
0.616857
0.272266
0.071164
0.30098
0.455224
0.254306
0.201208
0.022545
0.16738
0.104063
0.623208
0.156262
0.886104
0.154364
0.711559
0.797933
0.246938
0.269281
0.431852
0.793279
0.739913
0.544723
0.055252
0.606379
0.176336
0.712651
0.518754
0.878438
0.583695
0.187776
0.973658
0.289481
0.173744
0.954451
0.713476
0.395492
0.897723
0.273732
0.27884
0.45683
0.262816
0.955053
0.381402
0.726131
0.755721
0.056638
0.30833
0.305167
0.366113
0.940075
0.987065
0.726987
0.657838
0.08197
0.364265
0.259392
0.220415
0.444297
0.396299
0.883181
0.063855
0.338523
0.7792
0.549171
0.630102
0.848404
0.360503
0.268403
0.136667
0.44284
0.127712
0.977889
0.220805
0.603814
0.729424
0.120504
0.574658
0.122785
0.502099
0.568307
0.214473
0.641272
0.849873
0.488305
0.609207
0.318075
0.451322
0.977338
0.127769
0.24782
0.874324
0.902261
0.850372
0.971787
0.481174
0.054025
0.612445
0.315285
0.372023
0.514872
0.221774
0.902706
0.482417
0.532323
0.616697
0.847083
0.743226
0.011118
0.743145
0.239654
0.053054
0.995165
0.383814
0.233479
0.913899
0.234501
0.124596
0.365307
0.666694
0.1476
0.308194
0.164152
0.570834
0.976161
0.471619
0.805725
0.643661
0.341373
0.656657
0.035736
0.83496
0.011678
0.69513
0.189581
0.356013
0.537106
0.219464
0.07681
0.042572
0.846125
0.537866
0.246686
0.635416
0.178378
0.114919
0.93788
0.311369
0.56447
0.91078
0.496863
0.987661
0.691572
0.808521
0.29971
0.388336
0.373724
0.838517
0.659283
0.550474
0.338507
0.150407
0.609768
0.689316
0.609203
0.04987
0.591631
0.671063
0.355265
0.632817
0.692615
0.170838
0.289967
0.609216
0.584653
0.759396
0.21498
0.072083
0.100419
0.738539
0.74796
0.89
0.39774
0.143475
0.682012
0.14718
0.166757
0.52994
0.172958
0.034956
0.561518
0.365402
0.595009
0.4036
0.038053
0.741298
0.063338
0.545734
0.800316
0.018493
0.687244
0.077738
0.418422
0.961056
0.82769
0.103145
0.531508
0.662181
0.479283
0.49874
0.504962
0.434593
0.760714
0.572363
0.232349
0.965457
0.125168
0.981237
0.368997
0.735037
0.149592
0.500044
0.185727
0.983634
0.897205
0.010073
0.372491
0.376107
0.492796
0.440596
0.576033
0.820263
0.262542
0.911331
0.234497
0.125164
0.828004
0.690477
0.397495
0.642009
0.39027
0.877698
0.592902
0.739027
0.255783
0.94735
0.317649
0.18337
0.451117
0.384368
0.043327
0.799758
0.34371
0.914155
0.727536
0.51833
0.463908
0.952506
0.346692
0.816141
0.44412
0.564194
0.842746
0.083484
0.323011
0.206098
0.979384
0.87168
0.557179
0.437859
0.418188
0.995738
0.126698
0.44367
0.914595
0.817167
0.081992
0.761383
0.925532
0.848184
0.052099
0.40178
0.554585
0.101784
0.25944
0.749703
0.964779
0.781197
0.285284
0.468919
0.786147
0.406731
0.592556
0.406283
0.731074
0.923459
0.162088
0.254633
0.440149
0.183204
0.781662
0.145353
0.805089
0.800557
0.750887
0.854899
0.463038
0.281257
0.015731
0.547519
0.835944
0.022965
0.381429
0.424246
0.198361
0.543079
0.160811
0.066993
0.614545
0.890032
0.974851
0.970899
0.56118
0.984248
0.49768
0.586601
0.502829
0.526965
0.810319
0.024464
0.768712
0.358699
0.584781
0.970074
0.735282
0.647194
0.988631
0.218865
0.101951
0.636432
0.501977
0.096219
0.270783
0.057901
0.025219
0.056091
0.808469
0.961961
0.944058
0.647571
0.148709
0.411277
0.872199
0.601048
0.603486
0.14792
0.218117
0.353461
0.983912
0.864961
0.179762
0.473433
0.75175
0.155439
0.970906
0.719791
0.318504
0.323346
0.469112
0.211649
0.564928
0.712017
0.011499
0.869514
0.189691
0.159294
0.834585
0.556755
0.260308
0.760514
0.949597
0.908988
0.004158
0.364706
0.891704
0.223998
0.222082
0.734375
0.911384
0.231396
0.037516
0.694856
0.509402
0.669265
0.101931
0.892842
0.134898
0.082046
0.183551
0.846442
0.421564
0.989442
0.457579
0.989183
0.023228
0.803814
0.90358
0.630056
0.90841
0.209052
0.640213
0.607048
0.48272
0.158605
0.482249
0.992137
0.027321
0.827922
0.003293
0.049596
0.789878
0.136884
0.803476
0.845164
0.991183
0.683244
0.805121
0.164473
0.506402
0.8945
0.208163
0.042995
0.756475
0.179651
0.612642
0.754493
0.013005
0.430595
0.767674
0.36615
0.397495
0.27248
0.040813
0.11966
0.007241
0.640316
0.915492
0.962238
0.335064
0.77371
0.350111
0.926231
0.897039
0.505664
0.245515
0.906558
0.605311
0.317224
0.168608
0.293396
0.866108
0.899902
0.145219
0.603737
0.595273
0.790852
0.081405
0.425805
0.924788
0.144584
0.668878
0.557607
0.78088
0.076403
0.163578
0.888112
0.344624
0.399434
0.044611
0.730766
0.607304
0.406521
0.61187
0.038918
0.27582
0.906602
0.93927
0.383559
0.565209
0.38236
0.823012
0.137079
0.018479
0.118281
0.416691
0.976883
0.589704
0.463261
0.836829
0.519721
0.490557
0.99234
0.367823
0.623972
0.123065
0.701919
0.334871
0.375587
0.596702
0.737205
0.717739
0.434487
0.768187
0.230528
0.18115
0.282939
0.22608
0.757338
0.9851
0.453611
0.634845
0.375699
0.100672
0.42196
0.060994
0.399273
0.725464
0.852179
0.881899
0.067989
0.174742
0.278144
0.739701
0.156462
0.524666
0.514544
0.868738
0.01028
0.545584
0.244013
0.298484
0.674053
0.34938
0.418454
0.358486
0.771935
0.653499
0.029773
0.233837
0.697851
0.678108
0.024542
0.505806
0.744948
0.436896
0.762605
0.44214
0.69104
0.251589
0.257298
0.647504
0.060878
0.517834
0.096403
0.372604
0.487644
0.929212
0.736448
0.048197
0.228335
0.162326
0.380788
0.722479
0.45676
0.995876
0.834688
0.221586
0.843958
0.577619
0.941578
0.694447
0.513937
0.042357
0.884707
0.187444
0.635695
0.830441
0.929375
0.491314
0.213832
0.756847
0.339107
0.872237
0.331896
0.617439
0.262487
0.860438
0.207304
0.296865
0.768529
0.461996
0.353516
0.440048
0.236166
0.867683
0.805311
0.940016
0.575561
0.076336
0.905517
0.61762
0.971548
0.914748
0.81746
0.077406
0.807936
0.632533
0.611859
0.603527
0.853845
0.531873
0.143928
0.236582
0.598854
0.430656
0.183383
0.62492
0.758078
0.100065
0.854825
0.532338
0.920497
0.373855
0.664665
0.430436
0.522116
0.262608
0.093948
0.380964
0.82136
0.838355
0.064539
0.383169
0.160238
0.24937
0.480036
0.457731
0.582128
0.846922
0.419056
0.852016
0.366833
0.937848
0.001935
0.807155
0.26374
0.486744
0.526245
0.813146
0.341161
0.951459
0.085674
0.039843
0.252947
0.148144
0.62742
0.826961
0.497158
0.428069
0.399533
0.973824
0.729156
0.145219
0.490322
0.844226
0.756275
0.028053
0.777182
0.635821
0.026952
0.972953
0.626921
0.602198
0.934572
0.347228
0.382808
0.71387
0.655844
0.602581
0.102377
0.761566
0.781857
0.741217
0.150418
0.228507
0.81027
0.468118
0.089463
0.016091
0.041327
0.621967
0.175796
0.368379
0.858723
0.427257
0.713566
0.238572
0.980637
0.196443
0.573224
0.501866
0.557933
0.563393
0.39362
0.681693
0.705145
0.06179
0.774473
0.419864
0.332897
0.8354
0.277786
0.012417
0.835933
0.543395
0.896118
0.888543
0.012706
0.578906
0.82948
0.844253
0.01405
0.381046
0.314465
0.174679
0.913874
0.69996
0.111588
0.498281
0.595378
0.150197
0.714109
0.147479
0.747367
0.689953
0.526985
0.379207
0.514562
0.692303
0.966718
0.070864
0.732833
0.332203
0.545878
0.111919
0.775985
0.164733
0.837247
0.016004
0.284497
0.96198
0.415654
0.871596
0.865823
0.29081
0.72503
0.967259
0.28752
0.324951
0.090108
0.490134
0.259612
0.439557
0.234548
0.29525
0.73115
0.702265
0.410532
0.574555
0.732965
0.993552
0.207468
0.946627
0.819641
0.163322
0.266183
0.88934
0.871493
0.874918
0.001761
0.058105
0.519003
0.639146
0.506947
0.149436
0.948948
0.543903
0.608642
0.248755
0.743272
0.576699
0.280383
0.315833
0.167623
0.770576
0.772087
0.659384
0.594368
0.429681
0.949699
0.119295
0.956039
0.978651
0.875795
0.745307
0.309785
0.809426
0.069968
0.56441
0.392344
0.693716
0.421213
0.708464
0.58108
0.369734
0.204352
0.47107
0.189632
0.231541
0.044886
0.914247
0.091878
0.546238
0.964854
0.235177
0.537368
0.658569
0.520933
0.291645
0.536016
0.948071
0.162777
0.263509
0.994198
0.954368
0.038919
0.04943
0.065487
0.634663
0.23876
0.68453
0.820204
0.369744
0.173295
0.270304
0.884457
0.47471
0.684065
0.868611
0.868944
0.801081
0.979153
0.424839
0.684381
0.194883
0.14119
0.440235
0.598868
0.852704
0.726717
0.587589
0.150686
0.997527
0.4985
0.001066
0.417175
0.635843
0.912755
0.445286
0.75009
0.671714
0.79511
0.479436
0.496811
0.875858
0.221934
0.075067
0.116384
0.505792
0.742402
0.187632
0.293228
0.720611
0.304456
0.070369
0.152145
0.975142
0.950298
0.687154
0.016275
0.256758
0.256313
0.49824
0.107383
0.280486
0.754146
0.071944
0.182926
0.157188
0.892187
0.22381
0.973736
0.947373
0.425109
0.598175
0.977271
0.678333
0.325332
0.290319
0.604951
0.333635
0.316236
0.185371
0.653789
0.299937
0.934298
0.310516
0.139337
0.911196
0.256095
0.478811
0.551894
0.565623
0.50996
0.45538
0.484434
0.128662
0.30745
0.149079
0.893248
0.75738
0.747102
0.436696
0.667544
0.509615
0.115681
0.160402
0.470472
0.875432
0.239705
0.576041
0.900942
0.645246
0.634182
0.712561
0.134693
0.73427
0.583651
0.673254
0.997569
0.907316
0.445391
0.504356
0.676001
0.821928
0.823123
0.132751
0.32223
0.648533
0.329652
0.176907
0.841193
0.700985
0.380981
0.135455
0.400848
0.69373
0.346941
0.705924
0.278122
0.980246
0.203805
0.04726
0.977905
0.899493
0.661237
0.176025
0.719941
0.497042
0.450185
0.713233
0.798867
0.079549
0.19025
0.412346
0.573593
0.693751
0.983915
0.027568
0.349088
0.873109
0.935359
0.098761
0.01067
0.949653
0.990303
0.836243
0.696584
0.777887
0.45863
0.259363
0.470686
0.629765
0.900458
0.667227
0.709634
0.186834
0.86361
0.599468
0.702158
0.880462
0.443657
0.372866
0.588644
0.39856
0.426743
0.748525
0.484302
0.399465
0.294693
0.884861
0.369765
0.740724
0.837542
0.115746
0.107004
0.988182
0.114712
0.828767
0.141508
0.556771
0.830498
0.473221
0.650101
0.948554
0.729492
0.328522
0.634904
0.466096
0.12209
0.617716
0.891005
0.214493
0.805335
0.131482
0.798402
0.805716
0.763516
0.279538
0.461481
0.149288
0.543887
0.791284
0.656238
0.819105
0.01262
0.891775
0.848707
0.062489
0.733238
0.438095
0.933835
0.900899
0.406071
0.073154
0.423759
0.159003
0.257586
0.45319
0.727711
0.888288
0.805504
0.440594
0.902183
0.247285
0.093108
0.634368
0.04521
0.670085
0.665168
0.016965
0.25045
0.702589
0.652346
0.68478
0.475705
0.607122
0.295422
0.135905
0.450788
0.873666
0.44435
0.181526
0.719011
0.006352
0.867334
0.407665
0.093408
0.050605
0.024802
0.289429
0.013438
0.227119
0.707502
0.206763
0.912289
0.355619
0.631231
0.123264
0.609139
0.978042
0.862733
0.613957
0.378503
0.280144
0.559794
0.172279
0.598199
0.473444
0.466753
0.179362
0.536073
0.11836
0.819239
0.095384
0.127519
0.367774
0.095121
0.20977
0.200663
0.431962
0.88832
0.293254
0.703662
0.909824
0.19923
0.829882
0.834123
0.621569
0.905652
0.357598
0.210151
0.63617
0.585258
0.208519
0.260429
0.217102
0.978381
0.608524
0.904877
0.657514
0.103127
0.973139
0.929966
0.624165
0.135406
0.173953
0.005035
0.484045
0.002638
0.343659
0.337002
0.242905
0.971833
0.008009
0.550956
0.460426
0.386876
0.794203
0.904214
0.872475
0.684051
0.338346
0.609902
0.952255
0.999366
0.917013
0.698676
0.725745
0.1645
0.112071
0.078168
0.575773
0.874436
0.215415
0.204531
0.163606
0.946855
0.689384
0.353389
0.697374
0.306543
0.017582
0.331652
0.666401
0.565293
0.223509
0.72964
0.258753
0.242602
0.21614
0.528779
0.874355
0.451126
0.273195
0.842503
0.960413
0.300437
0.854642
0.804422
0.25155
0.041685
0.071216
0.748888
0.185772
0.163586
0.291039
0.068278
0.458663
0.11115
0.369204
0.5243
0.367002
0.21664
0.534985
0.88016
0.895229
0.607762
0.72306
0.436852
0.259452
0.061191
0.903425
0.885301
0.12318
0.433757
0.304444
0.912207
0.825414
0.596186
0.575517
0.247885
0.950838
0.42266
0.38368
0.20417
0.519402
0.385666
0.184088
0.543484
0.056904
0.487082
0.064737
0.594062
0.329679
0.140574
0.666369
0.116566
0.199456
0.891168
0.248923
0.446051
0.369067
0.003814
0.880557
0.189185
0.523346
0.295597
0.127827
0.930731
0.390415
0.852976
0.199049
0.936447
0.421498
0.34237
0.839572
0.156734
0.894447
0.407076
0.581129
0.123457
0.817907
0.3989
0.291831
0.399668
0.219811
0.037994
0.450176
0.450366
0.340273
0.944402
0.97506
0.625927
0.066992
0.950788
0.536058
0.637278
0.656472
0.617233
0.265146
0.116916
0.527669
0.725979
0.116162
0.189976
0.487697
0.264851
0.503723
0.073481
0.970476
0.541149
0.636004
0.875847
0.669301
0.257334
0.962135
0.279813
0.172081
0.896873
0.25132
0.950038
0.539603
0.793843
0.444491
0.729294
0.399088
0.802287
0.088928
0.614953
0.240853
0.470302
0.849353
0.396747
0.701507
0.024691
0.282056
0.638433
0.837163
0.078648
0.836564
0.756312
0.212654
0.581058
0.078484
0.381337
0.94462
0.616497
0.962248
0.00312
0.774264
0.377602
0.19503
0.072397
0.347827
0.289452
0.774537
0.933823
0.83657
0.772766
0.966346
0.347446
0.311696
0.938276
0.897319
0.28551
0.718787
0.50924
0.20659
0.120598
0.298953
0.396678
0.742444
0.39417
0.545504
0.559247
0.529834
0.850482
0.074294
0.893441
0.062441
0.355171
0.359367
0.552601
0.063062
0.012794
0.96433
0.578597
0.423994
0.353371
0.748516
0.947871
0.606352
0.313666
0.608621
0.740287
0.742832
0.335208
0.311819
0.309562
0.32957
0.590426
0.421736
0.945797
0.553313
0.782134
0.273654
0.867737
0.892535
0.984286
0.249017
0.373054
0.926624
0.424427
0.279334
0.020405
0.008112
0.016151
0.925561
0.333883
0.724101
0.738345
0.79096
0.897623
0.472606
0.466001
0.444277
0.723977
0.742719
0.505456
0.203453
0.80476
0.723719
0.260777
0.128911
0.083619
0.45044
0.631359
0.482205
0.931104
0.640118
0.245941
0.355071
0.016652
0.879707
0.911884
0.087664
0.705791
0.147707
0.219935
0.873095
0.39651
0.654059
0.373061
0.589641
0.597549
0.025813
0.843838
0.510162
0.287091
0.24098
0.408056
0.511289
0.507732
0.977152
0.176538
0.320192
0.899677
0.291257
0.288598
0.250466
0.831527
0.921856
0.37541
0.319503
0.5104
0.491051
0.812857
0.349178
0.641737
0.685387
0.885488
0.046165
0.40669
0.769405
0.199989
0.13278
0.59243
0.405859
0.535712
0.879457
0.004254
0.250683
0.72262
0.130238
0.498036
0.328284
0.662484
0.57517
0.746158
0.221119
0.794134
0.303232
0.611405
0.538994
0.196012
0.932515
0.675108
0.796106
0.78487
0.687597
0.495128
0.696633
0.841267
0.619109
0.725496
0.172713
0.822224
0.136418
0.929111
0.680512
0.968773
0.390528
0.824629
0.855615
0.985212
0.123034
0.09911
0.815064
0.724939
0.498999
0.886909
0.330296
0.585038
0.69066
0.74488
0.782889
0.272674
0.804131
0.565843
0.214524
0.103663
0.219218
0.40886
0.425105
0.204405
0.745178
0.795365
0.911579
0.174602
0.667798
0.19224
0.347273
0.759997
0.924717
0.132316
0.327286
0.299336
0.787183
0.733679
0.392099
0.444055
0.104284
0.979331
0.185867
0.06128
0.013934
0.866231
0.835536
0.40996
0.150075
0.063046
0.474907
0.109373
0.042669
0.840751
0.738023
0.482006
0.305478
0.590583
0.845463
0.31855
0.653919
0.825625
0.093734
0.155634
0.410127
0.330556
0.433821
0.751052
0.19515
0.075337
0.36068
0.10093
0.094583
0.998919
0.298068
0.662415
0.612492
0.962241
0.818733
0.591509
0.781514
0.153627
0.774069
0.752088
0.041393
0.773389
0.430381
0.732651
0.344777
0.967477
0.619987
0.020945
0.218402
0.503881
0.177057
0.608889
0.662222
0.206579
0.517515
0.464193
0.001166
0.427451
0.306482
0.956403
0.323593
0.69301
0.903242
0.123227
0.794111
0.447584
0.313255
0.040731
0.728314
0.832873
0.552177
0.347855
0.234683
0.947517
0.67811
0.666155
0.099169
0.487094
0.635772
0.77778
0.642555
0.001541
0.604088
0.348179
0.978451
0.118918
0.546453
0.639484
0.404
0.943501
0.933633
0.251141
0.786994
0.373598
0.717605
0.146446
0.045307
0.127929
0.900859
0.15746
0.051123
0.874023
0.240517
0.5868
0.286974
0.190296
0.285226
0.841876
0.98717
0.754742
0.186957
0.223742
0.232264
0.613563
0.531115
0.387479
0.763161
0.808382
0.107308
0.285996
0.659343
0.302549
0.201107
0.834253
0.791164
0.946904
0.641487
0.81802
0.991759
0.12255
0.658569
0.469617
0.125389
0.666019
0.23899
0.695082
0.304892
0.57052
0.091581
0.554595
0.726187
0.458373
0.347757
0.565068
0.43256
0.970503
0.396596
0.40132
0.218177
0.598815
0.608302
0.361689
0.186695
0.880722
0.154988
0.74562
0.031735
0.006411
0.072907
0.028858
0.663038
0.891075
0.263321
0.938894
0.476817
0.557523
0.524049
0.724182
0.511821
0.722231
0.856896
0.366682
0.444794
0.083198
0.051873
0.327429
0.063943
0.703609
0.470324
0.2275
0.696836
0.219196
0.46399
0.953537
0.49821
0.874958
0.271379
0.548425
0.749543
0.071928
0.163622
0.268373
0.043182
0.480763
0.824776
0.107741
0.983125
0.571047
0.51064
0.797571
0.966225
0.779695
0.99024
0.269892
0.587607
0.249006
0.777973
0.171707
0.159074
0.571632
0.799055
0.520723
0.748889
0.510934
0.174181
0.973858
0.239839
0.478286
0.058695
0.084169
0.779158
0.754048
0.931904
0.667673
0.417543
0.765865
0.667489
0.036782
0.054563
0.500725
0.356847
0.416032
0.895361
0.031371
0.855183
0.023507
0.474869
0.164129
0.547113
0.254932
0.784697
0.393823
0.57311
0.904074
0.946826
0.621854
0.058311
0.528731
0.409819
0.684769
0.367658
0.10436
0.504885
0.400667
0.953514
0.802011
0.810718
0.548694
0.708642
0.185187
0.013281
0.241783
0.344097
0.345766
0.787243
0.892722
0.252496
0.173639
0.6287
0.191837
0.402864
0.993543
0.285356
0.304457
0.847736
0.883276
0.891416
0.924804
0.21033
0.263578
0.404232
0.215131
0.668792
0.271944
0.265522
0.997274
0.799132
0.783841
0.384951
0.355793
0.790321
0.180329
0.640719
0.102088
0.079145
0.585046
0.101099
0.449281
0.761427
0.915707
0.162514
0.87575
0.613236
0.560275
0.512498
0.026174
0.802859
0.276848
0.381793
0.517852
0.973799
0.003532
0.40934
0.283667
0.527164
0.968523
0.898909
0.968014
0.660822
0.56039
0.42929
0.314183
0.965006
0.376161
0.95484
0.885834
0.555434
0.575669
0.843999
0.733479
0.151894
0.509256
0.530527
0.639564
0.574044
0.009273
0.232208
0.917818
0.057289
0.900994
0.726107
0.881613
0.105437
0.370367
0.640851
0.006163
0.208943
0.97478
0.498738
0.786465
0.213499
0.809672
0.240243
0.722202
0.91619
0.884301
0.213058
0.12353
0.249936
0.41128
0.648598
0.931258
0.092854
0.17511
0.804674
0.111003
0.340435
0.012407
0.310781
0.534556
0.652622
0.780038
0.120375
0.240952
0.914298
0.791859
0.784922
0.869539
0.321665
0.678747
0.714157
0.761009
0.746858
0.862367
0.609824
0.673757
0.194455
0.219267
0.790505
0.751707
0.382007
0.756335
0.498491
0.847957
0.637713
0.484769
0.03126
0.79472
0.181599
0.389664
0.057609
0.900353
0.987699
0.39563
0.236442
0.644661
0.178482
0.947808
0.479691
0.664278
0.415165
0.412635
0.58999
0.558269
0.61656
0.306252
0.162563
0.999284
0.465126
0.136539
0.354633
0.666594
0.182876
0.600377
0.90224
0.877011
0.941829
0.550408
0.358799
0.493144
0.430469
0.569534
0.307927
0.370381
0.471082
0.011291
0.162918
0.234474
0.562256
0.006032
0.893765
0.851043
0.068662
0.444391
0.365064
0.021168
0.096484
0.762247
0.571116
0.431618
0.278591
0.926984
0.008733
0.396719
0.784769
0.328823
0.60769
0.788946
0.709811
0.884964
0.855896
0.754675
0.494085
0.889719
0.498697
0.001061
0.182713
0.002544
0.380197
0.540441
0.411561
0.021212
0.227478
0.497759
0.964766
0.423627
0.59815
0.539769
0.625392
0.020737
0.497067
0.365991
0.320698
0.803972
0.410362
0.438721
0.023243
0.004772
0.424026
0.643063
0.34818
0.729259
0.390298
0.196759
0.494315
0.864636
0.722457
0.996674
0.328944
0.900353
0.246978
0.837605
0.826824
0.56215
0.065768
0.678536
0.316096
0.41079
0.936932
0.244809
0.862897
0.598804
0.429839
0.653039
0.803878
0.276552
0.756863
0.50631
0.670763
0.218402
0.845865
0.545488
0.181736
0.555401
0.781009
0.27946
0.138618
0.504002
0.523381
0.097706
0.915505
0.277226
0.367239
0.503929
0.732966
0.694277
0.068107
0.820954
0.311146
0.736041
0.05729
0.170534
0.59404
0.120097
0.628136
0.208509
0.719973
0.810448
0.640318
0.395164
0.043139
0.561825
0.014489
0.300759
0.819072
0.49882
0.396087
0.209347
0.377256
0.645426
0.677367
0.853603
0.635429
0.907853
0.201471
0.549394
0.407478
0.282038
0.882845
0.818743
0.950687
0.766341
0.206191
0.176188
0.183813
0.219095
0.082452
0.031789
0.388336
0.791901
0.702634
0.22531
0.301416
0.498788
0.87283
0.453333
0.266663
0.956834
0.068943
0.582526
0.57186
0.552925
0.780824
0.946984
0.33008
0.185141
0.172844
0.965354
0.948532
0.714196
0.04725
0.807576
0.712374
0.026787
0.297248
0.774058
0.18404
0.146627
0.713036
0.086479
0.798372
0.798369
0.069121
0.072405
0.865928
0.057961
0.834914
0.27768
0.250167
0.807466
0.407822
0.811639
0.053026
0.857109
0.203287
0.825252
0.287327
0.053371
0.891403
0.506708
0.993003
0.958348
0.525614
0.874166
0.822056
0.947133
0.068844
0.923065
0.263072
0.427898
0.982004
0.824309
0.366677
0.42253
0.489239
0.144282
0.147324
0.399105
0.816226
0.346157
0.583529
0.784376
0.678437
0.972393
0.583206
0.439984
0.317275
0.170357
0.754085
0.563163
0.024842
0.436497
0.68957
0.288064
0.209447
0.793457
0.904752
0.639329
0.309612
0.489946
0.181461
0.336716
0.907202
0.341073
0.300781
0.116529
0.849701
0.992427
0.031581
0.159882
0.589798
0.431879
0.541073
0.961523
0.798473
0.163356
0.150426
0.014807
0.956121
0.025591
0.465572
0.715898
0.264218
0.798525
0.294813
0.50851
0.739916
0.158283
0.229615
0.380897
0.129943
0.192585
0.582035
0.430533
0.447698
0.882321
0.439969
0.993348
0.290963
0.451954
0.332803
0.238175
0.780276
0.871461
0.075044
0.912797
0.211906
0.256518
0.956399
0.285405
0.059943
0.966822
0.525788
0.872477
0.647868
0.127538
0.928766
0.08855
0.297087
0.870069
0.081474
0.269667
0.609768
0.808691
0.552649
0.541153
0.988029
0.788739
0.04325
0.177362
0.610265
0.89592
0.788897
0.510047
0.910754
0.174388
0.1544
0.07909
0.880467
0.261868
0.386211
0.78935
0.475551
0.213488
0.724182
0.960126
0.085469
0.183646
0.727938
0.691266
0.067009
0.081997
0.584848
0.414237
0.543052
0.583866
0.419065
0.214082
0.150114
0.801931
0.919169
0.670616
0.921144
0.117487
0.346124
0.611998
0.769887
0.954679
0.968878
0.212329
0.02593
0.288499
0.081744
0.78957
0.971057
0.070586
0.895599
0.585076
0.747712
0.868957
0.26284
0.636592
0.019648
0.046301
0.250144
0.748261
0.587856
0.546314
0.379635
0.412961
0.199659
0.276581
0.926329
0.833058
0.299729
0.815371
0.375404
0.581579
0.824009
0.864931
0.310058
0.973726
0.443461
0.995188
0.152832
0.779324
0.169657
0.294826
0.087651
0.025169
0.277862
0.069389
0.501376
0.156199
0.974398
0.608268
0.272382
0.076833
0.080449
0.544658
0.75848
0.041026
0.884768
0.301077
0.739059
0.068319
0.311033
0.265349
0.842946
0.585484
0.629821
0.955461
0.892597
0.791231
0.183279
0.736886
0.43474
0.986759
0.964214
0.120707
0.440209
0.221654
0.232284
0.705943
0.988122
0.526114
0.86294
0.994903
0.645369
0.923901
0.923783
0.243251
0.039692
0.693837
0.555547
0.432231
0.793416
0.112176
0.636934
0.262351
0.657351
0.069757
0.102183
0.731107
0.233691
0.698657
0.317762
0.390112
0.821726
0.395362
0.85955
0.379812
0.611893
0.508236
0.061716
0.566419
0.588534
0.16527
0.340775
0.612585
0.608559
0.350366
0.961523
0.34135
0.796111
0.981515
0.900243
0.611214
0.031713
0.828058
0.549175
0.455402
0.816605
0.841811
0.650136
0.524303
0.216576
0.156344
0.067069
0.556282
0.739076
0.92655
0.756589
0.506884
0.754666
0.18038
0.044212
0.791956
0.095535
0.192019
0.381522
0.950317
0.337829
0.672737
0.050285
0.11377
0.752943
0.647004
0.337592
0.054183
0.197365
0.810546
0.210374
0.706319
0.148311
0.150383
0.972266
0.277765
0.163121
0.456805
0.754856
0.311949
0.576637
0.883441
0.508389
0.161428
0.925501
0.450541
0.004676
0.592642
0.297849
0.969829
0.938377
0.410465
0.141629
0.694193
0.90418
0.461678
0.176195
0.402785
0.087581
0.010421
0.61947
0.200223
0.909154
0.417902
0.958479
0.103636
0.578013
0.27382
0.9779
0.806522
0.049847
0.397346
0.365312
0.907324
0.418984
0.608259
0.564882
0.846792
0.297837
0.182392
0.379643
0.398428
0.833628
0.33958
0.403342
0.613264
0.90728
0.818343
0.351287
0.940277
0.549943
0.692969
0.031589
0.591802
0.879071
0.318021
0.872105
0.554611
0.908498
0.662587
0.773121
0.133503
0.293387
0.638858
0.521363
0.239599
0.780685
0.064931
0.48873
0.618638
0.583384
0.738429
0.094984
0.046737
0.831175
0.582447
0.076332
0.699733
0.885456
0.284342
0.143676
0.925377
0.045034
0.24031
0.477171
0.371475
0.790096
0.24749
0.968028
0.306237
0.874815
0.144725
0.836188
0.940413
0.497642
0.560474
0.109882
0.655178
0.083672
0.775135
0.795014
0.302335
0.237501
0.51085
0.450065
0.543613
0.087853
0.213554
0.242272
0.106229
0.710882
0.180532
0.197322
0.744151
0.763026
0.299323
0.885524
0.475241
0.796106
0.256532
0.971921
0.610065
0.03417
0.026074
0.512202
0.739771
0.580896
0.836025
0.669089
0.55869
0.175636
0.776734
0.871147
0.27474
0.188129
0.305687
0.200721
0.345605
0.105165
0.443606
0.221296
0.339351
0.142746
0.587893
0.66691
0.77085
0.981684
0.042911
0.100808
0.087212
0.178226
0.075102
0.118412
0.09364
0.110568
0.48479
0.235324
0.309577
0.785363
0.464642
0.641971
0.388286
0.043581
0.841175
0.968168
0.944392
0.286577
0.382803
0.909881
0.109214
0.095243
0.647124
0.385915
0.214888
0.642829
0.302515
0.004427
0.60708
0.175453
0.356574
0.939476
0.572361
0.135295
0.122462
0.232975
0.824364
0.820056
0.894252
0.801922
0.361569
0.000502
0.478198
0.70506
0.392414
0.64412
0.099966
0.208095
0.078797
0.407068
0.223548
0.473998
0.880053
0.941597
0.050844
0.158025
0.963098
0.440517
0.323297
0.260259
0.71211
0.329847
0.082323
0.48566
0.51138
0.135351
0.602228
0.385686
0.178243
0.627739
0.154075
0.481341
0.876778
0.858798
0.844328
0.009229
0.871929
0.402227
0.763782
0.642811
0.100274
0.937014
0.586192
0.974196
0.551502
0.874723
0.886445
0.120105
0.102825
0.123559
0.993391
0.964429
0.074338
0.84622
0.667072
0.086448
0.723716
0.409088
0.453891
0.046812
0.282725
0.237767
0.393727
0.901223
0.934854
0.189455
0.515513
0.69223
0.124225
0.842153
0.771155
0.81726
0.501072
0.648859
0.431357
0.308927
0.886766
0.474258
0.433107
0.567472
0.874802
0.954617
0.611264
0.099902
0.290192
0.684818
0.239298
0.871059
0.251211
0.695125
0.237007
0.404271
0.604808
0.729738
0.998383
0.725031
0.5627
0.622825
0.811043
0.173968
0.079069
0.331684
0.337836
0.701227
0.471916
0.120286
0.277586
0.327656
0.193748
0.593746
0.29274
0.646073
0.40179
0.812841
0.983345
0.977396
0.58485
0.975589
0.958642
0.767476
0.744069
0.040219
0.572793
0.368707
0.878331
0.52784
0.243333
0.439562
0.215384
0.846366
0.081961
0.176569
0.020086
0.484309
0.602767
0.279376
0.329933
0.878319
0.873949
0.510311
0.151341
0.957267
0.766915
0.276628
0.62944
0.998641
0.824157
0.193282
0.186143
0.177797
0.046639
0.06334
0.856615
0.529392
0.679181
0.241914
0.797788
0.207189
0.993056
0.45139
0.550118
0.672537
0.211052
0.213213
0.888825
0.803193
0.391074
0.515003
0.37501
0.871569
0.567794
0.460133
0.472053
0.26289
0.524581
0.209737
0.990732
0.903503
0.607837
0.81159
0.702613
0.60433
0.798447
0.572826
0.061183
0.288454
0.527803
0.447065
0.214573
0.626084
0.732067
0.005952
0.797674
0.737027
0.288928
0.514353
0.779461
0.092353
0.273119
0.618653
0.052356
0.960001
0.066183
0.809664
0.586146
0.406162
0.821769
0.248058
0.57733
0.947412
0.952996
0.808914
0.181734
0.51652
0.971447
0.667531
0.951713
0.531618
0.506719
0.06036
0.766604
0.166462
0.155627
0.929018
0.370926
0.707263
0.187225
0.288786
0.417995
0.527286
0.950956
0.989103
0.50639
0.749579
0.989701
0.85775
0.994676
0.729717
0.646891
0.930175
0.444329
0.979536
0.72627
0.544849
0.493879
0.871157
0.138121
0.446088
0.530231
0.427533
0.910394
0.598738
0.603799
0.492208
0.413135
0.845142
0.205381
0.921421
0.070622
0.114016
0.442779
0.503685
0.160625
0.047907
0.546367
0.224601
0.519149
0.894852
0.887202
0.348091
0.717384
0.099569
0.896458
0.460589
0.681977
0.198748
0.151495
0.06625
0.114438
0.007453
0.909917
0.794484
0.379987
0.239159
0.761881
0.930859
0.002135
0.086577
0.205574
0.192532
0.731776
0.284387
0.695689
0.542648
0.716873
0.77488
0.091246
0.940658
0.083676
0.978462
0.918463
0.134224
0.655892
0.95797
0.783589
0.138873
0.738516
0.55705
0.518813
0.825882
0.978841
0.603053
0.273473
0.881264
0.80418
0.421566
0.616129
0.349721
0.164668
0.846622
0.790846
0.961925
0.124765
0.527545
0.545073
0.041084
0.595039
0.596217
0.61766
0.260041
0.555074
0.446273
0.894052
0.521427
0.302781
0.15467
0.159077
0.050326
0.964231
0.620477
0.657011
0.252449
0.994239
0.260953
0.652474
0.319748
0.866492
0.813565
0.369857
0.580863
0.691419
0.04764
0.776166
0.92225
0.161054
0.98832
0.0253
0.382898
0.592358
0.662571
0.834749
0.009202
0.274353
0.920493
0.50812
0.276776
0.40573
0.268132
0.82834
0.850495
0.116874
0.396787
0.675928
0.116189
0.579989
0.403102
0.435638
0.402525
0.781009
0.209653
0.154467
0.593278
0.601258
0.026861
0.339238
0.005374
0.643601
0.260662
0.459085
0.228308
0.646939
0.649474
0.494023
0.463015
0.257707
0.494081
0.440412
0.565888
0.199019
0.671952
0.445371
0.783156
0.91147
0.602352
0.70714
0.91286
0.092739
0.8031
0.247865
0.916725
0.791869
0.641724
0.000388
0.857879
0.396809
0.616345
0.164371
0.636092
0.109652
0.442749
0.011012
0.587039
0.353601
0.914966
0.879647
0.771329
0.772025
0.21736
0.65367
0.008139
0.010374
0.248246
0.237832
0.796979
0.489483
0.875961
0.775964
0.277087
0.229226
0.50071
0.558783
0.951768
0.005154
0.698072
0.647439
0.853466
0.33102
0.113906
0.660778
0.203149
0.069309
0.182164
0.19881
0.310189
0.778243
0.077339
0.220117
0.95085
0.470338
0.722045
0.612878
0.028042
0.348742
0.200061
0.67238
0.025608
0.735626
0.226419
0.006842
0.128789
0.991145
0.471237
0.727057
0.554615
0.760748
0.949923
0.977296
0.958975
0.366949
0.571875
0.625721
0.122308
0.13632
0.957725
0.538807
0.524539
0.770157
0.78071
0.429459
0.959098
0.128263
0.021007
0.028591
0.526718
0.975804
0.594108
0.298709
0.430204
0.898124
0.906708
0.749405
0.701851
0.559705
0.137235
0.875356
0.357394
0.065584
0.625541
0.103619
0.4114
0.846985
0.70799
0.738041
0.035058
0.164243
0.437224
0.217824
0.922514
0.336173
0.103611
0.472816
0.386164
0.130006
0.053796
0.596643
0.28017
0.027842
0.42862
0.948395
0.075915
0.332404
0.662753
0.946997
0.478616
0.612173
0.202918
0.701065
0.424758
0.301054
0.697363
0.792625
0.938423
0.034437
0.909032
0.201317
0.49641
0.285358
0.038238
0.173618
0.078125
0.450008
0.003487
0.673343
0.565128
0.604291
0.330716
0.520477
0.696971
0.073113
0.52087
0.359986
0.800046
0.894696
0.513701
0.236644
0.522942
0.886771
0.010343
0.507692
0.912147
0.370336
0.755064
0.401693
0.686641
0.897713
0.419564
0.082601
0.609246
0.619259
0.425354
0.952529
0.280439
0.445286
0.991308
0.898433
0.031511
0.252464
0.577116
0.874706
0.813642
0.532477
0.275777
0.030155
0.598487
0.050018
0.223199
0.39649
0.384764
0.092292
0.143103
0.799215
0.163823
0.204301
0.671002
0.128469
0.6023
0.24857
0.732468
0.784409
0.898269
0.181027
0.505624
0.890401
0.280852
0.897037
0.003494
0.319803
0.218069
0.466581
0.552018
0.984685
0.062603
0.429516
0.827902
0.305315
0.982724
0.416352
0.47529
0.573599
0.712043
0.916114
0.059939
0.869745
0.613197
0.113848
0.21172
0.154931
0.369412
0.701906
0.840068
0.176414
0.654583
0.863286
0.429814
0.221213
0.678499
0.417305
0.210316
0.01016
0.639982
0.148782
0.258998
0.75347
0.893496
0.399344
0.588559
0.975686
0.798722
0.489483
0.672601
0.208129
0.249144
0.031595
0.137295
0.457282
0.874124
0.823653
0.89094
0.186994
0.448416
0.521467
0.030033
0.51232
0.22118
0.19306
0.502762
0.169715
0.199907
0.567817
0.976591
0.708576
0.253072
0.112292
0.653393
0.167585
0.16105
0.340292
0.45385
0.043952
0.088705
0.879086
0.445158
0.96688
0.894263
0.078651
0.188153
0.467436
0.368855
0.574692
0.118475
0.766386
0.325986
0.231425
0.097624
0.837076
0.831669
0.072866
0.559875
0.279337
0.971716
0.136421
0.808251
0.17543
0.297872
0.457535
0.11129
0.024239
0.131387
0.197033
0.828107
0.694114
0.948725
0.023744
0.188115
0.825991
0.715404
0.245343
0.284233
0.38497
0.992781
0.426588
0.453726
0.726836
0.63832
0.848682
0.537019
0.087533
0.742382
0.200727
0.072923
0.982513
0.348124
0.979726
0.249696
0.187197
0.013799
0.969305
0.061916
0.605645
0.033406
0.163858
0.199145
0.866876
0.023517
0.759199
0.122043
0.22907
0.7041
0.776237
0.548773
0.430153
0.074408
0.395326
0.362785
0.118324
0.300612
0.537449
0.077713
0.692895
0.210013
0.928383
0.529551
0.872301
0.263073
0.880695
0.18696
0.507434
0.145261
0.573977
0.682329
0.510669
0.956339
0.780254
0.05376
0.460432
0.176704
0.334619
0.9532
0.082805
0.709371
0.013413
0.261654
0.587354
0.277084
0.519001
0.008813
0.555749
0.299926
0.384691
0.988754
0.68438
0.596693
0.826076
0.154778
0.772061
0.221416
0.625903
0.548371
0.549685
0.274389
0.868548
0.012761
0.841697
0.225751
0.783751
0.621649
0.094388
0.99541
0.156161
0.928889
0.302491
0.514048
0.909683
0.457737
0.194047
0.026996
0.633527
0.73473
0.120126
0.271127
0.101994
0.920698
0.682146
0.875996
0.496629
0.704262
0.870847
0.172916
0.901113
0.285101
0.820009
0.902888
0.448814
0.002335
0.664947
0.14515
0.674351
0.494425
0.052366
0.460381
0.722736
0.160548
0.427116
0.270292
0.794819
0.793489
0.955482
0.647535
0.081699
0.489258
0.887628
0.149461
0.451346
0.99756
0.035884
0.905914
0.233835
0.659132
0.636628
0.402489
0.849915
0.634157
0.083421
0.039589
0.349307
0.982137
0.415397
0.167954
0.503652
0.519299
0.371977
0.561195
0.48431
0.976867
0.974965
0.198834
0.663788
0.222158
0.795759
0.037993
0.342207
0.738715
0.606179
0.634948
0.488861
0.712168
0.49331
0.405947
0.975506
0.990321
0.26871
0.458606
0.948666
0.259589
0.266186
0.519148
0.592785
0.817055
0.576035
0.484639
0.23766
0.841399
0.456027
0.364183
0.218402
0.362164
0.530117
0.983149
0.438351
0.399578
0.32545
0.569953
0.606156
0.072737
0.349599
0.253019
0.846298
0.7566
0.446961
0.73803
0.006365
0.225842
0.29002
0.484478
0.855813
0.299257
0.666963
0.58938
0.59238
0.576575
0.7005
0.764613
0.571952
0.973298
0.634611
0.315421
0.447677
0.256278
0.597228
0.319722
0.760457
0.972707
0.613644
0.667723
0.57245
0.811058
0.631293
0.698466
0.446551
0.465158
0.701689
0.864075
0.37254
0.241858
0.134742
0.930324
0.09135
0.865221
0.588521
0.479519
0.537812
0.591779
0.514732
0.861812
0.841894
0.414601
0.145164
0.131343
0.244115
0.051497
0.406075
0.645362
0.578588
0.306347
0.599269
0.817262
0.844283
0.035911
0.166345
0.687382
0.423148
0.89
0.413428
0.816988
0.085897
0.401304
0.811476
0.05483
0.433536
0.853847
0.664407
0.849668
0.878413
0.962379
0.199762
0.18721
0.85373
0.375261
0.615736
0.964374
0.423829
0.9478
0.976572
0.924039
0.229072
0.963502
0.451841
0.421785
0.761904
0.310324
0.906984
0.49684
0.002874
0.615981
0.773405
0.553172
0.591041
0.524701
0.470585
0.461352
0.961904
0.880293
0.792726
0.16074
0.360797
0.317933
0.461239
0.0333
0.834677
0.442961
0.340834
0.161213
0.405316
0.839325
0.625632
0.58826
0.106739
0.800496
0.801286
0.98299
0.974776
0.117701
0.835037
0.961664
0.297897
0.517625
0.022697
0.007727
0.044492
0.606144
0.986225
0.872971
0.674716
0.658246
0.809849
0.645182
0.492413
0.616336
0.697304
0.932609
0.65931
0.814733
0.373248
0.047523
0.725123
0.586919
0.319636
0.174551
0.043454
0.79658
0.841946
0.670911
0.911898
0.496677
0.753651
0.698831
0.106669
0.39703
0.450394
0.467211
0.931469
0.273219
0.383553
0.609117
0.080525
0.527078
0.389691
0.742444
0.047817
0.767634
0.91935
0.741769
0.640538
0.861563
0.244945
0.784338
0.112629
0.85926
0.968919
0.74547
0.822325
0.21515
0.044557
0.522164
0.362606
0.546253
0.891254
0.821009
0.235711
0.628182
0.576603
0.577358
0.442025
0.49538
0.411623
0.578717
0.822991
0.941186
0.934385
0.513043
0.871408
0.384822
0.297902
0.315447
0.556367
0.929685
0.064547
0.950673
0.644845
0.391159
0.617909
0.91773
0.23174
0.935971
0.884829
0.177624
0.076402
0.199696
0.567981
0.436094
0.750698
0.037271
0.468407
0.561711
0.394775
0.322732
0.169813
0.363532
0.80519
0.017529
0.618047
0.446831
0.719878
0.309414
0.001401
0.956224
0.096955
0.360823
0.651899
0.006895
0.77325
0.994603
0.221305
0.528326
0.748137
0.595508
0.217728
0.375638
0.694114
0.548116
0.067012
0.601546
0.709772
0.577601
0.361808
0.402944
0.973245
0.681309
0.487096
0.303285
0.610843
0.187034
0.354424
0.018241
0.189516
0.406329
0.806454
0.460673
0.015256
0.999922
0.793283
0.499021
0.797319
0.191175
0.099301
0.031113
0.363627
0.899019
0.752414
0.597657
0.368754
0.606568
0.412785
0.322637
0.52464
0.649906
0.282707
0.103461
0.332265
0.847405
0.59985
0.300377
0.388746
0.797228
0.856894
0.988927
0.493823
0.061543
0.693272
0.602534
0.851926
0.886802
0.363128
0.82679
0.815342
0.248357
0.935376
0.642776
0.398108
0.146806
0.386364
0.902931
0.649445
0.086696
0.611291
0.015536
0.944869
0.623398
0.682196
0.157197
0.278669
0.314211
0.102147
0.388177
0.708825
0.488547
0.177805
0.145274
0.710989
0.483067
0.709296
0.924466
0.588989
0.428505
0.782524
0.260329
0.365353
0.908239
0.355939
0.94215
0.237109
0.089458
0.334979
0.226096
0.303251
0.475616
0.177984
0.788374
0.546989
0.304689
0.115509
0.632994
0.310567
0.596751
0.035504
0.547462
0.979262
0.183318
0.498807
0.587442
0.65917
0.639045
0.219383
0.010651
0.744708
0.981373
0.891989
0.04278
0.624688
0.857229
0.571955
0.969733
0.504848
0.549099
0.824643
0.570826
0.019088
0.64235
0.784941
0.447769
0.979422
0.99259
0.231369
0.650539
0.29982
0.792109
0.42671
0.85625
0.026998
0.555935
0.356455
0.66077
0.623307
0.463916
0.887263
0.239372
0.529926
0.964847
0.201613
0.359611
0.803871
0.041417
0.610141
0.147319
0.306071
0.505875
0.40491
0.407715
0.261703
0.925023
0.340253
0.893459
0.77002
0.797458
0.23989
0.083711
0.068377
0.085239
0.935167
0.114299
0.992027
0.672633
0.216161
0.183328
0.204208
0.938419
0.701842
0.56302
0.31192
0.369345
0.302469
0.532207
0.683412
0.07324
0.20303
0.134422
0.579514
0.124496
0.772573
0.272817
0.031991
0.687358
0.811026
0.073565
0.926687
0.369937
0.468737
0.641628
0.22421
0.271867
0.333222
0.922257
0.28386
0.803279
0.313213
0.612266
0.021448
0.84453
0.280483
0.704887
0.153019
0.545339
0.139617
0.761607
0.679533
0.300056
0.521116
0.339437
0.706935
0.250895
0.695222
0.714335
0.79064
0.690851
0.265449
0.746197
0.353332
0.792709
0.783874
0.489357
0.463107
0.569366
0.935287
0.607479
0.777712
0.828336
0.37786
0.35064
0.074613
0.917416
0.465397
0.992281
0.376514
0.481169
0.090843
0.628435
0.358627
0.703167
0.072589
0.963182
0.31638
0.283785
0.775637
0.866639
0.729921
0.092553
0.390781
0.389061
0.744383
0.529141
0.42265
0.54358
0.877426
0.378909
0.074274
0.010715
0.443435
0.661058
0.594414
0.73741
0.443326
0.650944
0.851671
0.543622
0.457681
0.282199
0.372304
0.767041
0.19903
0.694496
0.386129
0.972638
0.173771
0.950714
0.129829
0.926865
0.005208
0.587337
0.860959
0.027732
0.721641
0.587558
0.654341
0.796103
0.673877
0.437703
0.342345
0.839635
0.033364
0.489511
0.287417
0.581937
0.431256
0.264329
0.514733
0.884156
0.259503
0.329589
0.760269
0.459389
0.419144
0.89243
0.685267
0.580829
0.645726
0.536955
0.728631
0.938703
0.645399
0.445087
0.737084
0.113366
0.02382
0.844628
0.748021
0.338489
0.669232
0.662348
0.268932
0.767294
0.244099
0.404337
0.621322
0.412575
0.000583
0.636461
0.840671
0.488893
0.222518
0.999456
0.92869
0.997869
0.928867
0.382726
0.421561
0.503958
0.852468
0.165402
0.333899
0.866784
0.275073
0.922506
0.479211
0.22768
0.218155
0.963659
0.021505
0.447099
0.601047
0.653968
0.5052
0.500493
0.56983
0.641137
0.134373
0.559458
0.299077
0.850793
0.317835
0.989709
0.969215
0.09641
0.9468
0.940145
0.810727
0.888506
0.722445
0.247092
0.498387
0.531893
0.41135
0.775029
0.345002
0.559767
0.394428
0.177943
0.601929
0.285934
0.306669
0.859619
0.371804
0.149407
0.788882
0.707158
0.912896
0.38892
0.112569
0.640635
0.385781
0.095197
0.223956
0.697713
0.947854
0.300963
0.89801
0.447503
0.879147
0.40305
0.148203
0.997985
0.72631
0.113386
0.640441
0.925866
0.646574
0.303545
0.170158
0.355909
0.97375
0.971909
0.771083
0.667624
0.01421
0.139251
0.800399
0.252877
0.071174
0.802038
0.220534
0.216598
0.701492
0.177792
0.310101
0.154428
0.923531
0.49956
0.925877
0.642772
0.80862
0.414064
0.530674
0.896299
0.77735
0.169602
0.859696
0.827218
0.506089
0.011277
0.696392
0.481653
0.255932
0.09383
0.858815
0.519524
0.552599
0.720059
0.765741
0.676843
0.082811
0.448478
0.464443
0.896357
0.791787
0.168228
0.717424
0.571247
0.052164
0.569428
0.61202
0.492625
0.127256
0.18021
0.364359
0.332155
0.659413
0.648835
0.263214
0.463354
0.653144
0.388216
0.014713
0.147464
0.33752
0.333163
0.121068
0.583549
0.529222
0.69622
0.709366
0.14006
0.972585
0.873382
0.221602
0.756129
0.450738
0.102612
0.25258
0.806298
0.367556
0.381672
0.472316
0.314495
0.388189
0.372896
0.249247
0.375118
0.288756
0.000423
0.54954
0.671621
0.620977
0.257531
0.180504
0.446526
0.690191
0.424441
0.155581
0.300925
0.689659
0.193989
0.743045
0.391463
0.82575
0.244088
0.811836
0.008946
0.17053
0.917908
0.880508
0.302836
0.134192
0.092162
0.313507
0.79934
0.238374
0.979004
0.793693
0.109128
0.253328
0.086664
0.540863
0.001038
0.34986
0.223462
0.468232
0.684072
0.150363
0.224156
0.348252
0.350233
0.274569
0.402637
0.156031
0.473581
0.491082
0.361517
0.336964
0.805158
0.427661
0.176182
0.821871
0.36044
0.310547
0.448106
0.484435
0.179722
0.9023
0.437087
0.937456
0.82111
0.799566
0.394665
0.51919
0.164987
0.124527
0.017829
0.209814
0.922757
0.714462
0.267496
0.221607
0.862173
0.943459
0.879069
0.524123
0.189328
0.637651
0.902504
0.900371
0.578694
0.507249
0.956168
0.683247
0.544775
0.258299
0.736133
0.368976
0.598682
0.207305
0.165653
0.955162
0.796947
0.89724
0.936976
0.143208
0.209445
0.45782
0.873636
0.584753
0.335546
0.622231
0.133027
0.054391
0.844065
0.711262
0.615115
0.812811
0.385744
0.25578
0.587779
0.276739
0.385103
0.393029
0.465827
0.040805
0.641477
0.612122
0.881462
0.981275
0.865332
0.252174
0.144291
0.24347
0.321445
0.403107
0.454889
0.873436
0.610785
0.070843
0.447653
0.898163
0.738264
0.423851
0.328432
0.013091
0.086407
0.843285
0.822396
0.47616
0.839493
0.045921
0.094838
0.216576
0.644008
0.865624
0.767965
0.456923
0.437826
0.106824
0.972311
0.171265
0.297869
0.735027
0.410667
0.726376
0.372371
0.244325
0.633292
0.342512
0.664775
0.682201
0.370322
0.169213
0.262762
0.382741
0.726353
0.210369
0.205694
0.974506
0.336671
0.952826
0.927801
0.359916
0.460801
0.20082
0.806975
0.611274
0.549189
0.109605
0.723822
0.331596
0.136585
0.223581
0.481905
0.404445
0.718686
0.026146
0.813107
0.879913
0.227815
0.399393
0.202682
0.004965
0.778306
0.588498
0.806239
0.428282
0.921785
0.700739
0.37486
0.461681
0.189541
0.642907
0.066516
0.539659
0.656124
0.363673
0.279019
0.196556
0.026332
0.202113
0.716326
0.642977
0.357809
0.62006
0.577863
0.236045
0.613352
0.199776
0.462788
0.314334
0.928057
0.348066
0.170833
0.322485
0.621019
0.533447
0.534669
0.584864
0.760125
0.793895
0.862435
0.513531
0.417055
0.709164
0.766706
0.407044
0.725446
0.811656
0.746962
0.728156
0.102832
0.407331
0.111592
0.859528
0.300418
0.587539
0.943753
0.024369
0.785807
0.821583
0.939807
0.083406
0.021277
0.687526
0.752417
0.901735
0.851188
0.354149
0.981389
0.965743
0.419848
0.522142
0.906804
0.364888
0.426499
0.724428
0.379891
0.898401
0.222938
0.389019
0.374808
0.48279
0.03447
0.155682
0.837483
0.90895
0.497259
0.997756
0.653167
0.453103
0.004452
0.660805
0.303958
0.923164
0.462343
0.693034
0.869841
0.119808
0.030531
0.725543
0.292501
0.343841
0.153797
0.136781
0.601184
0.692284
0.819639
0.536752
0.171161
0.965036
0.578823
0.701472
0.770366
0.734083
0.74332
0.595552
0.279342
0.643294
0.790466
0.009633
0.888756
0.7484
0.133846
0.033599
0.505319
0.893498
0.1829
0.769309
0.191361
0.198372
0.213537
0.813695
0.293838
0.095932
0.135896
0.893674
0.032998
0.769107
0.927865
0.804965
0.65206
0.116061
0.688097
0.333818
0.83044
0.951212
0.448175
0.07097
0.104027
0.781566
0.30612
0.047616
0.113807
0.730262
0.861823
0.327147
0.66499
0.811236
0.248766
0.145642
0.275748
0.168425
0.677317
0.171055
0.202912
0.783038
0.933511
0.544086
0.549451
0.12141
0.661782
0.276379
0.688207
0.085955
0.727058
0.629525
0.744591
0.383078
0.267759
0.338991
0.025303
0.348841
0.64263
0.771264
0.990408
0.413842
0.007511
0.077041
0.031546
0.186298
0.565163
0.596857
0.590424
0.903835
0.333089
0.965238
0.5259
0.232498
0.107298
0.480782
0.307597
0.225722
0.50835
0.641405
0.435548
0.686001
0.520827
0.607787
0.175921
0.137569
0.077363
0.175671
0.370614
0.257447
0.086956
0.502317
0.65316
0.643747
0.051669
0.82588
0.57299
0.301636
0.87419
0.840827
0.114948
0.772167
0.610523
0.693837
0.92754
0.816234
0.084031
0.344543
0.24636
0.374153
0.35131
0.157212
0.624887
0.033165
0.557384
0.545589
0.14174
0.254012
0.635516
0.254089
0.0204
0.485486
0.949712
0.303011
0.465972
0.798867
0.488563
0.509923
0.209682
0.807877
0.706657
0.280327
0.595399
0.831419
0.73875
0.772294
0.360359
0.440352
0.910047
0.585549
0.35476
0.470686
0.303766
0.896906
0.812813
0.113094
0.054675
0.286618
0.645674
0.308322
0.195521
0.275171
0.361291
0.827526
0.215124
0.498566
0.062911
0.408171
0.972123
0.953458
0.57666
0.289049
0.664472
0.801358
0.797099
0.958927
0.689092
0.775564
0.114665
0.918085
0.702208
0.028277
0.427756
0.140112
0.390612
0.908091
0.705111
0.448709
0.965729
0.746883
0.469907
0.319002
0.560313
0.683697
0.703839
0.280313
0.710919
0.989207
0.881483
0.734232
0.855139
0.286928
0.286418
0.302298
0.601076
0.482534
0.372222
0.974209
0.979599
0.13883
0.186291
0.723218
0.429901
0.894173
0.767166
0.396134
0.03329
0.067959
0.883936
0.645943
0.814204
0.667056
0.908839
0.18585
0.495023
0.114456
0.128451
0.505113
0.307112
0.361567
0.938717
0.792232
0.817349
0.59194
0.109268
0.632381
0.95552
0.860156
0.38793
0.789571
0.99817
0.66054
0.204417
0.867356
0.527634
0.096704
0.050958
0.61933
0.102431
0.19813
0.365571
0.542443
0.924713
0.803956
0.078747
0.122543
0.345023
0.627087
0.790375
0.792674
0.271188
0.518451
0.604289
0.086417
0.545869
0.001107
0.26875
0.805553
0.228363
0.385156
0.458744
0.454345
0.905726
0.659371
0.107309
0.667555
0.090089
0.83352
0.747288
0.530164
0.187215
0.223193
0.550493
0.857206
0.150448
0.046416
0.600217
0.129033
0.254985
0.654634
0.35613
0.506939
0.081156
0.101654
0.075112
0.779639
0.78642
0.723393
0.858965
0.379426
0.641677
0.280488
0.476728
0.520038
0.287629
0.821369
0.284054
0.472351
0.373937
0.572016
0.288943
0.011267
0.988505
0.400193
0.029569
0.085158
0.422867
0.7885
0.298821
0.344359
0.432851
0.029372
0.98963
0.521339
0.233072
0.352174
0.630236
0.713375
0.239174
0.056103
0.6741
0.788691
0.657482
0.543413
0.736466
0.414048
0.386531
0.604194
0.979198
0.613826
0.697555
0.970502
0.417436
0.862902
0.199913
0.384873
0.883697
0.907721
0.565596
0.319979
0.751135
0.400187
0.262817
0.842234
0.654179
0.948898
0.389334
0.954883
0.698013
0.623204
0.303438
0.63272
0.217989
0.59646
0.475524
0.93056
0.347732
0.973366
0.094494
0.066834
0.249574
0.581325
0.552146
0.374809
0.782498
0.079569
0.844278
0.048216
0.678528
0.548113
0.802451
0.773013
0.856306
0.912386
0.025765
0.546071
0.52296
0.535476
0.943492
0.186474
0.205704
0.269672
0.622307
0.589854
0.876718
0.678909
0.338102
0.166089
0.614518
0.152723
0.474936
0.31373
0.908906
0.24379
0.459685
0.107211
0.811383
0.485879
0.729812
0.523424
0.956602
0.598884
0.863998
0.878291
0.626008
0.236891
0.996902
0.539553
0.404311
0.12721
0.022898
0.725005
0.053269
0.718529
0.997912
0.459365
0.986598
0.462875
0.53754
0.439708
0.612262
0.373885
0.087304
0.895149
0.849342
0.395098
0.357466
0.59042
0.694722
0.57538
0.459735
0.276567
0.247617
0.451287
0.752149
0.193
0.268949
0.116339
0.122878
0.872812
0.165619
0.009382
0.757155
0.625494
0.091313
0.642195
0.649566
0.110833
0.658718
0.175334
0.025718
0.176295
0.683468
0.903647
0.310752
0.106008
0.088254
0.439474
0.493864
0.16379
0.987758
0.101
0.786611
0.531801
0.587604
0.367361
0.156823
0.391383
0.671088
0.815611
0.391363
0.821427
0.140949
0.640417
0.725306
0.954459
0.175744
0.790889
0.874298
0.374059
0.96233
0.512039
0.498617
0.27269
0.215005
0.232226
0.959898
0.130515
0.925591
0.871428
0.826286
0.133786
0.194424
0.055969
0.551589
0.953499
0.330178
0.161982
0.916015
0.501678
0.166395
0.360622
0.231672
0.033281
0.361559
0.16132
0.910907
0.958916
0.928879
0.373193
0.495978
0.802436
0.428799
0.560234
0.870479
0.441696
0.609432
0.629964
0.859442
0.34329
0.920142
0.775282
0.743118
0.428488
0.695842
0.060013
0.196676
0.949628
0.040871
0.244474
0.013029
0.949373
0.678087
0.256162
0.444422
0.472566
0.982974
0.57111
0.217919
0.492058
0.965195
0.2865
0.360266
0.045507
0.418883
0.959799
0.824907
0.293561
0.737091
0.969106
0.048396
0.871275
0.684909
0.570187
0.972669
0.280009
0.412232
0.176338
0.023013
0.4017
0.077939
0.436484
0.982068
0.445654
0.383008
0.889383
0.151526
0.086728
0.348629
0.788658
0.749709
0.109847
0.821334
0.876317
0.539535
0.680166
0.273637
0.101356
0.97445
0.870392
0.038207
0.786486
0.431273
0.540078
0.671798
0.198231
0.428656
0.937531
0.64422
0.008524
0.982539
0.279422
0.02261
0.603909
0.815888
0.081777
0.109838
0.043541
0.046495
0.763736
0.451279
0.886431
0.836048
0.006394
0.60114
0.949265
0.751958
0.258642
0.069627
0.523857
0.478679
0.844306
0.887791
0.671921
0.753764
0.325349
0.435398
0.91971
0.696262
0.254422
0.49443
0.516372
0.491135
0.283002
0.3932
0.720369
0.200127
0.045121
0.525324
0.749395
0.567157
0.483365
0.89451
0.225099
0.661896
0.953692
0.120739
0.604384
0.6417
0.982905
0.24826
0.526614
0.089808
0.914333
0.988634
0.402205
0.352706
0.623313
0.984305
0.624753
0.45714
0.126846
0.082874
0.76309
0.199414
0.199265
0.201397
0.444941
0.701905
0.400242
0.997189
0.800807
0.320106
0.661615
0.739368
0.505221
0.986223
0.340665
0.950243
0.294254
0.767766
0.508163
0.769639
0.81011
0.299037
0.777943
0.648564
0.855643
0.851625
0.083233
0.695139
0.412008
0.656781
0.12185
0.77433
0.331344
0.268338
0.496956
0.015415
0.308919
0.472699
0.848403
0.171266
0.78483
0.633936
0.110589
0.528119
0.845384
0.768925
0.052292
0.935883
0.208955
0.638835
0.569774
0.707815
0.593469
0.908841
0.065657
0.62434
0.961363
0.923411
0.43
0.424709
0.422591
0.795893
0.174474
0.370791
0.905428
0.268908
0.081234
0.621515
0.958089
0.008153
0.515746
0.010292
0.168302
0.820079
0.659791
0.054098
0.81536
0.075072
0.091861
0.354039
0.296784
0.734655
0.131336
0.259207
0.744414
0.790723
0.703711
0.162155
0.697161
0.398264
0.305675
0.518961
0.412917
0.210187
0.51243
0.943292
0.327984
0.617963
0.62674
0.809822
0.973041
0.227188
0.119576
0.0599
0.46069
0.642652
0.406596
0.960188
0.337758
0.741155
0.129711
0.948943
0.174299
0.848333
0.269823
0.797251
0.724913
0.734382
0.627302
0.778618
0.960895
0.939938
0.002574
0.984652
0.946809
0.613186
0.328658
0.352925
0.971489
0.124067
0.163757
0.758564
0.791205
0.049361
0.574133
0.328598
0.404502
0.972278
0.902897
0.886582
0.718108
0.246256
0.833793
0.253026
0.913898
0.494252
0.102688
0.495882
0.536661
0.248697
0.816792
0.613744
0.774639
0.467276
0.863048
0.73676
0.301674
0.38728
0.772896
0.557092
0.503068
0.673158
0.618591
0.093447
0.876387
0.452515
0.505013
0.690733
0.250688