256 4
0
179
192
204
216
1
97
128
130
195
2
17
105
150
238
3
62
73
181
206
4
8
51
128
138
5
135
141
184
234
6
39
123
137
242
7
9
51
144
156
8
34
101
113
140
9
41
47
137
177
10
55
159
163
231
11
13
62
99
232
12
59
79
107
148
7
13
18
128
228
14
47
49
77
180
15
31
53
154
243
10
16
32
52
101
17
118
144
157
238
18
40
206
218
221
19
92
152
173
251
20
68
107
187
213
7
21
132
204
242
22
70
89
168
236
23
57
186
205
228
24
54
134
184
199
23
25
42
206
229
26
85
138
159
193
24
27
35
165
167
28
34
88
186
231
29
92
98
186
231
30
47
127
208
247
31
136
212
227
255
5
32
78
144
201
18
33
52
207
214
34
105
169
183
220
35
139
172
199
213
36
100
109
143
218
21
26
37
113
226
33
38
63
135
156
20
39
67
216
248
40
91
112
144
255
16
41
105
194
200
31
42
121
133
153
43
73
86
95
245
44
83
173
207
232
45
51
60
139
167
11
46
107
162
176
47
48
105
124
229
9
13
16
48
78
0
9
49
95
190
26
50
163
207
225
51
64
101
134
192
6
52
165
177
178
4
8
52
53
119
0
30
33
54
125
11
55
58
65
82
17
56
79
124
251
57
178
196
240
251
7
46
58
94
102
31
53
59
180
250
60
139
194
197
227
4
61
205
217
230
57
59
62
75
229
54
63
93
98
105
64
75
101
138
253
6
49
65
135
161
66
153
201
231
240
44
67
141
168
194
37
68
77
98
245
1
32
69
106
217
34
62
70
133
213
31
71
183
205
236
33
72
77
96
103
6
38
73
209
243
74
135
139
164
250
75
92
110
176
216
60
76
125
219
230
0
77
149
172
190
18
19
25
78
190
56
62
79
198
211
45
70
77
80
152
52
77
81
85
185
73
82
169
212
223
15
83
100
107
154
6
33
84
101
136
54
77
85
152
190
32
86
176
181
236
64
66
87
126
174
6
44
88
147
232
21
37
89
158
232
10
90
120
141
251
13
91
97
150
226
92
98
199
206
213
44
73
93
186
255
94
138
153
168
234
26
95
121
149
159
48
76
93
96
147
2
97
137
159
223
89
98
170
190
247
3
13
72
99
223
41
100
146
165
190
19
56
94
101
124
17
59
102
131
244
57
79
92
103
137
55
104
174
243
245
48
105
171
178
242
58
74
75
106
228
55
107
170
204
240
65
108
123
180
227
87
109
139
205
221
110
112
154
194
217
6
111
155
234
250
48
112
143
192
253
10
51
75
113
234
92
114
128
146
150
36
70
75
115
179
8
99
116
144
179
16
60
117
134
197
16
94
118
237
243
17
116
119
239
242
5
90
120
152
237
49
89
97
118
121
100
122
156
178
243
1
92
123
143
150
19
27
124
127
247
72
82
104
125
184
50
76
126
168
203
17
68
80
127
175
99
102
104
128
217
27
68
129
179
210
47
114
130
209
243
30
131
213
220
251
44
50
132
144
170
14
78
133
159
230
87
134
176
218
234
9
21
130
135
212
9
10
111
136
214
95
137
170
191
202
40
110
116
138
146
64
139
140
184
225
16
21
44
140
143
52
122
141
230
232
73
142
189
206
208
30
143
222
226
238
20
53
93
144
161
0
108
132
140
145
19
40
62
146
240
34
118
147
162
197
37
42
47
141
148
0
58
95
149
231
106
118
127
150
238
123
151
153
172
243
114
115
121
151
152
45
126
153
222
254
84
104
149
154
199
70
127
144
155
231
85
101
156
159
163
39
44
153
157
252
29
37
43
150
158
23
159
182
186
222
27
37
54
118
160
2
84
161
185
216
43
47
162
220
224
9
57
79
163
197
90
139
164
226
235
60
145
160
165
195
83
88
166
211
220
91
157
167
242
251
15
99
120
168
218
40
62
93
166
169
83
116
134
170
218
38
44
139
171
213
91
133
172
188
236
40
107
124
173
247
70
174
194
213
241
16
45
135
175
201
14
29
175
176
209
63
67
177
199
207
43
70
78
87
178
26
35
51
102
179
80
105
180
210
217
9
117
179
181
246
44
124
182
194
228
57
152
183
208
214
91
167
184
195
250
22
64
123
159
185
83
132
176
186
255
51
137
168
187
212
36
71
188
211
227
10
89
108
189
228
117
171
190
208
232
31
37
169
180
191
19
128
166
188
192
56
180
193
230
233
45
70
125
194
227
42
52
97
195
218
34
59
81
146
196
10
24
101
108
197
127
132
159
188
198
21
97
118
124
199
5
93
107
190
200
35
116
124
201
247
7
122
136
185
202
2
62
63
68
203
83
96
109
133
204
3
205
217
228
231
32
154
201
206
254
99
169
179
207
255
127
133
148
208
225
11
32
61
168
209
6
63
114
135
210
5
38
84
96
211
76
100
212
216
239
158
196
213
236
255
69
160
214
222
244
34
185
203
215
236
4
17
144
154
216
21
92
113
199
217
17
47
120
154
218
71
92
119
219
244
129
142
147
220
254
39
55
106
197
221
19
31
87
222
223
56
105
138
175
223
147
157
171
213
224
90
107
187
208
225
34
41
50
155
226
38
63
75
227
228
67
125
177
228
249
12
25
65
229
235
2
22
92
97
230
25
123
136
220
231
1
3
56
187
232
63
95
127
163
233
1
104
233
234
235
97
142
189
235
244
62
84
224
236
251
16
70
120
168
237
110
233
238
248
254
132
185
223
226
239
11
149
190
200
240
32
102
117
241
249
46
65
132
204
242
105
111
134
142
243
42
238
239
244
248
45
71
163
241
245
107
129
161
202
246
21
212
236
247
253
36
53
66
198
248
1
165
201
237
249
49
104
142
212
250
59
74
89
173
251
19
153
174
205
252
71
106
186
203
253
16
45
86
246
254
48
119
132
188
255
0.526877
0.73868
0.668769
0.04071
0.10932
0.706627
0.190405
0.775676
0.322974
0.233525
0.085194
0.264606
0.782011
0.289628
0.452934
0.788597
0.211122
0.288544
0.472569
0.518772
0.089527
0.377106
0.315362
0.711912
0.590517
0.026281
0.83863
0.675783
0.649837
0.748362
0.234821
0.875727
0.540286
0.152543
0.095901
0.990712
0.940758
0.543888
0.894073
0.539695
0.688149
0.000441
0.281819
0.830091
0.115725
0.582221
0.376175
0.349297
0.349995
0.207165
0.080158
0.349719
0.411996
0.722613
0.614923
0.130532
0.716684
0.716434
0.685927
0.623636
0.297922
0.306373
0.563197
0.650107
0.055183
0.508155
0.277096
0.616982
0.716374
0.695928
0.845306
0.807427
0.53617
0.086852
0.718441
0.698887
0.833671
0.726025
0.166476
0.934957
0.063767
0.122094
0.539902
0.496283
0.178172
0.305792
0.606679
0.254231
0.936967
0.400635
0.790274
0.645843
0.61517
0.722729
0.277861
0.549932
0.516105
0.533497
0.636666
0.3818
0.353994
0.269433
0.553034
0.687117
0.462652
0.203916
0.019688
0.685036
0.40705
0.523034
0.862168
0.090625
0.81898
0.293341
0.141313
0.936258
0.25496
0.928607
0.24884
0.620526
0.203945
0.015524
0.195402
0.106476
0.959243
0.770441
0.755424
0.822564
0.686313
0.286091
0.249244
0.819018
0.197791
0.834946
0.961972
0.157209
0.129828
0.42111
0.197964
0.42259
0.260044
0.273484
0.647317
0.246227
0.494998
0.333957
0.567082
0.198042
0.02215
0.313913
0.139206
0.657854
0.045391
0.402174
0.063995
0.859023
0.476082
0.096331
0.418497
0.330871
0.913429
0.30569
0.134951
0.131042
0.348663
0.725156
0.198645
0.97539
0.926911
0.185194
0.804158
0.346687
0.390415
0.41282
0.579902
0.750276
0.949611
0.326122
0.679406
0.127954
0.302647
0.461166
0.922978
0.707146
0.878329
0.754909
0.054418
0.67885
0.888956
0.963036
0.974754
0.663439
0.838363
0.177384
0.649102
0.694763
0.95909
0.639452
0.538646
0.267802
0.738471
0.231338
0.713174
0.248131
0.745461
0.631623
0.050482
0.56882
0.837843
0.098397
0.32903
0.603945
0.327187
0.59014
0.629982
0.14017
0.093725
0.157714
0.542424
0.875207
0.875792
0.251448
0.837322
0.080105
0.7547
0.652486
0.294262
0.105586
0.453068
0.640664
0.081554
0.05172
0.19086
0.198385
0.042701
0.40307
0.720995
0.38165
0.310247
0.13412
0.947045
0.136638
0.402558
0.307724
0.742042
0.049447
0.549056
0.513648
0.38994
0.896986
0.709902
0.283409
0.588583
0.707362
0.800357
0.712248
0.822731
0.797327
0.95521
0.904421
0.738307
0.670695
0.046895
0.220712
0.228362
0.014112
0.179231
0.821645
0.035862
0.578813
0.189913
0.499014
0.455763
0.233286
0.861856
0.51856
0.33383
0.773002
0.391053
0.28844
0.299908
0.077027
0.38891
0.319609
0.420422
0.681085
0.947387
0.509097
0.524132
0.655952
0.310102
0.30265
0.664933
0.268816
0.957691
0.973057
0.684838
0.873786
0.348488
0.769322
0.004439
0.432886
0.72272
0.593705
0.166554
0.865414
0.797855
0.760865
0.697539
0.688948
0.271262
0.329347
0.029547
0.258793
0.133348
0.188208
0.428244
0.694791
0.591854
0.427627
0.560993
0.954721
0.347988
0.114628
0.198993
0.013017
0.337057
0.403399
0.476232
0.71604
0.28886
0.871068
0.15303
0.134259
0.593559
0.537154
0.952613
0.287437
0.311367
0.20924
0.930753
0.815627
0.582609
0.082296
0.997379
0.455163
0.784102
0.766075
0.949114
0.780246
0.136541
0.036382
0.630401
0.456202
0.245785
0.312382
0.194918
0.239995
0.682414
0.094549
0.424717
0.811535
0.582707
0.352738
0.540816
0.27832
0.620387
0.098222
0.469048
0.552538
0.773432
0.365879
0.822261
0.577944
0.512951
0.246043
0.572575
0.059739
0.634436
0.210106
0.343618
0.189835
0.378616
0.016551
0.084485
0.4252
0.060441
0.032171
0.440732
0.560439
0.134865
0.251488
0.204516
0.652199
0.409595
0.468441
0.283433
0.236812
0.727815
0.98628
0.952867
0.742559
0.876628
0.657813
0.554781
0.280567
0.728797
0.58389
0.679345
0.603309
0.835313
0.670457
0.75291
0.31454
0.199323
0.791393
0.935284
0.676312
0.219425
0.065248
0.841034
0.032794
0.469868
0.866239
0.823343
0.050177
0.24866
0.831399
0.444642
0.424434
0.60064
0.791608
0.034942
0.857658
0.392173
0.130783
0.401982
0.565663
0.135683
0.716139
0.589656
0.832127
0.563141
0.735652
0.800438
0.392335
0.638831
0.635463
0.335662
0.817026
0.126071
0.719879
0.556496
0.634533
0.459671
0.077432
0.698299
0.261904
0.330487
0.448654
0.21313
0.960966
0.874314
0.072021
0.672112
0.819063
0.806641
0.583846
0.310095
0.351298
0.880964
0.749274
0.250665
0.488567
0.511592
0.284186
0.255813
0.737458
0.827206
0.851508
0.70431
0.537446
0.551452
0.919137
0.660461
0.145864
0.579903
0.76864
0.501247
0.156239
0.389578
0.641524
0.512845
0.652441
0.182241
0.931768
0.514505
0.001288
0.823479
0.569855
0.058988
0.047082
0.547425
0.334944
0.179018
0.980879
0.873359
0.547481
0.131443
0.569075
0.436777
0.564032
0.872213
0.87464
0.986828
0.221224
0.695721
0.811975
0.715611
0.478361
0.046969
0.7582
0.066927
0.04846
0.740071
0.023304
0.5498
0.957527
0.139035
0.030892
0.92506
0.281112
0.967925
0.770878
0.115237
0.267256
0.521828
0.808091
0.841546
0.222809
0.155399
0.44356
0.522622
0.498319
0.463127
0.058434
0.461079
0.162107
0.906172
0.511279
0.515067
0.43763
0.215838
0.609702
0.818269
0.826631
0.303715
0.756796
0.04074
0.624191
0.738309
0.507409
0.325456
0.585783
0.808963
0.562933
0.655566
0.030071
0.031406
0.672415
0.230051
0.893761
0.890213
0.413078
0.929792
0.558538
0.109511
0.808054
0.976335
0.79663
0.060321
0.700259
0.118096
0.873196
0.330018
0.770349
0.052941
0.251906
0.289291
0.462716
0.527981
0.00452
0.852357
0.851032
0.882548
0.196276
0.552673
0.468087
0.080552
0.362886
0.457212
0.117467
0.524439
0.368376
0.496057
0.949236
0.766244
0.023917
0.078074
0.867952
0.610901
0.961337
0.505176
0.83809
0.599005
0.376526
0.098711
0.250111
0.537716
0.391113
0.816216
0.292487
0.905168
0.897837
0.756322
0.577138
0.494554
0.322867
0.795942
0.505633
0.729543
0.115289
0.032969
0.897173
0.087833
0.273812
0.992053
0.446406
0.41799
0.185406
0.209061
0.015919
0.327748
0.874143
0.920705
0.032765
0.549646
0.297762
0.566251
0.807728
0.420287
0.490867
0.295903
0.036548
0.44199
0.175495
0.401512
0.67784
0.03366
0.55276
0.977577
0.652637
0.418521
0.709951
0.072305
0.249073
0.177445
0.493188
0.581258
0.326608
0.646158
0.29552
0.767316
0.130933
0.425622
0.884123
0.861916
0.568965
0.896695
0.32462
0.291851
0.082948
0.651762
0.673703
0.105829
0.6321
0.531634
0.332713
0.506011
0.986793
0.624454
0.950775
0.188765
0.947585
0.106463
0.9554
0.457834
0.624243
0.163143
0.754565
0.121331
0.103943
0.122928
0.149341
0.907244
0.795216
0.661135
0.695577
0.407676
0.047933
0.222373
0.286263
0.237711
0.779295
0.69364
0.279746
0.001052
0.898344
0.422028
0.066054
0.904435
0.20616
0.80933
0.130702
0.923059
0.563223
0.797597
0.219251
0.86548
0.568739
0.546847
0.894382
0.848428
0.840533
0.847373
0.311298
0.764885
0.83332
0.448017
0.952954
0.034039
0.230397
0.137616
0.419859
0.303553
0.765224
0.035595
0.705095
0.888089
0.870585
0.733069
0.001751
0.249747
0.180828
0.787
0.332661
0.939697
0.939865
0.75407
0.989398
0.002578
0.056958
0.032263
0.933155
0.20957
0.52238
0.753634
0.539253
0.355307
0.546736
0.752851
0.584116
0.728471
0.429346
0.948077
0.609121
0.631662
0.375969
0.75998
0.43237
0.47878
0.05948
0.491407
0.667421
0.859002
0.301115
0.85977
0.181238
0.763584
0.39668
0.788455
0.320271
0.84145
0.180826
0.141479
0.683352
0.878079
0.272407
0.867539
0.637074
0.107371
0.912089
0.099839
0.649801
0.667019
0.233553
0.443912
0.587827
0.792794
0.554012
0.391228
0.065464
0.378053
0.624982
0.618154
0.647911
0.803705
0.006242
0.784316
0.478681
0.101304
0.684487
0.406474
0.620181
0.153933
0.56563
0.063633
0.485057
0.225819
0.888686
0.693268
0.728966
0.969119
0.291777
0.465655
0.113815
0.9654
0.240546
0.530474
0.558768
0.682181
0.367466
0.069736
0.116091
0.610738
0.825116
0.094342
0.292593
0.235813
0.845847
0.858465
0.400618
0.547145
0.696034
0.180959
0.645748
0.538821
0.656827
0.673779
0.019332
0.036663
0.621319
0.239117
0.674398
0.521885
0.721132
0.335093
0.9662
0.227599
0.830213
0.063308
0.369178
0.603012
0.114368
0.316043
0.517555
0.425213
0.099097
0.210557
0.491277
0.40091
0.776285
0.592371
0.956355
0.359855
0.341838
0.489067
0.72147
0.882768
0.726842
0.705438
0.122911
0.349318
0.982257
0.860175
0.964675
0.829747
0.774004
0.642003
0.564944
0.954696
0.816771
0.373117
0.829863
0.240026
0.074147
0.019398
0.971857
0.936413
0.220021
0.222988
0.001705
0.655996
0.935002
0.754941
0.343178
0.838912
0.477639
0.219931
0.722538
0.81727
0.534903
0.770985
0.680879
0.384372
0.561382
0.528553
0.407144
0.363059
0.128563
0.255194
0.382965
0.641937
0.643355
0.552736
0.22884
0.652252
0.591813
0.796756
0.298905
0.076893
0.145401
0.799656
0.307376
0.285606
0.621617
0.107406
0.943311
0.150939
0.623923
0.993574
0.580585
0.350587
0.859038
0.629836
0.012075
0.455296
0.483166
0.825605
0.493698
0.279397
0.639417
0.127237
0.399761
0.118663
0.455464
0.023287
0.105478
0.459297
0.467174
0.389311
0.098735
0.36501
0.715205
0.523002
0.11551
0.090293
0.42073
0.955395
0.971005
0.921225
0.788661
0.678622
0.498735
0.864318
0.156999
0.68317
0.680918
0.415475
0.961385
0.275303
0.178873
0.869369
0.727883
0.6287
0.205715
0.082195
0.956348
0.906234
0.121498
0.973784
0.963988
0.099015
0.035823
0.712045
0.601795
0.152682
0.951729
0.378238
0.131753
0.855828
0.360681
0.663878
0.460728
0.450497
0.692058
0.456797
0.339215
0.224456
0.934902
0.338614
0.222084
0.033362
0.574156
0.428211
0.012009
0.232767
0.115588
0.675109
0.829269
0.285843
0.763813
0.298973
0.474115
0.376029
0.156708
0.232681
0.551917
0.661979
0.145923
0.177476
0.75284
0.159879
0.716055
0.91067
0.894713
0.218172
0.214233
0.219077
0.227302
0.753331
0.200022
0.82419
0.429963
0.190881
0.150345
0.335003
0.433966
0.933775
0.960922
0.366576
0.396704
0.366188
0.798654
0.611165
0.187368
0.784973
0.856507
0.772346
0.710077
0.525862
0.505031
0.645835
0.454102
0.278511
0.258489
0.424251
0.111779
0.697825
0.939302
0.935956
0.978886
0.312083
0.860475
0.226507
0.143294
0.045102
0.514305
0.056167
0.338027
0.695189
0.27918
0.818514
0.095369
0.051667
0.414236
0.527645
0.384724
0.966161
0.403489
0.183388
0.667269
0.147926
0.74579
0.165977
0.702644
0.707135
0.177971
0.407066
0.462017
0.840615
0.98033
0.352187
0.265613
0.871619
0.075162
0.25177
0.613527
0.780562
0.317745
0.226475
0.634789
0.43273
0.296758
0.934567
0.615769
0.489124
0.309254
0.161556
0.187966
0.893891
0.789287
0.473266
0.566084
0.847782
0.791482
0.475096
0.170586
0.951922
0.253236
0.460179
0.945736
0.448742
0.085152
0.84013
0.00384
0.933939
0.797263
0.557147
0.150762
0.612223
0.650661
0.68823
0.500417
0.099475
0.721766
0.347449
0.491706
0.016767
0.494792
0.210423
0.745144
0.174526
0.664515
0.064719
0.145561
0.684869
0.922902
0.885017
0.080495
0.451505
0.214833
0.121741
0.132816
0.831756
0.730641
0.459206
0.883817
0.627551
0.078912
0.189285
0.538648
0.075601
0.322627
0.256496
0.805239
0.778803
0.26436
0.306647
0.920733
0.343946
0.151752
0.204239
0.917777
0.121393
0.702769
0.737254
0.834884
0.780103
0.674703
0.161251
0.941714
0.063117
0.681786
0.056678
0.401838
0.325253
0.205727
0.349318
0.096103
0.578556
0.826044
0.787729
0.253272
0.522628
0.380513
0.093585
0.779823
0.966002
0.11922
0.289598
0.39497
0.639219
0.211892
0.846762
0.260016
0.06791
0.927564
0.049996
0.484741
0.119368
0.732207
0.95011
0.35614
0.1943
0.746751
0.127897
0.40707
0.471258
0.64466
0.715807
0.406976
0.651319
0.939849
0.803286
0.974751
0.827955
0.390213
0.187682
0.410484
0.906979
0.46681
0.626441
0.749096
0.142625
0.590463
0.545032
0.18427
0.466434
0.028839
0.5353
0.010653
0.686128
0.743234
0.039593
0.244424
0.38892
0.026418
0.09072
0.247199
0.421867
0.711254
0.409031
0.570941
0.08073
0.638296
0.73773
0.511839
0.170279
0.283574
0.470869
0.608121
0.968103
0.344883
0.582487
0.066484
0.356873
0.737761
0.457416
0.906118
0.942862
0.020622
0.389778
0.622672
0.888174
0.00566
0.835777
0.433383
0.515543
0.775873
0.080158
0.349704
0.220002
0.592353
0.064183
0.686192
0.393693
0.63391
0.684114
0.544579
0.04353
0.100466
0.494358
0.327938
0.254873
0.347578
0.448105
0.237909
0.10351
0.101145
0.811721
0.16606
0.976298
0.103213
0.392449
0.363356
0.019003
0.334789
0.750071
0.469127
0.712503
0.483996
0.308355
0.130264
0.931884
0.601592
0.242569
0.267703
0.246075
0.039671
0.393685
0.849532
0.017406
0.225051
0.826517
0.494825
0.398602
0.438284
0.497443
0.071128
0.515973
0.58661
0.47033
0.661932
0.735686
0.133534
0.658363
0.237929
0.399713
0.450626
0.025552
0.067551
0.473717
0.696438
0.812309
0.576249
0.306617
0.27124
0.295968
0.247052
0.575539
0.902443
0.239433
0.80882
0.780972
0.811362
0.968323
0.110344
0.900252
0.609996
0.369921
0.400948
0.167958
0.287915
0.5823
0.187421
0.804567
0.716995
0.460349
0.111916
0.241135
0.53386
0.026997
0.130013
0.64387
0.35193
0.384464
0.801222
0.070204
0.180498
0.321193
0.897072
0.970043
0.061203
0.972993
0.608076
0.179657
0.443121
0.879832
0.591199
0.320847
0.444536
0.287466
0.554245
0.947268
0.646416
0.868169
0.950414
0.741662
0.082377
0.227471
0.398128
0.932708
0.836575
0.429546
0.652208
0.554357
0.235734
0.594211
0.418631
0.91275
0.655574
0.496256
0.113324
0.772697
0.122958
0.723946
0.804288
0.472941
0.531833
0.903715
0.495104
0.406467
0.453463
0.504231
0.827469
0.265567
0.444062
0.288103
0.541332
0.676527
0.251541
0.917244
0.771858
0.04593
0.510749
0.81903
0.984728
0.603419
0.295896
0.494453
0.301859
0.721277
0.576278
0.474006
0.86787
0.15345
0.857979
0.322093
0.080003
0.118654
0.777568
0.097838
0.952119
0.727718
0.673591
0.128795
0.20373
0.323497
0.720767
0.96453
0.388526
0.037914
0.693646
0.666708
0.317643
0.406237
0.497651
0.409537
0.043206
0.448387
0.919915
0.70578
0.311648
0.336064
0.064414
0.805669
0.77612
0.070604
0.019951
0.958664
0.198642
0.59266
0.098377
0.671275
0.556093
0.548447
0.477118
0.398423
0.212071
0.277879
0.888749
0.351086
0.892911
0.182945
0.137078
0.403422
0.418534
0.295617
0.998452
0.091252
0.033068
0.68778
0.761347
0.951396
0.096773
0.67401
0.190874
0.48884
0.43261
0.747625
0.236426
0.466861
0.605649
0.839414
0.388896
0.881043
0.18783
0.490498
0.856113
0.839558
0.329244
0.318745
0.448142
0.354989
0.713488
0.177631
0.339983
0.051415
0.020302
0.274536
0.615864
0.174591
0.751238
0.82096
0.157878
0.956356
0.296385
0.0796
0.801886
0.878789
0.434675
0.74713
0.348526
0.694251
0.146229
0.978587
0.908584
0.658157
0.452134
0.337399
0.639233
0.80131
0.533849
0.041743
0.945352
0.778155
0.787006
0.808919
0.778492
0.401703
0.567975
0.210342
0.997708
0.477864
0.263747
0.119492
0.854252
0.13949
0.107995
0.399454
0.722891
0.785655
0.020273
0.803028
0.432351
0.818833
0.863429
0.859678
0.425317
0.813651
0.979167
0.543198
0.577046
0.371942
0.836177
0.186451
0.628998
0.365788
0.686114
0.991888
0.62198
0.114938
0.987157
0.873152
0.075112
0.610212
0.902755
0.47501
0.503114
0.869376
0.154449
0.127473
0.173534
0.306335
0.507128
0.162086
0.878923
0.114022
0.813838
0.873381
0.798989
0.366604
0.737229
0.638473
0.402354
0.731354
0.170642
0.891457
0.205988
0.331866
0.118751
0.232414
0.515402
0.531343
0.763872
0.141423
0.549853
0.230834
0.721039
0.497981
0.234426
0.418527
0.489967
0.822948
0.067585
0.415512
0.037396
0.269768
0.151017
0.278107
0.249227
0.365744
0.642017
0.000254
0.570171
0.017758
0.155983
0.874727
0.80697
0.222958
0.774045
0.484336
0.91625
0.763048
0.213804
0.7163
0.696135
0.450073
0.054598
0.579638
0.493037
0.097197
0.19408
0.629677
0.12523
0.636911
0.173129
0.821485
0.572198
0.582156
0.440104
0.409147
0.556508
0.770325
0.065982
0.088124
0.958897
0.913859
0.40333
0.948546
0.215876
0.747745
0.37039
0.922899
0.75376
0.802749
0.419922
0.929485
0.005592
0.205828
0.870242
0.390605
0.814963
0.290727
0.537522
0.973293
0.202744
0.041594
0.19976
0.940134
0.15772
0.683045
0.228988
0.490348
0.755068
0.029803
0.775665
0.850986
0.045231
0.025061
0.985
0.268359
0.18039
0.277517
0.142947
0.885946
0.498978
0.738768
0.405665
0.412239
0.312633
0.330072
0.748151
0.219035
0.210088
0.377071
0.445028
0.813584
0.001625
0.54078
0.134608
0.855397
0.689566
0.244152
0.929019
0.603367
0.73065
0.803455
0.33043
0.387357
0.577954
0.234249
0.92894
0.319467
0.871178
0.582306
0.665378
0.768114
0.213457
0.217639
0.612883
0.307755
0.678172
0.488437
0.118094
0.308754
0.603992
0.508518
0.793412
0.991611
0.469524
0.158174
0.088559
0.772871
0.127436
0.774973
0.660207
0.846167
0.400554
0.972297
0.068448
0.410401
0.814592
0.539286
0.699737
0.142202
0.137011
0.497154
0.004004
0.203249
0.689656
0.953795
0.324765
0.907991
0.882387
0.8724
0.143459
0.550599
0.773269
0.932203
0.288079
0.362013
0.035892
0.459276
0.304116
0.940932
0.048335
0.704198
0.061839
0.385195
0.229491
0.055631
0.889235
0.270181
0.482391
0.760815
0.927015
0.391655
0.404676
0.306501
0.529824
0.175611
0.047257
0.203354
0.3586
0.596275
0.407754
0.66618
0.418652
0.134457
0.013784
0.919536
0.238638
0.689642
0.808701
0.41116
0.908881
0.921242
0.618966
0.262863
0.469243
0.250609
0.049256
0.293688
0.111962
0.68026
0.165255
0.311839
0.130663
0.433682
0.218373
0.276626
0.301296
0.391313
0.879514
0.53205
0.876893
0.785631
0.242084
0.207624
0.922781
0.287757
0.857416
0.212455
0.498541
0.653258
0.680332
0.85717
0.710414
0.273455
0.110353
0.191085
0.158199
0.582629
0.576525
0.206013
0.091114
0.652464
0.271236
0.367757
0.17974
0.052529
0.193235
0.533315
0.300714
0.752504
0.345099
0.720743
0.322164
0.412782
0.543442
0.036754
0.125041
0.049334
0.789317
0.077853
0.172759
0.498496
0.048843
0.128702
0.652574
0.164285
0.361529
0.139384
0.723313
0.879784
0.155119
0.503515
0.5589
0.578065
0.39299
0.227029
0.04469
0.728582
0.428781
0.071458
0.679859
0.994813
0.292347
0.383776
0.740655
0.169928
0.980576
0.990908
0.843123
0.555011
0.567296
0.541105
0.632536
0.400763
0.416744
0.793758
0.259673
0.674885
0.988712
0.305592
0.329435
0.334305
0.988763
0.930956
0.306851
0.677312
0.159317
0.010945
0.676128
0.10602
0.670584
0.584901
0.20922
0.895457
0.163256
0.630133
0.533315
0.799653
0.530427
0.51036
0.03634
0.692172
0.979472
0.791921
0.032255
0.516799
0.223499
0.880388
0.190838
0.464724
0.329098
0.837015
0.607454
0.81424
0.601003
0.608038
0.568065
0.026763
0.083175
0.076243
0.386349
0.74378
0.407611
0.196736
0.61796
0.286444
0.418056
0.870191
0.369824
0.730419
0.440282
0.806243
0.526408
0.038944
0.704243
0.122854
0.185124
0.907944
0.570603
0.409665
0.203306
0.573053
0.883362
0.665219
0.593009
0.964219
0.629824
0.433254
0.629912
0.803714
0.160925
0.268574
0.135247
0.885753
0.214237
0.891562
0.504613
0.258467
0.910094
0.340842
0.773795
0.754049
0.590785
0.479981
0.239008
0.93969
0.560342
0.597902
0.118132
0.197538
0.680138
0.528112
0.882779
0.690786
0.567523
0.563126
0.408286
0.822264
0.649771
0.507891
0.758468
0.738842
0.309815
0.782818
0.642681
0.336825
0.805872
0.805185
0.994208
0.959278
0.91938
0.719231
0.237473
0.05952
0.257123
0.24374
0.338454
0.410107
0.493952
0.735164
0.800173
0.99021
0.125363
0.025793
0.740105
0.622112
0.081179
0.516547
0.144397
0.761738
0.934961
0.551504
0.368413
0.566191
0.062055
0.357048
0.174734
0.320736
0.227727
0.412312
0.423284
0.929524
0.131443
0.176975
0.762906
0.91206
0.084028
0.08886
0.976424
0.773335
0.182823
0.004304
0.695986
0.978069
0.861645
0.001022
0.55805
0.337462
0.096826
0.709568
0.233435
0.392849
0.67447
0.630645
0.156113
0.375824
0.876628
0.803665
0.032466
0.936772
0.691287
0.2031
0.551605
0.008221
0.16318
0.737281
0.238519
0.173553
0.937774
0.875755
0.292282
0.965383
0.857068
0.519494
0.183504
0.880245
0.195375
0.40644
0.052217
0.266161
0.361217
0.237431
0.129558
0.787873
0.077839
0.320424
0.752866
0.882614
0.989772
0.590847
0.869029
0.803942
0.160839
0.264642
0.372551
0.035013
0.354661
0.795345
0.758359
0.561338
0.155217
0.326947
0.004446
0.159466
0.279973
0.527793
0.473062
0.738984
0.614754
0.958364
0.450162
0.742139
0.715309
0.681294
0.685721
0.372913
0.007817
0.271374
0.270559
0.150135
0.170343
0.236708
0.21362
0.42889
0.925607
0.385872
0.39419
0.121483
0.291913
0.137863
0.902977
0.348994
0.769701
0.790516
0.057697
0.741936
0.818994
0.958043
0.262176
0.382054
0.356722
0.06788
0.77064
0.993544
0.472594
0.810706
0.064013
0.272776
0.407899
0.909117
0.772554
0.032541
0.304201
0.503523
0.235224
0.856711
0.925865
0.624187
0.222319
0.551085
0.302895
0.219727
0.729747
0.100762
0.304433
0.86604
0.992606
0.217953
0.659706
0.284035
0.057506
0.130499
0.258596
0.758047
0.037135
0.250639
0.942344
0.490988
0.38668
0.024224
0.36789
0.61271
0.650786
0.213389
0.343299
0.259293
0.745289
0.9672
0.773384
0.656996
0.621911
0.100691
0.528929
0.362799
0.605453
0.049576
0.847004
0.862927
0.523519
0.775012
0.428969
0.481242
0.206542
0.352553
0.35321
0.615782
0.988355
0.927098
0.115606
0.116939
0.51698
0.918456
0.558296
0.630739
0.910494
0.88645
0.491435
0.297009
0.321787
0.083902
0.61348
0.281556
0.821378
0.405254
0.34774
0.444459
0.584825
0.31379
0.624009
0.970122
0.709983
0.732953
0.212167
0.563941
0.131413
0.183052
0.972737
0.66643
0.228574
0.391796
0.703413
0.844871
0.164999
0.049367
0.856924
0.514002
0.076743
0.781769
0.171122
0.903236
0.252582
0.455224
0.9873
0.30323
0.066216
0.179751
0.084852
0.149386
0.710746
0.585997
0.593915
0.513673
0.077381
0.02488
0.605852
0.053405
0.71831
0.150548
0.043923
0.339106
0.011308
0.759345
0.149571
0.770991
0.706802
0.582778
0.787809
0.688469
0.723397
0.4836
0.330049
0.502879
0.720161
0.565333
0.905477
0.203699
0.509081
0.232269
0.679548
0.126426
0.227893
0.332435
0.929172
0.58284
0.776353
0.554348
0.89345
0.823176
0.152996
0.955769
0.15734
0.454353
0.790503
0.651735
0.507389
0.983594
0.189916
0.571479
0.261161
0.481125
0.805731
0.312162
0.158721
0.419806
0.616343
0.889971
0.270667
0.239393
0.138532
0.82094
0.74342
0.473799
0.82922
0.427582
0.467309
0.688184
0.37636
0.21939
0.754949
0.739877
0.361102
0.475417
0.777698
0.489781
0.020945
0.755399
0.145621
0.409903
0.452663
0.359653
0.918409
0.130651
0.074323
0.846049
0.775664
0.619979
0.974136
0.146284
0.026251
0.770025
0.973827
0.36054
0.154894
0.117233
0.931951
0.028705
0.790039
0.474406
0.764058
0.996365
0.434467
0.386394
0.039825
0.379774
0.492709
0.084773
0.179769
0.292547
0.602227
0.353931
0.129373
0.128193
0.613804
0.579406
0.568787
0.191382
0.104202
0.307417
0.972908
0.433294
0.931822
0.946337
0.058833
0.995121
0.719172
0.392082
0.334737
0.957559
0.456412
0.347259
0.261149
0.434555
0.080759
0.736864
0.538685
0.225016
0.6761
0.41055
0.007101
0.688937
0.121587
0.549371
0.811353
0.754082
0.386978
0.638309
0.762821
0.270806
0.169575
0.009785
0.930757
0.901876
0.337681
0.976555
0.633528
0.45882
0.11511
0.569268
0.490358
0.122373
0.736538
0.27412
0.471718
0.725303
0.075956
0.636074
0.863281
0.335695
0.889694
0.259538
0.975876
0.926749
0.803835
0.870947
0.748364
0.953978
0.603976
0.199768
0.599528
0.532252
0.793827
0.996591
0.351806
0.63526
0.325107
0.629372
0.567851
0.994157
0.28731
0.391599
0.407935
0.88953
0.535345
0.318157
0.043764
0.987563
0.243013
0.773266
0.862949
0.861616
0.043053
0.06049
0.059498
0.027678
0.771805
0.71564
0.133721
0.511628
0.332518
0.21131
0.957519
0.064515
0.423527
0.315396
0.301229
0.559634
0.543225
0.970818
0.459295
0.924109
0.859663
0.693366
0.230237
0.550266
0.078613
0.922096
0.159043
0.446494
0.316769
0.168809
0.354967
0.01547
0.386013
0.817802
0.632812
0.832247
0.543634
0.996266
0.431833
0.197208
0.584475
0.298835
0.219929
0.792047
0.040059
0.085428
0.764395
0.965025
0.316658
0.95279
0.713118
0.630159
0.772601
0.255256
0.86023
0.564335
0.97931
0.134489
0.11864
0.360452
0.769375
0.29136
0.855692
0.46251
0.249548
0.054203
0.412186
0.912943
0.330287
0.445939
0.036803
0.717479
0.212385
0.883691
0.731936
0.159493
0.162672
0.388595
0.632299
0.858784
0.110492
0.109313
0.457639
0.838054
0.382669
0.212716
0.447921
0.086528
0.371672
0.789339
0.043737
0.659516
0.829662
0.274039
0.502644
0.196635
0.220069
0.308393
0.417391
0.792874
0.644928
0.918017
0.20604
0.958952
0.564933
0.963598
0.923772
0.802815
0.846301
0.188851
0.45389
0.251923
0.705542
0.655853
0.275266
0.37747
0.914085
0.996188
0.667742
0.603672
0.773623
0.381639
0.937749
0.510347
0.589463
0.077168
0.575175
0.028648
0.151644
0.373508
0.07108
0.12957
0.002845
0.705329
0.418534
0.367917
0.737832
0.009956
0.990131
0.742312
0.870785
0.724628
0.602988
0.360666
0.849039
0.847853
0.460648
0.045583
0.72752
0.087538
0.099802
0.146432
0.958471
0.371199
0.709742
0.971918
0.360088
0.345461
0.869568
0.94013
0.456002
0.879921
0.574212
0.739331
0.209793
0.177702
0.489791
0.577016
0.476849
0.974013
0.193165
0.463973
0.480201
0.372974
0.777008
0.910547
0.180108
0.524612
0.907046
0.287132
0.328679
0.383628
0.550909
0.193645
0.07405
0.523922
0.320861
0.658234
0.15959
0.439564
0.508699
0.996473
0.747322
0.253611
0.774644
0.567717
0.946872
0.994613
0.948712
0.980966
0.383817
0.097245
0.696219
0.022374
0.726419
0.050317
0.039814
0.859222
0.28333
0.899736
0.480356
0.822162
0.603399
0.465436
0.023022
0.452281
0.595067
0.626146
0.376663
0.334189
0.766925
0.220177
0.758227
0.125966
0.770087
0.247761
0.379597
0.725025
0.26689
0.731958
0.652094
0.152482
0.333233
0.155222
0.068588
0.956424
0.952567
0.481339
0.35794
0.553693
0.731227
0.809936
0.166547
0.055989
0.837934
0.934069
0.036085
0.627097
0.517611
0.645746
0.525748
0.306558
0.16994
0.016329
0.631981
0.16539
0.449774
0.726843
0.682844
0.246288
0.901784
0.986909
0.182891
0.560846
0.850635
0.822109
0.671372
0.733385
0.968033
0.847982
0.897984
0.409347
0.267195
0.281183
0.844252
0.469489
0.544508
0.494169
0.435744
0.75012
0.3117
0.937527
0.44257
0.137032
0.235087
0.762569
0.705628
0.823753
0.768869
0.589391
0.576392
0.232494
0.932402
0.581591
0.68737
0.504136
0.014798
0.206007
0.162788
0.422998
0.415526
0.326536
0.099695
0.373182
0.241372
0.039167
0.165588
0.639239
0.668245
0.681406
0.950227
0.105947
0.417343
0.196879
0.353981
0.899752
0.053679
0.309779
0.761773
0.156846
0.52449
0.355687
0.562213
0.695376
0.664272
0.995822
0.369389
0.058153
0.522855
0.889747
0.11324
0.797221
0.136954
0.306889
0.259307
0.056749
0.45107
0.058234
0.97331
0.35009
0.260022
0.021005
0.467781
0.535757
0.391021
0.050913
0.560455
0.24114
0.783821
0.107852
0.766412
0.274997
0.948503
0.67989
0.780718
0.983019
0.716023
0.650792
0.999905
0.256689
0.029742
0.656081
0.675441
0.618999
0.615742
0.29103
0.910721
0.134128
0.465224
0.074535
0.667129
0.366189
0.602051
0.679635
0.221965
0.895571
0.045631
0.470075
0.849121
0.871954
0.612796
0.230533
0.361546
0.138467
0.915996
0.607776
0.285177
0.53326
0.827936
0.108066
0.766955
0.182639
0.468646
0.186327
0.220127
0.842732
0.495495
0.195829
0.318719
0.120117
0.947569
0.229124
0.102562
0.090197
0.38152
0.555416
0.724167
0.661578
0.906963
0.016929
0.898757
0.447297
0.955112
0.299171
0.820817
0.085263
0.709068
0.580402
0.405695
0.594662
0.973219
0.184112
0.842706
0.117145
0.608389
0.207918
0.360964
0.609728
0.59026
0.048292
0.001493
0.408147
0.386038
0.056486
0.631466
0.191144
0.965815
0.31679
0.415043
0.351846
0.924553
0.347761
0.722291
0.941069
0.606724
0.738999
0.546198
0.254472
0.054259
0.055372
0.111181
0.05833
0.895512
0.387078
0.214883
0.461586
0.093227
0.454328
0.963578
0.487431
0.29266
0.409421
0.447847
0.858314
0.791026
0.760506
0.954011
0.207268
0.681393
0.462106
0.377565
0.812543
0.0982
0.600378
0.722558
0.156065
0.712717
0.906064
0.749618
0.55433
0.025376
0.069214
0.073481
0.242803
0.975761
0.235952
0.991947
0.588034
0.658449
0.369868
0.640105
0.076978
0.528016
0.271071
0.594902
0.075068
0.932819
0.023668
0.048406
0.711688
0.266236
0.788495
0.40856
0.67673
0.182432
0.731082
0.334517
0.835382
0.183404
0.333791
0.118488
0.82546
0.418535
0.04648
0.767108
0.315123
0.646079
0.699
0.094474
0.339394
0.215693
0.975857
0.943782
0.246117
0.664507
0.725733
0.080159
0.112483
0.03956
0.336087
0.729056
0.152201
0.834723
0.878537
0.811759
0.0511
0.481368
0.10139
0.222733
0.013791
0.044351
0.550034
0.483372
0.843967
0.154501
0.047719
0.741946
0.801823
0.74023
0.948611
0.700607
0.38004
0.238338
0.785417
0.786411
0.387644
0.957362
0.484204
0.728104
0.646315
0.289302
0.636411
0.158951
0.131714
0.097229
0.260113
0.027883
0.353501
0.238945
0.771063
0.754776
0.885468
0.32265
0.364316
0.396856
0.252363
0.118196
0.733715
0.297015
0.03917
0.91749
0.787985
0.968842
0.52914
0.444723
0.633174
0.449768
0.752254
0.103458
0.523907
0.711002
0.342017
0.781919
0.511875
0.369495
0.165714
0.268043
0.592824
0.21995
0.885179
0.577479
0.169325
0.646688
0.299456
0.303874
0.565016
0.236432
0.117361
0.894602
0.371608
0.997871
0.097909
0.411772
0.162595
0.603434
0.655121
0.038624
0.307743
0.060956
0.424582
0.288839
0.521145
0.041077
0.733326
0.952696
0.947043
0.295773
0.70049
0.501954
0.329219
0.664669
0.033526
0.038366
0.27263
0.938972
0.221044
0.694621
0.636196
0.904314
0.474459
0.229203
0.172992
0.382501
0.400997
0.54248
0.401114
0.766788
0.756262
0.582116
0.909448
0.384201
0.772118
0.634816
0.749156
0.961663
0.38011
0.561816
0.448692
0.733321
0.572707
0.815412
0.031424
0.708469
0.726569
0.441337
0.886782
0.216018
0.796421
0.771427
0.592187
0.667557
0.29485
0.415339
0.145957
0.879234
0.181876
0.845888
0.191903
0.956994
0.485491
0.945488
0.437548
0.812735
0.31328
0.481425
0.081101
0.807394
0.964988
0.85659
0.98207
0.841162
0.234884
0.177047
0.198113
0.229621
0.475483
0.822195
0.479241
0.522429
0.977479
0.083846
0.516404
0.641542
0.432368
0.934261
0.994977
0.263955
0.938206
0.416965
0.24672
0.495727
0.267958
0.788809
0.622427
0.583881
0.541006
0.132735
0.799007
0.48431
0.615274
0.635898
0.946507
0.819312
0.88868
0.80339
0.250494
0.297316
0.647217
0.387465
0.080017
0.169851
0.0098
0.943945
0.471226
0.889039
0.259538
0.450885
0.620422
0.148171
0.971519
0.207093
0.398317
0.949888
0.070897
0.876151
0.407538
0.048326
0.595365
0.558588
0.024192
0.341101
0.406332
0.745251
0.292458
0.557529
0.647398
0.82506
0.266713
0.217205
0.941103
0.766625
0.515697
0.840727
0.716445
0.049461
0.964252
0.254473
0.608689
0.206914
0.58816
0.685275
0.10859
0.362732
0.75932
0.414006
0.63462
0.080924
0.503093
0.332431
0.620655
0.721517
0.122918
0.754126
0.522145
0.241394
0.082288
0.423797
0.46296
0.440866
0.999528
0.019796
0.710543
0.492115
0.519789
0.100104
0.997809
0.744009
0.892542
0.831862
0.527349
0.246291
0.355317
0.841688
0.456999
0.955554
0.849222
0.584619
0.519377
0.363257
0.055307
0.992578
0.171793
0.418908
0.125595
0.501626
0.249139
0.48151
0.440598
0.942512
0.530896
0.448079
0.358433
0.008509
0.087468
0.954652
0.117115
0.722694
0.983858
0.818437
0.871931
0.306738
0.63847
0.863034
0.825769
0.963744
0.482339
0.624355
0.825804
0.785707
0.535356
0.802479
0.192238
0.284286
0.713836
0.599857
0.111737
0.037348
0.722167
0.050924
0.680464
0.208281
0.664041
0.038478
0.385631
0.294311
0.233171
0.077607
0.46621
0.704038
0.458393
0.363031
0.690949
0.666386
0.84091
0.144499
0.614953
0.021166
0.170051
0.809908
0.899977
0.301456
0.868986
0.978218
0.956084
0.826642
0.623249
0.231905
0.201277
0.649329
0.661158
0.376623
0.090759
0.515993
0.203533
0.409473
0.279193
0.545491
0.333774
0.734096
0.61267
0.541851
0.119894
0.392626
0.782956
0.987556
0.906442
0.227151
0.170086
0.073117
0.556437
0.787848
0.674778
0.879362
0.353259
0.230701
0.798661
0.330589
0.102734
0.853399
0.485573
0.973663
0.620937
0.018696
0.424642
0.17972
0.773629
0.950137
0.160644
0.38523
0.725954
0.365599
0.586072
0.208331
0.90662
0.237854
0.132133
0.34599
0.147576
0.769034
0.608835
0.516323
0.830806
0.502842
0.688136
0.833695
0.441301
0.954823
0.504313
0.260821
0.520795
0.509899
0.42438
0.938256
0.13799
0.471711
0.490194
0.541963
0.482425
0.126361
0.031835
0.390758
0.97228
0.18464
0.391757
0.272693
0.37234
0.025179
0.453326
0.12436
0.993775
0.148272
0.592833
0.820635
0.206651
0.837041
0.610031
0.039483
0.741796
0.820786
0.721125
0.288723
0.959552
0.564004
0.318499
0.413756
0.208416
0.819863
0.830345
0.597106
0.918727
0.679747
0.797566
0.924807
0.280714
0.516943
0.180625
0.644622
0.071993
0.360206
0.11465
0.057278
0.699779
0.42644
0.40185
0.429032
0.850677
0.970955
0.519117
0.317986
0.665329
0.434655
0.388358
0.075956
0.645967
0.645965
0.320773
0.861249
0.524844
0.56711
0.066518
0.151483
0.493717
0.981474
0.658112
0.686114
0.533106
0.517816
0.627495
0.005577
0.373707
0.891199
0.306668
0.372977
0.66032
0.508924
0.834288
0.1368
0.904866
0.805058
0.976474
0.050269
0.973928
0.797975
0.433293
0.733815
0.653791
0.963679
0.039501
0.931437
0.862418
0.785939
0.237527
0.875791
0.02007
0.755128
0.5327
0.889341
0.136003
0.473512
0.312433
0.034647
0.888375
0.151883
0.675342
0.624654
0.69573
0.768767
0.628075
0.567119
0.020067
0.027408
0.223984
0.546655
0.005291
0.250559
0.353977
0.118515
0.789153
0.707243
0.240476
0.751743
0.481751
0.169909
0.659304
0.125499
0.547632
0.662339
0.957672
0.070109
0.513916
0.1572
0.376335
0.811713
0.779152
0.63044
0.438983
0.981136
0.571561
0.004033
0.53101
0.123697
0.320363
0.337559
0.143912
0.233049
0.851866
0.511461
0.633406
0.608408
0.308875
0.136191
0.938147
0.563724
0.241102
0.0044
0.300311
0.629051
0.662291
0.517272
0.308409
0.856974
0.122588
0.546905
0.628471
0.655067
0.165699
0.932115
0.809342
0.026899
0.715775
0.751947
0.027979
0.385916
0.367291
0.386483
0.285497
0.777275
0.355544
0.702917
0.780041
0.319326
0.511767
0.235305
0.23076
0.529266
0.628762
0.160696
0.963805
0.988641
0.789093
0.075602
0.225597
0.30203
0.323943
0.083494
0.133969
0.914097
0.637532
0.132246
0.566243
0.67471
0.553744
0.218668
0.352646
0.372162
0.511032
0.192211
0.913561
0.166286
0.335147
0.654794
0.936609
0.756245
0.519283
0.163815
0.350715
0.305862
0.177314
0.35511
0.454756
0.207292
0.022685
0.245227
0.683763
0.760819
0.130899
0.73102
0.238699
0.497812
0.305453
0.281846
0.987512
0.541235
0.51657
0.501312
0.919532
0.643598
0.643494
0.992642
0.953056
0.66931
0.429422
0.737049
0.873943
0.999413
0.357925
0.351523
0.110337
0.330729
0.73861
0.785656
0.481037
0.644401
0.066769
0.977237
0.151231
0.452732
0.841357
0.516714
0.624867
0.172016
0.200138
0.150414
0.449109
0.974443
0.449345
0.370074
0.742396
0.997614
0.671522
0.741272
0.410205
0.18044
0.971481
0.630771
0.36535
0.000515
0.18169
0.210519
0.518568
0.086192
0.283518
0.158257
0.916185
0.043601
0.010222
0.418677
0.697865
0.981261
0.276803
0.753983
0.759695
0.541591
0.909586
0.435055
0.521714
0.242994
0.095917
0.279
0.902855
0.097475
0.12564
0.322046
0.387614
0.956578
0.60532
0.101467
0.950186
0.595448
0.216908
0.28596
0.208961
0.667848
0.176054
0.163107
0.813852
0.024562
0.394174
0.728416
0.962689
0.37843
0.126763
0.780033
0.743712
0.866261
0.249074
0.596879
0.942201
0.283724
0.211007
0.353425
0.199739
0.236562
0.109293
0.992588
0.568751
0.57062
0.319124
0.14679
0.725268
0.551469
0.388329
0.858703
0.708481
0.355222
0.50094
0.64711
0.885286
0.101231
0.840399
0.400135
0.433602
0.651182
0.255016
0.758562
0.361929
0.02198
0.744217
0.703001
0.513129
0.854336
0.75845
0.303232
0.678797
0.927102
0.449215
0.741058
0.637938
0.377859
0.046751
0.12138
0.159186
0.948192
0.092866
0.505455
0.104384
0.813392
0.747913
0.424983
0.081793
0.337779
0.02813
0.308391
0.882719
0.665087
0.027901
0.051517
0.755648
0.105192
0.51779
0.730257
0.261249
0.386588
0.531384
0.639634
0.974093
0.091898
0.567791
0.592311
0.856308
0.404048
0.206274
0.798239
0.722956
0.511541
0.098434
0.797815
0.891612
0.878063
0.112914
0.580273
0.344546
0.411421
0.861628
0.38109
0.978694
0.603571
0.395652
0.738137
0.099039
0.229409
0.901348
0.008417
0.729519
0.813549
0.307547
0.746204
0.680084
0.812692
0.865429
0.988395
0.190522
0.903823
0.74622
0.972632
0.571785
0.406361
0.15208
0.978471
0.058738
0.93341
0.045823
0.067853
0.917356
0.822031
0.263066
0.859835
0.135393
0.510716
0.508225
0.47667
0.854471
0.433567
0.473969
0.58602
0.303136
0.429977
0.91585
0.895915
0.722523
0.513783
0.510456
0.787524
0.709153
0.721613
0.499614
0.528242
0.067087
0.167367
0.180615
0.745312
0.037432
0.848757
0.84114
0.197442
0.231263
0.846377
0.453739
0.824077
0.099135
0.505272
0.34448
0.6488
0.670454
0.956456
0.789743
0.70748
0.054349
0.158456
0.288312
0.200712
0.808816
0.37899
0.374106
0.329435
0.945558
0.444602
0.131459
0.267943
0.596398
0.695799
0.237359
0.152708
0.267661
0.354359
0.569012
0.385452
0.532221
0.410203
0.732934
0.152288
0.900864
0.85063
0.512635
0.120202
0.201769
0.792435
0.938523
0.460321
0.901318
0.914684
0.821973
0.472855
0.887975
0.18112
0.660002
0.905686
0.586179
0.905206
0.502394
0.795344
0.46288
0.084342
0.998799
0.965981
0.039999
0.922842
0.59444
0.735107
0.034488
0.485872
0.305838
0.138277
0.091425
0.188098
0.84029
0.889693
0.128093
0.4338
0.822509
0.817559
0.555063
0.219089
0.47747
0.847813
0.266091
0.127731
0.570293
0.876472
0.458814
0.964849
0.75973
0.001284
0.382571
0.491789
0.668945
0.449591
0.952165
0.205543
0.534192
0.003979
0.475222
0.452615
0.15003
0.571159
0.177634
0.264881
0.996668
0.762095
0.09307
0.808591
0.387666
0.577239
0.289141
0.658812
0.540646
0.272974
0.696142
0.550548
0.030835
0.622861
0.800851
0.112564
0.49649
0.793416
0.472467
0.847793
0.603219
0.87434
0.761555
0.968622
0.245081
0.437513
0.253857
0.818425
0.12305
0.72216
0.103664
0.383908
0.140422
0.482601
0.915272
0.816991
0.486729
0.250218
0.07192
0.856504
0.873261
0.078537
0.391891
0.399489
0.22633
0.424562
0.886033
0.733687
0.22484
0.873622
0.929181
0.57534
0.400574
0.498627
0.242682
0.526643
0.934281
0.643198
0.835452
0.577728
0.613747
0.742012
0.633041
0.95145
0.027895
0.409663
0.154754
0.172015
0.545333
0.539863
0.076945
0.545776
0.335146
0.334785
0.339527
0.036191
0.724573
0.44247
0.138568
0.30234
0.763954
0.094324
0.862019
0.227687
0.074403
0.309038
0.398425
0.587882
0.718949
0.181928
0.52098
0.303675
0.923702
0.786051
0.41947
0.460081
0.167102
0.12584
0.120264
0.096019
0.762856
0.518166
0.103473
0.536048
0.785926
0.963061
0.933635
0.810071
0.999863
0.456008
0.991323
0.721186
0.95572
0.408867
0.048598
0.833268
0.179071
0.36367
0.70666
0.775754
0.804417
0.707077
0.966054
0.757976
0.462571
0.164106
0.467129
0.740966
0.440369
0.949941
0.792245
0.231715
0.087549
0.094829
0.577727
0.168097
0.427479
0.172317
0.968632
0.327088
0.603373
0.787618
0.042198
0.874993
0.638225
0.900726
0.644459
0.190212
0.210606
0.303015
0.623102
0.76533
0.011108
0.090192
0.610219
0.372337
0.047139
0.946692
0.036197
0.430322
0.637113
0.296902
0.441825
0.055834
0.675103
0.62596
0.124858
0.235365
0.529956
0.540372
0.811287
0.1
0.97118
0.862087
0.205117
0.645713
0.304107
0.861875
0.171562
0.307223
0.046611
0.648513
0.316976
0.941116
0.039854
0.699787
0.206662
0.661708
0.865368
0.719305
0.553679
0.369668
0.792315
0.055859
0.732258
0.470242
0.615756
0.541055
0.999674
0.915556
0.253997
0.229408
0.118314
0.642398
0.731574
0.9087
0.531412
0.417072
0.917284
0.140341
0.511686
0.68946
0.834592
0.204524
0.981154
0.291685
0.641964
0.515319
0.830613
0.249112
0.934109
0.792062
0.228708
0.478973
0.843012
0.413498
0.528489
0.163147
0.377677
0.627179
0.472123
0.208083
0.803253
0.562567
0.878984
0.024193
0.217884
0.12389
0.128593
0.939165
0.235784
0.31604
0.588277
0.488913
0.701423
0.55268
0.43911
0.030726
0.355474
0.598757
0.656139
0.674283
0.79355
0.749784
0.599841
0.930189
0.819264
0.535435
0.444493
0.756605
0.839961
0.908341
0.919433
0.932311
0.70022
0.077898
0.880585
0.890017
0.60099
0.775071
0.03041
0.479698
0.062123
0.017622
0.223795
0.87734
0.553886
0.973354
0.335023
0.998508
0.194278
0.476398
0.684566
0.501478
0.406121
0.154562
0.759077
0.127759
0.93508
0.377978
0.823839
0.597969
0.04629
0.506765
0.975319
0.19274
0.464034
0.752168
0.521278
0.580226
0.987783
0.875411
0.799148
0.665875
0.521187
0.486369
0.735669
0.629104
0.024501
0.904051
0.792286
0.543467
0.880388
0.900497
0.797791
0.733333
0.549504
0.273537
0.122314
0.457372
0.917536
0.876918
0.662964
0.168322
0.58741
0.366829
0.309507
0.665405
0.134735
0.196235
0.759512
0.010459
0.21612
0.85921
0.497807
0.228311
0.803268
0.508741
0.392626
0.918487
0.621433
0.030788
0.576683
0.793292
0.458089
0.185579
0.256705
0.559872
0.803111
0.956999
0.428769
0.589905
0.963365
0.397668
0.412191
0.019682
0.7387
0.769322
0.676865
0.894386
0.460154
0.829231
0.136529
0.742635
0.608125
0.414902
0.224505
0.191328
0.133189
0.836133
0.835957
0.906475
0.531889
0.81839
0.98694
0.209777
0.250628
0.497385
0.221723
0.263041
0.780357
0.377567
0.742132
0.57962
0.639762
0.176069
0.949104
0.400125
0.886115
0.75942
0.937128
0.216875
0.972905
0.562176
0.721298
0.926687
0.217093
0.108507
0.093874
0.1831
0.849089
0.64863
0.117671
0.018385
0.314695
0.955921
0.585223
0.94321
0.42475
0.369322
0.70455
0.465807
0.693777
0.157352
0.997344
0.145347
0.327984
0.320142
0.382865
0.081666
0.875343
0.614138
0.398302
0.90005
0.226486
0.999209
0.249742
0.311342
0.696971
0.563631
0.553474
0.904775
0.601118
0.812942
0.292535
0.578254
0.553321
0.149702
0.437208
0.33957
0.58904
0.527575
0.320635
0.876413
0.532571
0.821895
0.784955
0.593324
0.868268
0.625222
0.934026
0.89716
0.494136
0.710322
0.833624
0.910553
0.820041
0.60046
0.069145
0.198726
0.346307
0.101796
0.753285
0.87175
0.316783
0.269208
0.177819
0.981041
0.950403
0.203282
0.635681
0.313393
0.488918
0.126334
0.156168
0.080378
0.003653
0.377039
0.867369
0.316032
0.197154
0.774874
0.666784
0.464974
0.92435
0.415844
0.213096
0.779006
0.982436
0.889404
0.046549
0.756854
0.455497
0.552434
0.35032
0.506023
0.550358
0.421276
0.93865
0.545768
0.328827
0.51006
0.502474
0.425767
0.024443
0.036698
0.398526
0.3393
0.220046
0.547889
0.46434
0.400489
0.928731
0.294025
0.272105
0.855721
0.145822
0.748952
0.309993
0.599369
0.853953
0.172204
0.378828
0.382312
0.452799
0.758561
0.532979
0.930664
0.214576
0.058794
0.339191
0.515239
0.773626
0.818579
0.139502
0.524158
0.608445
0.296713
0.466847
0.069553
0.727976
0.506737
0.189416
0.589505
0.340912
0.834292
0.088595
0.445892
0.46165
0.899907
0.331077
0.844229
0.633858
0.079788
0.987009
0.321464
0.629415
0.65734
0.651069
0.537761
0.931085
0.616732
0.285005
0.415866
0.548746
0.59722
0.306102
0.182574
0.184615
0.272306
0.116919
0.352645
0.032552
0.688811
0.108019
0.965478
0.253684
0.751579
0.506565
0.635881
0.208884
0.784697
0.848654
0.31563
0.821524
0.172026
0.677145
0.195957
0.498676
0.558122
0.397875
0.533227
0.050318
0.282322
0.496941
0.775366
0.37713
0.10106
0.509395
0.9424
0.267678
0.46521
0.699381
0.847923
0.472833
0.768563
0.25217
0.764391
0.548117
0.658398
0.744351
0.127223
0.419082
0.784011
0.350118
0.987447
0.877487
0.481898
0.791235
0.233892
0.980634
0.622404
0.237566
0.791263
0.683218
0.422999
0.840953
0.315311
0.309905
0.301604
0.228272
0.511853
0.355622
0.376612
0.415053
0.877669
0.389623
0.955561
0.280215
0.798111
0.157297
0.227255
0.763991
0.602093
0.789754
0.424765
0.538182
0.706202
0.700057
0.175505
0.206125
0.935825
0.476358
0.857114
0.589628
0.606976
0.489006
0.897273
0.837224
0.907708
0.059224
0.223851
0.870022
0.984504
0.145779
0.581627
0.924001
0.567695
0.789741
0.249393
0.303175
0.852539
0.864205
0.448575
0.435934
0.060511
0.741838
0.639032
0.804566
0.112009
0.119533
0.578828
0.05415
0.653039
0.836222
0.153869
0.78787
0.026738
0.059069
0.147648
0.158187
0.939448
0.442113
0.813939
0.728721
0.711495
0.212484
0.14737
0.597684
0.167255
0.725375
0.24022
0.310144
0.052706
0.334526
0.796019
0.98389
0.939851
0.809645
0.037624
0.06406
0.926696
0.277729
0.986704
0.238559
0.587144
0.973719
0.991567
0.500962
0.969572
0.398967
0.446616
0.000668
0.604152
0.709146
0.821487
0.849933
0.200203
0.399974
0.132807
0.03261
0.391891
0.941441
0.695277
0.942499
0.117916
0.791899
0.771734
0.759798
0.382535
0.646848
0.478734
0.277471
0.530209
0.917058
0.782911
0.306488
0.317684
0.260147
0.666334
0.402884
0.787769
0.95575
0.070405
0.381235
0.568023
0.267527
0.132096
0.849806
0.88183
0.823689
0.437648
0.119951
0.535816
0.314035
0.836591
0.897174
0.229044
0.323857
0.205088
0.120748
0.333494
0.474126
0.262299
0.332165
0.297329
0.17133
0.264331
0.675098
0.711613
0.515088
0.548088
0.230596
0.972254
0.247103
0.294579
0.035756
0.404619
0.840005
0.617563
0.896926
0.466058
0.597833
0.993552
0.148481
0.082088
0.337891
0.609691
0.213621
0.908634
0.287624
0.71905
0.914922
0.083287
0.239489
0.102358
0.021417
0.226151
0.858222
0.326861
0.119376
0.464915
0.713434
0.665821
0.346604
0.963747
0.182751
0.038451
0.38284
0.687776
0.850118
0.390449
0.455764
0.03451
0.279076
0.173689
0.168164
0.436204
0.582688
0.446788
0.363919
0.743942
0.461231
0.579714
0.307284
0.916436
0.759006
0.874286
0.166258
0.813654
0.239592
0.205845
0.822471
0.699003
0.916899
0.266344
0.172166
0.738784
0.358047
0.286924
0.424447
0.607366
0.966964
0.144016
0.794228
0.30166
0.130407
0.536624
0.987285
0.224961
0.668814
0.997526
0.964721
0.853389
0.534716
0.160163
0.402778
0.628441
0.1715
0.02934
0.567328
0.767549
0.016135
0.388379
0.831356
0.865421
0.973047
0.816161
0.813355
0.176198
0.071688
0.332537
0.834316
0.496715
0.344712
0.0851
0.970389
0.481383
0.633075
0.474292
0.016161
0.293571
0.833551
0.261487
0.235839
0.847262
0.731895
0.005256
0.343409
0.606778
0.091383
0.303104
0.461237
0.087985
0.617513
0.553785
0.553915
0.537726
0.936166
0.229327
0.01785
0.209646
0.626848
0.798589
0.007315
0.692413
0.453729
0.354171
0.613729
0.49174
0.74463
0.134747
0.15543
0.133726
0.837598
0.971714
0.496777
0.260924
0.863877
0.298757
0.429425
0.032999
0.703327
0.036203
0.735366
0.004972
0.514285
0.481897
0.426002
0.678379
0.005949
0.701823
0.352619
0.21838
0.833812
0.693536
0.919965
0.486638
0.774846
0.553137
0.612711
0.109091
0.421022
0.16922
0.714102
0.262624
0.312908
0.703919
0.563163
0.277056
0.666173
0.613315
0.428059
0.233652
0.181314
0.499885
0.925544
0.460692
0.581591
0.513801
0.354132
0.385106
0.640379
0.245756
0.110403
0.35625
0.011504
0.475324
0.898821
0.235843
0.014848
0.20901
0.729223
0.823937
0.132159
0.071368
0.367026
0.903661
0.511148
0.977542
0.030451
0.422992
0.043801
0.284468
0.76582
0.232856
0.099375
0.652008
0.618441
0.250787
0.150694
0.920134
0.074388
0.390268
0.046431
0.914261
0.083547
0.662933
0.86805
0.152982
0.004614
0.098097
0.695148
0.155887
0.587639
0.134089
0.74887
0.126955
0.859991
0.992085
0.760341
0.875209
0.190285
0.339142
0.86289
0.273003
0.879886
0.265455
0.65552
0.76439
0.823955
0.672753
0.388339
0.056623
0.79177
0.821143
0.502279
0.829269
0.245745
0.508822
0.159998
0.716631
0.697075
0.996398
0.685021
0.830863
0.847163
0.011458
0.114563
0.446639
0.685498
0.532021
0.797624
0.772803
0.026544
0.354935
0.389245
0.483523
0.740489
0.756219
0.167166
0.897555
0.541436
0.327867
0.574882
0.347401
0.451958
0.990143
0.585733
0.090881
0.730602
0.022043
0.972779
0.475218
0.586592
0.746963
0.606184
0.96625
0.177429
0.214547
0.50026
0.724944
0.033847
0.181126
0.01017
0.123364
0.352501
0.730355
0.804081
0.081165
0.554872
0.856873
0.602894
0.415394
0.433995
0.458158
0.409272
0.911092
0.10648
0.721178
0.959852
0.061733
0.392858
0.248274
0.50843
0.328188
0.106979
0.536913
0.845287
0.948273
0.344311
0.301788
0.162804
0.4797
0.392725
0.115183
0.421126
0.138416
0.003244
0.002466
0.571397
0.684213
0.468145
0.409151
0.710763
0.807946
0.197201
0.313153
0.850453
0.317485
0.401557
0.610073
0.545596
0.236726
0.764389
0.246004
0.677598
0.688871
0.355421
0.574852
0.614449
0.61769
0.200879
0.447436
0.870409
0.11626
0.475497
0.481331
0.806868
0.08804
0.054026
0.970727
0.17299
0.346685
0.73667
0.8979
0.766704
0.088528
0.152996
0.390139
0.986862
0.985335
0.355355
0.704576
0.959008
0.939665
0.25234
0.762384
0.238244
0.185107
0.867865
0.84459
0.966199
0.617368
0.086038
0.061879
0.339512
0.408887
0.398341
0.230944
0.985495
0.094303
0.884229
0.136841
0.230169
0.649955
0.409361
0.776282
0.981684
0.379432
0.98883
0.643616
0.819487
0.858713
0.996074
0.834594
0.330047
0.599335
0.588963
0.898651
0.235506
0.80623
0.352767
0.439139
0.515447
0.455409
0.644999
0.955187
0.774349
0.502628
0.230536
0.962987
0.537382
0.134044
0.698203
0.633098
0.518984
0.533831
0.007609
0.40475
0.058088
0.506057
0.757227
0.868475
0.162835
0.0917
0.406892
0.261914
0.907394
0.001181
0.236246
0.889467
0.292856
0.573129
0.038137
0.302755
0.639806
0.90284
0.601755
0.198786
0.11786
0.211645
0.224986
0.76645
0.941938
0.150571
0.883424
0.131619
0.041041
0.404735
0.859492
0.989909
0.049617
0.167172
0.348739
0.945189
0.993331
0.145484
0.227582
0.995656
0.024352
0.080792
0.700136
0.787475
0.150728
0.845752
0.144541
0.492667
0.504898
0.903775
0.338149
0.741367
0.014841
0.007152
0.479635
0.235353
0.630804
0.365513
0.236737
0.635631
0.828688
0.741683
0.353561
0.653998
0.404307
0.657502
0.024924
0.778015
0.311857
0.31921
0.319837
0.892748
0.137742
0.21434
0.154953
0.316678
0.044132
0.6373
0.520641
0.646035
0.752027
0.23861
0.498046
0.647914
0.885726
0.987455
0.202025
0.827125
0.763641
0.583254
0.552147
0.196066
0.367723
0.151675
0.07644
0.239003
0.622838
0.978367
0.127872
0.568726
0.511066
0.029349
0.653796
0.463404
0.551385
0.993169
0.204124
0.547367
0.895877
0.424301
0.348403
0.28752
0.641734
0.024836
0.594439
0.184666
0.910703
0.801654
0.080833
0.424178
0.897656
0.939686
0.593705
0.72795
0.638546
0.108482
0.707129
0.188398
0.233057
0.032243
0.31118
0.051514
0.626898
0.219447
0.089298
0.327637
0.743308
0.899719
0.837647
0.938848
0.253972
0.39269
0.556734
0.135105
0.45758
0.351939
0.152397
0.849863
0.729039
0.076819
0.927618
0.855401
0.808982
0.642003
0.319395
0.470513
0.447007
0.227059
0.207932
0.917633
0.933044
0.331569
0.648676
0.366613
0.188868
0.98667
0.270609
0.683762
0.430548
0.814857
0.295774
0.468443
0.886712
0.227193
0.045225
0.070615
0.954854
0.016982
0.570858
0.390215
0.25482
0.532333
0.71279
0.263717
0.223657
0.231879
0.3413
0.519142
0.108556
0.468078
0.80373
0.017079
0.60045
0.388848
0.341838
0.736935
0.147807
0.336113
0.246971
0.624947
0.493922
0.418159
0.776699
0.546481
0.162961
0.065745
0.744128
0.986167
0.255171
0.203092
0.272395
0.303775
0.914303
0.197075
0.427329
0.819943
0.564748
0.740338
0.40509
0.624744
0.831446
0.948972
0.341909
0.020398
0.622321
0.307985
0.910175
0.631959
0.074051
0.893764
0.079492
0.077516
0.47799
0.215587
0.230635
0.950423
0.299187
0.397569
0.752964
0.074347
0.969895
0.871018
0.78771
0.53715
0.650789
0.428736
0.971362
0.2154
0.385427
0.57309
0.442392
0.066429
0.313575
0.435089
0.720378
0.506438
0.471931
0.031849
0.624674
0.134143
0.741381
0.605415
0.401047
0.853487
0.146226
0.921788
0.828601
0.672372
0.820791
0.247887
0.923959
0.97354
0.664189
0.198405
0.762368
0.500582
0.52267
0.76464
0.731132
0.632229
0.426412
0.797024
0.374425
0.978744
0.161882
0.341396
0.837514
0.606745
0.327263
0.574388
0.758745
0.490351
0.223235
0.79712
0.330277
0.644085
0.178375
0.411631
0.867027
0.734523
0.031373
0.680939
0.686634
0.569272
0.8733
0.691166
0.210078
0.352516
0.647665
0.261412
0.220227
0.348545
0.665299
0.435612
0.571521
0.752175
0.841228
0.585181
0.647667
0.968316
0.981688
0.399216
0.646238
0.794172
0.716246
0.082573
0.775596
0.248138
0.067203
0.533559
0.40201
0.975709
0.464302
0.036793
0.042211
0.868449
0.684503
0.737926
0.224981
0.200266
0.090897
0.840545
0.970637
0.954448
0.813737
0.575676
0.207997
0.111572
0.409867
0.228833
0.794479
0.751431
0.399748
0.931077
0.825049
0.980784
0.160482
0.481731
0.72159
0.138084
0.816114
0.138019
0.916233
0.802005
0.032307
0.680962
0.94493
0.750818
0.906814
0.315183
0.416457
0.588059
0.256839
0.697008
0.754334
0.466309
0.985941
0.312714
0.715035
0.882992
0.020544
0.829974
0.755694
0.261902
0.752663
0.584609
0.755767
0.700556
0.777059
0.249386
0.56623
0.417492
0.536288
0.992072
0.796662
0.040422
0.776754
0.253005
0.100222
0.389036
0.898564
0.117934
0.992407
0.757522
0.775421
0.39855
0.516093
0.478654
0.798646
0.237823
0.042521
0.189402
0.556319
0.420458
0.420223
0.619551
0.70081
0.210789
0.276904
0.332497
0.016056
0.042767
0.151466
0.561561
0.816337
0.830956
0.508867
0.311831
0.725334
0.12946
0.371306
0.289567
0.95841
0.866468
0.792004
0.064967
0.536835
0.521241
0.794575
0.60808
0.081967
0.442099
0.913904
0.013383
0.761903
0.175268
0.726949
0.037036
0.191116
0.435043
0.276172
0.981404
0.165724
0.588429
0.581168
0.699509
0.009789
0.642056
0.58739
0.854089
0.282619
0.094175
0.332275
0.874167
0.208799
0.3646
0.731439
0.673365
0.426742
0.057929
0.395194
0.654201
0.45242
0.168929
0.7784
0.765926
0.710681
0.333172
0.022857
0.663363
0.366586
0.732757
0.573682
0.205314
0.896544
0.75868
0.400118
0.563405
0.538941
0.868585
0.784817
0.578768
0.428608
0.395895
0.786844
0.93663
0.824198
0.095012
0.628689
0.629029
0.594842
0.449416
0.144483
0.493197
0.0097
0.952198
0.839964
0.927772
0.601705
0.026572
0.703532
0.944482
0.122296
0.398621
0.4936
0.659795
0.971919
0.490994
0.404782
0.460989
0.393325
0.466998
0.509389
0.972708
0.5895
0.806395
0.557901
0.250189
0.680659
0.839922
0.291031
0.360705
0.190266
0.446181
0.135278
0.138335
0.078902
0.701417
0.464159
0.509579
0.591523
0.437381
0.884865
0.11449
0.282173
0.600108
0.473262
0.507774
0.149369
0.831396
0.286451
0.361453
0.732896
0.483818
0.499491
0.606232
0.53891
0.614407
0.474507
0.888956
0.23249
0.311435
0.995169
0.701571
0.614232
0.387324
0.588179
0.6139
0.420572
0.686885
0.614426
0.10537
0.171749
0.349263
0.33317
0.133987
0.859842
0.824681
0.570253
0.724667
0.246736
0.63403
0.613509
0.734539
0.101836
0.445594
0.592812
0.641912
0.016346
0.500068
0.080111
0.370483
0.696286
0.915635
0.887753
0.717693
0.266734
0.89926
0.6072
0.191987
0.8424
0.846331
0.578587
0.408113
0.216397
0.657507
0.64679
0.001965
0.745007
0.506467
0.359906
0.215493
0.463396
0.377503
0.770587
0.705302
0.326593
0.529013
0.452365
0.449701
0.511462
0.797336
0.480605
0.105015
0.772697
0.031408
0.684668
0.217213
0.530815
0.120978
0.13201
0.284839
0.367512
0.00991
0.337061
0.836081
0.3202
0.453583
0.580045
0.792396
0.887237
0.719989
0.588219
0.53759
0.105268
0.873161
0.999149
0.419708
0.636043
0.762186
0.987744
0.733496
0.334633
0.457559
0.898251
0.793007
0.581833
0.311554
0.516321
0.459198
0.406771
0.758358
0.010173
0.198162
0.9874
0.369536
0.58446
0.736148
0.151501
0.562892
0.230184
0.50254
0.782797
0.614532
0.61387
0.333146
0.084039
0.568563
0.112975
0.162959
0.987572
0.034199
0.562443
0.090918
0.692027
0.597699
0.058391
0.173009
0.925021
0.538895
0.561582
0.189742
0.399141
0.965427
0.572823
0.823148
0.577572
0.183829
0.65423
0.50132
0.909715
0.735784
0.911526
0.985674
0.568332
0.678511
0.790611
0.444137
0.176944
0.933951
0.528039
0.87189
0.606587
0.816042
0.81497
0.014292
0.271746
0.413708
0.677832
0.501589
0.112133
0.070381
0.155743
0.373253
0.591982
0.491065
0.578451
0.466676
0.736341
0.092855
0.367312
0.587152
0.253349
0.53313
0.60613
0.718334
0.186434
0.504767
0.45158
0.799755
0.975364
0.628612
0.062558
0.900423
0.838279
0.084828
0.090736
0.321999
0.06089
0.143534
0.840563
0.025164
0.669665
0.753604
0.474474
0.37739
0.917607
0.661178
0.726936
0.260407
0.898032
0.125694
0.744286
0.024828
0.668232
0.176311
0.826871
0.885729
0.883311
0.864477
0.702533
0.77126
0.703971
0.591527
0.258701
0.208859
0.452247
0.024607
0.51282
0.138667
0.877331
0.018507
0.353668
0.653159
0.071148
0.041552
0.516082
0.381864
0.769017
0.954896
0.520743
0.800968
0.294688
0.087875
0.695373
0.563125
0.101296
0.282845
0.367553
0.422911
0.617867
0.155292
0.250843
0.430115
0.426863
0.228922
0.782421
0.626196
0.020889
0.32406
0.808319
0.212527
0.072453
0.614023
0.601785
0.316138
0.038164
0.101887
0.962746
0.239647
0.60743
0.834784
0.891081
0.721846
0.231427
0.055453
0.013414
0.022306
0.301972
0.612684
0.387532
0.605839
0.069812
0.801894
0.660507
0.118828
0.031756
0.684901
0.390377
0.803534
0.387992
0.136607
0.075222
0.784228
0.17007
0.823285
0.884156
0.293244
0.830726
0.708615
0.925209
0.47489
0.07284
0.960343
0.568256
0.501367
0.49973
0.737479
0.687339
0.869904
0.377276
0.885333
0.901492
0.591383
0.316302
0.57937
0.791822
0.338853
0.887121
0.75502
0.904165
0.829581
0.391497
0.169886
0.620398
0.491319
0.095999
0.11886
0.821666
0.593123
0.67815
0.561726
0.668779
0.85534
0.299489
0.728097
0.503458
0.967473
0.501879
0.800451
0.760305
0.069214
0.426373
0.62507
0.173446
0.839814
0.124449
0.410181
0.30306
0.856135
0.696815
0.524023
0.718988
0.998726
0.243138
0.488352
0.445783
0.224624
0.607479
0.313562
0.672283
0.594518
0.165745
0.640721
0.03319
0.548219
0.390747
0.458853
0.231278
0.781173
0.986428
0.92465
0.552616
0.707845
0.731355
0.889708
0.15417
0.690687
0.363451
0.469418
0.046291
0.350342
0.253624
0.98289
0.514017
0.72984
0.05285
0.465434
0.065666
0.232152
0.803594
0.341707
0.676284
0.963587
0.494568
0.335547
0.240487
0.534395
0.332035
0.618361
0.161986
0.2928
0.684442
0.368097
0.891238
0.527367
0.573475
0.581429
0.988181
0.747445
0.759755
0.266176
0.49821
0.31032
0.356536
0.328327
0.136185
0.454122
0.891236
0.599761
0.820817
0.708125
0.026465
0.65625
0.222029
0.727218
0.52295
0.3972
0.796687
0.091413
0.57164
0.176497
0.77508
0.576491
0.364724
0.303873
0.930049
0.439531
0.925527
0.649112
0.813353
0.029271
0.20833
0.322071
0.875743
0.443875
0.90199
0.507609
0.815175
0.422331
0.318942
0.745395
0.569345
0.464077
0.672777
0.752974
0.386204
0.150298
0.952066
0.430189
0.916917
0.977137
0.505927
0.347375
0.430275
0.934254
0.676118
0.862265
0.797064
0.281622
0.295045
0.941611
0.307704
0.622896
0.48168
0.32843
0.224695
0.14478
0.82805
0.200494
0.509574
0.168557
0.77485
0.426886
0.582294
0.863933
0.261376
0.989636
0.019761
0.899875
0.406047
0.709397
0.658595
0.556802
0.282128
0.516631
0.473527
0.576138
0.417064
0.774902
0.903579
0.052259
0.74128
0.850994
0.074055
0.187726
0.246831
0.405212
0.610679
0.285656
0.637962
0.185484
0.806304
0.839262
0.978634
0.459871
0.338987
0.13761
0.717381
0.460317
0.834357
0.634887
0.749087
0.732054
0.237501
0.746739
0.199417
0.926112
0.527226
0.328722
0.373802
0.834785
0.072064
0.788141
0.744267
0.611738
0.141726
0.947872
0.268117
0.981595
0.987396
0.706633
0.195129
0.211814
0.709484
0.167856
0.063371
0.664186
0.505853
0.158532
0.252984
0.365698
0.081552
0.231202
0.415413
0.124713
0.308919
0.363448
0.03864
0.229536
0.206554
0.236027
0.515945
0.782704
0.973047
0.350039
0.06248
0.302155
0.943867
0.206011
0.022633
0.640849
0.578306
0.659003
0.911484
0.649869
0.940078
0.219035
0.099299
0.588317
0.833729
0.471529
0.044188
0.583242
0.956187
0.043043
0.967621
0.452453
0.466231
0.917475
0.538733
0.585436
0.546396
0.552891
0.91406
0.435513
0.10719
0.638042
0.900542
0.237677
0.278183
0.701422
0.773968
0.530686
0.577628
0.536561
0.875142
0.860873
0.098716
0.693595
0.813853
0.942979
0.509993
0.591636
0.891533
0.706972
0.116742
0.781601
0.536691
0.847596
0.31197
0.786376
0.901428
0.402999
0.793134
0.561209
0.637713
0.067856
0.486309
0.759966
0.702305
0.595745
0.635513
0.983985
0.820073
0.028585
0.095897
0.202998
0.935691
0.573592
0.688065
0.355358
0.167617
0.050301
0.004054
0.194211
0.243752
0.178181
0.895932
0.018735
0.185658
0.989152
0.04032
0.980191
0.182362
0.129101
0.769432
0.803817
0.075202
0.8715
0.649131
0.755416
0.042668
0.07129
0.831281
0.626572
0.679336
0.824776
0.257884
0.98998
0.760754
0.719832
0.727756
0.94887
0.272874
0.283535
0.474277
0.268982
0.463159
0.98753
0.236676
0.385053
0.305045
0.935222
0.27995
0.219484
0.784618
0.086917
0.24546
0.069579
0.00768
0.892269
0.550098
0.322449
0.817974
0.157632
0.212031
0.231104
0.974945
0.934468
0.12018
0.256297
0.36779
0.19973
0.409714
0.036327
0.378754
0.166148
0.592132
0.435749
0.734226
0.678326
0.359993
0.170966
0.371226
0.280909
0.653124
0.672995
0.509695
0.855022
0.667795
0.418101
0.810998
0.366302
0.188136
0.5288
0.648663
0.265319
0.840768
0.429863
0.012897
0.790148
0.428364
0.861851
0.323655
0.785615
0.455582
0.612602
0.583029
0.555366
0.753542
0.035968
0.315292
0.330419
0.642446
0.319503
0.209388
0.781038
0.22349
0.804814
0.917482
0.642552
0.720591
0.911223
0.515628
0.317149
0.391651
0.064785
0.117778
0.271834
0.686948
0.387446
0.669895
0.970507
0.581036
0.457993
0.08174
0.056731
0.51911
0.93571
0.049617
0.938247
0.400072
0.74061
0.759031
0.236702
0.131601
0.761264
0.023866
0.085987
0.191363
0.574671
0.362616
0.976361
0.029056
0.585299
0.993757
0.448903
0.587269
0.804298
0.685717
0.979668
0.40054
0.767096
0.534916
0.710795
0.488019
0.86846
0.353092
0.428671
0.944762
0.770291
0.548563
0.143223
0.267712
0.707454
0.231587
0.314061
0.138579
0.953649
0.07394
0.516885
0.054834
0.670855
0.29043
0.568613
0.843901
0.600333
0.806814
0.757737
0.353258
0.971989
0.818199
0.037419
0.607613
0.345875
0.349097
0.053481
0.175228
0.044001
0.285447
0.161123
0.346506
0.70839
0.270697
0.165838
0.135754
0.058438
0.229024
0.985688
0.267738
0.008318
0.613308
0.407635
0.059
0.422683
0.694437
0.284917
0.020701
0.888578
0.017778
0.051897
0.654314
0.121665
0.149413
0.184495
0.144519
0.021107
0.331795
0.481628
0.150626
0.204012
0.762874
0.793577
0.35598
0.196136
0.738861
0.758067
0.966366
0.011544
0.504296
0.790385
0.67421
0.957433
0.240292
0.000914
0.535174
0.340045
0.18068
0.246359
0.254576
0.24433
0.231832
0.304352
0.569895
0.988709
0.077314
0.929105
0.149648
0.558634
0.802549
0.325526
0.586808
0.870317
0.470966
0.974624
0.896721
0.255766
0.411645
0.851279
0.473453
0.69567
0.172344
0.097129
0.994246
0.499192
0.873728
0.541101
0.453033
0.298641
0.93913
0.539082
0.510827
0.757735
0.161332
0.610629
0.139889
0.69484
0.366616
0.545936
0.068447
0.816504
0.794126
0.953015
0.142758
0.080577
0.372649
0.428335
0.131318
0.358714
0.721912
0.584079
0.831922
0.182458
0.72353
0.488186
0.848255
0.282133
0.134659
0.1231
0.708924
0.552011
0.674791
0.958044
0.823195
0.036918
0.014266
0.303597
0.423247
0.746068
0.593139
0.740526
0.137512
0.251376
0.714426
0.064585
0.453057
0.340922
0.131478
0.751447
0.318952
0.797527
0.444889
0.79568
0.19547
0.553278
0.59649
0.447718
0.100357
0.726802
0.638729
0.691328
0.593356
0.016738
0.859501
0.852601
0.976334
0.227801
0.224095
0.052355
0.465991
0.007076
0.268369
0.584318
0.384547
0.00259
0.103008
0.694551
0.282639
0.652243
0.399717
0.571946
0.335357
0.166065
0.127504
0.096985
0.571403
0.622578
0.057017
0.051459
0.129675
0.080181
0.189928
0.210265
0.336656
0.832347
0.697043
0.653307
0.083645
0.68101
0.945579
0.567173
0.530883
0.552937
0.216523
0.194848
0.9702
0.782981
0.881243
0.862012
0.309061
0.798153
0.501846
0.889393
0.638914
0.056547
0.015798
0.21956
0.305183
0.25481
0.485629
0.839201
0.741621
0.402818
0.835669
0.340454
0.903329
0.899097
0.256137
0.835131
0.46621
0.385224
0.393066
0.077635
0.948925
0.623111
0.621951
0.118489
0.52775
0.496665
0.125304
0.23684
0.750405
0.350887
0.940199
0.359654
0.351654
0.176051
0.138404
0.711291
0.03319
0.653764
0.040655
0.391238
0.099443
0.99454
0.859318
0.706475
0.921941
0.037533
0.099101
0.927136
0.812057
0.208071
0.883125
0.456239
0.601978
0.338177
0.784763
0.658742
0.934566
0.309033
0.213374
0.49169
0.941743
0.701968
0.05327
0.548565
0.285586
0.796943
0.970361
0.332874
0.455077
0.353171
0.54974
0.773482
0.73389
0.872873
0.830693
0.458477
0.203616
0.913715
0.681137
0.849142
0.75482
0.302462
0.630163
0.10681
0.349668
0.286014
0.204344
0.105855
0.741292
0.630739
0.616738
0.282358
0.998597
0.713391
0.664573
0.726555
0.424363
0.017049
0.746255
0.469362
0.517884
0.337058
0.599343
0.294753
0.333656
0.833389
0.606597
0.686264
0.432651
0.010927
0.337461
0.391591
0.86212
0.274793
0.351412
0.816013
0.62429
0.856815
0.004805
0.205764
0.248047
0.487954
0.008418
0.596691
0.627719
0.31307
0.939552
0.864082
0.160629
0.217557
0.561576
0.742224
0.479765
0.728015
0.246547
0.204128
0.164713
0.963436
0.477547
0.847506
0.096327
0.467331
0.104926
0.425637
0.156296
0.210529
0.853074
0.910329
0.837259
0.670257
0.626051
0.142221
0.120834
0.269075
0.765185
0.142914
0.780608
0.211018
0.017514
0.110675
0.840771
0.222949
0.76748
0.429713
0.811274
0.288908
0.825317
0.699012
0.597118
0.674779
0.671801
0.265316
0.036043
0.34832
0.185024
0.692726
0.57463
0.051014
0.26204
0.277419
0.107538
0.833118
0.731997
0.027135
0.835509
0.061797
0.922743
0.707762
0.979568
0.749872
0.839596
0.467373
0.521945
0.746366
0.160353
0.906764
0.472633
0.896959
0.426924
0.29341
0.199401
0.112557
0.017966
0.488486
0.180511
0.38539
0.049056
0.536869
0.390797
0.815842
0.142254
0.764883
0.963615
0.753521
0.151054
0.039848
0.639432
0.104492
0.271008
0.35623
0.306117
0.155829
0.727462
0.448356
0.459535
0.50209
0.868954
0.361908
0.032566
0.70888
0.892277
0.91792
0.541001
0.554552
0.39727
0.294213
0.980763
0.033872
0.382884
0.271354
0.820378
0.992668
0.333206
0.429392
0.923162
0.93769
0.272141
0.485054
0.061144
0.851123
0.968729
0.799044
0.450901
0.037434
0.89949
0.753783
0.377583
0.146451
0.652496
0.533008
0.500556
0.214865
0.946562
0.436994
0.817886
0.815988
0.657702
0.401115
0.215276
0.914413
0.176236
0.272464
0.715305
0.087481
0.201261
0.245389
0.909467
0.765142
0.161341
0.324531
0.675145
0.847834
0.038369
0.811823
0.945113
0.082368
0.13983
0.804575
0.309802
0.413248
0.287419
0.132488
0.58181
0.228536
0.098115
0.003019
0.802996
0.028228
0.597667
0.93621
0.872833
0.288851
0.416435
0.309814
0.348773
0.170496
0.936834
0.856064
0.93453
0.721969
0.165658
0.241729
0.989755
0.557094
0.340389
0.585575
0.831766
0.107146
0.752757
0.370073
0.320703
0.896897
0.170835
0.070556
0.96287
0.657091
0.335302
0.637054
0.145759
0.144973
0.400107
0.601792
0.591274
0.071195
0.549513
0.757332
0.570326
0.508437
0.719299
0.813494
0.717192
0.603896
0.202352
0.554816
0.047851
0.113732
0.875147
0.748802
0.813835
0.509243
0.776111
0.95628
0.390003
0.067957
0.657616
0.959267
0.903694
0.249617
0.76952
0.118719
0.240889
0.499693
0.333858
0.108129
0.070597
0.772438
0.849965
0.080424
0.038277
0.319359
0.365905
0.797656
0.726715
0.549064
0.337948
0.965424
0.277947
0.69504
0.624794
0.325721
0.744001
0.615019
0.054608
0.362825
0.638318
0.019264
0.128867
0.710848
0.07738
0.206634
0.288499
0.373946
0.810988
0.500041
0.24255
0.71472
0.399149
0.054037
0.294098
0.649811
0.016539
0.466327
0.642671
0.539746
0.782002
0.590567
0.755925
0.056489
0.957006
0.841632
0.565691
0.236754
0.980558
0.924707
0.689012
0.860395
0.731222
0.103502
0.7197
0.74037
0.213226
0.048903
0.878689
0.1238
0.651139
0.041735
0.876967
0.750384
0.321856
0.421534
0.008834
0.30404
0.892915
0.908421
0.771263
0.354679
0.729145
0.014963
0.452568
0.208594
0.817529
0.632056
0.693846
0.822261
0.843035
0.224757
0.703282
0.863189
0.691867
0.431897
0.763219
0.97964
0.167819
0.1163
0.49595
0.852631
0.477125
0.457632
0.420471
0.514519
0.63699
0.606984
0.251502
0.615011
0.359672
0.127825
0.476739
0.144495
0.85101
0.549765
0.92007
0.292709
0.031757
0.354698
0.910801
0.457779
0.931158
0.278859
0.663081
0.381949
0.056347
0.778759
0.669104
0.071899
0.41287
0.820968
0.15126
0.581955
0.861582
0.291697
0.191981
0.132986
0.587563
0.542113
0.338746
0.679031
0.061988
0.444663
0.509472
0.612787
0.883732
0.176859
0.041493
0.892555
0.158851
0.096719
0.328419
0.941878
0.714261
0.16561
0.58566
0.586316
0.156469
0.635529
0.221072
0.029359
0.47291
0.193046
0.537355
0.673945
0.093859
0.570325
0.656254
0.531449
0.507183
0.353748
0.729747
0.426343
0.174764
0.384158
0.396407
0.197583
0.70472
0.173362
0.725586
0.252105
0.261825
0.167894
0.536203
0.119127
0.721959
0.209353
0.016085
0.531657
0.134739
0.222274
0.213469
0.605725
0.185019
0.830781
0.516939
0.833669
0.408471
0.368926
0.89673
0.419367
0.434125
0.226766
0.460427
0.777767
0.143958
0.637218
0.671645
0.787677
0.27313
0.970444
0.684785
0.304797
0.778623
0.628378
0.130504
0.329814
0.774099
0.425776
0.246493
0.28563
0.401408
0.624549
0.631986
0.366993
0.999886
0.510798
0.368219
0.562995
0.808165
0.744705
0.147125
0.549858
0.653058
0.300203
0.411321
0.643039
0.408097
0.007258
0.14288
0.655536
0.100904
0.754364
0.426733
0.970104
0.209369
0.658443
0.119786
0.661925
0.335468
0.592257
0.556802
0.806895
0.97954
0.746585
0.076966
0.948264
0.679169
0.339043
0.530844
0.225702
0.253428
0.30082
0.481763
0.774609
0.817402
0.260844
0.193363
0.867743
0.555593
0.0397
0.887327
0.217126
0.833611
0.394363
0.507102
0.566707
0.65414
0.412379
0.330274
0.055173
0.831614
0.29554
0.703175
0.379045
0.423896
0.759708
0.064385
0.519463
0.012931
0.776084
0.178819
0.415146
0.10054
0.991582
0.936246
0.779567
0.615375
0.276366
0.899292
0.449729
0.403057
0.910832
0.975711
0.686186
0.019583
0.213265
0.987759
0.761219
0.677145
0.047374
0.682696
0.606488
0.067915
0.722329
0.249942
0.061558
0.609178
0.207366
0.000459
0.899738
0.990177
0.194
0.839572
0.241914
0.511106
0.343234
0.907159
0.460962
0.600161
0.836813
0.154603
0.90973
0.513166
0.60762
0.711136
0.882224
0.378787
0.605092
0.694124
0.550424
0.993062
0.671451
0.940462
0.415869
0.22595
0.084564
0.382097
0.679396
0.521553
0.475141
0.047349
0.230962
0.38362
0.578252
0.52398
0.809254
0.291044
0.492806
0.697233
0.932753
0.355827
0.111065
0.048896
0.950963
0.785723
0.14131
0.452996
0.099524
0.718133
0.597976
0.753024
0.279781
0.182851
0.334715
0.47998
0.910532
0.77468
0.835309
0.833067
0.879313
0.279107
0.046672
0.162284
0.403144
0.31378
0.962104
0.669548
0.698695
0.907802
0.688991
0.290091
0.579825
0.046206
0.501156
0.031173
0.610178
0.167845
0.627012
0.432416
0.83682
0.523598
0.803207
0.539883
0.715702
0.014284
0.594349
0.731248
0.843474
0.605515
0.877766
0.074644
0.750967
0.241569
0.801977
0.834804
0.708469
0.701789
0.443715
0.604136
0.366021
0.838086
0.313327
0.396897
0.564603
0.24811
0.156384
0.533477
0.968784
0.00103
0.923852
0.696848
0.717139
0.427649
0.721997
0.120602
0.209984
0.564152
0.5803
0.563914
0.699994
0.178403
0.893353
0.131825
0.979824
0.206583
0.588986
0.671777
0.743616
0.855625
0.827474
0.501599
0.139684
0.191009
0.815137
0.633728
0.543359
0.479844
0.174115
0.212543
0.876091
0.25375
0.230387
0.248325
0.574667
0.860608
0.020045
0.359008
0.145877
0.40729
0.138409
0.748595
0.739654
0.049682
0.131828
0.779472
0.080378
0.544117
0.700415
0.373917
0.77898
0.363524
0.906676
0.505096
0.560286
0.855921
0.331653
0.543551
0.734244
0.814132
0.77926
0.509595
0.342117
0.911004
0.376139
0.999209
0.684868
0.45273
0.380768
0.832735
0.500123
0.341763
0.206275
0.1006
0.399521
0.395643
0.274806
0.601425
0.466496
0.912038
0.823317
0.025675
0.814458
0.700752
0.794078
0.724526
0.318488
0.842306
0.204796
0.179338
0.49478
0.063624
0.889352
0.023379
0.527557
0.551124
0.089547
0.244452
0.832221
0.749935
0.703695
0.18115
0.603358
0.464694
0.785191
0.287858
0.098215
0.289419
0.914433
0.968082
0.975718
0.839189
0.33626
0.731773
0.553858
0.960808
0.148051
0.28875
0.784836
0.114568
0.266127
0.653732
0.978961
0.065842
0.864436
0.070991
0.996684
0.28796
0.618182
0.332249
0.339223
0.632362
0.163859
0.775865
0.228045
0.221735
0.195691
0.860822
0.04179
0.518386
0.430901
0.103804
0.777524
0.844963
0.57914
0.713666
0.520309
0.108222
0.460928
0.015732
0.655459
0.087994
0.72887
0.860595
0.274727
0.555387
0.744747
0.533873
0.636724
0.756955
0.743906
0.935755
0.261351
0.68578
0.166505
0.859588
0.625119
0.901173
0.223635
0.280094
0.322134
0.975058
0.753047
0.427103
0.079452
0.766983
0.091579
0.330534
0.547799
0.055921
0.251578
0.074966
0.149224
0.707196
0.212517
0.541806
0.287168
0.62893
0.901227
0.922085
0.080924
0.592444
0.038346
0.957972
0.287292
0.203104
0.860319
0.210299
0.452439
0.833944
0.549568
0.683646
0.567064
0.672111
0.075792
0.707173
0.196756
0.900283
0.460352
0.538205
0.542076
0.141471
0.191271
0.38284
0.397536
0.425694
0.241883
0.661467
0.710342
0.689287
0.879311
0.473471
0.943397
0.264423
0.032373
0.998406
0.097909
0.275422
0.842005
0.423941
0.664988
0.194894
0.380255
0.832868
0.199514
0.794892
0.687824
0.770513
0.581876
0.882944
0.632426
0.848389
0.377112
0.651963
0.761792
0.597925
0.905845
0.257185
0.698895
0.030196
0.389924
0.480004
0.507828
0.18496
0.948154
0.234292
0.964285
0.506183
0.006069
0.765353
0.594813
0.577102
0.816193
0.970563
0.251115
0.465727
0.158858
0.571588
0.510113
0.512891
0.591722
0.982697
0.409097
0.641072
0.608233
0.943048
0.323152
0.38068
0.43712
0.76549
0.009574
0.889568
0.76242
0.601718
0.899115
0.275633
0.530704
0.55105
0.651331
0.896231
0.545151
0.924593
0.017177
0.948308
0.586228
0.704697
0.908268
0.973902
0.18065
0.295337
0.00426
0.208589
0.377519
0.928132
0.369204
0.887559
0.429075
0.089428
0.643596
0.71968
0.768633
0.842235
0.565702
0.223286
0.24907
0.205161
0.874421
0.984826
0.688002
0.888839
0.897508
0.015856
0.911183
0.196848
0.990756
0.144618
0.05171
0.359353
0.015567
0.626346
0.060728
0.248262
0.820041
0.48291
0.172734
0.247219
0.154073
0.076474
0.514176
0.559903
0.732199
0.537856
0.340427
0.049604
0.021756
0.279989
0.075179
0.244259
0.801993
0.005508
0.502637
0.708041
0.577059
0.651237
0.207337
0.937469
0.653499
0.167781
0.035935
0.469498
0.431051
0.091292
0.959341
0.492906
0.401303
0.897729
0.98574
0.327179
0.431665
0.360399
0.345482
0.103165
0.91695
0.832455
0.498867
0.875181
0.750682
0.561835
0.727756
0.518061
0.208958
0.425443
0.633531
0.702848
0.327346
0.2836
0.773869
0.376622
0.634105
0.92965
0.061405
0.012118
0.655287
0.315266
0.565497
0.129492
0.035474
0.574564
0.057813
0.96679
0.191741
0.475333
0.337722
0.475845
0.948893
0.728986
0.994874
0.358059
0.153512
0.821145
0.61316
0.097187
0.126864
0.091143
0.370293
0.249244
0.585475
0.32907
0.763657
0.289447
0.47679
0.853146
0.182138
0.11448
0.828681
0.89873
0.811775
0.976817
0.638689
0.749631
0.65057
0.252172
0.968959
0.480294
0.242263
0.884101
0.581652
0.097903
0.942879
0.899558
0.446439
0.170094
0.132855
0.642538
0.46685
0.823715
0.640189
0.20529
0.068115
0.905196
0.082246
0.744277
0.077666
0.702511
0.521691
0.672735
0.225411
0.280997
0.429978
0.088731
0.851861
0.694698
0.502983
0.797495
0.169454
0.613098
0.083559
0.407915
0.401122
0.565657
0.881614
0.005615
0.224555
0.874272
0.781024
0.735227
0.329192
0.438183
0.731802
0.134807
0.240638
0.285709
0.146992
0.885735
0.289319
0.921119
0.203638
0.615161
0.510277
0.059252
0.081263
0.858316
0.459573
0.838932
0.474434
0.052244
0.499617
0.279417
0.663357
0.197585
0.233812
0.366121
0.042538
0.766389
0.72304
0.842187
0.823125
0.38529
0.513707
0.612216
0.165623
0.542157
0.755407
0.46494
0.579985
0.552234
0.253499
0.004607
0.546646
0.11414
0.309801
0.583015
0.52842
0.055827
0.032881
0.045082
0.451802
0.587696
0.562984
0.399395
0.344477
0.384239
0.334532
0.179587
0.081808
0.038282
0.38768
0.566245
0.16931
0.51315
0.878078
0.706556
0.11857
0.746639
0.862194
0.391473
0.635605
0.384833
0.6814
0.603269
0.131939
0.872856
0.887084
0.368776
0.151496
0.289205
0.808807
0.723575
0.149834
0.806328
0.596847
0.5438
0.336998
0.825508
0.502902
0.214033
0.635128
0.433841
0.545094