256 4
0
44
148
155
202
1
57
131
191
197
2
64
176
177
218
3
22
139
153
219
4
35
69
156
197
5
18
52
95
180
6
10
21
196
248
7
76
144
175
193
8
10
39
46
220
9
39
181
223
250
10
15
81
214
231
11
121
167
209
250
12
67
80
126
230
13
18
59
83
174
14
57
74
118
163
2
15
19
48
145
16
76
219
225
248
17
21
109
205
229
4
18
43
181
195
15
19
136
159
224
9
19
20
54
71
21
50
65
68
195
22
25
163
177
189
23
64
152
210
216
13
24
51
156
208
7
25
87
103
117
26
95
215
240
242
27
137
148
163
237
28
86
107
215
255
29
60
100
206
255
30
71
102
205
231
19
31
49
180
208
6
32
36
69
230
33
82
104
169
170
34
90
126
166
255
35
124
154
163
215
32
36
134
143
214
5
37
78
82
165
25
38
103
169
211
19
26
39
99
219
40
48
89
121
186
18
41
106
192
216
42
46
84
121
163
43
79
91
110
214
15
19
44
64
230
45
78
89
190
228
22
46
88
242
254
47
75
124
167
223
47
48
64
212
221
35
49
108
139
210
18
50
113
208
235
51
86
157
159
243
27
52
85
131
194
53
70
207
220
252
54
87
170
245
254
55
72
151
204
206
56
73
89
197
238
41
57
98
193
235
58
104
163
209
245
23
56
59
93
103
4
60
75
130
209
7
37
61
87
126
62
80
114
147
175
7
63
90
107
170
64
109
142
153
219
17
65
120
222
230
66
103
137
233
242
8
67
71
223
225
46
68
123
138
246
9
48
69
121
225
18
33
70
136
212
49
71
131
176
183
2
72
193
230
253
73
74
86
198
210
74
117
193
196
247
75
188
200
209
239
76
84
158
165
177
23
77
91
118
255
5
64
78
137
244
25
42
79
219
245
8
80
84
108
168
13
81
119
221
246
74
82
121
164
221
17
83
86
237
238
72
84
101
184
200
49
84
85
149
177
86
95
110
111
194
80
87
103
146
244
18
88
105
163
184
84
89
139
191
251
24
37
62
90
148
48
91
101
149
248
60
64
92
166
173
93
94
114
173
193
31
48
94
198
248
16
39
47
95
195
96
172
201
214
218
15
26
97
122
218
43
56
98
167
254
2
42
99
192
251
14
53
100
222
232
84
98
101
130
187
36
51
102
112
242
2
56
93
103
118
12
26
104
107
217
105
199
220
229
252
94
98
106
183
204
25
107
154
183
201
81
104
108
209
244
85
109
141
203
208
24
40
110
142
224
44
107
111
180
251
11
54
102
112
146
10
113
145
183
243
20
69
72
114
213
69
115
142
176
201
47
69
110
116
167
106
117
141
148
228
48
118
148
162
204
13
41
66
119
145
0
7
120
155
179
52
114
121
122
232
31
95
117
122
181
34
46
121
123
207
51
94
124
187
239
6
47
49
125
131
42
126
199
229
252
93
127
133
148
191
39
69
73
128
253
109
129
200
208
251
106
130
210
225
227
5
25
35
131
176
64
69
132
138
179
30
80
133
182
204
65
73
134
178
235
127
129
135
154
251
22
136
140
208
254
35
91
137
199
231
45
67
138
145
240
50
135
139
161
194
50
132
140
154
167
15
141
151
164
229
25
71
127
142
186
3
4
139
143
206
4
29
37
66
144
68
70
78
145
222
51
67
85
146
172
89
93
145
147
246
29
148
155
214
217
90
118
149
167
225
114
150
197
224
239
62
105
146
151
152
43
147
152
219
252
18
153
163
166
167
32
46
96
152
154
87
120
155
197
243
93
135
156
194
224
29
117
157
212
251
36
100
158
167
192
67
75
129
159
254
33
116
160
176
226
66
77
136
161
232
31
67
136
162
232
71
119
163
167
231
48
50
90
164
197
1
21
31
165
251
77
102
120
166
221
0
105
133
143
167
38
126
129
168
177
70
80
164
169
232
38
122
157
170
200
3
34
171
215
226
76
112
121
172
200
103
109
160
173
203
32
132
174
215
241
94
107
138
175
235
89
92
176
192
206
152
172
177
197
214
74
157
178
201
250
16
29
99
125
179
0
33
167
180
238
65
74
91
140
181
35
90
157
182
228
105
125
183
203
211
7
23
48
184
216
18
77
82
139
185
50
186
207
242
254
9
130
171
184
187
30
110
170
188
251
38
179
189
197
249
24
75
117
143
190
37
69
89
191
243
104
192
223
224
238
93
128
164
193
214
20
53
194
214
221
63
117
139
195
236
50
81
126
161
196
27
100
193
197
208
1
26
33
123
198
11
33
184
199
250
77
108
200
224
255
62
74
116
180
201
97
101
202
225
253
48
111
203
218
247
8
149
185
204
248
12
19
37
152
205
18
33
91
206
238
39
147
151
207
244
93
113
131
208
248
124
197
209
251
255
50
118
122
197
210
29
186
211
238
251
2
96
108
153
212
3
4
160
198
213
93
137
159
195
214
51
123
168
199
215
70
144
156
216
226
101
110
137
167
217
32
73
158
168
218
59
74
210
217
219
9
20
35
137
220
17
56
185
221
224
44
102
126
127
222
31
37
143
223
233
73
132
165
224
238
162
205
206
225
235
4
16
141
203
226
27
47
205
225
227
76
109
181
228
241
79
87
148
228
229
160
175
224
230
236
52
53
79
134
231
5
79
132
198
232
132
214
217
220
233
69
122
187
207
234
100
205
206
207
235
171
177
191
234
236
51
131
194
237
244
42
84
149
225
238
51
63
196
235
239
101
124
132
237
240
14
31
44
112
241
72
77
152
203
242
3
140
172
243
247
46
81
87
146
244
42
100
210
224
245
98
149
246
253
254
7
43
113
178
247
29
81
144
178
248
19
158
176
232
249
58
117
165
250
253
77
131
160
239
251
34
152
172
211
252
115
196
210
238
253
17
37
81
126
254
9
18
221
228
255
0.795347
0.621765
0.22938
0.567618
0.563268
0.927168
0.266569
0.902048
0.762734
0.9609
0.370209
0.847378
0.208238
0.526409
0.424435
0.800952
0.022925
0.135044
0.788066
0.644935
0.197812
0.979287
0.088191
0.213962
0.512764
0.078096
0.670294
0.980173
0.566964
0.045693
0.105276
0.683909
0.895424
0.630411
0.280676
0.644209
0.135139
0.463996
0.539292
0.005472
0.454695
0.095405
0.058807
0.630279
0.709023
0.700143
0.632018
0.182594
0.75193
0.305685
0.50327
0.893749
0.955087
0.809715
0.967588
0.767473
0.074367
0.3409
0.053538
0.379894
0.569393
0.533501
0.834917
0.436053
0.7251
0.709789
0.24877
0.855893
0.277189
0.417178
0.493394
0.112112
0.195558
0.448113
0.493561
0.435963
0.586986
0.364586
0.249236
0.206972
0.051728
0.367392
0.268273
0.69247
0.890681
0.444976
0.833817
0.770773
0.530037
0.616779
0.638928
0.339325
0.939979
0.861128
0.479493
0.949193
0.633235
0.842977
0.571307
0.693713
0.465732
0.4905
0.159303
0.784616
0.805093
0.70433
0.963407
0.669843
0.15634
0.080871
0.445634
0.409703
0.663867
0.696436
0.613761
0.04129
0.743251
0.863967
0.085362
0.016265
0.600312
0.785048
0.874214
0.881007
0.226141
0.409205
0.979205
0.978473
0.804491
0.677438
0.895136
0.723448
0.356297
0.640771
0.698238
0.627933
0.971305
0.216639
0.913182
0.908252
0.520053
0.184068
0.188204
0.864022
0.920686
0.137079
0.80023
0.549443
0.210863
0.302463
0.414795
0.412398
0.264937
0.839032
0.28402
0.51022
0.809436
0.249432
0.755747
0.768101
0.772999
0.259961
0.512824
0.735241
0.058609
0.276989
0.000718
0.778845
0.019627
0.009827
0.853386
0.956049
0.912691
0.339387
0.812403
0.893538
0.039924
0.638373
0.342158
0.516226
0.774473
0.234969
0.473193
0.016525
0.339443
0.68679
0.765896
0.958097
0.0283
0.549893
0.460452
0.621386
0.052683
0.595674
0.240859
0.757596
0.573294
0.265523
0.110709
0.677742
0.411673
0.103888
0.674957
0.262814
0.666116
0.004154
0.5743
0.865436
0.954133
0.878664
0.67855
0.084169
0.895355
0.589649
0.107651
0.893861
0.812882
0.512184
0.405465
0.356491
0.08127
0.258678
0.036197
0.0001
0.615971
0.174881
0.796966
0.118628
0.295102
0.33876
0.873586
0.848422
0.675968
0.981967
0.095115
0.198528
0.035273
0.255441
0.966295
0.468054
0.101475
0.013934
0.41558
0.791624
0.388383
0.564874
0.946569
0.227384
0.840125
0.916554
0.373127
0.38667
0.284776
0.951505
0.642254
0.544738
0.098862
0.312634
0.305624
0.864964
0.755767
0.913329
0.066205
0.694164
0.653506
0.492649
0.460218
0.81476
0.843854
0.6074
0.485519
0.513747
0.624771
0.4434
0.820272
0.930424
0.983979
0.457176
0.12755
0.442889
0.800915
0.469403
0.501007
0.205996
0.660873
0.834917
0.622299
0.171686
0.469182
0.435915
0.265012
0.911231
0.896069
0.78939
0.877825
0.114855
0.299526
0.969777
0.794632
0.443302
0.871884
0.593749
0.015228
0.453406
0.44733
0.803542
0.291002
0.46048
0.518905
0.977119
0.089747
0.548815
0.478031
0.552658
0.886325
0.20578
0.930472
0.559499
0.323621
0.701317
0.67256
0.628866
0.998995
0.883762
0.006288
0.611082
0.505858
0.625496
0.759144
0.774448
0.594905
0.918441
0.026455
0.822854
0.811411
0.687799
0.464277
0.549935
0.061888
0.993413
0.516231
0.576962
0.171206
0.87734
0.677763
0.667708
0.628889
0.448755
0.552288
0.035961
0.9947
0.954533
0.401895
0.215803
0.676797
0.985223
0.870468
0.290755
0.087684
0.883208
0.676728
0.563021
0.018415
0.035067
0.490183
0.028338
0.650536
0.963956
0.903298
0.462426
0.578986
0.440839
0.128183
0.631464
0.950493
0.183927
0.742027
0.939228
0.83263
0.05835
0.296535
0.951172
0.292496
0.534376
0.93432
0.225042
0.438017
0.973314
0.547746
0.804816
0.46119
0.053534
0.718236
0.606987
0.893949
0.017536
0.995885
0.074467
0.652096
0.375901
0.751478
0.337479
0.671723
0.905773
0.246081
0.595445
0.407489
0.182013
0.654891
0.378904
0.366458
0.150036
0.347029
0.993866
0.29004
0.208858
0.024163
0.413108
0.821122
0.446988
0.51273
0.569861
0.771128
0.291796
0.892264
0.125971
0.228564
0.062882
0.821206
0.988478
0.878022
0.446786
0.206398
0.904054
0.488063
0.497338
0.477137
0.033765
0.447947
0.201645
0.878404
0.076744
0.543824
0.119247
0.378332
0.501044
0.542217
0.506234
0.51624
0.897845
0.548779
0.17151
0.906259
0.875067
0.993445
0.480082
0.736831
0.890598
0.7974
0.327847
0.451144
0.839835
0.870634
0.527093
0.009418
0.711245
0.357406
0.425176
0.323389
0.829781
0.48741
0.950917
0.781948
0.623725
0.024209
0.022868
0.7432
0.540686
0.718082
0.561684
0.262999
0.333016
0.966164
0.921121
0.513567
0.463648
0.827931
0.698236
0.317511
0.734604
0.040566
0.244002
0.218417
0.892136
0.582071
0.342725
0.881699
0.006362
0.914612
0.414375
0.922307
0.040388
0.901046
0.455286
0.362456
0.16573
0.346983
0.046144
0.530965
0.478724
0.66213
0.415066
0.374668
0.40139
0.023004
0.538248
0.712085
0.211917
0.275537
0.759049
0.511346
0.193194
0.624484
0.176769
0.872653
0.08271
0.620121
0.748867
0.113577
0.165289
0.842237
0.928575
0.389918
0.933099
0.489005
0.007691
0.022855
0.411393
0.982937
0.571882
0.751189
0.486622
0.946476
0.140717
0.547296
0.496856
0.423445
0.670287
0.559493
0.586673
0.74676
0.102488
0.661314
0.90248
0.070223
0.975468
0.217503
0.521506
0.156973
0.473231
0.937288
0.767786
0.489919
0.768772
0.651935
0.91386
0.611489
0.584693
0.790866
0.682627
0.435928
0.150256
0.714033
0.922625
0.413399
0.30985
0.438233
0.849394
0.870674
0.24681
0.717505
0.223221
0.838657
0.980195
0.594643
0.221649
0.010425
0.757053
0.868154
0.360826
0.265247
0.108438
0.077068
0.545986
0.63044
0.739869
0.52168
0.634972
0.080359
0.598248
0.506385
0.077563
0.554597
0.275214
0.314546
0.919256
0.883482
0.135165
0.093897
0.688861
0.317971
0.532179
0.691996
0.288452
0.091899
0.708645
0.792831
0.281066
0.085106
0.8624
0.816978
0.916077
0.863422
0.065617
0.386686
0.838152
0.849669
0.869435
0.361525
0.312467
0.109935
0.531614
0.655486
0.604859
0.440172
0.003881
0.041621
0.142919
0.063558
0.859334
0.516722
0.875348
0.742974
0.112867
0.142125
0.966667
0.421536
0.180028
0.597648
0.924556
0.118698
0.559938
0.847734
0.527142
0.997494
0.627457
0.281634
0.366191
0.696263
0.353836
0.65051
0.679537
0.144117
0.396172
0.600115
0.769205
0.186424
0.306596
0.897804
0.829481
0.125601
0.639412
0.561461
0.194092
0.161126
0.231678
0.457838
0.036203
0.3369
0.965678
0.439076
0.366641
0.633052
0.951039
0.835233
0.767951
0.78284
0.58951
0.135345
0.33073
0.434987
0.705287
0.953249
0.427489
0.198285
0.851775
0.062956
0.835992
0.672513
0.129662
0.879181
0.777978
0.193405
0.544064
0.982917
0.449012
0.023141
0.596674
0.142509
0.56443
0.797898
0.383068
0.596394
0.946399
0.160364
0.558793
0.988412
0.627139
0.572706
0.243268
0.163053
0.998799
0.212525
0.193423
0.022418
0.956215
0.222959
0.387296
0.316179
0.179438
0.40466
0.585165
0.861013
0.396441
0.89382
0.872112
0.458214
0.662347
0.967246
0.896493
0.879601
0.801107
0.825533
0.053559
0.556552
0.999803
0.667766
0.76104
0.940521
0.675932
0.90862
0.851244
0.951997
0.880377
0.895891
0.732221
0.541166
0.521621
0.724838
0.220499
0.455335
0.330787
0.253983
0.291093
0.458875
0.245578
0.965362
0.571109
0.352185
0.925547
0.161008
0.334896
0.697853
0.117534
0.00471
0.203144
0.813256
0.672566
0.677083
0.730592
0.075081
0.677261
0.797203
0.312704
0.62008
0.276756
0.750621
0.489714
0.338065
0.134118
0.799138
0.976936
0.976362
0.205899
0.232459
0.366757
0.918124
0.077328
0.426678
0.900145
0.776682
0.53515
0.236276
0.047538
0.214672
0.511892
0.743191
0.947957
0.679953
0.368247
0.969085
0.459709
0.798613
0.680397
0.239654
0.823276
0.115552
0.132245
0.594747
0.045116
0.492845
0.207664
0.134353
0.219856
0.724945
0.524641
0.654597
0.308208
0.999074
0.997899
0.44364
0.364988
0.794067
0.913744
0.044962
0.564137
0.328064
0.388413
0.536797
0.871561
0.958228
0.526732
0.334678
0.479405
0.449055
0.971939
0.935223
0.508925
0.135311
0.158869
0.331059
0.695299
0.963148
0.512667
0.921265
0.604761
0.696773
0.556875
0.56062
0.031646
0.974509
0.871654
0.232897
0.517411
0.698524
0.262945
0.217801
0.532813
0.950043
0.088291
0.746978
0.465566
0.376164
0.94377
0.530145
0.976928
0.672178
0.069849
0.036958
0.89843
0.748724
0.643216
0.499381
0.230832
0.98537
0.902331
0.600318
0.035213
0.755253
0.70875
0.323879
0.49633
0.82522
0.999107
0.143558
0.881779
0.317954
0.084692
0.488653
0.210701
0.570867
0.322212
0.803053
0.443351
0.581562
0.062193
0.385892
0.515557
0.804066
0.081221
0.145589
0.963478
0.947894
0.121662
0.362488
0.926372
0.593347
0.089609
0.160141
0.32624
0.551141
0.974898
0.33653
0.750245
0.351025
0.128751
0.103833
0.107397
0.511459
0.093397
0.833082
0.102756
0.474035
0.12944
0.498404
0.756048
0.317748
0.321018
0.793451
0.009949
0.230789
0.90424
0.274167
0.965377
0.815212
0.059871
0.083631
0.776408
0.031513
0.608674
0.28871
0.197726
0.420394
0.534538
0.35501
0.883595
0.184785
0.972836
0.382212
0.819884
0.219255
0.169131
0.399486
0.750641
0.575546
0.823947
0.139986
0.263593
0.658867
0.912394
0.62471
0.602861
0.738105
0.183158
0.955217
0.365272
0.225398
0.072129
0.634953
0.171397
0.791772
0.348258
0.335903
0.9848
0.984767
0.135563
0.147704
0.3409
0.572754
0.856538
0.835053
0.617563
0.954387
0.606795
0.311893
0.211642
0.239403
0.272366
0.097501
0.257316
0.417599
0.084296
0.040426
0.972884
0.548328
0.565501
0.641937
0.113114
0.743989
0.494196
0.053815
0.767671
0.969271
0.700021
0.041013
0.756693
0.024252
0.036759
0.785972
0.344888
0.612967
0.059528
0.901546
0.583923
0.740192
0.84207
0.562089
0.293264
0.822769
0.009556
0.598512
0.55508
0.185063
0.527694
0.53023
0.733807
0.675602
0.209523
0.325113
0.183958
0.224543
0.732854
0.947568
0.042879
0.720419
0.156133
0.671041
0.072464
0.402154
0.98605
0.382308
0.357385
0.097806
0.924629
0.543875
0.819043
0.268843
0.898021
0.623937
0.296225
0.506275
0.55648
0.993387
0.372845
0.480748
0.437896
0.541875
0.064794
0.552401
0.410039
0.398135
0.034345
0.924861
0.614352
0.847252
0.109893
0.214584
0.18269
0.526091
0.808085
0.901397
0.825341
0.315065
0.023075
0.718129
0.281826
0.029466
0.222062
0.490163
0.462146
0.576203
0.684652
0.956029
0.639448
0.058046
0.572652
0.305766
0.346584
0.730744
0.878734
0.217771
0.849904
0.456572
0.755451
0.350064
0.46717
0.521685
0.280556
0.979244
0.605936
0.122217
0.537726
0.948831
0.656156
0.66104
0.808431
0.231338
0.456294
0.329054
0.353178
0.781854
0.102756
0.879923
0.766896
0.421205
0.953403
0.311413
0.823386
0.486745
0.552053
0.397765
0.740075
0.199933
0.415231
0.427086
0.069831
0.253735
0.505002
0.879078
0.415646
0.992069
0.357613
0.799849
0.320527
0.519682
0.491605
0.683764
0.186389
0.702805
0.995032
0.707199
0.331089
0.280026
0.276462
0.617741
0.54945
0.113426
0.716782
0.077101
0.071986
0.016487
0.325074
0.360821
0.836284
0.764116
0.905599
0.931755
0.634484
0.050695
0.473265
0.823171
0.294044
0.365015
0.200073
0.030817
0.465693
0.979609
0.490408
0.004475
0.908704
0.058456
0.175155
0.113114
0.723601
0.569815
0.359854
0.787543
0.807539
0.836126
0.64701
0.831105
0.760241
0.512563
0.096943
0.431123
0.439999
0.966308
0.192997
0.079642
0.349657
0.603144
0.766246
0.534561
0.210937
0.128518
0.148586
0.43157
0.265139
0.224556
0.808609
0.704173
0.500687
0.657234
0.615208
0.100854
0.958122
0.802409
0.07897
0.459812
0.400171
0.921532
0.958683
0.85105
0.109469
0.094868
0.726383
0.301936
0.611539
0.5561
0.89545
0.338127
0.30985
0.969807
0.062956
0.766695
0.008286
0.65514
0.274868
0.167661
0.266918
0.712272
0.75023
0.801407
0.205491
0.813639
0.648479
0.078508
0.890783
0.280027
0.603325
0.348697
0.231291
0.736901
0.921035
0.623918
0.043573
0.471379
0.149382
0.025596
0.032387
0.939589
0.162164
0.757047
0.089584
0.983457
0.612076
0.497357
0.35173
0.944703
0.150055
0.734565
0.73928
0.753159
0.421427
0.560004
0.974276
0.384531
0.00702
0.09258
0.185547
0.220569
0.526617
0.418249
0.189992
0.985876
0.535795
0.696762
0.348644
0.115111
0.613602
0.518187
0.328591
0.099828
0.414721
0.670179
0.542027
0.942646
0.169991
0.398007
0.657558
0.00713
0.057305
0.540934
0.136
0.046037
0.670934
0.072542
0.998979
0.133357
0.933532
0.263238
0.642811
0.474821
0.791995
0.967549
0.589354
0.477215
0.697158
0.567649
0.916201
0.690391
0.331931
0.949882
0.295291
0.680629
0.178239
0.362018
0.600886
0.053355
0.93241
0.506543
0.589617
0.43703
0.11121
0.856317
0.171063
0.923398
0.7816
0.527332
0.412214
0.032161
0.587453
0.114915
0.818755
0.967275
0.09937
0.051246
0.229579
0.962486
0.422464
0.056019
0.626514
0.177246
0.615465
0.230732
0.206746
0.792611
0.059349
0.005414
0.421904
0.325419
0.144811
0.385022
0.677129
0.022661
0.407968
0.242212
0.464549
0.296685
0.283496
0.628971
0.076906
0.028738
0.869909
0.822281
0.05764
0.841647
0.952095
0.139537
0.823952
0.785026
0.716471
0.33547
0.030368
0.401228
0.495678
0.344198
0.842933
0.696487
0.377243
0.475292
0.553772
0.381486
0.366547
0.347433
0.765409
0.092153
0.075941
0.710538
0.898059
0.609764
0.627432
0.132567
0.742801
0.43251
0.94439
0.012073
0.399128
0.832225
0.984769
0.706541
0.86037
0.726581
0.930022
0.191185
0.925862
0.651726
0.931661
0.326495
0.744492
0.10523
0.834893
0.509533
0.509694
0.052528
0.527747
0.470413
0.586977
0.019142
0.382713
0.692108
0.478739
0.880979
0.828056
0.875833
0.375114
0.700249
0.20097
0.740641
0.149397
0.05541
0.769091
0.077696
0.063215
0.898486
0.17856
0.123534
0.86073
0.895111
0.612022
0.371601
0.566909
0.367322
0.952194
0.92881
0.302202
0.673109
0.217917
0.879554
0.58934
0.055034
0.98333
0.292545
0.407123
0.94414
0.359941
0.223578
0.824744
0.022901
0.585063
0.172031
0.421103
0.443289
0.148218
0.785233
0.116828
0.116524
0.893143
0.539366
0.902538
0.225701
0.831093
0.097182
0.822761
0.941714
0.887677
0.053892
0.712298
0.679905
0.129753
0.604272
0.646125
0.800736
0.58046
0.862675
0.613039
0.40739
0.293483
0.066016
0.875803
0.028089
0.150472
0.832196
0.022587
0.858899
0.134901
0.468447
0.218054
0.775927
0.557436
0.215915
0.30975
0.504434
0.378208
0.601069
0.538521
0.026291
0.612464
0.175557
0.532748
0.395267
0.408931
0.308397
0.298871
0.717107
0.208121
0.45066
0.21186
0.260192
0.667173
0.875853
0.626456
0.532851
0.386728
0.467626
0.458267
0.42605
0.105845
0.155582
0.05441
0.518003
0.911594
0.456403
0.40422
0.992048
0.549988
0.041639
0.73795
0.640826
0.847612
0.332537
0.471529
0.98356
0.604716
0.844675
0.333129
0.18317
0.281973
0.391365
0.030645
0.264702
0.787398
0.251456
0.278823
0.034791
0.363516
0.650446
0.778907
0.509815
0.095816
0.135997
0.33831
0.365682
0.425138
0.54685
0.781426
0.389132
0.563107
0.51745
0.233477
0.145538
0.599758
0.148174
0.879582
0.034686
0.120796
0.179919
0.151864
0.655643
0.495534
0.326329
0.428755
0.781354
0.276197
0.329169
0.025793
0.05632
0.336283
0.400187
0.956764
0.45118
0.231128
0.27607
0.35118
0.556181
0.348763
0.87472
0.203899
0.97812
0.673982
0.058916
0.008101
0.814347
0.66483
0.21112
0.229186
0.969474
0.190763
0.638869
0.686572
0.668798
0.029411
0.087322
0.924672
0.865397
0.324855
0.437191
0.12451
0.768997
0.685645
0.574466
0.559603
0.60026
0.061112
0.456269
0.914179
0.655036
0.977577
0.680288
0.469888
0.51282
0.83084
0.987343
0.097376
0.190887
0.414845
0.450834
0.299883
0.525233
0.693146
0.614381
0.292464
0.776787
0.472749
0.495516
0.634115
0.315258
0.720136
0.197883
0.19656
0.574363
0.341199
0.697127
0.678894
0.572335
0.398204
0.161143
0.697494
0.49431
0.694734
0.389302
0.867306
0.849801
0.596873
0.98331
0.733246
0.907193
0.323098
0.665879
0.670906
0.130162
0.475702
0.782126
0.540485
0.962961
0.811608
0.483478
0.762514
0.42688
0.147251
0.364132
0.135659
0.80115
0.210207
0.047351
0.037581
0.357239
0.693754
0.876757
0.56262
0.249359
0.181836
0.98648
0.539111
0.416352
0.969623
0.456193
0.371975
0.966431
0.882127
0.553917
0.818404
0.150951
0.051437
0.799674
0.387312
0.888284
0.827673
0.238077
0.532005
0.985942
0.919576
0.266363
0.756938
0.393366
0.276758
0.817824
0.754818
0.037301
0.080298
0.942087
0.648544
0.38346
0.439065
0.420116
0.500405
0.01985
0.25091
0.889999
0.009634
0.941027
0.827844
0.96967
0.156796
0.504844
0.959917
0.184662
0.313232
0.552545
0.495452
0.046593
0.164417
0.186867
0.790469
0.243516
0.954246
0.234715
0.794877
0.407801
0.351584
0.536428
0.518253
0.343442
0.132137
0.040005
0.601569
0.711807
0.315758
0.062016
0.682898
0.802061
0.49419
0.958165
0.965062
0.217654
0.158584
0.306442
0.644063
0.014161
0.813831
0.969989
0.494525
0.447476
0.856034
0.980665
0.709848
0.238826
0.796672
0.389588
0.331659
0.384194
0.416661
0.433351
0.454734
0.820982
0.802137
0.62797
0.416131
0.887317
0.117266
0.660727
0.059405
0.847457
0.047975
0.872757
0.406956
0.877151
0.048686
0.551758
0.13446
0.196488
0.512452
0.582726
0.690861
0.764762
0.826071
0.041441
0.901656
0.1795
0.038438
0.587477
0.527929
0.054906
0.640613
0.105969
0.740885
0.639634
0.493746
0.795169
0.314821
0.459868
0.048808
0.392073
0.479979
0.843105
0.957228
0.820284
0.099042
0.201865
0.939895
0.305975
0.328936
0.21106
0.684441
0.556595
0.404985
0.516863
0.846605
0.052894
0.638965
0.114645
0.575972
0.055758
0.440724
0.003062
0.122872
0.211393
0.418642
0.859006
0.726967
0.722673
0.200626
0.310675
0.959109
0.731677
0.464813
0.966045
0.228877
0.376635
0.340298
0.448474
0.080064
0.270633
0.833069
0.325914
0.087455
0.506545
0.854077
0.256375
0.282548
0.764692
0.975921
0.361353
0.821836
0.274255
0.88011
0.529578
0.720353
0.856189
0.363216
0.066875
0.435126
0.493488
0.431983
0.686633
0.57173
0.077371
0.43049
0.336649
0.696384
0.292539
0.623446
0.108535
0.105193
0.009167
0.226599
0.996996
0.650138
0.151153
0.834268
0.157588
0.698836
0.448718
0.094319
0.219473
0.146812
0.446441
0.809096
0.63858
0.587744
0.29529
0.216729
0.054738
0.792731
0.559775
0.920952
0.698655
0.41104
0.601057
0.357586
0.14895
0.813936
0.495627
0.004142
0.71619
0.415655
0.350722
0.527839
0.240139
0.587798
0.223542
0.138712
0.930755
0.910665
0.842412
0.390466
0.840552
0.8957
0.298247
0.066872
0.827725
0.5839
0.143258
0.796899
0.153614
0.129026
0.319836
0.691424
0.214817
0.973799
0.087497
0.569672
0.578838
0.819704
0.254683
0.963172
0.487319
0.760611
0.120857
0.251999
0.354759
0.011296
0.217863
0.535193
0.406371
0.237534
0.647135
0.436997
0.333819
0.85775
0.359341
0.51573
0.214683
0.955605
0.663307
0.164343
0.702321
0.353846
0.067806
0.089301
0.705678
0.665292
0.06815
0.464414
0.746612
0.276239
0.21737
0.568001
0.648725
0.423664
0.836721
0.425176
0.738197
0.67169
0.698615
0.72161
0.096426
0.727602
0.029206
0.744456
0.679697
0.221085
0.247392
0.65943
0.48339
0.706157
0.540508
0.497644
0.733438
0.084641
0.402046
0.110903
0.749189
0.405276
0.011765
0.230014
0.849591
0.692438
0.141976
0.110802
0.087628
0.892012
0.544205
0.399756
0.713104
0.405447
0.108564
0.479579
0.744134
0.759193
0.352816
0.109747
0.986788
0.871577
0.5653
0.835089
0.675171
0.881941
0.585485
0.782576
0.188841
0.771916
0.485632
0.698839
0.941031
0.934635
0.191231
0.469133
0.019809
0.10251
0.566257
0.736589
0.61792
0.184726
0.936848
0.925063
0.712812
0.981133
0.667383
0.06322
0.324414
0.025737
0.150106
0.296044
0.96963
0.133244
0.04961
0.377389
0.29209
0.297258
0.341405
0.772348
0.92724
0.24759
0.619887
0.754228
0.805721
0.779538
0.116291
0.580708
0.199829
0.00043
0.857601
0.525366
0.86583
0.293525
0.335017
0.940544
0.491415
0.63888
0.243799
0.364234
0.117219
0.513951
0.899213
0.174277
0.314465
0.156977
0.411803
0.299433
0.050785
0.48417
0.104541
0.443736
0.689545
0.160658
0.178039
0.745294
0.738851
0.112951
0.981719
0.69612
0.493503
0.832654
0.060093
0.013211
0.803477
0.839791
0.030203
0.127582
0.561913
0.130785
0.548071
0.956796
0.242945
0.887668
0.414317
0.858173
0.175061
0.070302
0.758216
0.266328
0.231501
0.179282
0.652543
0.024328
0.698106
0.873724
0.001107
0.554038
0.915619
0.847893
0.995975
0.469571
0.937745
0.776573
0.325912
0.05324
0.618029
0.434342
0.55299
0.913509
0.688749
0.425313
0.945631
0.900264
0.395259
0.427451
0.02947
0.559201
0.069857
0.500393
0.994234
0.83514
0.713831
0.444715
0.377399
0.87718
0.267039
0.593147
0.628766
0.697497
0.510782
0.836975
0.134456
0.283352
0.108005
0.688011
0.766457
0.010596
0.310105
0.609068
0.513942
0.219648
0.981185
0.283194
0.54608
0.858655
0.129055
0.424555
0.638929
0.110082
0.758353
0.96947
0.574837
0.436922
0.914657
0.092522
0.856271
0.844006
0.716125
0.012405
0.675947
0.58614
0.890067
0.656138
0.419533
0.057571
0.433372
0.143859
0.392104
0.017127
0.007333
0.588308
0.528734
0.271329
0.701739
0.120228
0.689076
0.817566
0.169027
0.4315
0.09076
0.227265
0.834346
0.026761
0.149705
0.513385
0.530682
0.295503
0.41962
0.022835
0.040243
0.667682
0.677767
0.529587
0.247074
0.742647
0.677936
0.979885
0.483793
0.534028
0.716355
0.80708
0.491683
0.699547
0.629988
0.47875
0.907196
0.712388
0.742112
0.587694
0.083313
0.329072
0.735065
0.971375
0.054416
0.984603
0.602633
0.791599
0.659624
0.913188
0.777626
0.379491
0.485682
0.321952
0.587165
0.758792
0.021093
0.533968
0.092217
0.453932
0.592506
0.703425
0.497504
0.875998
0.379287
0.474649
0.013168
0.274635
0.707755
0.186562
0.019494
0.05167
0.683784
0.62762
0.286084
0.04902
0.511719
0.683761
0.355499
0.537734
0.16241
0.842575
0.789418
0.753762
0.530277
0.128692
0.459848
0.873746
0.148262
0.60318
0.205589
0.260989
0.345444
0.13029
0.09983
0.503162
0.753757
0.339658
0.289958
0.249969
0.600111
0.10034
0.531963
0.081692
0.935915
0.340015
0.272856
0.677024
0.500952
0.077696
0.822674
0.440618
0.110513
0.320367
0.774268
0.188746
0.278583
0.466484
0.492216
0.00718
0.842704
0.614974
0.97057
0.466228
0.894025
0.078051
0.270015
0.553642
0.294233
0.872758
0.21106
0.877217
0.781641
0.828196
0.331338
0.156915
0.769867
0.733035
0.349848
0.900797
0.661189
0.179286
0.948944
0.562838
0.565626
0.15167
0.659785
0.265377
0.525187
0.877659
0.105235
0.546443
0.87747
0.785228
0.450738
0.602996
0.15196
0.093831
0.820948
0.776439
0.407076
0.123019
0.108602
0.003032
0.588277
0.365135
0.96966
0.865981
0.043086
0.882793
0.903869
0.195901
0.025634
0.591284
0.710603
0.268462
0.991583
0.165663
0.191761
0.489008
0.993804
0.507977
0.028275
0.910045
0.228089
0.552092
0.180179
0.1995
0.218436
0.650262
0.75144
0.054589
0.39052
0.54532
0.149917
0.76122
0.91847
0.328146
0.369215
0.127191
0.376491
0.299222
0.467467
0.618155
0.706404
0.10418
0.877009
0.123267
0.755368
0.8037
0.596406
0.909546
0.964451
0.452813
0.138522
0.991389
0.965554
0.793129
0.33154
0.041435
0.397744
0.821142
0.702233
0.938119
0.962072
0.584216
0.235494
0.729983
0.826215
0.572137
0.327939
0.675824
0.822736
0.537647
0.002362
0.874669
0.662176
0.813937
0.986347
0.712936
0.440159
0.522311
0.589862
0.219978
0.205604
0.346841
0.929556
0.123266
0.423378
0.157879
0.093449
0.972354
0.530945
0.168111
0.352217
0.788048
0.691448
0.606022
0.09936
0.854968
0.930975
0.865333
0.243646
0.013299
0.931951
0.00035
0.144273
0.579312
0.857316
0.421835
0.997748
0.037948
0.536815
0.602767
0.107936
0.565643
0.680884
0.648908
0.047347
0.773502
0.647667
0.488844
0.512574
0.962578
0.548216
0.634137
0.198764
0.012438
0.833064
0.844071
0.726915
0.25768
0.445349
0.93735
0.605646
0.089727
0.940237
0.986448
0.57352
0.659288
0.80966
0.261759
0.555323
0.314542
0.289127
0.108574
0.725344
0.305838
0.239511
0.594256
0.811714
0.341711
0.351438
0.797187
0.933224
0.326344
0.389373
0.108491
0.752814
0.793218
0.551914
0.139938
0.8024
0.361349
0.697112
0.868161
0.36335
0.764696
0.479774
0.329029
0.428133
0.156839
0.801743
0.180473
0.400979
0.834567
0.458782
0.006745
0.648955
0.505116
0.14809
0.175179
0.363717
0.505099
0.926902
0.665555
0.365604
0.19563
0.384383
0.690615
0.374723
0.6938
0.068268
0.842505
0.453776
0.724741
0.455136
0.181418
0.680623
0.005852
0.435762
0.883189
0.03861
0.165639
0.020889
0.851293
0.868617
0.748418
0.794462
0.62497
0.686227
0.423201
0.559707
0.726456
0.360709
0.410907
0.420912
0.929305
0.49053
0.873863
0.123209
0.794191
0.911546
0.473674
0.589528
0.447703
0.245802
0.438804
0.970103
0.768311
0.097618
0.077315
0.618357
0.232342
0.978565
0.625556
0.933778
0.597177
0.818905
0.019291
0.403553
0.107828
0.599939
0.350637
0.075821
0.544906
0.253966
0.34678
0.567349
0.037732
0.852258
0.8051
0.471226
0.78211
0.899144
0.92743
0.523642
0.062179
0.840708
0.480814
0.664486
0.7374
0.176993
0.832755
0.799482
0.703561
0.353134
0.866523
0.315266
0.494232
0.511932
0.321131
0.354388
0.061032
0.204161
0.946871
0.351305
0.17877
0.154204
0.670914
0.932052
0.424907
0.612381
0.671998
0.117854
0.227722
0.834477
0.25606
0.664885
0.668377
0.811964
0.606039
0.254491
0.163458
0.48626
0.56165
0.798128
0.800744
0.363673
0.611543
0.927382
0.862452
0.226058
0.447586
0.191644
0.612145
0.60515
0.638061
0.872048
0.876436
0.604825
0.375013
0.580926
0.279699
0.792661
0.539426
0.982795
0.144235
0.953831
0.79327
0.218072
0.552974
0.283993
0.967725
0.098417
0.867366
0.942453
0.174173
0.504666
0.255869
0.335134
0.204498
0.260722
0.323943
0.987211
0.91836
0.677078
0.472293
0.674934
0.785601
0.973119
0.181531
0.366148
0.375471
0.052829
0.770313
0.528205
0.931128
0.401414
0.739523
0.681024
0.439203
0.012711
0.742544
0.758622
0.956798
0.459844
0.459463
0.35729
0.057753
0.362164
0.124402
0.080291
0.396133
0.394006
0.089799
0.76348
0.612837
0.102826
0.491358
0.828563
0.51551
0.576343
0.785521
0.148641
0.622605
0.986251
0.283014
0.6414
0.867735
0.589358
0.826933
0.515654
0.605499
0.644661
0.241117
0.897473
0.168423
0.485995
0.505221
0.822608
0.27305
0.988215
0.209497
0.171894
0.30666
0.705844
0.55951
0.188741
0.985727
0.356478
0.885453
0.770833
0.77447
0.048172
0.691754
0.225777
0.204525
0.259603
0.447945
0.573911
0.895331
0.779719
0.221763
0.112433
0.380808
0.294944
0.93399
0.352903
0.861857
0.657119
0.0421
0.109325
0.510316
0.372986
0.988815
0.955869
0.377389
0.340965
0.990785
0.15878
0.211186
0.56866
0.039543
0.901278
0.988673
0.057505
0.761696
0.190121
0.885866
0.464326
0.092652
0.913514
0.099678
0.513873
0.60687
0.298089
0.982714
0.194089
0.700827
0.74139
0.91561
0.67396
0.407706
0.627281
0.544088
0.95463
0.840731
0.45089
0.93748
0.502763
0.921722
0.11614
0.885207
0.014999
0.599385
0.424883
0.462858
0.7954
0.942749
0.395929
0.639021
0.678326
0.408594
0.658102
0.656142
0.39548
0.741086
0.7285
0.443626
0.908196
0.226795
0.272275
0.987788
0.81416
0.0254
0.173746
0.828507
0.687713
0.05709
0.893869
0.690132
0.81769
0.69298
0.742082
0.321466
0.224033
0.713226
0.476505
0.22804
0.748634
0.032324
0.651575
0.777787
0.291661
0.478896
0.590073
0.094
0.413457
0.999679
0.889978
0.456554
0.22505
0.722512
0.772428
0.448534
0.149616
0.050653
0.631754
0.987766
0.88201
0.034922
0.630439
0.638294
0.695731
0.83962
0.771176
0.051155
0.340021
0.413402
0.934179
0.25575
0.214196
0.049481
0.809791
0.132671
0.881946
0.346962
0.491527
0.632119
0.991688
0.7834
0.318483
0.442356
0.753645
0.451702
0.751511
0.877738
0.788461
0.927338
0.987849
0.281794
0.116811
0.625418
0.741511
0.683836
0.689272
0.691646
0.313762
0.067648
0.898066
0.929096
0.110383
0.201873
0.56671
0.955509
0.205742
0.9516
0.715561
0.455795
0.197366
0.146831
0.728238
0.436544
0.12975
0.250999
0.553124
0.772146
0.936055
0.049119
0.152612
0.346043
0.259752
0.166086
0.498671
0.994688
0.816477
0.428737
0.501121
0.628456
0.274051
0.494205
0.729988
0.190443
0.108749
0.061511
0.397883
0.615957
0.573435
0.476353
0.892413
0.857701
0.531733
0.593949
0.562229
0.603421
0.609127
0.779873
0.732406
0.379828
0.818268
0.659932
0.854011
0.884994
0.360746
0.729746
0.629804
0.061492
0.592822
0.398772
0.747531
0.565421
0.027109
0.453187
0.59139
0.199136
0.385824
0.195747
0.54812
0.093442
0.595486
0.076179
0.6529
0.736212
0.295364
0.115958
0.630474
0.943246
0.047531
0.681441
0.526984
0.739731
0.973114
0.104474
0.970947
0.573315
0.160415
0.868243
0.334238
0.710764
0.774712
0.08923
0.447963
0.862032
0.306697
0.399772
0.967122
0.782037
0.741939
0.592908
0.065046
0.504746
0.47824
0.539149
0.089174
0.617242
0.628519
0.2761
0.662679
0.251439
0.009592
0.642258
0.2392
0.361054
0.052748
0.866717
0.438318
0.704189
0.44107
0.290336
0.813015
0.185605
0.290635
0.627781
0.490346
0.07363
0.581048
0.103926
0.938563
0.484506
0.534114
0.942854
0.409012
0.060552
0.384833
0.16401
0.481051
0.785383
0.030179
0.304465
0.208034
0.657271
0.00101
0.857255
0.316073
0.750222
0.68443
0.871152
0.287709
0.767317
0.2604
0.361372
0.529638
0.526864
0.729761
0.291946
0.280143
0.608097
0.878103
0.880019
0.853812
0.291964
0.860645
0.697679
0.688796
0.429386
0.028678
0.012242
0.92649
0.127241
0.051853
0.112359
0.880326
0.468108
0.868013
0.640744
0.699579
0.738296
0.900997
0.91712
0.605703
0.829395
0.105528
0.642504
0.130781
0.095742
0.998064
0.056545
0.049963
0.115781
0.974428
0.861852
0.932668
0.949612
0.461513
0.330417
0.746323
0.244773
0.023747
0.994903
0.146492
0.677326
0.655378
0.215064
0.336062
0.466439
0.664183
0.92424
0.312938
0.55134
0.587838
0.567195
0.78298
0.116026
0.716637
0.417734
0.299843
0.245876
0.857933
0.269535
0.035768
0.589061
0.05913
0.815271
0.863335
0.950963
0.739938
0.000285
0.491568
0.567377
0.051208
0.935794
0.761198
0.195712
0.898127
0.969131
0.937055
0.469771
0.345863
0.739677
0.300936
0.622945
0.177578
0.485519
0.502265
0.000412
0.513724
0.539362
0.876878
0.316711
0.547615
0.209523
0.64063
0.487612
0.258401
0.860212
0.215389
0.757648
0.687373
0.317942
0.363924
0.201953
0.053975
0.29967
0.350065
0.233314
0.675014
0.452619
0.36558
0.880959
0.785612
0.214207
0.657152
0.788086
0.649408
0.444968
0.823926
0.051856
0.754719
0.348885
0.249121
0.236367
0.795283
0.91329
0.312572
0.751915
0.394159
0.463421
0.253469
0.647039
0.782336
0.601287
0.920917
0.653327
0.550909
0.789858
0.261584
0.318832
0.618742
0.819132
0.282541
0.753649
0.703092
0.814292
0.540156
0.625277
0.73136
0.132845
0.527476
0.338921
0.564026
0.508433
0.821807
0.768206
0.765937
0.472907
0.141454
0.563059
0.146016
0.172308
0.601684
0.136159
0.782165
0.564156
0.520963
0.189989
0.682988
0.044298
0.57477
0.752325
0.492264
0.689709
0.341911
0.215019
0.265171
0.790059
0.123256
0.505113
0.856503
0.861726
0.878073
0.937264
0.586646
0.27268
0.949543
0.256586
0.441859
0.025445
0.782159
0.434644
0.142352
0.714356
0.209038
0.081937
0.450218
0.762259
0.636401
0.719927
0.455888
0.554453
0.736054
0.86402
0.929674
0.362119
0.139443
0.15205
0.561738
0.522937
0.019854
0.681969
0.787147
0.849963
0.817822
0.381353
0.433863
0.267006
0.953647
0.749459
0.385626
0.316625
0.896845
0.134746
0.05269
0.517264
0.168971
0.596495
0.438391
0.608708
0.022689
0.252203
0.228932
0.054927
0.668133
0.23786
0.611019
0.93081
0.131723
0.332194
0.339954
0.986175
0.358337
0.695565
0.901009
0.092425
0.645196
0.421367
0.390666
0.739397
0.255742
0.069762
0.823897
0.716958
0.459066
0.486107
0.814911
0.50172
0.891684
0.431048
0.683886
0.557585
0.454818
0.065554
0.505328
0.832392
0.560588
0.952046
0.953042
0.013574
0.097181
0.967877
0.89357
0.59888
0.161808
0.385047
0.623391
0.0161
0.455828
0.721571
0.628212
0.100618
0.279924
0.522011
0.476511
0.363306
0.999781
0.115297
0.470696
0.613566
0.698068
0.620086
0.282109
0.769612
0.960855
0.783731
0.101743
0.124172
0.508357
0.409743
0.976958
0.958032
0.539701
0.552467
0.020334
0.901307
0.621347
0.236438
0.762872
0.34669
0.83776
0.517347
0.245934
0.963218
0.263763
0.83841
0.173909
0.843046
0.439686
0.534432
0.093691
0.81313
0.48195
0.986188
0.937521
0.50778
0.506334
0.583656
0.669329
0.068627
0.60784
0.691819
0.814243
0.225084
0.172022
0.039542
0.841357
0.323326
0.596142
0.061213
0.048676
0.392133
0.671664
0.892625
0.785759
0.634217
0.714212
0.508905
0.288915
0.438258
0.854981
0.099369
0.747009
0.691207
0.562735
0.900361
0.687801
0.585723
0.727182
0.192504
0.548488
0.549149
0.303086
0.97546
0.249133
0.331989
0.647594
0.950593
0.962082
0.106368
0.806433
0.796774
0.967897
0.742782
0.722637
0.072112
0.923035
0.701131
0.950525
0.550835
0.099239
0.589218
0.021846
0.524463
0.61047
0.010283
0.763523
0.300086
0.992432
0.073135
0.743852
0.844944
0.800258
0.43691
0.427534
0.196603
0.16459
0.81845
0.709053
0.933001
0.468167
0.013065
0.41377
0.406838
0.905775
0.148498
0.368118
0.534442
0.521142
0.17903
0.329515
0.668239
0.260861
0.603834
0.375853
0.490101
0.06782
0.283284
0.861146
0.685114
0.834726
0.601779
0.528779
0.592711
0.316178
0.930198
0.352613
0.621451
0.730475
0.989648
0.721644
0.642777
0.305539
0.269308
0.12064
0.034663
0.914235
0.177052
0.694389
0.741241
0.491282
0.423678
0.986577
0.806271
0.212972
0.458745
0.464932
0.906907
0.075025
0.746282
0.457582
0.946018
0.120226
0.150724
0.008119
0.475911
0.815463
0.146088
0.069465
0.06679
0.404042
0.856865
0.10391
0.656231
0.950646
0.01778
0.672105
0.059397
0.576632
0.101374
0.642304
0.974176
0.198127
0.169668
0.844916
0.968837
0.801709
0.459067
0.387313
0.916236
0.922242
0.593336
0.073264
0.264313
0.406851
0.492267
0.6256
0.35286
0.441755
0.79708
0.013478
0.684106
0.173591
0.527601
0.43162
0.291144
0.862605
0.059979
0.624736
0.159118
0.925747
0.114114
0.241249
0.080709
0.082716
0.244095
0.993562
0.477286
0.193246
0.626209
0.176649
0.978831
0.230527
0.702534
0.836992
0.86262
0.865306
0.573632
0.864845
0.048308
0.24664
0.861175
0.276707
0.818286
0.238578
0.827621
0.3063
0.875531
0.610974
0.082808
0.850041
0.621948
0.061861
0.761237
0.38701
0.541293
0.787717
0.424585
0.959128
0.237655
0.157335
0.983531
0.826576
0.342625
0.293814
0.56799
0.85714
0.304511
0.914016
0.376596
0.272972
0.058749
0.77226
0.534237
0.779719
0.068905
0.835339
0.71824
0.513952
0.598656
0.546412
0.127151
0.10302
0.879292
0.256015
0.583717
0.814774
0.73243
0.284038
0.764285
0.665015
0.404389
0.270007
0.9702
0.276905
0.467345
0.244003
0.947922
0.290839
0.297339
0.851573
0.00679
0.622855
0.012291
0.857554
0.95734
0.208844
0.921539
0.076632
0.483399
0.456588
0.012089
0.903682
0.276813
0.661898
0.214948
0.485016
0.964343
0.684503
0.770452
0.026576
0.259556
0.317346
0.054353
0.078074
0.850531
0.533019
0.70826
0.211895
0.136653
0.331096
0.695376
0.388913
0.281223
0.87556
0.317732
0.202604
0.509752
0.203423
0.877305
0.241561
0.881411
0.516098
0.435308
0.814294
0.426676
0.420301
0.326105
0.861116
0.735223
0.928619
0.563967
0.539888
0.837877
0.571225
0.643087
0.309995
0.758472
0.682247
0.99488
0.969271
0.72116
0.968896
0.901938
0.654529
0.456104
0.058637
0.285653
0.457688
0.274015
0.935669
0.464941
0.495159
0.46763
0.037008
0.242977
0.065513
0.781196
0.64244
0.568834
0.54456
0.551535
0.681855
0.835247
0.048842
0.092706
0.289333
0.804675
0.714298
0.827194
0.32441
0.546879
0.980422
0.550053
0.428238
0.884625
0.841613
0.194558
0.689686
0.318098
0.547136
0.281881
0.721414
0.607313
0.164432
0.160613
0.096749
0.15289
0.977969
0.082114
0.73465
0.812514
0.830715
0.261474
0.465344
0.483902
0.149712
0.252446
0.039325
0.115545
0.541833
0.561869
0.007029
0.736157
0.201591
0.879045
0.551815
0.857178
0.012567
0.930921
0.632521
0.498094
0.967124
0.22182
0.672827
0.804754
0.552661
0.168389
0.183864
0.098509
0.410804
0.640877
0.81061
0.380695
0.386928
0.589718
0.147288
0.677208
0.820029
0.407312
0.788748
0.281205
0.514484
0.731315
0.728309
0.920537
0.262632
0.907795
0.572419
0.490507
0.765206
0.005047
0.165879
0.476182
0.411647
0.608304
0.036626
0.774217
0.572707
0.246673
0.89722
0.689235
0.131903
0.655683
0.99191
0.520784
0.561103
0.768469
0.340788
0.360652
0.230874
0.284768
0.639845
0.522407
0.548249
0.850949
0.513833
0.624281
0.260019
0.552782
0.590948
0.774784
0.619261
0.532818
0.498311
0.561848
0.475874
0.050135
0.273409
0.956011
0.823881
0.786552
0.552003
0.472618
0.534977
0.926845
0.165324
0.126289
0.507054
0.203258
0.796632
0.321708
0.473466
0.96853
0.771276
0.998654
0.804284
0.519702
0.402131
0.910383
0.976815
0.006546
0.265151
0.949755
0.551175
0.546559
0.784686
0.631747
0.559232
0.564406
0.672812
0.21918
0.95099
0.4733
0.06757
0.042288
0.57632
0.258271
0.808229
0.164499
0.365402
0.728099
0.198586
0.298203
0.304739
0.669493
0.225185
0.00563
0.011481
0.730789
0.578271
0.877286
0.055928
0.621454
0.228505
0.561622
0.669057
0.845091
0.385144
0.543596
0.314425
0.929741
0.27123
0.653938
0.966795
0.266295
0.303478
0.412913
0.282135
0.914918
0.723408
0.507939
0.432944
0.464003
0.555202
0.753758
0.508402
0.490965
0.057228
0.072778
0.22681
0.300699
0.725508
0.360139
0.263565
0.327482
0.415546
0.187263
0.880862
0.086618
0.215308
0.856596
0.24028
0.824206
0.463768
0.174705
0.001713
0.004402
0.718944
0.91365
0.463675
0.806348
0.576948
0.93876
0.849256
0.996427
0.614758
0.675412
0.711571
0.459425
0.142116
0.307057
0.29206
0.361751
0.365363
0.64415
0.218291
0.277283
0.7081
0.396144
0.976831
0.554462
0.627559
0.3066
0.403997
0.616132
0.367603
0.447197
0.49467
0.31411
0.542432
0.705516
0.855415
0.00492
0.204752
0.694084
0.443924
0.666551
0.983648
0.109302
0.181482
0.56511
0.657536
0.626665
0.704485
0.772669
0.930128
0.133508
0.636097
0.124902
0.004177
0.386097
0.93751
0.252237
0.56162
0.075294
0.597687
0.25598
0.124234
0.444482
0.844452
0.287631
0.199049
0.338937
0.587084
0.352156
0.083336
0.895218
0.134662
0.864746
0.872271
0.07847
0.390578
0.047579
0.364748
0.538863
0.399114
0.25981
0.369733
0.481981
0.051696
0.207065
0.821047
0.095346
0.930151
0.734441
0.493284
0.296318
0.757207
0.999616
0.761969
0.149401
0.761608
0.232167
0.519807
0.254993
0.890178
0.524184
0.859725
0.148416
0.186581
0.57344
0.851832
0.204078
0.387465
0.354037
0.060143
0.740816
0.353268
0.461224
0.045723
0.322157
0.411022
0.465529
0.007965
0.690109
0.629435
0.584326
0.357987
0.970063
0.421266
0.754346
0.277892
0.146714
0.643081
0.754211
0.049953
0.940593
0.63199
0.519272
0.471523
0.340691
0.113323
0.608937
0.81482
0.410546
0.43219
0.954502
0.336999
0.414676
0.416562
0.233208
0.62941
0.080583
0.253983
0.490698
0.804533
0.085866
0.951577
0.660994
0.055088
0.936851
0.771019
0.646915
0.968484
0.951945
0.534845
0.076495
0.551865
0.314759
0.100589
0.963926
0.777786
0.121456
0.068653
0.285816
0.353336
0.015433
0.435491
0.104033
0.418389
0.624353
0.562674
0.789477
0.0026
0.536712
0.641348
0.98668
0.226583
0.016533
0.104192
0.070268
0.784982
0.16842
0.056745
0.559428
0.362405
0.24066
0.96311
0.563962
0.108621
0.270895
0.466277
0.148247
0.114921
0.996574
0.045918
0.517157
0.585764
0.00655
0.575935
0.239472
0.267398
0.993755
0.489438
0.255778
0.648846
0.230188
0.810974
0.438355
0.181594
0.07162
0.939354
0.911089
0.532832
0.479162
0.878799
0.47954
0.508963
0.171437
0.829792
0.990516
0.752344
0.91158
0.291292
0.249749
0.584838
0.972028
0.841386
0.29817
0.692761
0.725008
0.944967
0.268845
0.985237
0.656968
0.894365
0.346348
0.140142
0.546512
0.015274
0.311242
0.260558
0.576972
0.304309
0.875283
0.73135
0.474365
0.309176
0.784732
0.269334
0.740907
0.219776
0.429395
0.667356
0.059862
0.862929
0.124461
0.455408
0.351379
0.759868
0.276464
0.148463
0.634608
0.491306
0.145652
0.475029
0.145402
0.716056
0.921726
0.678714
0.297566
0.426245
0.916755
0.991503
0.240443
0.607806
0.865025
0.208799
0.817076
0.102904
0.670278
0.870762
0.356734
0.362508
0.629817
0.379045
0.215249
0.677268
0.386515
0.267311
0.068148
0.563579
0.46851
0.210642
0.180398
0.77972
0.442718
0.787315
0.073557
0.455678
0.179826
0.408122
0.08855
0.257093
0.105013
0.242017
0.70908
0.049144
0.722243
0.189487
0.262284
0.301513
0.68454
0.473177
0.888501
0.490146
0.654279
0.193879
0.662488
0.269147
0.633603
0.073851
0.671236
0.601316
0.832081
0.411682
0.02865
0.277216
0.596704
0.106363
0.890997
0.680089
0.225052
0.463646
0.234145
0.549052
0.076093
0.505984
0.189793
0.78193
0.643939
0.616598
0.462062
0.767383
0.256713
0.171766
0.700364
0.045982
0.187384
0.282851
0.867716
0.087607
0.257195
0.672491
0.257715
0.88199
0.107003
0.729513
0.194994
0.023398
0.747527
0.74124
0.109765
0.593436
0.877168
0.093433
0.570196
0.118892
0.520504
0.866589
0.486185
0.998748
0.741396
0.343788
0.751295
0.382395
0.414897
0.146467
0.011821
0.748748
0.911631
0.867568
0.271617
0.132391
0.720968
0.240574
0.45531
0.337687
0.699116
0.139322
0.898474
0.534739
0.039074
0.189029
0.132575
0.972454
0.563983
0.242681
0.194006
0.756868
0.467275
0.788248
0.822808
0.431487
0.047139
0.23789
0.674546
0.926961
0.868022
0.379605
0.767126
0.059869
0.258776
0.102538
0.228149
0.553875
0.349428
0.282679
0.341074
0.189982
0.932374
0.28898
0.079522
0.452258
0.545218
0.492174
0.917456
0.735605
0.079919
0.096118
0.022546
0.077956
0.335951
0.727058
0.824247
0.555867
0.525333
0.551751
0.340379
0.018222
0.010053
0.754279
0.868836
0.461686
0.692567
0.440009
0.330834
0.330484
0.316168
0.376008
0.647496
0.672251
0.586946
0.125827
0.536203
0.63216
0.661058
0.824299
0.923719
0.059979
0.819737
0.699481
0.899961
0.293447
0.877647
0.910526
0.686266
0.126242
0.897659
0.745082
0.040133
0.408662
0.382994
0.711448
0.226154
0.137413
0.84708
0.134299
0.927928
0.789924
0.28096
0.515618
0.32712
0.952812
0.88403
0.685182
0.262679
0.959573
0.850885
0.797049
0.988282
0.452139
0.988775
0.629606
0.04511
0.714742
0.607248
0.434182
0.108771
0.804945
0.170244
0.14102
0.506777
0.86653
0.876516
0.371497
0.432377
0.92369
0.750746
0.439683
0.615739
0.112901
0.268167
0.502852
0.98012
0.739317
0.715751
0.021479
0.278159
0.465773
0.124423
0.080178
0.559663
0.67788
0.820715
0.722526
0.609637
0.588953
0.424984
0.692372
0.227067
0.298688
0.226824
0.793873
0.883633
0.417377
0.849117
0.755772
0.807303
0.352881
0.932917
0.10236
0.425009
0.598748
0.277838
0.7044
0.192496
0.18267
0.215464
0.643808
0.130716
0.194919
0.533659
0.81603
0.568968
0.985295
0.681934
0.42688
0.109299
0.179686
0.813415
0.925342
0.732987
0.459066
0.700495
0.679411
0.251951
0.070913
0.155035
0.067478
0.646434
0.453849
0.108853
0.085882
0.906129
0.483836
0.128098
0.831369
0.502874
0.430839
0.320808
0.265062
0.092944
0.532532
0.42448
0.614456
0.753951
0.860673
0.434612
0.638626
0.424214
0.749146
0.61392
0.822214
0.973473
0.997902
0.698942
0.498796
0.320158
0.429661
0.363032
0.709932
0.353554
0.383542
0.332744
0.611623
0.900212
0.886175
0.454972
0.543649
0.36923
0.148539
0.611063
0.523635
0.681132
0.190352
0.651672
0.858126
0.305303
0.895379
0.842051
0.164964
0.618224
0.096671
0.213294
0.168174
0.872387
0.348547
0.435279
0.990966
0.606502
0.036848
0.682039
0.406269
0.06203
0.819913
0.749344
0.123599
0.176383
0.398422
0.939801
0.989592
0.959662
0.105321
0.778103
0.79349
0.904283
0.63061
0.006473
0.289877
0.834834
0.044246
0.313632
0.447634
0.095214
0.635169
0.47369
0.658915
0.841888
0.906931
0.272515
0.855386
0.132993
0.84262
0.649793
0.034715
0.066287
0.414588
0.925607
0.659515
0.016312
0.778444
0.561369
0.926169
0.874475
0.241775
0.371847
0.240542
0.504586
0.299664
0.168652
0.49363
0.315826
0.156558
0.631688
0.336087
0.121414
0.909851
0.54948
0.654551
0.687869
0.979758
0.501617
0.479226
0.5326
0.219658
0.667452
0.922039
0.772945
0.393086
0.065127
0.516217
0.77015
0.980495
0.537926
0.10506
0.087873
0.630735
0.747066
0.200176
0.965449
0.394455
0.129764
0.502084
0.76514
0.959245
0.898738
0.008675
0.545265
0.869785
0.462472
0.920807
0.278901
0.725353
0.742333
0.802461
0.900861
0.024619
0.255695
0.016783
0.717843
0.018483
0.084706
0.098481
0.782274
0.342477
0.99835
0.079144
0.935399
0.076264
0.189797
0.020672
0.447771
0.167556
0.849219
0.534482
0.860278
0.678104
0.325233
0.485619
0.740987
0.230611
0.985952
0.454314
0.063599
0.083489
0.179389
0.906698
0.212188
0.229982
0.463094
0.464927
0.755633
0.923919
0.57092
0.134636
0.480826
0.931669
0.464435
0.433236
0.255013
0.022252
0.563359
0.75712
0.499706
0.299532
0.397587
0.912523
0.782713
0.439466
0.521153
0.159483
0.684491
0.781339
0.425903
0.708699
0.08895
0.281351
0.281842
0.808628
0.030082
0.139943
0.304146
0.597387
0.573907
0.697172
0.007985
0.864895
0.691189
0.926958
0.331784
0.75291
0.798639
0.017737
0.834795
0.844722
0.883227
0.541469
0.818722
0.39827
0.513943
0.763537
0.122612
0.828673
0.239415
0.782524
0.112483
0.29693
0.973221
0.773789
0.760244
0.874299
0.068045
0.70549
0.774646
0.573802
0.43832
0.734882
0.891338
0.780972
0.026413
0.150802
0.288328
0.683798
0.716411
0.364693
0.670631
0.980823
0.906063
0.29762
0.324765
0.115334
0.222296
0.398678
0.081466
0.005863
0.510533
0.704613
0.321411
0.440539
0.458717
0.621265
0.892173
0.058833
0.019504
0.265485
0.722491
0.395238
0.249312
0.961482
0.614598
0.920158
0.638241
0.973431
0.537738
0.889627
0.185699
0.085583
0.155593
0.137609
0.276372
0.376268
0.428816
0.991014
0.337216
0.104497
0.002283
0.101235
0.175213
0.826278
0.560985
0.917385
0.022906
0.089604
0.237301
0.978264
0.477357
0.63618
0.542698
0.364881
0.823349
0.362774
0.288503
0.283817
0.397705
0.923048
0.958259
0.848783
0.578353
0.564605
0.226593
0.562613
0.018919
0.629279
0.660424
0.990031
0.808092
0.997822
0.168038
0.083093
0.194697
0.820316
0.156502
0.550753
0.464622
0.736629
0.872016
0.967428
0.438083
0.749558
0.376885
0.566549
0.41417
0.527809
0.236812
0.233479
0.138388
0.181533
0.638023
0.732122
0.858525
0.835719
0.700303
0.929382
0.711894
0.829928
0.689657
0.074568
0.166756
0.926714
0.376357
0.637117
0.182694
0.815184
0.122724
0.106188
0.394386
0.007546
0.255638
0.661446
0.227518
0.321232
0.297983
0.331057
0.10116
0.17867
0.775387
0.760035
0.798448
0.007564
0.903422
0.171786
0.140289
0.15568
0.568938
0.553409
0.663044
0.282351
0.699652
0.909403
0.337784
0.614096
0.583072
0.351382
0.965945
0.899528
0.746218
0.541317
0.632842
0.355626
0.857426
0.80585
0.802832
0.721138
0.715743
0.401791
0.095384
0.960406
0.108646
0.396363
0.574548
0.787971
0.612866
0.917601
0.118624
0.827883
0.517419
0.466044
0.963426
0.844688
0.362729
0.262199
0.221146
0.884274
0.777354
0.390376
0.920917
0.946152
0.353565
0.91998
0.211251
0.970465
0.906242
0.953034
0.762112
0.539777
0.818104
0.752114
0.790288
0.452327
0.526374
0.475115
0.226802
0.923994
0.176843
0.973318
0.628995
0.220529
0.194558
0.315711
0.744745
0.056869
0.450659
0.211385
0.544366
0.031405
0.563751
0.87401
0.51397
0.895459
0.017772
0.927915
0.923855
0.384948
0.194251
0.36396
0.270702
0.813797
0.163597
0.460773
0.877557
0.533548
0.744529
0.919558
0.490801
0.927588
0.156314
0.728473
0.276253
0.008638
0.74867
0.409936
0.514385
0.573021
0.487206
0.966606
0.98799
0.976248
0.229943
0.649681
0.875149
0.711336
0.2828
0.089377
0.05295
0.868077
0.167499
0.746941
0.519183
0.841743
0.553434
0.352513
0.172462
0.909595
0.561606
0.672561
0.903345
0.622129
0.433952
0.456974
0.794159
0.346129
0.978
0.796978
0.976099
0.362661
0.027405
0.773691
0.475577
0.99229
0.24481
0.627083
0.734579
0.233042
0.864877
0.427702
0.242407
0.391074
0.924418
0.144288
0.191058
0.007989
0.070598
0.030557
0.913066
0.788907
0.547848
0.69242
0.431213
0.782049
0.417791
0.291012
0.499542
0.383477
0.899035
0.96841
0.081188
0.659662
0.114206
0.795699
0.148188
0.717467
0.101743
0.197325
0.274065
0.002693
0.60434
0.418872
0.456856
0.658814
0.045246
0.931387
0.54302
0.005594
0.798285
0.587994
0.004442
0.307798
0.128325
0.616444
0.448004
0.250479
0.946825
0.471839
0.323864
0.282484
0.764104
0.018152
0.574446
0.216474
0.396314
0.209821
0.468946
0.863377
0.9786
0.68785
0.4067
0.938859
0.753658
0.842875
0.554212
0.588006
0.221963
0.779437
0.574618
0.002786
0.858258
0.355446
0.107187
0.735248
0.715213
0.387137
0.105208
0.354694
0.003571
0.679036
0.564908
0.504357
0.527194
0.336086
0.44274
0.93233
0.590796
0.451507
0.95913
0.332277
0.219346
0.383426
0.633623
0.203058
0.452744
0.948928
0.359036
0.703079
0.663874
0.934962
0.462245
0.63687
0.916132
0.05276
0.919757
0.044258
0.726351
0.724037
0.413499
0.443047
0.228202
0.720019
0.979627
0.968405
0.150106
0.036554
0.114226
0.620253
0.964628
0.78208
0.414743
0.525079
0.78112
0.320715
0.038828
0.586875
0.75165
0.564392
0.394739
0.413619
0.252335
0.354477
0.261665
0.12337
0.974268
0.169185
0.164881
0.181101
0.395927
0.434961
0.301586
0.390973
0.927182
0.526156
0.999671
0.504397
0.575394
0.513801
0.783635
0.068356
0.113666
0.554882
0.625777
0.056589
0.777747
0.107021
0.624869
0.489545
0.512144
0.979851
0.874048
0.770201
0.335899
0.484339
0.74731
0.610418
0.235085
0.234148
0.71673
0.05096
0.399523
0.750609
0.856465
0.072077
0.175174
0.990459
0.598797
0.430765
0.76428
0.453168
0.745679
0.728813
0.496419
0.998859
0.844079
0.277172
0.766797
0.263928
0.650767
0.890718
0.595557
0.158589
0.614615
0.858622
0.183691
0.016567
0.356824
0.712089
0.761044
0.730801
0.408032
0.051604
0.519074
0.795151
0.544949
0.961716
0.31184
0.488439
0.183993
0.038021
0.236172
0.4136
0.645771
0.384171
0.585598
0.171409
0.991427
0.640639
0.892485
0.088048
0.417408
0.785792
0.129047
0.749704
0.820036
0.335634
0.872286
0.335524
0.253425
0.950927
0.983128
0.296313
0.339279
0.16687
0.49967
0.082756
0.756477
0.069162
0.092634
0.852539
0.52378
0.694196
0.117007
0.286395
0.771583
0.415779
0.010382
0.207899
0.680116
0.79344
0.779032
0.126041
0.514707
0.146727
0.949349
0.168028
0.142444
0.302301
0.189129
0.526547
0.640314
0.116629
0.921603
0.860387
0.378876
0.883929
0.622287
0.368894
0.514689
0.743154
0.769758
0.600218
0.466727
0.16065
0.227931
0.585321
0.691363
0.129074
0.498745
0.482797
0.604154
0.149245
0.254122
0.214554
0.148122
0.213424
0.419817
0.600078
0.61733
0.495062
0.676648
0.676536
0.386302
0.749114
0.809187
0.836716
0.499934
0.281734
0.358534
0.313388
0.335956
0.97002
0.984716
0.590638
0.164643
0.075218
0.448348
0.142524
0.248873
0.404725
0.217302
0.72901
0.607704
0.281473
0.869853
0.498087
0.348395
0.329554
0.501048
0.040098
0.187189
0.97058
0.11032
0.309079
0.149268
0.706613
0.535826
0.453423
0.720073
0.772267
0.502348
0.216695
0.034651
0.224501
0.280861
0.563846
0.128053
0.848383
0.859824
0.936681
0.867829
0.185461
0.552086
0.387184
0.981425
0.037927
0.923752
0.761584
0.976618
0.445292
0.17505
0.534687
0.973194
0.744785
0.840885
0.034751
0.091283
0.317366
0.983382
0.915449
0.60713
0.471699
0.65682
0.270691
0.986494
0.47722
0.489752
0.930745
0.71289
0.387461
0.692719
0.098158
0.046756
0.512128
0.028313
0.996783
0.816144
0.230852
0.591963
0.733334
0.843613
0.217728
0.750499
0.749558
0.875652
0.630936
0.307811
0.219824
0.774302
0.600506
0.466711
0.993287
0.423385
0.958841
0.091853
0.317552
0.505763
0.502452
0.416186
0.024787
0.488441
0.455929
0.892748
0.545205
0.184078
0.359812
0.424728
0.024296
0.453655
0.838916
0.22599
0.964347
0.825351
0.281105
0.891576
0.155616
0.538924
0.701036
0.338872
0.944349
0.138207
0.3887
0.835142
0.690032
0.991855
0.137856
0.177175
0.57549
0.908066
0.779076
0.900342
0.965485
0.584071
0.903889
0.007498
0.623113
0.322541
0.184799
0.385197
0.011896
0.163231
0.052001
0.643072
0.744932
0.981973
0.389697
0.033429
0.939686
0.628282
0.717199
0.224504
0.046615
0.10186
0.894749
0.138803
0.631266
0.05129
0.612682
0.725129
0.951849
0.479842
0.57222
0.079326
0.704537
0.165106
0.791107
0.655883
0.101535
0.438403
0.496931
0.135489
0.636343
0.774742
0.166436
0.696645
0.268283
0.65439
0.82401
0.423079
0.564375
0.582992
0.54785
0.920513
0.491607
0.79689
0.760112
0.111035
0.654901
0.083174
0.269895
0.567231
0.855349
0.771961
0.670191
0.542494
0.973294
0.519575
0.56102
0.915558
0.146392
0.059475
0.440377
0.332257
0.039757
0.524869
0.577896
0.983603
0.989349
0.575028
0.916297
0.463309
0.976341
0.229472
0.078195
0.679898
0.051647
0.877624
0.376592
0.502046
0.626237
0.264358
0.345733
0.349435
0.065243
0.702958
0.927412
0.410584
0.128231
0.609557
0.339756
0.957193
0.718151
0.170303
0.990125
0.910853
0.741517
0.715005
0.685859
0.225954
0.236044
0.316942
0.044867
0.43449
0.513469
0.003911
0.015438
0.64693
0.208035
0.145217
0.900762
0.248693
0.932821
0.111601
0.510238
0.38519
0.007354
0.928684
0.736489
0.816082
0.965706
0.587653
0.851145
0.927414
0.929134
0.043089
0.243337
0.79427
0.152971
0.439563
0.279105
0.358769
0.500357
0.159818
0.625825
0.522071
0.747158
0.492892
0.040541
0.086173
0.399293
0.546464
0.571269
0.498043
0.172283
0.078795
0.554208
0.91951
0.572282
0.91014
0.052372
0.092015
0.935266
0.844371
0.479905
0.560853
0.649702
0.601098
0.077482
0.722263
0.834725
0.481829
0.031113
0.09104
0.240735
0.046261
0.140577
0.327586
0.691185
0.305862
0.107911
0.392018
0.71178
0.544286
0.880765
0.422905
0.126499
0.297953
0.018156
0.142235
0.534176
0.627124
0.932463
0.458872
0.443013
0.850135
0.875572
0.565133
0.699806
0.943272
0.26086
0.961948
0.828533
0.610809
0.384981
0.188597
0.483117
0.677672
0.801921
0.488391
0.197533
0.344148
0.95215
5.8e-05
0.434818
0.227502
0.815041
0.947299
0.009117
0.487419
0.380466
0.236888
0.753715
0.739512
0.223064
0.17654
0.202143
0.37147
0.536645
0.283713
0.663962
0.502086
0.560991
0.398377
0.597769
0.687751
0.15529
0.961543
0.696319
0.959267
0.1483
0.929221
0.394353
0.309533
0.90935
0.70278
0.96825
0.394147
0.969925
0.026063
0.797945
0.355774
0.146289
0.342994
0.392751
0.295984
0.743381
0.205665
0.979976
0.98793
0.040101
0.219806
0.686258
0.717702
0.846104
0.070317
0.680362
0.410157
0.743692
0.143408
0.750257
0.601887
0.973238
0.732529
0.186475
0.645766
0.80394
0.838697
0.29472
0.425427
0.920622
0.739375
0.466479
0.949161
0.099106
0.583386
0.37036
0.193045
0.562509
0.229652
0.353126
0.635706
0.376584
0.633422
0.25612
0.895348
0.454107
0.876749
0.184655
0.864914
0.329061
0.692138
0.034668
0.240973
0.474401
0.03151
0.6243
0.228043
0.891305
0.32928
0.194525
0.177061
0.169748
0.698301
0.565191
0.80396
0.7707
0.357105
0.523489
0.147734
0.362107
0.255183
0.984232
0.16533
0.200345
0.721874
0.733032
0.112861
0.429337
0.775519
0.931844
0.704016
0.475075
0.864269
0.407148
0.517824
0.015128
0.606139
0.420042
0.763227
0.567556
0.591738
0.469666
0.311624
0.936133
0.949327
0.904162
0.952575
0.409211
0.668073
0.809937
0.767591
0.685196
0.458977
0.252109
0.390904
0.720105
0.41838
0.062595
0.29692
0.502109
0.872082
0.824776
0.170012
0.725674
0.108776
0.299171
0.807647
0.678287
0.145735
0.82901
0.218472
0.771002
0.913034
0.070382
0.362223
0.121668
0.924126
0.891856
0.521829
0.90998
0.631011
0.592758
0.887429
0.826486
0.492862
0.386437
0.85711
0.781184
0.726786
0.83965
0.281236
0.241661
0.505003
0.230303
0.645329
0.170532
0.465293
0.231332
0.467396
0.867484
0.481313
0.126325
0.79599
0.626086
0.348024
0.006423
0.081205
0.695157
0.897953
0.806274
0.388265
0.471957
0.102342
0.963479
0.147966
0.747314
0.946128
0.55612
0.632953
0.7888
0.497397
0.88816
0.926991
0.274855
0.941011
0.250418
0.886164
0.323041
0.377335
0.516743
0.634377
0.440177
0.130753
0.269571
0.900478
0.092063
0.371644
0.908194
0.576582
0.320546
0.466767
0.661799
0.921314
0.883973
0.568894
0.174027
0.506244
0.882487
0.792382
0.149282
0.717503
0.784412
0.297952
0.623648
0.329056
0.079249
0.839454
0.39531
0.202466
0.152623
0.39629
0.220279
0.118352
0.257526
0.632833
0.026068
0.423599
0.084486
0.803434
0.711249
0.946443
0.082827
0.049803
0.176147
0.619506
0.132378
0.12915
0.478178
0.438508
0.795445
0.693506
0.072752
0.711593
0.648807
0.580385
0.915411
0.703648
0.530624
0.289614
0.548752
0.576854
0.471022
0.645312
0.87728
0.702202
0.677995
0.027172
0.796897
0.452636
0.581154
0.309114
0.544367
0.412005
0.72748
0.215692
0.97176
0.319241
0.818663
0.991725
0.00533
0.504891
0.179361
0.874134
0.049482
0.839645
0.271284
0.773307
0.511273
0.189933
0.87494
0.877976
0.643285
0.280835
0.701952
0.136781
0.340235
0.171264
0.510345
0.455596
0.106464
0.679998
0.907108
0.56206
0.763953
0.702458
0.471616
0.18785
0.448513
0.010436
0.650297
0.77049
0.766441
0.69575
0.509976
0.671283
0.381075
0.485491
0.478702
0.958187
0.715545
0.090836
0.742561
0.31301
0.024774
0.673293
0.705554
0.250445
0.220634
0.222734
0.022141
0.336419
0.783041
0.78165
0.07575
0.584903
0.50063
0.826207
0.322523
0.604697
0.958787
0.416451
0.912375
0.070807
0.746147
0.825755
0.345226
0.097862
0.478597
0.659021
0.162657
0.432631
0.112326
0.486195
0.790196
0.828397
0.114247
0.406208
0.827578
0.43536
0.007775
0.090737
0.125338
0.98763
0.838596
0.622343
0.68182
0.585776
0.085449
0.128114
0.871222
0.251679
0.722788
0.897236
0.089641
0.679065
0.924966
0.751594
0.688751
0.252655
0.666827
0.828145
0.846277
0.240363
0.241079
0.751215
0.518911
0.851348
0.905875
0.92545
0.941273
0.392731
0.84202
0.784898
0.612291
0.115274
0.605721
0.182664
0.464947
0.992382
0.194813
0.305755
0.863291
0.683925
0.694757
0.87926
0.832331
0.179501
0.389507
0.662248
0.690018
0.19816
0.74281
0.629887
0.1097
0.328367
0.161502
0.922311
0.732638
0.605225
0.076632
0.160245
0.711244
0.949711
0.395262
0.793018
0.525814
0.200071
0.830831
0.947941
0.648081
0.027459
0.922116
0.910987
0.270661
0.5073
0.189939
0.912137
0.382971
0.014459
0.155728
0.701844
0.713249
0.886029
0.448641
0.977997
0.867815
0.537464
0.678702
0.365359
0.763134
0.992074
0.095223
0.01468
0.156983
0.979094
0.721297
0.062568
0.658211
0.197987
0.581513
0.487296
0.148737
0.080533
0.054173
0.882624
0.469872
0.260253
0.09546
0.925535
0.553353
0.946066
0.693851
0.57561
0.745652
0.851327
0.348777
0.450571
0.478601
0.326105
0.632593
0.993419
0.869658
0.679784
0.784129
0.54989
0.469423
0.696034
0.586726
0.98107
0.619029
0.358223
0.738047
0.379531
0.379019
0.569349
0.158004
0.268996
0.046844
0.903105
0.468938
0.318625
0.003605
0.815069
0.846771
0.556679
0.026943
0.607453
0.028396
0.629808
0.238064
0.707601
0.977521
0.893078
0.868438
0.141578
0.166023
0.233773
0.803306
0.022152
0.531912
0.016751
0.17765
0.867501
0.360312
0.829599
0.083972
0.412865
0.311466
0.158887
0.525313
0.390752
0.661615
0.129915
0.361361
0.980198
0.363447
0.276436
0.935277
0.915303
0.701388
0.439644
0.908939
0.727579
0.357498
0.340264
0.820192
0.639092
0.432497
0.604871
0.121261
0.419122
0.064853
0.605633
0.240915
0.82317
0.493403
0.145795
0.465592
0.342177
0.530916
0.50309
0.849524
0.053467
0.172923
0.728543
0.86352
0.934872
0.731374
0.882118
0.614211
0.436851
0.425644
0.274336
0.959713
0.541884
0.362158
0.558573
0.682521
0.264843
0.645612
0.31828
0.48385
0.149436
0.088054
0.206157
0.953028
0.350003
0.150643
0.197295
0.800269
0.516515
0.783715
0.673845
0.582178
0.503253
0.47391
0.007875
0.291694
0.432406
0.846053
0.526354
0.893943
0.737709
0.318398
0.782584
0.16588
0.994201
0.578438
0.473352
0.509793
0.583565
0.060069
0.799154
0.718626
0.43144
0.988078
0.827183
0.426452
0.59544
0.357525
0.232184
0.656009
0.115905
0.512098
0.145153
0.632018
0.634152
0.353503
0.936922
0.404571
0.756861
0.636773
0.034023
0.289106
0.278961
0.368677
0.944768
0.600381
0.720589
0.130328
0.7341
0.218397
0.056522
0.069908
0.708514
0.652067
0.188075
0.696603
0.611275
0.970715
0.938414
0.666451
0.406092
0.85733
0.697902
0.282335
0.585641
0.554015
0.216358
0.660346
0.07014
0.199425
0.061232
0.144293
0.917215
0.942004
0.008933
0.856021
0.143476
0.275815
0.497693
0.583881
0.351355
0.766588
0.340318
0.734235
0.330356
0.730831
0.641431
0.731178
0.11714
0.739241
0.955997
0.246308
0.417289
0.922388
0.244819
0.683649
0.663076
0.968328
0.709284
0.071075
0.689319
0.154878
0.708532
0.728823
0.495948
0.397783
0.056619
0.368074
0.703331
0.100393
0.522641
0.197764
0.557919
0.911944
0.250334
0.728336
0.895277
0.434177
0.524084
0.869597
0.566841
0.317906
0.131888
0.176584
0.880654
0.389534
0.49861
0.48614
0.782303
0.96198
0.618189
0.904439
0.211404
0.753732
0.146689
0.306751
0.829638
0.469057
0.340452
0.219777
0.864076
0.398733
0.368739
0.787163
0.875968
0.208793
0.19361
0.103594
0.050843
0.433411
0.531809
0.415298
0.758948
0.40834
0.326653
0.763015
0.276185
0.257233
0.599919
0.675539
0.498146
0.760785
0.898156
0.651544
0.529405
0.647118
0.191993
0.331161
0.519593
0.747465
0.627249
0.671035
0.547418
0.303327
0.33556
0.242435
0.853504
0.258308
0.694863
0.000903
0.255481
0.647181
0.807435
0.706032
0.618731
0.810816
0.2963
0.847719
0.033749
0.46736
0.605078
0.084336
0.917302
0.118772
0.916578
0.036159
0.684211
0.156011
0.518667
0.75932
0.826499
0.866938
0.302751
0.316238
0.800025
0.899594
0.316556
0.244228
0.989871
0.651247
0.30844
0.423531
0.26251
0.846505
0.994232
0.428537
0.799523
0.43133
0.319882
0.679227
0.531156
0.560291
0.723072
0.317793
0.989156
0.196293
0.689747
0.575864
0.436507
0.103287
0.676094
0.372741
0.96209
0.410701
0.921372
0.483871
0.848819
0.146092
0.242344
0.277851
0.026874
0.195889
0.305586
0.912012
0.032344
0.752033
0.998911
0.614183
0.151039
0.246016
0.400324
0.277218
0.988831
0.674526
0.295129
0.099519
0.994245
0.142508
0.977444
0.341094
0.660662
0.639844
0.475669
0.728813
0.332946
0.617885
0.069972
0.223648
0.688336
0.703302
0.494474
0.251666
0.248401
0.487106
0.916426
0.021339
0.394436
0.649685
0.916246
0.119202
0.07297
0.439789
0.131807
0.926967
0.758328
0.799335
0.626448
0.806069
0.279017
0.815155
0.961889
0.062264
0.216281
0.141073
0.03787
0.095956
0.087335
0.270424
0.083431
0.757923
0.478383
0.217776
0.363314
0.029354
0.271718
0.512888
0.504535
0.002618
0.276786
0.959145
0.277392
0.788612
0.161814
0.511086
0.288631
0.815154
0.612733
0.820708
0.349293
0.646469
0.672552
0.97057
0.24168
0.138317
0.484987
0.428534
0.576067
0.241031
0.279018
0.411133
0.008935
0.957327
0.549224
0.120076
0.523501
0.076474
0.092116
0.656155
0.713291
0.055497
0.391921
0.075524
0.766635
0.147005
0.313471
0.508571
0.797057
0.036504
0.806774
0.313451
0.85359
0.44169
0.122441
0.784345
0.916923
0.371348
0.517491
0.59718
0.160273
0.76715
0.269321
0.537364
0.484467
0.109689
0.603465
0.753599
0.25325
0.361198
0.593906
0.644434
0.890356
0.364562
0.228304
0.378306
0.33258
0.41613
0.391235
0.101248
0.74632
0.363018
0.554939
0.201326
0.564704
0.21489
0.140442
0.371538
0.948733
0.853391
0.775594
0.396471
0.513301
0.479341
0.502793
0.469771
0.033682
0.811022
0.454953
0.043512
0.735951
0.018139
0.799358
0.59694
0.968094
0.247763
0.108709
0.059612
0.806548
0.353389
0.687032
0.079166
0.479368
0.390554
0.770154
0.868334
0.995435
0.491752
0.75852
0.360372
0.919875
0.385622
0.311337
0.49601
0.249047
0.108121
0.647448
0.455672
0.207123
0.460091
0.326205
0.609189
0.507047
0.004748
0.705642
0.974346
0.61647
0.399079
0.582284
0.598346
0.275046
0.684551
0.676313
0.972463
0.31779
0.436817
0.494174
0.360686
0.554082
0.881419
0.856772
0.303182
0.713631
0.925383
0.468547
0.841546
0.779136
0.509401
0.058527
0.638137
0.351604
0.120834
0.880897
0.544829
0.398344
0.012865
0.533123
0.166707
0.489927
0.388173
0.508067
0.008881
0.406853
0.836111
0.270398
0.207394
0.870801
0.868888
0.456753
0.354184
0.842479
0.472724
0.623583
0.840043
0.345027
0.318725
0.135302
0.96572
0.965559
0.218096
0.222301
0.619981
0.745947
0.869999
0.807592
0.062482
0.296559
0.102917
0.778149
0.010971
0.495509
0.90554
0.334708
0.535288
0.983708
0.366454
0.392793
0.296498
0.565413
0.550449
0.056467
0.599343
0.436912
0.680777
0.59255
0.491008
0.061314
0.292318
0.064728
0.731404
0.879074
0.994486
0.828097
0.802577
0.517984
0.815565
0.040487
0.94619
0.602104
0.167735
0.981882
0.454663
0.311082
0.709095
0.762318
0.688036
0.685937
0.96572
0.456701
0.091925
0.214255
0.56944
0.725524
0.271091
0.312754
0.821563
0.342174
0.861249
0.010358
0.141136
0.44343
0.174634
0.967887
0.487046
0.276313
0.36866
0.678605
0.720023
0.532737
0.041544
0.111464
0.758263
0.025526
0.009213
0.197974
0.417476
0.07705
0.325856
0.356407
0.574699
0.918845
0.95991
0.362982
0.769724
0.373822
0.424125
0.275067
0.660387
0.175336
0.29376
0.246995
0.794194
0.634249
0.39001
0.301097
0.990905
0.275403
0.8747
0.910702
0.900469
0.439442
0.742758
0.184488
0.979852
0.908102
0.521792
0.407895
0.871449
0.992202
0.015623
0.145876
0.919967
0.450997
0.299552
0.987136
0.212544
0.083231
0.200669
0.028243
0.851887
0.06341
0.302764
0.760541
0.270996
0.955525
0.720336
0.181635
0.365323
0.757894
0.385451
0.721794
0.058366
0.80092
0.196987
0.501581
0.979484
0.288181
0.303409
0.083339
0.35655
0.470686
0.487211
0.553366
0.793265
0.310973
0.768016
0.228906
0.660676
0.81347
0.400867
0.318627
0.257267
0.376307
0.414486
0.619158
0.376604
0.76565
0.909322
0.08703
0.545764
0.084839
0.211806
0.361487
0.638781
0.956867
0.690171
0.46393
0.666748
0.39533
0.519371
0.942758
0.917057
0.708067
0.469177
0.382125
0.214825
0.897453
0.774562
0.452388
0.983804
0.013234
0.453313
0.161677
0.773627
0.854026
0.597429
0.78595
0.10605
0.899739
0.947795
0.960591
0.232038
0.237015
0.164341
0.096407
0.035199
0.529569
0.031652
0.391575
0.550141
0.440505
0.270047
0.429834
0.511762
0.921631
0.940343
0.501624
0.647587
0.821159
0.367918
0.719597
0.679119
0.044573
0.248311
0.281739
0.771996
0.348168
0.249878
0.079137
0.056772
0.531757
0.180379
0.85436
0.752445
0.307017
0.295643
0.92475
0.485233
0.690421
0.893551
0.43889
0.488776
0.176489
0.798657
0.29338
0.667748
0.127323
0.056186
0.882487
0.616224
0.101323
0.830222
0.238018
0.754855
0.135514
0.755654
0.098571
0.00559
0.741623
0.065136
0.443391
0.145029
0.074607
0.730311
0.091858
0.182679
0.472438
0.495219
0.353562
0.138728
0.803318
0.620403
0.405148
0.114104
0.918388
0.050003
0.866345
0.976712
0.581746
0.721651
0.797134
0.917828
0.816868
0.731361
0.578647
0.045724
0.221377
0.531936
0.05997
0.836819
0.530756
0.882023
0.603668
0.97674
0.362422
0.025053
0.517029
0.252466
0.1351
0.671754
0.778764
0.780266
0.574995
0.480361
0.311703
0.884364
0.418165
0.190976
0.823264
0.676221
0.906606
0.889002
0.97057
0.290586
0.711202
0.046923
0.669791
0.113097
0.121631
0.378397
0.668167
0.922717
0.266659
0.836758
0.05915
0.974353
0.605637
0.478299
0.46936
0.017414
0.71376
0.565637
0.738353
0.823865
0.392819
0.77472
0.620449
0.410902
0.192329
0.158812
0.572348
0.157385
0.51179
0.263494
0.438027
0.792685
0.711372
0.640394
0.451922
0.531836
0.00887
0.249304
0.775686
0.169997
0.685824
0.03119
0.715255
0.337307
0.461737
0.305069
0.12304
0.659869
0.71972
0.779493
0.357345
0.53257
0.245945
0.42707
0.899628
0.367007
0.980683
0.264483
0.8839
0.00802
0.258692
0.950438
0.756314
0.188358
0.23049
0.713523
0.045512
0.110686
0.478876
0.62627
0.988904
0.652291
0.182119
0.053947
0.478968
0.301915
0.458648
0.838117
0.985837
0.471772
0.677721
0.164288
0.183063
0.108331
0.684826
0.651259
0.502678
0.680477
0.185656
0.130751
0.693322
0.966464
0.024997
0.298294
0.001065
0.846562
0.811371
0.028249
0.378587
0.130936
0.110541
0.394384
0.90902
0.344879
0.441758
0.230458
0.753496
0.679192
0.892455
0.84258
0.016358
0.879762
0.88082
0.488917
0.503948
0.797517
0.06322
0.108702
0.115341
0.277127
0.852303
0.936361
0.703833
0.896253
0.23639
0.323233
0.178651
0.068104
0.755763
0.235815
0.357669
0.564631
0.684022
0.111648
0.652412
0.921612
0.850041
0.097818
0.043874
0.268497
0.325046
0.38049
0.483415
0.686926
0.041575
0.571517
0.990663
0.432597
0.021419
0.227971
0.57699
0.931453
0.357191
0.012759
0.169382
0.276467
0.985401
0.68017
0.336729
0.863891
0.674668
0.16054
0.308414
0.414523
0.08653
0.367309
0.234469
0.310114
0.60738
0.66953
0.67285
0.0156
0.887811
0.877479
0.959368
0.478527
0.954109
0.171166
0.036168
0.309483
0.08982
0.937013
0.998702
0.68826
0.284
0.73765
0.600573
0.028966
0.257646
0.463913
0.346348
0.088068
0.722631
0.314265
0.186299
0.846916
0.154818
0.791415
0.552149
0.04695
0.287437
0.534273
0.53676
0.286964
0.099286
0.128853
0.297755
0.565096
0.548311
0.487599
0.628035
0.101588
0.704484
0.502881
0.386439
0.067595
0.139202
0.218396
0.581198
0.229028
0.467573
0.992146
0.653679
0.738115
0.238656
0.462594
0.857982
0.247945
0.939342
0.877409
0.462037
0.347752
0.668014
0.631388
0.474827
0.298804
0.827517
0.667553
0.624062
0.649621
0.290383
0.721541
0.354315
0.951951
0.265181
0.580149
0.835866
0.329789
0.565301
0.233416
0.878414
0.544673
0.022982
0.204439
0.032734
0.329953
0.913891
0.392346
0.487133
0.737915
0.247606
0.264645
0.893328
0.74529
0.824645
0.82796
0.890778
0.236101
0.86394
0.012064
0.183443
0.096187
0.236054
0.598955
0.142717
0.730629
0.957129
0.444576
0.535874
0.108172
0.838117
0.227628
0.447534
0.840365
0.533789
0.742627
0.720026
0.041715
0.410841
0.474641
0.72661
0.769056
0.455248
0.211636
0.808483
0.813066
0.84331
0.390725
0.145243
0.992154
0.150172
0.961812
0.295609
0.024948
0.826027
0.226415
0.042027
0.531217
0.95687
0.526607
0.364861
0.74945
0.899402
0.392646
0.938667
0.861749
0.20723
0.021996
0.654781
0.629679
0.733658
0.732558
0.064068
0.870475
0.749623
0.680136
0.722653
0.225335
0.386195
0.732132
0.352498
0.817848
0.799581
0.341558
0.894057
0.145025
0.66766
0.986463
0.17834
0.310206
0.547072
0.043547
0.976518
0.128062
0.48456
0.063316
0.791174
0.870072
0.426802
0.374678
0.365094
0.34963
0.296011
0.063034
0.080198
0.828482
0.731462
0.506425
0.211357
0.054712
0.177354
0.998402
0.096671
0.202648
0.144647
0.271797
0.455644
0.131026
0.74303
0.177145
0.481206
0.157178
0.575367
0.465458
0.389177
0.733954
0.515228
0.068623
0.573571
0.066371
0.117215
0.918516
0.061712
0.978201
0.599106
0.861702
0.089956
0.499937
0.844082
0.015164
0.720996
0.208033
0.524805
0.781572
0.438645
0.282199
0.705442
0.204115
0.332782
0.853712
0.844441
0.405664
0.22966
0.312005
0.550452
0.16949
0.576513
0.675067
0.156201
0.948787
0.288783
0.250395
0.969888
0.421276
0.290259
0.29898
0.446931
0.783498
0.314899
0.84869
0.559071
0.933831
0.726923
0.156047
0.424616
0.77965
0.356514
0.774173
0.485921
0.174102
0.560748
0.142768
0.613016
0.202599
0.244333
0.8743
0.489827
0.884854
0.880791
0.87229
0.310732
0.437428
0.590526
0.120146
0.420543
0.869865
0.403228
0.839267
0.969809
0.004629
0.932434
0.623801
0.289752
0.724797
0.902259
0.743823
0.192659
0.245409
0.916164
0.595998
0.219809
0.245306
0.351333
0.422404
0.693215
0.868618
0.430195
0.823288
0.108553
0.333559
0.222747
0.471409
0.340123
0.397406
0.869681
0.406976
0.697865
0.368242
0.475731
0.27355
0.93405
0.109486
0.079137
0.396891
0.063534
0.461368
0.297621
0.110338
0.347771
0.060877
0.498313
0.641213
0.819561
0.727228
0.995624
0.496576
0.067374
0.172058
0.130337
0.545981
0.047885
0.171496
0.390066
0.295854
0.961053
0.039585
0.229376
0.299873
0.777513
0.223004
0.649835
0.862601
0.76314
0.092995
0.702486
0.667007
0.647407
0.311846
0.835977
0.396946
0.035487
0.927474
0.544295
0.375318
0.325521
0.8631
0.24282
0.295527
0.656939
0.56099
0.666063
0.551956
0.839343
0.147286
0.292058
0.845745
0.576961
0.208489
0.998331
0.481935
0.94703
0.489153
0.763195
0.587606
0.163084
0.549198
0.228796
0.345233
0.751496
0.635732
0.917132
0.927178
0.681638
0.480913
0.384832
0.630471
0.672878
0.942807
0.981187
0.476447
0.782878
0.107006
0.970119
0.18585
0.11831
0.440746
0.00664
0.175245
0.005319
0.000339
0.257615
0.099343
0.683959
0.415732
0.891037
0.377065
0.802228
0.866027
0.707074
0.827578
0.638225
0.51197
0.617708
0.687661
0.366689
0.539725
0.267139
0.850654
0.270966
0.576244
0.87691
0.760291
0.081061
0.900139
0.724406
0.901675
0.29441
0.272641
0.963918
0.412463
0.022867
0.481787
0.134443
0.069429
0.754689
0.142378
0.51886
0.730885
0.326662
0.547893
0.365788
0.901004
0.858928
0.186976
0.395971
0.622784
0.270277
0.12661
0.882606
0.781584
0.515022
0.189336
0.555103
0.057005
0.014738
0.960633
0.246259
0.467235
0.343326
0.586492
0.324632
0.20935
0.686248
0.164709
0.571236
0.814803
0.468153
0.890148
0.853635
0.686344
0.179644
0.103895
0.44708
0.469844
0.869966
0.415731
0.060918
0.643877
0.351979
0.558914
0.578266
0.730336
0.523698
0.027982
0.637588
0.917732
0.619144
0.074712
0.542859
0.807218
0.249867
0.920913
0.201132
0.617046
0.421257
0.802985
0.848156
0.931415
0.133805
0.933481
0.055945
0.295774
0.388618
0.466103
0.511539
0.895079
0.457485
0.509134
0.396531
0.830107
0.461772
0.656588
0.415611
0.557786
0.081807
0.069698
0.778806
0.125148
0.951277
0.408139
0.706795
0.765247
0.916214
0.941982
0.889622
0.416882
0.731698
0.969974
0.249529
0.237068
0.90927
0.190028
0.911559
0.034206
0.014317
0.456784
0.768298
0.938455
0.130089
0.720978
0.498932
0.2626
0.488087
0.460714
0.930755
0.673068
0.796225
0.247339
0.004936
0.34649
0.333936
0.865051
0.0218
0.819627
0.056946
0.988592
0.714319
0.153498
0.71008
0.012568
0.879273
0.525264
0.945638
0.895192
0.266787
0.654725
0.976797
0.61296
0.587482
0.494354
0.983213
0.801501
0.883172
0.608964
0.17404
0.327144
0.002597
0.313285
0.916248
0.967158
0.274675
0.758645
0.362308
0.555787
0.622607
0.070928
0.850062
0.639664
0.419791
0.897307
0.335743
0.258668
0.934633
0.596832
0.674665
0.692247
0.537852
0.143021
0.683971
0.803769
0.297924
0.562268
0.357
0.866566
0.016693
0.118409
0.635617
0.103468
0.425744
0.953084
0.181334
0.429533
0.553469
0.174103
0.117174
0.737489
0.078048
0.951973
0.946211
0.344773
0.534561
0.417588
0.872008
0.8715
0.546757
0.119921
0.114589
0.485254
0.528485
0.038603
0.278881
0.289641
0.288565
0.18439
0.135209
0.434629
0.354919
0.946407
0.860814
0.021872
0.08601
0.562999
0.951179
0.441019
0.073202
0.205578
0.031677
0.386869
0.835142
0.091682
0.342931
0.072436
0.438754
0.93454
0.811332
0.741032
0.222445
0.832292
0.0166
0.193859
0.882331
0.481937
0.077761
0.768148
0.691546
0.932666
0.163154
0.46601
0.599499
0.021099
0.282906
0.111981
0.410513
0.398457
0.415661
0.564572
0.264511
0.964092
0.570818
0.489722
0.040767
0.776228
0.968173
0.076902
0.273876
0.417576
0.521251
0.461938
0.662274
0.398222
0.191898
0.074061
0.670277
0.803791
0.746786
0.89731
0.825682
0.614739
0.382366
0.885032
0.495628
0.45726
0.715541
0.455058
0.630302
0.078251
0.80228
0.276867
0.017275
0.787417
0.501848
0.938652
0.980591
0.975006
0.312739
0.377723
0.212597
0.122322
0.873081
0.307571
0.290197
0.735787
0.963976
0.064151
0.761926
0.718074
0.803563
0.243216
0.500829
0.862099
0.950837
0.10666
0.242532
0.371189
0.596625
0.513501
0.635324
0.917641
0.142482
0.789473
0.262983
0.796323
0.544405
0.973455
0.250135
0.054879
0.27727
0.297886
0.222997
0.090591
0.295067
0.553625
0.686688
0.083876
0.979621
0.715679
0.870961
0.739313
0.660726
0.179125
0.495255
0.297879
0.724374
0.488608
0.589858
0.39439
0.760074
0.984464
0.466144
0.123132
0.86147
0.88432
0.590349
0.58689
0.66425
0.300111
0.384333
0.596453
0.960219
0.010983
0.559982
0.983545
0.371685
0.142891
0.191558
0.308551
0.177378
0.401434
0.164043
0.221486
0.376419
0.429201
0.227762
0.318773
0.348799
0.368782
0.412359
0.863401
0.553854
0.974695
0.252718
0.372811
0.924834
0.884322
0.829507
0.037819
0.354525
0.98312
0.172962
0.95376
0.439368
0.045766
0.765629
0.467183
0.027591
0.273966
0.46387
0.253172
0.30816
0.587479
0.01831
0.241798
0.349956
0.726695
0.669771
0.564063
0.132072
0.026909
0.006834
0.269879
0.465987
0.687532
0.579778
0.163758
0.3014
0.081109
0.857358
0.280708
0.626199
0.246919
0.698186
0.760368
0.99924
0.68353
0.870104
0.729994
0.007756
0.599661
0.982498
0.944676
0.750763
0.966902
0.839511
0.168812
0.335273
0.944685
0.769923
0.87699
0.080282
0.926036
0.764043
0.412471
0.335987
0.693984
0.451274
0.703433
0.848613
0.137333
0.353973
0.957824
0.905473
0.602124
0.461474
0.767808
0.479242
0.144386
0.232908
0.738913
0.332271
0.095421
0.318114
0.005746
0.019417
0.849095
0.626489
0.113911
0.878697
0.209857
0.902603
0.700991
0.693203