256 4
0
32
127
144
203
1
21
37
175
205
2
16
63
72
73
3
98
146
224
251
4
6
7
39
132
5
172
192
221
239
6
145
152
174
221
7
42
89
128
184
8
104
122
157
163
9
27
37
39
64
10
48
72
109
113
11
60
65
86
185
12
44
127
240
253
13
72
86
164
234
0
14
17
88
120
15
35
36
37
92
9
16
71
248
250
3
13
17
24
227
6
18
53
79
219
19
78
105
160
210
20
58
66
77
169
21
31
82
224
234
4
22
39
132
206
23
129
156
223
234
2
24
54
119
209
23
25
129
198
204
18
26
98
111
120
27
140
141
183
202
9
28
44
96
129
29
47
105
139
231
30
131
167
175
249
2
31
99
189
222
16
32
164
189
224
2
33
70
74
85
34
68
119
150
238
29
35
60
122
200
11
36
127
171
215
11
37
116
118
251
38
49
135
169
202
4
11
39
102
178
40
73
165
171
208
31
41
148
156
192
42
64
72
158
203
17
43
53
149
181
44
89
97
181
235
45
94
97
235
240
46
73
149
157
196
47
139
149
205
222
48
65
72
142
154
49
135
137
160
243
41
50
80
168
244
51
94
126
187
199
52
170
180
194
206
31
53
214
231
243
54
177
200
201
227
6
55
100
122
239
24
48
56
105
110
7
50
57
64
132
18
58
92
171
178
47
59
142
205
247
30
60
174
191
194
47
61
96
191
195
62
65
100
140
252
37
53
63
69
72
8
12
26
64
243
9
65
172
205
219
22
45
66
80
186
8
42
67
97
119
68
81
87
173
249
69
92
163
175
241
61
70
102
198
255
28
71
133
237
254
72
135
146
235
248
48
51
59
73
138
74
144
179
193
219
11
21
75
113
128
76
113
137
225
226
40
77
151
167
205
75
78
147
161
227
30
79
120
170
193
66
80
127
145
165
0
8
81
208
225
65
82
113
184
230
10
70
83
188
211
78
84
166
172
250
73
85
92
94
122
29
63
77
86
240
7
8
87
151
196
3
26
88
116
161
33
63
85
89
114
10
90
123
243
252
85
91
104
132
167
32
53
72
92
243
84
93
105
115
250
14
38
52
94
124
95
143
145
156
170
54
96
123
142
162
95
97
136
159
211
31
68
98
111
232
99
103
116
133
134
0
25
100
178
222
44
46
49
101
132
4
55
57
102
223
11
21
68
103
155
1
48
104
132
235
33
65
99
105
231
56
106
113
137
231
70
99
107
145
205
77
85
108
200
211
24
59
109
170
227
19
110
138
177
228
59
111
152
168
192
0
18
112
202
228
94
113
133
156
203
47
114
158
163
172
39
115
128
149
247
9
57
59
116
201
14
90
105
117
134
51
80
118
158
247
103
119
142
208
225
16
37
57
120
156
75
109
121
145
178
111
116
122
150
206
63
123
137
196
215
10
69
124
126
238
125
139
230
248
251
5
67
71
126
214
40
127
164
236
243
60
68
96
128
191
43
85
129
138
176
40
130
204
225
227
71
103
131
150
166
132
141
196
209
228
35
111
130
133
181
17
134
173
205
230
72
106
115
135
176
31
86
136
137
237
8
50
137
203
207
5
39
103
138
164
7
8
133
139
243
48
55
61
140
173
45
122
128
141
192
101
142
160
232
253
97
143
228
237
238
42
71
116
144
179
15
93
117
145
163
86
89
146
224
230
63
136
147
154
191
140
148
169
232
250
140
149
173
196
241
99
133
150
233
255
87
126
151
192
233
111
152
154
178
212
20
118
133
153
198
6
33
138
154
158
54
89
102
136
155
9
125
156
225
239
105
108
127
157
185
2
158
168
186
208
37
99
159
221
239
131
136
160
202
245
23
148
161
194
246
29
48
88
162
167
2
35
103
163
222
14
39
50
76
164
12
126
142
154
165
30
33
90
117
166
74
83
167
178
205
14
135
168
177
242
8
13
125
129
169
22
104
140
170
171
18
52
171
215
222
80
122
172
198
255
105
125
166
173
205
53
68
148
173
174
4
127
175
194
239
28
56
132
153
176
45
177
201
246
249
56
124
169
178
239
114
179
223
226
231
50
162
180
196
199
44
53
119
181
198
20
37
92
125
182
1
183
211
213
230
59
115
158
184
187
29
47
119
158
185
29
63
132
186
249
35
57
136
187
242
2
38
100
188
194
13
174
189
213
252
21
27
190
244
248
33
85
134
191
192
26
90
130
192
200
26
152
163
193
230
78
115
151
166
194
19
86
147
195
205
12
103
119
196
245
32
146
172
197
209
98
106
140
198
212
5
108
127
199
234
10
17
29
39
200
93
155
156
201
228
75
163
198
202
249
58
101
203
230
242
14
31
133
149
204
65
108
121
190
205
63
85
193
206
239
3
48
75
155
207
11
86
102
165
208
2
198
209
223
254
122
210
218
220
222
172
196
211
218
220
96
155
211
212
238
33
106
112
142
213
29
38
188
214
253
2
159
215
218
233
92
108
192
208
216
129
133
175
217
249
60
63
164
218
251
61
100
161
175
219
106
151
183
217
220
45
51
96
173
221
84
182
201
215
222
57
73
179
194
223
74
114
172
224
248
25
26
55
157
225
37
70
202
226
237
42
88
192
212
227
36
111
172
228
254
34
78
183
189
229
75
202
230
232
246
51
99
193
231
250
102
108
178
216
232
50
129
174
216
233
21
43
127
234
247
18
68
110
143
235
32
78
131
206
236
26
76
110
213
237
43
57
152
238
241
13
180
183
239
250
24
27
148
220
240
9
136
167
239
241
42
83
164
204
242
118
164
178
234
243
150
177
200
232
244
121
150
159
194
245
73
118
160
176
246
75
99
140
238
247
37
81
128
248
254
43
128
132
172
249
8
12
139
150
250
45
77
101
133
251
15
47
208
228
252
57
163
223
246
253
2
19
62
157
254
95
116
134
212
255
0.402555
0.756784
0.353269
0.446401
0.465999
0.6547
0.738766
0.309307
0.438868
0.70172
0.186188
0.712518
0.22273
0.493146
0.026933
0.51214
0.703366
0.598292
0.763647
0.061879
0.224168
0.640787
0.102155
0.807763
0.552057
0.073633
0.754698
0.181052
0.751877
0.476905
0.522167
0.2033
0.813112
0.330905
0.08459
0.504348
0.139578
0.934665
0.727196
0.872054
0.370688
0.989678
0.415471
0.156042
0.65038
0.215847
0.526263
0.916907
0.693752
0.410047
0.121429
0.967318
0.542967
0.586661
0.258757
0.583941
0.323071
0.352854
0.446983
0.913664
0.439205
0.265976
0.502656
0.763436
0.933658
0.08331
0.285799
0.013156
0.353184
0.111442
0.92744
0.351498
0.495141
0.08233
0.529606
0.85474
0.132798
0.443096
0.413421
0.623081
0.132938
0.265175
0.670436
0.377999
0.30774
0.022935
0.495045
0.587375
0.497425
0.13865
0.696689
0.053607
0.874688
0.957097
0.192717
0.699597
0.33092
0.51681
0.101032
0.41742
0.487354
0.033517
0.847808
0.780959
0.688529
0.158406
0.073891
0.573644
0.439289
0.467259
0.10808
0.409832
0.280211
0.513495
0.0198
0.930934
0.556717
0.938137
0.238542
0.415285
0.575527
0.077237
0.477862
0.492631
0.076163
0.017209
0.985367
0.25531
0.752932
0.242199
0.167585
0.29279
0.463773
0.405085
0.230119
0.994762
0.584444
0.492987
0.175215
0.956086
0.978535
0.623508
0.271815
0.902669
0.860965
0.341224
0.910088
0.962347
0.097904
0.169902
0.013906
0.808111
0.213788
0.833852
0.752493
0.189922
0.858525
0.149543
0.132911
0.835023
0.751454
0.801179
0.600757
0.538687
0.461922
0.559389
0.728895
0.928806
0.250049
0.112314
0.728921
0.578142
0.374024
0.809786
0.030719
0.995788
0.563854
0.156292
0.374476
0.040887
0.969735
0.606476
0.540488
0.857848
0.59414
0.091188
0.333309
0.835479
0.888714
0.93694
0.116564
0.022568
0.002635
0.5959
0.029994
0.940672
0.473801
0.099675
0.649363
0.549634
0.493059
0.580089
0.899032
0.011566
0.444031
0.79429
0.013891
0.402214
0.353199
0.464858
0.844158
0.815193
0.664869
0.744028
0.927174
0.604075
0.500224
0.825109
0.735238
0.268664
0.783579
0.246886
0.515409
0.769734
0.446931
0.388626
0.490994
0.745656
0.308905
0.00953
0.112665
0.736281
0.668273
0.05694
0.429577
0.677513
0.216328
0.76493
0.996248
0.022772
0.161067
0.944355
0.157592
0.386644
0.602664
0.914855
0.922367
0.008052
0.477411
0.221734
0.514598
0.781893
0.359555
0.780377
0.900729
0.256943
0.410287
0.53852
0.514443
0.883056
0.523864
0.856733
0.976374
0.12013
0.51813
0.638268
0.64722
0.31396
0.109647
0.428595
0.445503
0.072031
0.144208
0.184481
0.802796
0.814608
0.217266
0.380181
0.634159
0.451645
0.052872
0.516234
0.16211
0.285911
0.209592
0.906931
0.345514
0.141846
0.137085
0.528258
0.145584
0.189697
0.788555
0.834726
0.477977
0.720464
0.989066
0.415487
0.569889
0.81246
0.342941
0.450977
0.215484
0.721534
0.487921
0.667001
0.539204
0.654594
0.44173
0.502159
0.666857
0.691055
0.343056
0.59378
0.87175
0.196991
0.29005
0.584113
0.939691
0.277886
0.144355
0.052506
0.629282
0.145597
0.690554
0.961775
0.935184
0.958587
0.666947
0.575415
0.240991
0.475791
0.290988
0.341701
0.244983
0.547092
0.755071
0.611297
0.336577
0.702363
0.410617
0.232295
0.181314
0.605009
0.684527
0.212027
0.469055
0.796428
0.165588
0.269854
0.851895
0.09086
0.673251
0.211257
0.102554
0.702293
0.718955
0.300195
0.293875
0.936018
0.410616
0.406682
0.451069
0.250155
0.82338
0.100406
0.616297
0.072446
0.729476
0.892845
0.875646
0.231613
0.645913
0.266554
0.343361
0.461883
0.968724
0.766804
0.261881
0.235283
0.975582
0.418276
0.003225
0.13076
0.487073
0.948476
0.588417
0.852209
0.325293
0.445235
0.667096
0.908777
0.879531
0.024413
0.157669
0.110533
0.984791
0.223545
0.151236
0.553045
0.79474
0.162315
0.142254
0.026464
0.431627
0.980693
0.815625
0.844579
0.271148
0.855492
0.281395
0.688416
0.320592
0.555577
0.46708
0.767355
0.475171
0.630207
0.331703
0.687254
0.861967
0.425433
0.365513
0.344841
0.223892
0.18939
0.846398
0.140904
0.594096
0.930641
0.349674
0.550204
0.443181
0.167665
0.299575
0.023343
0.277052
0.040421
0.785124
0.817239
0.85825
0.684755
0.855839
0.414571
0.062658
0.202085
0.246261
0.505285
0.372052
0.297689
0.107887
0.299897
0.640365
0.561932
0.884392
0.309609
0.131372
0.969141
0.335974
0.965531
0.836877
0.710125
0.883103
0.605569
0.661755
0.207023
0.292419
0.735207
0.503749
0.705873
0.425544
0.842935
0.273377
0.459876
0.58615
0.333364
0.911681
0.585002
0.107756
0.073742
0.09427
0.404609
0.545726
0.374222
0.67025
0.058099
0.375562
0.150931
0.141732
0.7568
0.154474
0.227084
0.450822
0.690921
0.995368
0.735407
0.509671
0.720656
0.900105
0.76837
0.602413
0.548675
0.475264
0.459462
0.710184
0.249759
0.56607
0.12104
0.512222
0.37617
0.97284
0.641629
0.67189
0.716946
0.219343
0.415602
0.356562
0.509394
0.591224
0.504732
0.550386
0.829366
0.209936
0.456759
0.576838
0.585479
0.531245
0.403029
0.295602
0.012199
0.264134
0.94999
0.051792
0.47176
0.005143
0.279363
0.240087
0.204301
0.208196
0.781191
0.478006
0.382642
0.56813
0.917121
0.280683
0.260701
0.228005
0.58265
0.612476
0.778202
0.745805
0.748996
0.074174
0.780466
0.416854
0.200488
0.613589
0.263335
0.003179
0.988522
0.994709
0.636366
0.846382
0.249336
0.99474
0.373009
0.633937
0.190284
0.901311
0.150466
0.270912
0.585725
0.072664
0.289347
0.543098
0.919367
0.543963
0.157224
0.970463
0.246919
0.437188
0.028241
0.108432
0.503408
0.085319
0.754003
0.335253
0.110901
0.599118
0.60998
0.563671
0.333621
0.244978
0.419129
0.022552
0.935139
0.381116
0.775297
0.599027
0.325874
0.031888
0.286863
0.02796
0.912462
0.282517
0.810691
0.849711
0.494867
0.391092
0.987976
0.042048
0.667628
0.27387
0.426639
0.76632
0.08704
0.859614
0.020978
0.291742
0.11567
0.89617
0.37146
0.757583
0.315286
0.157002
0.459295
0.1832
0.982989
0.768686
0.430347
0.549749
0.370237
0.014781
0.793088
0.885554
0.832011
0.629127
0.978751
0.892871
0.057548
0.810405
0.109544
0.322084
0.94535
0.766174
0.821877
0.54062
0.270375
0.21616
0.413843
0.806601
0.926099
0.79861
0.990378
0.029977
0.813635
0.275572
0.051836
0.456562
0.960151
0.926567
0.138989
0.85717
0.642614
0.780076
0.112344
0.898958
0.170592
0.711925
0.52398
0.244955
0.176798
0.621003
0.564875
0.250674
0.970043
0.877571
0.956661
0.769413
0.151984
0.587097
0.618207
0.72696
0.010108
0.451378
0.997384
0.058464
0.956236
0.528816
0.234527
0.031196
0.443224
0.902748
0.348172
0.055093
0.398959
0.670933
0.403472
0.33763
0.759487
0.406624
0.194616
0.78071
0.969169
0.486301
0.517872
0.665138
0.39529
0.925405
0.981048
0.867377
0.53721
0.857927
0.620166
0.497363
0.460174
0.778056
0.328497
0.912394
0.230852
0.995877
0.389887
0.043787
0.866483
0.451705
0.969133
0.503777
0.046524
0.614433
0.92585
0.664095
0.19329
0.452568
0.811851
0.044187
0.45328
0.111594
0.143389
0.70193
0.33288
0.258293
0.517159
0.361675
0.681347
0.676193
0.323319
0.523665
0.489371
0.889103
0.325407
0.964445
0.858815
0.023414
0.891205
0.319899
0.091048
0.61068
0.240044
0.607792
0.357593
0.839442
0.826386
0.124521
0.421559
0.813655
0.563062
0.903934
0.163984
0.645282
0.128954
0.830578
0.4708
0.073443
0.884418
0.16484
0.258311
0.62636
0.736851
0.136649
0.479982
0.087182
0.944668
0.869802
0.263272
0.8386
0.610091
0.390456
0.533129
0.616173
0.651857
0.904191
0.105067
0.399924
0.573678
0.385082
0.541097
0.827244
0.843604
0.11755
0.91668
0.151231
0.704056
0.717904
0.427645
0.14515
0.989175
0.509281
0.254866
0.910315
0.519886
0.787249
0.426729
0.746327
0.708826
0.817297
0.871562
0.79741
0.099063
0.214303
0.466066
0.386125
0.803237
0.486484
0.754634
0.294579
0.13073
0.976849
0.847103
0.150248
0.117017
0.150671
0.647655
0.623517
0.720327
0.640517
0.565965
0.954654
0.879487
0.779673
0.00439
0.981332
0.484963
0.143299
0.671918
0.190619
0.728078
0.595104
0.799468
0.546965
0.221451
0.135945
0.151517
0.888059
0.215783
0.527048
0.74322
0.812816
0.668494
0.338056
0.07558
0.656296
0.922764
0.470455
0.290618
0.432386
0.54442
0.853585
0.364182
0.195032
0.464971
0.731404
0.046432
0.676287
0.386552
0.469281
0.854172
0.108264
0.669642
0.082114
0.794603
0.111978
0.881367
0.784794
0.506375
0.86633
0.717697
0.008005
0.552687
0.882513
0.361254
0.306411
0.843901
0.426065
0.066664
0.238011
0.71478
0.697156
0.409054
0.671509
0.954554
0.720006
0.93187
0.917698
0.111248
0.949385
0.060056
0.328686
0.735895
0.170865
0.179005
0.450382
0.917483
0.684845
0.567281
0.590697
0.2545
0.028607
0.056107
0.488627
0.356699
0.523552
0.042351
0.404891
0.730164
0.169157
0.019422
0.511195
0.750384
0.72542
0.11915
0.893807
0.692318
0.846693
0.117453
0.033119
0.746711
0.589333
0.935221
0.489662
0.673396
0.469926
0.119699
0.534115
0.325139
0.219854
0.820268
0.665746
0.884152
0.500794
0.339802
0.536826
0.718206
0.478918
0.084653
0.204145
0.027619
0.203393
0.932457
0.928875
0.712319
0.45235
0.829454
0.671624
0.05337
0.219603
0.143603
0.839713
0.880073
0.158394
0.157274
0.758062
0.105989
0.840575
0.810507
0.812122
0.060841
0.259051
0.702673
0.804826
0.643239
0.124501
0.292903
0.076628
0.733419
0.568729
0.282904
0.020865
0.887362
0.818063
0.085868
0.575933
0.817343
0.150306
0.988319
0.328083
0.665394
0.622374
0.258838
0.489631
0.811079
0.724547
0.256887
0.566216
0.018777
0.370403
0.398276
0.562351
0.273185
0.691502
0.202972
0.386235
0.572498
0.803109
0.065652
0.221239
0.526741
0.621554
0.773049
0.748656
0.775244
0.678963
0.197973
0.127739
0.369544
0.487694
0.699083
0.147358
0.581764
0.626094
0.074753
0.348032
0.621423
0.462044
0.356417
0.770578
0.838321
0.415086
0.595177
0.147634
0.722418
0.959565
0.264914
0.349766
0.816395
0.050029
0.478539
0.662213
0.078262
0.949384
0.594279
0.130716
0.592213
0.768644
0.572962
0.338056
0.862145
0.255739
0.579956
0.101328
0.956237
0.572259
0.454443
0.341863
0.568424
0.971196
0.069736
0.236159
0.091543
0.710084
0.977541
0.397818
0.014668
0.551392
0.247984
0.856982
0.460951
0.819987
0.779626
0.551157
0.437352
0.402904
0.244136
0.938117
0.474691
0.519609
0.944239
0.998697
0.620978
0.180707
0.412192
0.422269
0.878496
0.683629
0.208522
0.331196
0.892594
0.333745
0.105328
0.826904
0.179561
0.712171
0.158713
0.772426
0.234271
0.757941
0.83462
0.052458
0.015173
0.665947
0.562571
0.819131
0.143178
0.502916
0.522818
0.712168
0.828416
0.535748
0.718224
0.501581
0.333252
0.87089
0.895651
0.135538
0.651733
0.304053
0.769083
0.312608
0.492273
0.536477
0.519901
0.803531
0.092984
0.764608
0.542706
0.112229
0.423543
0.642904
0.984034
0.154895
0.046752
0.686546
0.106568
0.783066
0.474778
0.279821
0.847787
0.747079
0.231231
0.971166
0.001031
0.441948
0.455941
0.860034
0.763548
0.870064
0.226987
0.286484
0.160664
0.462359
0.902349
0.643864
0.374559
0.792034
0.738657
0.963547
0.154973
0.882361
0.855683
0.860495
0.005192
0.575066
0.397253
0.697633
0.228514
0.417285
0.04649
0.741752
0.504529
0.274512
0.423597
0.925255
0.69994
0.16439
0.778449
0.728546
0.476198
0.735188
0.29661
0.22759
0.324345
0.479381
0.517827
0.906855
0.282455
0.291368
0.038303
0.354561
0.761636
0.780964
0.067482
0.223688
0.9808
0.483087
0.314652
0.204156
0.121173
0.932434
0.188978
0.085536
0.254811
0.587677
0.493815
0.293181
0.248601
0.376122
0.323083
0.59755
0.571743
0.359134
0.493471
0.281097
0.159196
0.623447
0.74585
0.549563
0.550076
0.257511
0.630107
0.60969
0.309667
0.626908
0.941821
0.599011
0.312545
0.387143
0.076774
0.939667
0.425078
0.808903
0.001504
0.54191
0.304707
0.616939
0.924019
0.707746
0.531082
0.168004
0.955551
0.533307
0.560944
0.561608
0.859695
0.393291
0.208387
0.56741
0.839059
0.568521
0.987346
0.006101
0.708327
0.587665
0.040187
0.042066
0.194583
0.002685
0.395562
0.933738
0.323853
0.721225
0.733033
0.015974
0.16289
0.249813
0.574983
0.746715
0.860636
0.004407
0.979535
0.361541
0.009345
0.974991
0.49862
0.131199
0.966373
0.623908
0.767798
0.56959
0.41284
0.152284
0.644985
0.488852
0.279935
0.601646
0.256248
0.204843
0.102389
0.760012
0.490799
0.147238
0.573824
0.130282
0.710712
0.103259
0.198402
0.66284
0.497131
0.216367
0.697543
0.995337
0.023997
0.920867
0.881842
0.874333
0.612986
0.515951
0.983854
0.048906
0.074882
0.781324
0.408104
0.301492
0.478794
0.767783
0.804021
0.859604
0.224648
0.816681
0.583593
0.049842
0.285937
0.179331
0.471855
0.90738
0.611534
0.512743
0.828326
0.547748
0.34556
0.24528
0.993281
0.703875
0.783998
0.47394
0.668262
0.698779
0.752512
0.879946
0.273875
0.187939
0.971231
0.643443
0.877149
0.394301
0.833362
0.280859
0.827917
0.72467
0.368502
0.817801
0.31013
0.09947
0.468187
0.096248
0.697184
0.875314
0.705317
0.195245
0.102341
0.504778
0.376481
0.400919
0.5969
0.575599
0.044427
0.312739
0.618035
0.243765
0.226807
0.742303
0.941825
0.699278
0.009891
0.159584
0.979406
0.973244
0.110017
0.011641
0.153141
0.723857
0.196431
0.645822
0.167599
0.640993
0.191031
0.627504
0.229718
0.877649
0.850058
0.024397
0.551229
0.88167
0.217063
0.446445
0.505761
0.818721
0.72798
0.095991
0.073323
0.24655
0.334424
0.705238
0.974297
0.511315
0.130213
0.865852
0.96698
0.411014
0.041233
0.915631
0.459351
0.85515
0.204746
0.799781
0.28849
0.131351
0.890956
0.345822
0.631527
0.856592
0.162207
0.202337
0.389077
0.474353
0.664052
0.990737
0.018516
0.467039
0.998218
0.606676
0.148242
0.266546
0.132235
0.495489
0.546097
0.591623
0.139149
0.65907
0.166658
0.904392
0.082331
0.211068
0.684579
0.608267
0.294131
0.990293
0.062735
0.26236
0.459574
0.808184
0.052257
0.805665
0.918603
0.928509
0.303372
0.404557
0.601121
0.635732
0.971723
0.732909
0.575487
0.037639
0.605242
0.579207
0.356748
0.597968
0.096551
0.554766
0.55477
0.219961
0.725947
0.378924
0.156662
0.087002
0.400275
0.918361
0.879186
0.574125
0.714071
0.23641
0.102739
0.680189
0.109532
0.145394
0.654903
0.504578
0.178594
0.91742
0.53203
0.880422
0.015646
0.140741
0.983901
0.032558
0.64658
0.120502
0.75435
0.207589
0.081266
0.161017
0.4623
0.576722
0.559215
0.79917
0.384738
0.208855
0.324786
0.59176
0.87756
0.708302
0.966992
0.62184
0.133538
0.916564
0.11409
0.501612
0.236256
0.6329
0.444559
0.485885
0.916576
0.950172
0.619505
0.16294
0.505243
0.710571
0.034144
0.25735
0.231741
0.572932
0.627628
0.772376
0.845632
0.722457
0.059261
0.879919
0.075899
0.872654
0.571035
0.069533
0.496569
0.403831
0.030843
0.177951
0.265358
0.460695
0.888617
0.547811
0.108555
0.884422
0.231179
0.212018
0.386061
0.076652
0.463226
0.682039
0.155607
0.88314
0.801605
0.75942
0.812154
0.868334
0.522681
0.274476
0.33746
0.370917
0.999374
0.112001
0.792291
0.127014
0.09419
0.734297
0.609116
0.909962
0.840929
0.684542
0.548249
0.883644
0.427271
0.784997
0.053275
0.790976
0.723012
0.97175
0.323587
0.978409
0.206335
0.417439
0.480924
0.678832
0.294151
0.741755
0.131507
0.139063
0.059763
0.151084
0.52812
0.060921
0.347549
0.98377
0.571369
0.263038
0.259572
0.249134
0.504204
0.572685
0.973925
0.044149
0.128856
0.446929
0.866246
0.989068
0.425041
0.184257
0.283863
0.012315
0.896339
0.234333
0.47469
0.435054
0.237178
0.319258
0.960993
0.656341
0.896756
0.082552
0.626563
0.668955
0.387085
0.556784
0.785924
0.762625
0.173187
0.564079
0.132115
0.28705
0.198935
0.304701
0.566055
0.978151
0.093175
0.517641
0.714621
0.367352
0.506215
0.785525
0.291264
0.5712
0.949759
0.593063
0.471966
0.580684
0.660076
0.083159
0.81524
0.533859
0.792498
0.641058
0.950109
0.543776
0.51978
0.705448
0.513401
0.014893
0.191316
0.945608
0.803645
0.931164
0.725377
0.772276
0.476915
0.778138
0.458474
0.611973
0.131911
0.687049
0.734892
0.25124
0.623338
0.216739
0.811132
0.095345
0.852538
0.8662
0.347448
0.372645
0.751633
0.875621
0.861447
0.172442
0.508305
0.30107
0.441135
0.189343
0.870946
0.082153
0.729251
0.043466
0.431075
0.823656
0.338842
0.873196
0.389411
0.252036
0.877012
0.385573
0.331634
0.137318
0.132641
0.232679
0.856005
0.929987
0.443973
0.806256
0.133138
0.372787
0.499276
0.049949
0.246541
0.979588
0.065669
0.386817
0.655549
0.865848
0.037546
0.838848
0.254405
0.002706
0.097334
0.287198
0.269671
0.399613
0.522279
0.823798
0.509607
0.13911
0.362123
0.807209
0.495495
0.502568
0.627722
0.253416
0.486268
0.059028
0.978965
0.382373
0.470756
0.413088
0.210404
0.588716
0.350138
0.914406
0.673374
0.842036
0.026336
0.557503
0.870384
0.823508
0.499155
0.19642
0.44709
0.450817
0.955532
0.078295
0.039887
0.59074
0.028376
0.416813
0.619628
0.08086
0.34867
0.100263
0.861236
0.478376
0.322214
0.411664
0.95266
0.849533
0.624752
0.007408
0.09561
0.392339
0.197365
0.757102
0.792001
0.450059
0.327936
0.07874
0.828831
0.390665
0.67092
0.898191
0.177592
0.045985
0.528473
0.160799
0.298423
0.745025
0.811745
0.528855
0.863357
0.246505
0.773874
0.056587
0.344573
0.932299
0.193693
0.413304
0.398542
0.141784
0.215629
0.234591
0.072966
0.152207
0.896927
0.597355
0.478506
0.15468
0.036482
0.014865
0.739244
0.171203
0.464886
0.508774
0.562294
0.873756
0.950888
0.011647
0.307065
0.707513
0.925849
0.671038
0.908924
0.03626
0.525831
0.734341
0.446815
0.374293
0.422363
0.419447
0.11743
0.660578
0.798756
0.706989
0.419473
0.386956
0.189656
0.772499
0.679587
0.780924
0.604464
0.429673
0.592307
0.826741
0.871253
0.608406
0.721715
0.066291
0.570859
0.264773
0.2553
0.012742
0.1968
0.123416
0.299003
0.239076
0.600902
0.24644
0.305102
0.537186
0.028216
0.493481
0.120541
0.450015
0.036767
0.757061
0.210293
0.374226
0.098552
0.761059
0.159862
0.405143
0.0221
0.835479
0.661791
0.782091
0.675992
0.604059
0.051124
0.61311
0.953989
0.748852
0.431231
0.623847
0.537391
0.786861
0.883815
0.982936
0.909268
0.872623
0.565744
0.874698
0.250997
0.487255
0.881391
0.076226
0.977097
0.857114
0.957741
0.248972
0.486213
0.696727
0.667733
0.328812
0.812911
0.43053
0.324511
0.071066
0.302358
0.183656
0.722647
0.037674
0.969872
0.623994
0.283995
0.657266
0.572229
0.076084
0.508255
0.85923
0.788052
0.357254
0.529292
0.367868
0.521497
0.441112
0.231271
0.783236
0.703827
0.64342
0.537778
0.055292
0.961378
0.509449
0.783535
0.593878
0.237132
0.906611
0.432018
0.056837
0.537802
0.959624
0.303176
0.537158
0.632072
0.561755
0.745379
0.317199
0.526832
0.609026
0.775279
0.129352
0.584132
0.794476
0.394767
0.5107
0.209394
0.446676
0.456517
0.859847
0.011529
0.563479
0.031993
0.281464
0.795532
0.382848
0.252259
0.936522
0.095849
0.272617
0.602242
0.38026
0.915304
0.0888
0.249367
0.704905
0.198968
0.016458
0.002043
0.395324
0.459304
0.762091
0.064018
0.139076
0.851281
0.018704
0.964576
0.537487
0.724599
0.604342
0.406989
0.979467
0.19385
0.717562
0.788698
0.586496
0.113305
0.57369
0.292768
0.966291
0.394202
0.091067
0.345305
0.575086
0.671984
0.155253
0.741258
0.161146
0.569443
0.878814
0.217728
0.774922
0.150517
0.86428
0.093098
0.13336
0.923338
0.933995
0.05175
0.563075
0.263549
0.337604
0.865155
0.784461
0.670515
0.168466
0.930077
0.996608
0.977022
0.909307
0.194618
0.160424
0.710425
0.202933
0.453661
0.830875
0.271929
0.817166
0.489885
0.986152
0.965843
0.110506
0.334241
0.083798
0.70407
0.827903
0.693521
0.730544
0.415183
0.826687
0.367637
0.599034
0.343726
0.814505
0.448498
0.562056
0.074536
0.993821
0.431211
0.295779
0.989868
0.240051
0.737194
0.24593
0.168241
0.86387
0.560079
0.774469
0.411335
0.660949
0.561631
0.367458
0.5049
0.537245
0.448198
0.567589
0.977382
0.95261
0.431027
0.963115
0.551149
0.013934
0.168061
0.590322
0.066349
0.799405
0.56156
0.325889
0.386187
0.124736
0.420464
0.483243
0.276188
0.550039
0.706213
0.736684
0.888679
0.753454
0.545086
0.627406
0.239877
0.757266
0.408259
0.917046
0.247533
0.928875
0.5171
0.208613
0.90332
0.785695
0.18025
0.35388
0.27358
0.015932
0.395001
0.021912
0.41818
0.15541
0.322478
0.370503
0.908538
0.263605
0.667624
0.063156
0.146436
0.83834
0.278742
0.724998
0.275638
0.956455
0.732556
0.399432
0.360079
0.186506
0.863655
0.956804
0.385481
0.350862
0.376092
0.608402
0.731773
0.767992
0.030519
0.413021
0.654088
0.963308
0.7878
0.187737
0.920429
0.122193
0.799017
0.223883
0.610209
0.198555
0.107312
0.684944
0.429487
0.024227
0.617659
0.987668
0.166898
0.345991
0.177717
0.826545
0.716791
0.187798
0.411696
0.515685
0.272366
0.67149
0.61307
0.817437
0.165071
0.401101
0.489378
0.924854
0.887186
0.924374
0.610562
0.978543
0.074118
0.454628
0.36704
0.85502
0.948892
0.424448
0.725276
0.875248
0.08489
0.248935
0.521545
0.814127
0.610616
0.485867
0.924793
0.724089
0.554336
0.831453
0.609195
0.675035
0.374941
0.523246
0.956277
0.520569
0.522214
0.44716
0.305593
0.676494
0.34557
0.12898
0.244747
0.869639
0.609557
0.307447
0.03799
0.508885
0.768366
0.943423
0.404826
0.056392
0.771783
0.874314
0.665621
0.898764
0.382054
0.23633
0.167872
0.478988
0.613854
0.564023
0.68145
0.040882
0.282051
0.031598
0.706447
0.465804
0.453827
0.140639
0.585942
0.176415
0.571358
0.617599
0.265818
0.533053
0.806546
0.058339
0.489731
0.824941
0.22296
0.044528
0.819959
0.163326
0.478325
0.887747
0.945129
0.443263
0.781131
0.203597
0.066007
0.031838
0.225173
0.935732
0.669991
0.924701
0.000851
0.672132
0.621038
0.219979
0.936111
0.093892
0.722063
0.838382
0.055271
0.502667
0.13389
0.724279
0.768252
0.246119
0.627426
0.272413
0.835878
0.65092
0.11
0.623362
0.40412
0.840921
0.859715
0.207747
0.79791
0.889944
0.585988
0.98122
0.669717
0.802785
0.556099
0.134048
0.078202
0.568803
0.536953
0.744617
0.655376
0.777317
0.294627
0.081143
0.583793
0.054814
0.997586
0.599561
0.611896
0.570041
0.349339
0.54586
0.830525
0.938399
0.443487
0.647565
0.526188
0.717419
0.280143
0.076921
0.163558
0.635579
0.281274
0.702362
0.046504
0.546734
0.069621
0.763244
0.046016
0.354291
0.165549
0.54116
0.923179
0.986593
0.736009
0.813248
0.305896
0.171487
0.979899
0.168743
0.887531
0.709234
0.579446
0.05539
0.419046
0.425155
0.433984
0.270645
0.30125
0.57957
0.022538
0.826261
0.956396
0.635777
0.75147
0.70968
0.719937
0.354263
0.351764
0.241532
0.203465
0.051933
0.217236
0.699945
0.657841
0.502699
0.322715
0.19194
0.074159
0.557369
0.922623
0.079737
0.189061
0.705091
0.568189
0.912011
0.148206
0.641945
0.451238
0.538907
0.9863
0.228824
0.866073
0.528419
0.109423
0.074275
0.286767
0.850849
0.323668
0.271306
0.722862
0.666141
0.972841
0.3909
0.561279
0.70564
0.953093
0.350502
0.342696
0.595888
0.351876
0.736989
0.064955
0.570399
0.506519
0.690032
0.774799
0.820664
0.184105
0.332703
0.904003
0.887212
0.196267
0.967167
0.668871
0.263091
0.631024
0.940056
0.395308
0.216229
0.864219
0.851083
0.432154
0.211495
0.022023
0.783124
0.006416
0.372732
0.212391
0.252342
0.536702
0.802607
0.479531
0.229723
0.71508
0.072601
0.066519
0.912702
0.448551
0.096964
0.928691
0.365582
0.231118
0.438089
0.718237
0.996124
0.928898
0.355512
0.919018
0.845965
0.682218
0.396411
0.020522
0.61019
0.321064
0.963795
0.467765
0.092042
0.120254
0.102056
0.879489
0.651095
0.816677
0.344493
0.625795
0.493977
0.543544
0.270602
0.804041
0.076914
0.906985
0.736735
0.900734
0.459511
0.944348
0.353041
0.948591
0.038516
0.637754
0.165008
0.287243
0.341726
0.926365
0.481164
0.428082
0.598885
0.991626
0.128729
0.319636
0.751972
0.524103
0.647222
0.481751
0.738993
0.250459
0.060761
0.66084
0.030652
0.598894
0.844097
0.94683
0.798232
0.736479
0.481688
0.598093
0.369002
0.576568
0.945157
0.911889
0.140283
0.758633
0.768219
0.698738
0.832671
0.52414
0.574068
0.684862
0.960827
0.580281
0.491771
0.674384
0.621159
0.707552
0.698641
0.895572
0.15166
0.581103
0.198858
0.120989
0.383597
0.944953
0.495848
0.043825
0.534624
0.216854
0.295296
0.909437
0.831377
0.393995
0.88216
0.226598
0.99697
0.526548
0.50181
0.273017
0.408228
0.836313
0.829795
0.484353
0.575838
0.24057
0.500636
0.772718
0.416528
0.116576
0.300195
0.989654
0.578967
0.893378
0.665673
0.237314
0.582087
0.693705
0.788816
0.385341
0.134811
0.011374
0.932062
0.732617
0.963934
0.718686
0.328987
0.631895
0.490553
0.540269
0.474546
0.887974
0.786234
0.978493
0.958012
0.557794
0.66713
0.935981
0.829353
0.895146
0.690242
0.262879
0.512018
0.502073
0.145457
0.223862
0.087877
0.706329
0.720305
0.660746
0.67903
0.380648
0.021831
0.003879
0.057661
0.951244
0.029629
0.261159
0.689085
0.148738
0.783504
0.189327
0.057871
0.990584
0.72431
0.463096
0.367953
0.645115
0.875202
0.361827
0.604818
0.070878
0.23198
0.218212
0.060682
0.530548
0.950116
0.166245
0.281567
0.034015
0.842672
0.399873
0.950138
0.831126
0.032432
0.342741
0.292906
0.637644
0.85446
0.797403
0.283525
0.725375
0.03261
0.662291
0.592885
0.526876
0.815957
0.588137
0.334635
0.939618
0.976776
0.10026
0.47472
0.418388
0.003076
0.393812
0.740806
0.843945
0.567807
0.55848
0.499021
0.41727
0.110736
0.386396
0.17536
0.436095
0.632637
0.117568
0.020471
0.707815
0.359428
0.42073
0.904225
0.679648
0.483355
0.147365
0.405907
0.562125
0.95842
0.004789
0.939844
0.058477
0.890818
0.359506
0.537509
0.707336
0.467959
0.052334
0.524485
0.153965
0.971145
0.422341
0.895475
0.1702
0.837295
0.472123
0.884792
0.350759
0.704451
0.092426
0.686317
0.598333
0.695564
0.550687
0.132341
0.816662
0.253201
0.750579
0.411678
0.540367
0.01894
0.665303
0.667578
0.923994
0.405523
0.517432
0.244351
0.000535
0.763104
0.688992
0.47087
0.810855
0.831042
0.017687
0.408882
0.391943
0.281973
0.753926
0.06889
0.443662
0.66816
0.162662
0.531764
0.64782
0.926824
0.05304
0.417648
0.458579
0.533159
0.257184
0.86368
0.393583
0.827765
0.945864
0.605644
0.340331
0.291796
0.624059
0.286692
0.639626
0.527684
0.415091
0.45763
0.563339
0.818974
0.222092
0.204617
0.039417
0.592149
0.280238
0.807976
0.06838
0.207599
0.256485
0.37641
0.563581
0.08818
0.812523
0.687971
0.832327
0.807279
0.797241
0.074845
0.691744
0.55269
0.536041
0.384079
0.013609
0.080439
0.811156
0.038928
0.90119
0.103389
0.609962
0.116684
0.600744
0.598936
0.608598
0.389418
0.917711
0.849045
0.146861
0.561414
0.00284
0.706608
0.407925
0.42458
0.885117
0.487277
0.298164
0.309527
0.738333
0.42037
0.759335
0.00435
0.161695
0.370277
0.571167
0.616747
0.86517
0.485297
0.513297
0.448891
0.588001
0.133185
0.937277
0.643654
0.663493
0.114193
0.631156
0.747815
0.786585
0.580734
0.048266
0.711846
0.664265
0.361451
0.667018
0.056266
0.141929
0.282163
0.548441
0.734246
0.690124
0.469934
0.135144
0.801442
0.824205
0.12568
0.309942
0.460018
0.134212
0.177103
0.565633
0.382924
0.08299
0.740062
0.508002
0.20171
0.492402
0.776116
0.366578
0.418389
0.220972
0.692948
0.866929
0.654842
0.196265
0.311473
0.13659
0.674306
0.034867
0.45171
0.366414
0.990511
0.153736
0.301298
0.382168
0.86026
0.210667
0.709927
0.336176
0.937259
0.133461
0.812675
0.165365
0.352616
0.130807
0.374515
0.54978
0.303347
0.316704
0.047734
0.30752
0.255252
0.632392
0.468422
0.446821
0.950027
0.608518
0.431705
0.721491
0.12919
0.334519
0.92964
0.564633
0.746024
0.173946
0.054443
0.004782
0.987637
0.557903
0.613722
0.459725
0.637511
0.436406
0.306046
0.706869
0.852385
0.106035
0.322146
0.944447
0.744983
0.461141
0.409363
0.524396
0.667781
0.88512
0.917414
0.494502
0.852591
0.289566
0.778036
0.649887
0.615459
0.667713
0.681401
0.083317
0.468017
0.855601
0.526999
0.859176
0.703444
0.16084
0.008186
0.136532
0.273983
0.108073
0.577836
0.535674
0.354588
0.840064
0.426732
0.671868
0.178007
0.526087
0.275062
0.04956
0.349273
0.097569
0.789527
0.501488
0.814766
0.916095
0.40104
0.777073
0.090599
0.003274
0.897512
0.651755
0.963586
0.047211
0.615263
0.469788
0.830156
0.222817
0.080191
0.330972
0.139016
0.301786
0.07146
0.338662
0.031682
0.902639
0.86513
0.739856
0.581871
0.11685
0.136516
0.943522
0.374863
0.259208
0.026986
0.344279
0.429731
0.734924
0.492771
0.094971
0.598636
0.217464
0.219272
0.918884
0.802803
0.020502
0.55563
0.248882
0.866369
0.531203
0.310112
0.458651
0.230423
0.459867
0.372533
0.305172
0.267822
0.421681
0.122537
0.335645
0.846525
0.449969
0.722386
0.609744
0.843126
0.779863
0.178873
0.442772
0.091684
0.454703
0.96391
0.968576
0.939534
0.187033
0.184305
0.998548
0.423762
0.447284
0.470585
0.998867
0.060168
0.703525
0.478482
0.226119
0.201967
0.631036
0.420951
0.606107
0.304711
0.028421
0.577046
0.917701
0.75723
0.936929
0.619693
0.873962
0.565675
0.879878
0.096076
0.726733
0.216001
0.433856
0.683742
0.434507
0.862867
0.805696
0.023907
0.098318
0.133858
0.225546
0.363436
0.419816
0.344398
0.286099
0.925252
0.884048
0.667615
0.973699
0.701511
0.913345
0.598606
0.430484
0.074106
0.355102
0.20527
0.802444
0.714168
0.147523
0.519758
0.236805
0.585289
0.636523
0.43406
0.816026
0.292055
0.955023
0.064018
0.181112
0.734502
0.243545
0.741623
0.590182
0.32268
0.08171
0.633954
0.773972
0.764586
0.928007
0.55115
0.151651
0.633207
0.494277
0.792557
0.111873
0.788286
0.543031
0.836987
0.088766
0.823091
0.227941
0.616287
0.580101
0.907281
0.402909
0.573174
0.847562
0.731122
0.405893
0.400651
0.340094
0.415405
0.199753
0.008688
0.21766
0.353412
0.991606
0.142743
0.354059
0.766503
0.541894
0.721794
0.471496
0.575212
0.210953
0.749283
0.605347
0.210206
0.045028
0.655966
0.937465
0.252629
0.075774
0.555692
0.818245
0.755795
0.833125
0.614603
0.071052
0.18801
0.468452
0.744578
0.686362
0.159123
0.56177
0.422788
0.793672
0.698635
0.641003
0.07158
0.885139
0.907379
0.066928
0.540656
0.670986
0.741196
0.799661
0.942882
0.337566
0.511445
0.650964
0.281437
0.386655
0.45707
0.874394
0.800555
0.009164
0.681883
0.732046
0.357971
0.225041
0.514906
0.53873
0.691289
0.043077
0.392647
0.968031
0.391607
0.139338
0.255022
0.590644
0.075066
0.726144
0.127055
0.050717
0.106762
0.382118
0.785262
0.248039
0.984335
0.646882
0.519689
0.493062
0.175637
0.913111
0.200506
0.637307
0.53208
0.210439
0.430721
0.170164
0.974669
0.721817
0.349453
0.493742
0.234696
0.820847
0.122798
0.736538
0.057892
0.064592
0.737018
0.024227
0.8135
0.90073
0.129182
0.088913
0.347001
0.594753
0.485125
0.321532
0.446872
0.201354
0.487299
0.041048
0.778741
0.574774
0.844297
0.876177
0.72203
0.335669
0.38517
0.540529
0.072689
0.481817
0.854603
0.941363
0.526518
0.456882
0.185056
0.757567
0.592711
0.655489
0.338065
0.202795
0.62515
0.462895
0.790155
0.765661
0.945203
0.669822
0.688282
0.841732
0.907294
0.793574
0.088273
0.893497
0.345317
0.085819
0.849976
0.703866
0.452208
0.640484
0.818996
0.109986
0.824224
0.92295
0.710317
0.226182
0.234544
0.423442
0.740777
0.909
0.864859
0.305263
0.35745
0.806335
0.83768
0.133784
0.380827
0.601014
0.536668
0.381799
0.557751
0.778078
0.580258
0.834465
0.718759
0.710338
0.240242
0.589022
0.921828
0.068792
0.398755
0.535132
0.254119
0.853233
0.637697
0.424597
0.08179
0.542749
0.712248
0.071818
0.326983
0.312341
0.47628
0.417255
0.247221
0.363803
0.584495
0.809173
0.480589
0.024824
0.856928
0.971955
0.230743
0.467656
0.729087
0.938028
0.357969
0.904939
0.23634
0.708952
0.048478
0.211304
0.938757
0.830861
0.799427
0.741498
0.725233
0.859254
0.50795
0.793891
0.438552
0.849212
0.892472
0.409618
0.665669
0.8312
0.423707
0.409987
0.403421
0.707621
0.408596
0.322966
0.491955
0.357373
0.767857
0.831933
0.094793
0.791528
0.828794
0.932176
0.06874
0.499657
0.275257
0.750666
0.626923
0.311933
0.69754
0.639547
0.079084
0.89301
9.3e-05
0.904886
0.162377
0.994886
0.72667
0.751253
0.947921
0.451787
0.297924
0.748646
0.539128
0.755317
0.613857
0.891038
0.835766
0.43342
0.939599
0.873801
0.059297
0.029515
0.758907
0.991383
0.952862
0.719158
0.201685
0.177834
0.41187
0.890186
0.015654
0.803253
0.017489
0.860997
0.000417
0.980977
0.208252
0.239007
0.028646
0.546621
0.071761
0.31129
0.384611
0.275201
0.090262
0.582571
0.165522
0.389999
0.761025
0.884641
0.737997
0.370193
0.164358
0.061436
0.968342
0.602421
0.815053
0.857141
0.623922
0.925731
0.276479
0.342689
0.953671
0.06086
0.067821
0.853837
0.066336
0.506433
0.334855
0.460438
0.608184
0.579492
0.264963
0.985976
0.345694
0.833328
0.196834
0.405131
0.650334
0.272458
0.019051
0.232099
0.218149
0.86262
0.68753
0.735823
0.217507
0.798495
0.726131
0.028166
0.470088
0.101112
0.340525
0.766681
0.551595
0.275729
0.301397
0.913442
0.33137
0.96148
0.970132
0.895073
0.857056
0.077552
0.622987
0.158176
0.40041
0.035583
0.483416
0.448207
0.618903
0.812854
0.101697
0.753357
0.393319
0.499361
0.420781
0.660945
0.829866
0.157154
0.787998
0.445682
0.446998
0.543042
0.241016
0.127873
0.933253
0.362987
0.49459
0.498369
0.790003
0.238078
0.796701
0.604546
0.291509
0.763929
0.142853
0.560568
0.693925
0.406381
0.222098
0.651051
0.715443
0.211655
0.546486
0.83307
0.757219
0.805072
0.928767
0.031682
0.296524
0.884178
0.524006
0.986384
0.116711
0.323472
0.658676
0.694046
0.162892
0.063522
0.656028
0.69455
0.786457
0.150044
0.752596
0.138941
0.739288
0.945517
0.675492
0.673689
0.392692
0.777408
0.93558
0.173145
0.492674
0.316102
0.019003
0.639561
0.422339
0.070547
0.880701
0.580418
0.953379
0.140677
0.841354
0.989986
0.882548
0.052516
0.038829
0.462693
0.732182
0.44968
0.061231
0.946281
0.82284
0.763585
0.411594
0.335252
0.203022
0.932724
0.82596
0.324123
0.57344
0.443143
0.147659
0.826788
0.947906
0.634374
0.053423
0.783715
0.305465
0.248008
0.16057
0.021202
0.418231
0.313124
0.684669
0.691955
0.174777
0.201988
0.280453
0.231604
0.670327
0.056409
0.504453
0.579412
0.699008
0.968518
0.190036
0.742072
0.484469
0.56613
0.177532
0.376954
0.873426
0.150126
0.319389
0.333892
0.976694
0.845031
0.067413
0.492044
0.265954
0.4893
0.581338
0.070308
0.015445
0.50958
0.75115
0.537018
0.655403
0.854283
0.207548
0.572476
0.49244
0.997645
0.988466
0.255867
0.600317
0.803824
0.106247
0.212234
0.027718
0.702401
0.366101
0.319887
0.041625
0.963258
0.550263
0.868925
0.599985
0.574107
0.267545
0.447728
0.047651
0.891136
0.204764
0.197358
0.881873
0.937984
0.942366
0.320098
0.095421
0.239047
0.272658
0.836387
0.382141
0.521842
0.469994
0.286796
0.790991
0.647413
0.493901
0.585314
0.953526
0.666638
0.82426
0.731902
0.218839
0.13563
0.622819
0.522523
0.888215
0.906319
0.121028
0.62657
0.501218
0.60975
0.921618
0.816191
0.193578
0.665584
0.060113
0.102501
0.668788
0.848265
0.672858
0.115786
0.202165
0.61774
0.415735
0.377384
0.927733
0.712229
0.23358
0.19415
0.296384
0.709917
0.055604
0.211177
0.212473
0.039964
0.236919
0.826664
0.693819
0.826208
0.985925
0.669382
0.809561
0.830436
0.205692
0.093309
0.370653
0.640416
0.603981
0.810093
0.072933
0.488486
0.453109
0.180463
0.111299
0.952192
0.59599
0.342417
0.416779
0.305916
0.168852
0.915007
0.105769
0.679003
0.756317
0.090801
0.017251
0.656023
0.094448
0.760715
0.446522
0.146978
0.694384
0.769989
0.919585
0.467858
0.413821
0.466353
0.909896
0.517909
0.504717
0.11486
0.125676
0.881714
0.423018
0.140106
0.309882
0.862339
0.656039
0.841365
0.505706
0.968321
0.150504
0.979701
0.100467
0.60178
0.313107
0.5311
0.307522
0.781024
0.245457
0.103998
0.596559
0.50089
0.087105
0.55767
0.188821
0.838997
0.711175
0.510602
0.046341
0.221655
0.619184
0.630613
0.352593
0.028809
0.200742
0.218044
0.734765
0.741144
0.610292
0.139087
0.433671
0.213549
0.826421
0.861622
0.306427
0.543878
0.698304
0.344156
0.957446
0.537156
0.811183
0.569822
0.412862
0.978938
0.199025
0.995381
0.631566
0.143261
0.405608
0.100149
0.724829
0.20063
0.035676
0.847134
0.416983
0.87841
0.088168
0.631229
0.413667
0.21003
0.840513
0.456627
0.603076
0.760511
0.208533
0.74425
0.963457
0.069264
0.400638
0.896519
0.080867
0.624377
0.009235
0.726305
0.710761
0.629701
0.135438
0.6242
0.639997
0.413294
0.162483
0.577985
0.497391
0.840802
0.142073
0.446483
0.583416
0.102403
0.877686
0.956523
0.23775
0.594114
0.252481
0.825946
0.161627
0.363638
0.622589
0.049639
0.951629
0.091481
0.889505
0.982468
0.292418
0.640897
0.905449
0.019182
0.141528
0.851516
0.715768
0.534572
0.73321
0.336883
0.901431
0.54986
0.748854
0.948801
0.702491
0.242117
0.269127
0.88783
0.025634
0.859933
0.303607
0.953051
0.289452
0.023594
0.986879
0.510597
0.071545
0.486301
0.087949
0.880943
0.783429
0.914185
0.890345
0.12083
0.758122
0.780115
0.9662
0.145183
0.903161
0.078113
0.87514
0.058804
0.5944
0.315809
0.431381
0.049878
0.507711
0.330585
0.601281
0.231984
0.233516
0.776196
0.979709
0.96569
0.490967
0.147558
0.99811
0.869695
0.153315
0.768865
0.548218
0.504128
0.236432
0.293045
0.605987
0.868719
0.868988
0.631034
0.789413
0.643295
0.016566
0.729066
0.160022
0.662598
0.875665
0.667801
0.62679
0.245641
0.444638
0.084693
0.915117
0.124803
0.834857
0.026257
0.959788
0.408803
0.28331
0.611467
0.014057
0.274894
0.794635
0.159977
0.641598
0.123124
0.916547
0.028452
0.72575
0.054492
0.205911
0.932452
0.150881
0.143078
0.890413
0.98728
0.530283
0.93705
0.118876
0.244519
0.478069
0.872305
0.872404
0.052194
0.69777
0.370863
0.032513
0.533391
0.696621
0.857188
0.516483
0.373294
0.138448
0.960349
0.854833
0.774801
0.133634
0.863552
0.212535
0.232734
0.241752
0.917484
0.074127
0.757616
0.046667
0.225463
0.163136
0.704675
0.063138
0.995758
0.232738
0.590488
0.253954
0.061692
0.825203
0.018077
0.721904
0.162658
0.777368
0.596265
0.966582
0.416907
0.615103
0.044167
0.722516
0.354877
0.113944
0.110979
0.567151
0.864203
0.176399
0.848786
0.389509
0.927869
0.18512
0.491744
0.625859
0.997634
0.540632
0.119614
0.957419
0.960506
0.393888
0.047289
0.044276
0.362833
0.96982
0.177025
0.074125
0.555324
0.062435
0.263547
0.550075
0.33489
0.058856
0.303148
0.8109
0.777165
0.6388
0.873344
0.175951
0.512349
0.981579
0.630028
0.662389
0.763162
0.003641
0.220522
0.109782
0.848814
0.252424
0.057816
0.020889
0.796671
0.049692
0.781893
0.66075
0.159058
0.978477
0.049147
0.150706
0.631579
0.026804
0.964111
0.663987
0.084799
0.084506
0.121801
0.038503
0.757782
0.383479
0.43541
0.338108
0.650097
0.276936
0.845994
0.647086
0.162713
0.403697
0.393223
0.255838
0.204678
0.788814
0.787261
0.037616
0.973074
0.969419
0.353446
0.057245
0.567073
0.785603
0.341649
0.637342
0.823875
0.05249
0.223068
0.816441
0.500198
0.004202
0.17888
0.025422
0.094385
0.371667
0.4505
0.539492
0.990848
0.246333
0.501429
0.826804
0.251583
0.705693
0.008282
0.146267
0.20756
0.26272
0.958407
0.63658
0.253682
0.060781
0.408654
0.051919
0.257442
0.361821
0.124819
0.290507
0.282222
0.146796
0.260981
0.405281
0.393382
0.603224
0.671424
0.79219
0.248123
0.332621
0.338325
0.522158
0.508599
0.323762
0.993106
0.785501
0.508476
0.100463
0.684329
0.279129
0.963204
0.291047
0.008332
0.412784
0.727613
0.803496
0.49711
0.016554
0.330496
0.98607
0.235602
0.04025
0.766688
0.85938
0.659438
0.00343
0.652252
0.588423
0.35439
0.801352
0.851834
0.055331
0.536404
0.76972
0.604237
0.316861
0.40252
0.229647
0.929236
0.026214
0.328774
0.04269
0.965775
0.34641
0.177724
0.467782
0.633505
0.915909
0.180268
0.205109
0.234878
0.16347
0.097199
0.923794
0.291594
0.262844
0.106473
0.062817
0.196305
0.123536
0.214779
0.995197
0.617663
0.566422
0.916388
0.009552
0.772855
0.835075
0.993614
0.108896
0.836441
0.581839
0.977973
0.797517
0.030149
0.110869
0.482069
0.830021
0.042321
0.35076
0.125246
0.846807
0.829963
0.103143
0.170854
0.555554
0.76337
0.271569
0.147982
0.04405
0.45868
0.755476
0.150801
0.462258
0.173233
0.030588
0.49549
0.20709
0.315918
0.481631
0.598932
0.758902
0.755604
0.98007
0.319442
0.716536
0.352354
0.993204
0.620671
0.9677
0.847198
0.36302
0.673844
0.571256
0.130332
0.326393
0.000535
0.276376
0.688862
0.915924
0.128413
0.727254
0.995037
0.527567
0.199417
0.849916
0.532929
0.820612
0.649228
0.602527
0.743799
0.774502
0.755744
0.773279
0.576977
0.17321
0.65026
0.597306
0.679427
0.105267
0.000122
0.099573
0.591015
0.816715
0.836089
0.659283
0.884826
0.275005
0.436847
0.287703
0.487611
0.053106
0.212929
0.631698
0.261699
0.590108
0.122922
0.675781
0.59833
0.020931
0.163601
0.301548
0.889773
0.422839
0.60712
0.80501
0.678236
0.755475
0.106687
0.09741
0.929534
0.141551
0.784056
0.32946
0.005416
0.720022
0.501331
0.66767
0.532751
0.393057
0.72061
0.712004
0.733897
0.917583
0.77538
0.085453
0.002484
0.341262
0.530454
0.956588
0.503448
0.27958
0.327225
0.150007
0.524368
0.517521
0.847157
0.54911
0.917335
0.285499
0.660446
0.45847
0.183922
0.974746
0.585189
0.3785
0.46182
0.918214
0.664666
0.963946
0.540129
0.679933
0.858907
0.696749
0.199515
0.689541
0.377361
0.259162
0.973396
0.962097
0.834353
0.177212
0.518251
0.204733
0.272209
0.069814
0.686791
0.868844
0.734961
0.326745
0.140945
0.201927
0.061432
0.718447
0.24219
0.678636
0.008727
0.548332
0.981886
0.036814
0.915169
0.834779
0.754544
0.080018
0.448669
0.457031
0.845205
0.235257
0.456299
0.471974
0.4389
0.15445
0.840593
0.65698
0.513112
0.719121
0.326935
0.241267
0.798564
0.264118
0.626578
0.248199
0.612076
0.977276
0.110342
0.307383
0.134055
0.085362
0.729264
0.455734
0.316265
0.153017
0.761757
0.041914
0.780053
0.16846
0.223782
0.756798
0.612631
0.719477
0.301354
0.890814
0.570309
0.049158
0.996348
0.194231
0.209685
0.985092
0.318895
0.176915
0.403918
0.815014
0.944459
0.57923
0.163404
0.801012
0.153974
0.143821
0.300458
0.925531
0.050822
0.278221
0.740719
0.756366
0.205639
0.509012
0.070007
0.814123
0.58528
0.896347
0.086758
0.905265
0.427001
0.219472
0.83866
0.00496
0.641217
0.304369
0.551792
0.850753
0.12749
0.356439
0.365137
0.70246
0.07524
0.443808
0.64861
0.896861
0.438927
0.59858
0.133186
0.830662
0.737953
0.492559
0.64143
0.914254
0.940571
0.186592
0.619582
0.477958
0.30834
0.239557
0.808664
0.072792
0.21285
0.303739
0.513146
0.30637
0.124344
0.353348
0.850253
0.954302
0.38762
0.631088
0.800567
0.49977
0.617039
0.002446
0.794235
0.206355
0.405665
0.068424
0.481763
0.392361
0.975557
0.9225
0.518669
0.747796
0.735822
0.624589
0.612493
0.760551
0.241975
0.009303
0.62949
0.746519
0.849524
0.148814
0.205399
0.321457
0.604468
0.531092
0.669594
0.125987
0.245415
0.984619
0.148249
0.855575
0.949277
0.221361
0.532454
0.851305
0.211682
0.169385
0.876236
0.240968
0.693049
0.971096
0.278501
0.973979
0.461265
0.698332
0.682669
0.826589
0.561212
0.507088
0.666072
0.88227
0.840429
0.678962
0.402167
0.774625
0.350323
0.112021
0.414007
0.625803
0.575156
0.899311
0.642298
0.970962
0.236958
0.178342
0.459807
0.164808
0.756609
0.055887
0.159579
0.390645
0.663683
0.805469
0.139436
0.781253
0.283402
0.823596
0.043617
0.550433
0.250312
0.096859
0.535774
0.419379
0.570992
0.369493
0.546048
0.974881
0.344263
0.833259
0.770578
0.630517
0.7762
0.704664
0.186924
0.326389
0.798755
0.802218
0.584774
0.675356
0.052867
0.393883
0.543012
0.305102
0.973335
0.981374
0.485747
0.081038
0.471751
0.327658
0.651001
0.464378
0.326274
0.609406
0.514066
0.98391
0.488372
0.317159
0.354532
0.517784
0.029818
0.720527
0.932367
0.331043
0.41521
0.296481
0.987571
0.137458
0.306542
0.90593
0.375875
0.300766
0.853892
0.227137
0.281048
0.121039
0.620749
0.412787
0.406811
0.980332
0.925696
0.093041
0.219761
0.350881
0.906287
0.680946
0.694462
0.792268
0.166473
0.448725
0.193128
0.887641
0.869747
0.433071
0.769525
0.071354
0.925991
0.45221
0.25512
0.973312
0.356044
0.787933
0.91051
0.757819
0.735734
0.811927
0.249204
0.431581
0.998152
0.616718
0.496906
0.423565
0.292297
0.836965
0.629307
0.078009
0.937934
0.958521
0.547636
0.826685
0.233908
0.909387
0.297538
0.935208
0.315278
0.42044
0.045783
0.174151
0.261391
0.264779
0.983183
0.764216
0.30527
0.587371
0.9017
0.388651
0.443573
0.188528
0.183834
0.701578
0.042304
0.319739
0.528255
0.854274
0.896987
0.627603
0.406391
0.336108
0.997473
0.969862
0.432202
0.438702
0.63146
0.380879
0.066112
0.126785
0.147435
0.256095
0.993634
0.585555
0.040925
0.580835
0.055581
0.555377
0.909405
0.91927
0.053033
0.04805
0.212926
0.297237
0.084936
0.404894
0.74023
0.040897
0.636186
0.702036
0.201599
0.116347
0.32248
0.712127
0.753712
0.009184
0.722008
0.20069
0.576499
0.117376
0.322497
0.919474
0.597065
0.906142
0.17218
0.29898
0.999188
0.646936
0.173636
0.686503
0.825063
0.789138
0.130552
0.064561
0.859832
0.902866
0.635509
0.545878
0.388682
0.114053
0.315981
0.222458
0.230934
0.421333
0.410447
0.456199
0.560815
0.382257
0.32839
0.622856
0.470306
0.964926
0.114392
0.747522
0.806721
0.456075
0.272096
0.341486
0.552946
0.44444
0.336007
0.158521
0.710352
0.970088
0.335507
0.242507
0.109603
0.386296
0.866559
0.180758
0.862815
0.676631
0.546779
0.712174
0.585552
0.894812
0.964116
0.399141
0.382387
0.515785
0.321059
0.251291
0.976139
0.590041
0.654497
0.042541
0.354511
0.06101
0.352762
0.694899
0.339922
0.199074
0.879667
0.599312
0.114438
0.054953
0.388403
0.755915
0.649461
0.998343
0.259255
0.35283
0.749904
0.046115
0.077201
0.256562
0.121038
0.121454
0.642854
0.592523
0.133497
0.128914
0.891744
0.002295
0.20693
0.464696
0.390446
0.433874
0.457787
0.618401
0.000666
0.057291
0.590067
0.51162
0.126878
0.835073
0.709307
0.755446
0.335264
0.63407
0.825427
0.571392
0.033592
0.266033
0.270601
0.087079
0.950214
0.46351
0.174782
0.875459
0.458954
0.426154
0.102192
0.998747
0.947549
0.59826
0.605607
0.446892
0.755618
0.470569
0.330657
0.953424
0.850164
0.654818
0.005505
0.194946
0.885752
0.232472
0.02895
0.461187
0.954763
0.610694
0.476743
0.890524
0.352817
0.313279
0.895107
0.403581
0.79083
0.614073
0.894336
0.019025
0.125478
0.609739
0.420252
0.338696
0.034095
0.027969
0.235226
0.05975
0.845102
0.257168
0.739855
0.328961
0.335303
0.371337
0.995077
0.971701
0.127565
0.683246
0.922615
0.155533
0.910995
0.74395
0.519617
0.091691
0.606516
0.925551
0.464199
0.723315
0.76796
0.786311
0.169161
0.045716
0.047941
0.590881
0.0619
0.892688
0.111142
0.800592
0.663149
0.511242
0.046595
0.296646
0.654914
0.664019
0.549256
0.440317
0.070269
0.452369
0.739875
0.266544
0.629409
0.893933
0.647053
0.515589
0.813617
0.990162
0.646731
0.368568
0.872268
0.383634
0.017678
0.400624
0.697119
0.857623
0.993374
0.28272
0.39348
0.889575
0.243973
0.009462
0.227914
0.459907
0.274785
0.869153
0.651607
0.922366
0.996901
0.69967
0.286473
0.205232
0.165812
0.373237
0.996079
0.815224
0.66325
0.541773
0.854609
0.514057
0.493308
0.294827
0.837192
0.051378
0.970351
0.505555
0.458592
0.18985
0.092299
0.875883
0.415917
0.50826
0.708955
0.001072
0.434069
0.118523
0.580015
0.040155
0.673249
0.111197
0.913826
0.725915
0.245523
0.366176
0.328833
0.005523
0.899266
0.127538
0.678369
0.078257
0.414666
0.860997
0.481581
0.455516
0.030077
0.410632
0.979966
0.438256
0.694135
0.101328
0.166194
0.205056
0.148528
0.291072
0.608016
0.144681
0.462936
0.432594
0.541229
0.870031
0.872639
0.921816
0.241698
0.240355
0.039372
0.658888
0.695216
0.929796
0.312804
0.033888
0.544307
0.630624
0.609556
0.025086
0.053219
0.976306
0.773414
0.934953
0.851685
0.977867
0.856752
0.287734
0.580201
0.831805
0.651557
0.476517
0.221443
0.90571
0.885163
0.941977
0.611597
0.624033
0.879382
0.870584
0.437657
0.671167
0.518892
0.479
0.481986
0.11767
0.022679
0.342589
0.873751
0.889276
0.866247
0.436098
0.907951
0.839681
0.598941
0.958621
0.071275
0.614341
0.600027
0.478359
0.484959
0.729379
0.018722
0.054455
0.327009
0.746851
0.076094
0.687677
0.770334
0.756013
0.874556
0.939018
0.197239
0.886548
0.08265
0.421448
0.515029
0.333608
0.353624
0.794732
0.64885
0.21978
0.829865
0.192887
0.732787
0.864337
0.633632
0.390342
0.68822
0.105055
0.02893
0.868029
0.729231
0.208978
0.888052
0.987809
0.157265
0.44757
0.800888
0.614462
0.812246
0.673579
0.50987
0.734321
0.533028
0.179512
0.857443
0.889631
0.604082
0.498254
0.393928
0.350709
0.115146
0.689668
0.831772
0.224642
0.845081
0.465519
0.069819
0.604251
0.108089
0.380009
0.724096
0.094713
0.467204
0.470047
0.304333
0.156764
0.995406
0.777117
0.425372
0.404249
0.119356
0.228472
0.830546
0.255227
0.599714
0.205938
0.516968
0.381297
0.642474
0.674525
0.984302
0.094612
0.743051
0.578661
0.488754
0.351077
0.610385
0.112755
0.822416
0.118509
0.700546
0.744723
0.373028
0.29005
0.130638
0.44103
0.867936
0.029021
0.143637
0.696099
0.951931
0.515948
0.954985
0.223153
0.028719
0.828204
0.427811
0.745887
0.397783
0.630001
0.243224
0.437306
0.225383
0.77797
0.885884
0.43799
0.358409
0.810291
0.754801
0.576066
0.439307
0.526159
0.660217
0.888484
0.40142
0.967986
0.990122
0.456273
0.896273
0.035093
0.518165
0.314033
0.199308
0.982147
0.039353
0.670153
0.449582
0.704769
0.147284
0.556296
0.26681
0.006755
0.389507
0.630533
0.362125
0.087464
0.431862
0.393636
0.010292
0.60018
0.091061
0.844387
0.018699
0.632536
0.562764
0.254984
0.647099
0.96863
0.899566
0.981959
0.701134
0.144203
0.704011
0.057999
0.053555
0.16624
0.773017
0.360648
0.091124
0.011934
0.637682
0.71359
0.706734
0.764528
0.868749
0.666671
0.900577
0.967456
0.555359
0.980315
0.557975
0.770906
0.1314
0.570662
0.086757
0.031726
0.176496
0.192122
0.383731
0.467553
0.173507
0.03895
0.498119
0.174946
0.469404
0.114347
0.896053
0.706543
0.408488
0.118555
0.626678
0.486497
0.481215
0.457935
0.759786
0.163282
0.054512
0.368611
0.337245
0.843681
0.437665
0.048973
0.861243
0.829572
0.402151
0.218751
0.157222
0.679229
0.915349
0.374965
0.524509
0.141845
0.870683
0.202356
0.095594
0.270605
0.811587
0.750258
0.726637
0.156589
0.433136
0.718729
0.773076
0.86886
0.091481
0.173702
0.14874
0.452787
0.593151
0.736899
0.334666
0.816438
0.085379
0.31313
0.580887
0.841182
0.034079
0.570333
0.874454
0.358894
0.293086
0.033769
0.821484
0.065009
0.379274
0.509204
0.230199
0.293661
0.892075
0.669391
0.369725
0.946705
0.674615
0.233214
0.264039
0.939134
0.737623
0.164622
0.838037
0.708128
0.108575
0.357152
0.96873
0.973477
0.807903
0.691182
0.700945
0.430041
0.438406
0.805101
0.661969
0.121767
0.092481
0.193898
0.336306
0.648995
0.879735
0.48172
0.23627
0.914435
0.091984
0.933744
0.219107
0.816652
0.120788
0.060845
0.009621
0.519909
0.882168
0.476557
0.164841
0.757963
0.652862
0.658393
0.991118
0.606666
0.296389
0.456008
0.501928
0.172638
0.323561
0.045725
0.59755
0.638175
0.118158
0.26622
0.133087
0.89303
0.140333
0.454054
0.804129
0.406282
0.325651
0.659122
0.106098
0.439687
0.724061
0.104174
0.337893
0.749704
0.218389
0.144322
0.795069
0.794347
0.653122
0.691989
0.080757
0.048532
0.324711
0.803894
0.279858
0.076423
0.92611
0.816277
0.676418
0.011616
0.761935
0.23732
0.891114
0.253065
0.795491
0.891825
0.314012
0.157733
0.401569
0.074831
0.682196
0.143295
0.222537
0.535336
0.175038
0.837577
0.78191
0.050381
0.790306
0.135367
0.223745
0.517891
0.243976
0.697914
0.485225
0.972372
0.672469
0.342988
0.384145
0.926468
0.439415
0.956167
0.103758
0.742033
0.99642
0.164951
0.086504
0.951638
0.314301
0.078167
0.197431
0.536359
0.822863
0.030145
0.778527
0.677058
0.394387
0.667717
0.102163
0.096113
0.477183
0.423707
0.466122
0.089973
0.549194
0.839568
0.061092
0.291417
0.81289
0.648271
0.611071
0.321796
0.990004
0.43148
0.280332
0.953441
0.489476
0.5994
0.002864
0.090586
0.458146
0.480276
0.045845
0.397621
0.728822
0.636595
0.578597
0.453063
0.956665
0.000588
0.448341
0.048931
0.097884
0.437819
0.676941
0.524875
0.686627
0.752638
0.863662
0.714415
0.490467
0.229839
0.560209
0.912348
0.216683
0.974363
0.06068
0.966745
0.229821
0.745641
0.274859
0.200613
0.597348
0.195423
0.23005
0.227976
0.239192
0.442142
0.288023
0.794876
0.221365
0.830963
0.648749
0.38515
0.708877
0.261393
0.060311
0.538286
0.02092
0.549331
0.035392
0.570302
0.301683
0.413713
0.576346
0.33465
0.979754
0.171372
0.980662
0.461159
0.566151
0.709692
0.831896
0.76251
0.997173
0.295279
0.676331
0.739379
0.509882
0.253073
0.663875
0.531015
0.294887
0.269155
0.593648
0.361679
0.382053
0.314829
0.166571
0.577526
0.392439
0.940937
0.221391
0.340399
0.549989
0.121549
0.179868
0.385356
0.770436
0.551629
0.558645
0.345538
0.417431
0.413722
0.49991
0.624372
0.846004
0.00543
0.098401
0.091808
0.780773
0.848259
0.335836
0.918417
0.564699
0.954757
0.566012
0.78613
0.255385
0.015897
0.884123
0.32371
0.30495
0.488955
0.62026
0.410707
0.693772
0.859481
0.880808
0.712491
0.312368
0.791486
0.287305
0.110509
0.65176
0.623901
0.67896
0.42963
0.315555
0.725741
0.282289
0.167655
0.066274
0.343484
0.969838
0.531961
0.27094
0.563955
0.877092
0.439706
0.174531
0.877362
0.650494
0.721147
0.255886
0.86091
0.80002
0.605136
0.680431
0.154854
0.38552
0.011356
0.529839
0.267453
0.408571
0.038579
0.478889
0.657841
0.300159
0.699439
0.523533
0.894859
0.772795
0.886343
0.525788
0.726905
0.490247
0.927882
0.640889
0.846044
0.96957
0.309651
0.302226
0.795012
0.529621
0.818243
0.629781
0.097571
0.976922
0.926972
0.96756
0.970989
0.952468
0.455808
0.501203
0.213448
0.801554
0.574629
0.221204
0.147193
0.30513
0.418422
0.785488
0.179648
0.7484
0.737995
0.743783
0.656261
0.497268
0.513384
0.182373
0.856905
0.465574
0.693842
0.569516
0.041001
0.142508
0.135541
0.64467
0.143366
0.884756
0.349554
0.09273
0.699023
0.889262
0.017969
0.594084
0.891677
0.059143
0.933023
0.786694
0.292815
0.555788
0.045556
0.105352
0.93309
0.449745
0.780825
0.911839
0.674901
0.222476
0.433725
0.440157
0.944846
0.74679
0.014659
0.758521
0.813953
0.768759
0.973432
0.011389
0.316077
0.253483
0.671966
0.865055
0.562633
0.223242
0.53442
0.53019
0.326452
0.83546
0.853057
0.435909
0.636105
0.445405
0.687186
0.618702
0.934103
0.763881
0.793146
0.936195
0.168142
0.376937
0.932532
0.043594
0.125176
0.009218
0.375713
0.428944
0.062709
0.864057
0.920164
0.401735
0.392443
0.905751
0.860701
0.430133
0.1878
0.510907
0.121401
0.141006
0.536596
0.456404
0.016141
0.246653
0.136441
0.34734
0.360912
0.885369
0.978993
0.349304
0.752973
0.131086
0.718686
0.230986
0.560445
0.230462
0.988035
0.051032
0.411436
0.380111
0.767746
0.67829
0.526911
0.077411
0.481436
0.346466
0.365589
0.382516
0.592302
0.446602
0.814305
0.442456
0.33713
0.257702
0.735169
0.516529
0.138186
0.145286
0.198992
0.668035
0.070751
0.829485
0.871477
0.757414
0.932102
0.175688
0.104676
0.822715
0.022123
0.7537
0.875126
0.179842
0.514016
0.028589
0.793695
0.203059
0.796564
0.176856
0.031404
0.292255
0.741253
0.543808
0.439142
0.694978
0.409955
0.576851
0.492579
0.684534
0.075358
0.455206
0.974198
0.111261
0.347226
0.626301
0.625591
0.945682
0.340773
0.700004
0.857036
0.539303
0.187961
0.259724
0.874794
0.699311
0.843735
0.234157
0.068455
0.066559
0.283275
0.457602
0.089038
0.481759
0.469939
0.458981
0.614575
0.795264
0.705742
0.203921
0.234395
0.571703
0.008842
0.927636
0.571683
0.268595
0.950321
0.623601
0.988253
0.569221
0.793279
0.772539
0.343706
0.514842
0.705636
0.225981
0.022601
0.762054
0.645778
0.325514
0.262627
0.004587
0.596166
0.6075
0.32485
0.710815
0.585887
0.552314
0.290384
0.428366
0.065441
0.264043
0.813974
0.070678
0.436012
0.77282
0.342692
0.308567
0.102665
0.464521
0.814014
0.439157
0.667667
0.744964
0.095204
0.981374
0.8113
0.987104
0.572303
0.086312
0.353391
0.61557
0.600574
0.812637
0.26932
0.862024
0.424866
0.338426
0.342285
0.711372
0.232042
0.216598
0.841048
0.988733
0.045498
0.144878
0.168539
0.520943
0.608456
0.157664
0.943625
0.13416
0.049802
0.029443
0.004901
0.231862
0.087669
0.677758
0.449422
0.340775
0.11473
0.114614
0.356828
0.069884
0.323995
0.090242
0.166228
0.681184
0.840077
0.536324
0.59917
0.704267
0.294871
0.886119
0.323472
0.606419
0.870348
0.236185
0.439581
0.938785
0.631717
0.076384
0.91626
0.534086
0.484672
0.051116
0.063398
0.786356
0.52504
0.314737
0.085237
0.599826
0.943257
0.324984
0.26423
0.146359
0.209485
0.079395
0.41991
0.023445
0.011339
0.463158
0.170925
0.506556
0.683877
0.969841
0.280618
0.718235
0.929524
0.666983
0.73778
0.744197
0.396225
0.324861
0.934179
0.913086
0.284472
0.800355
0.834926
0.970051
0.373796
0.410945
0.993287
0.957708
0.510705
0.737768
0.947512
0.627207
0.049114
0.778233
0.249121
0.982008
0.996712
0.268355
0.212732
0.919215
0.952197
0.774283
0.938721
0.8135
0.095699
0.354465
0.538513
0.856054
0.426846
0.042749
0.89744
0.815375
0.962191
0.495778
0.964098
0.314191
0.892513
0.489047
0.945549
0.023643
0.984831
0.773122
0.266381
0.603107
0.164646
0.154407
0.38156
0.614012
0.981331
0.606916
0.718285
0.889894
0.924465
0.507719
0.514259
0.521031
0.757345
0.055214
0.669056
0.706758
0.835903
0.991748
0.712775
0.955204
0.996658
0.59985
0.700288
0.067299
0.36665
0.653947
0.35514
0.967461
0.209701
0.118102
0.237377
0.938961
0.384975
0.487373
0.854656
0.446491
0.184482
0.854716
0.924239
0.684223
0.218188
0.792736
0.081853
0.84595
0.153254
0.272753
0.498822
0.818274
0.493705
0.692105
0.21745
0.283767
0.770728
0.836343
0.037299
0.405441
0.296173
0.859388
0.62053
0.932069
0.750773
0.673337
0.130979
0.838912
0.79383
0.030763
0.892012
0.416859
0.390469
0.198015
0.762078
0.325591
0.80261
0.277797
0.417245
0.608285
0.386977
0.375482
0.347567
0.685525
0.076745
0.247008
0.106576
0.916763
0.9651
0.829297
0.034446
0.744309
0.893434
0.055568
0.029383
0.11092
0.125867
0.508756
0.732227
0.893397
0.1985
0.669108
0.610538
0.321585
0.450599
0.067028
0.456041
0.395391
0.367734
0.167807
0.169896
0.945009
0.096601
0.378607
0.775073
0.786848
0.120665
0.263521
0.822225
0.076966
0.043887
0.673813
0.975325
0.876137
0.647883
0.118181
0.389144
0.010835
0.634656
0.616237
0.655059
0.851547
0.639436
0.563998
0.396331
0.67561
0.787727
0.471366
0.071358
0.483883
0.694812
0.472836
0.211059
0.326239
0.153505
0.812615
0.673879
0.644419
0.132127
0.934289
0.092477
0.009244
0.127934
0.447441
0.64837
0.800335
0.086048
0.700056
0.839177
0.830785
0.340476
0.133029
0.062722
0.647265
0.832442
0.085132
0.277789
0.908494
0.969288
0.599977
0.705631
0.167721
0.124702
0.548173
0.468444
0.742465
0.587236
0.050846
0.410025
0.154905
0.146528
0.168076
0.235489
0.765529
0.290643
0.669177
0.924405
0.259564
0.913125
0.159304
0.288009
0.725931
0.218115
0.868865
0.668549
0.345543
0.269666
0.925539
0.288283
0.955507
0.619683
0.350664
0.505876
0.499035
0.672116
0.562873
0.373189
0.703961
0.742079
0.895848
0.567794
0.082873
0.784956
0.480796
0.476221
0.519442
0.883228
0.097649
0.909991
0.552769
0.795411
0.501145
0.882231
0.253688
0.741219
0.441324
0.93198
0.54547
0.183008
0.585943
0.013445
0.057517
0.677621
0.486998
0.752452
0.64825
0.610559
0.751055
0.187613
0.302249
0.800432
0.983338
0.895646
0.865134
0.720164
0.036239
0.545581
0.744471
0.627105
0.736695
0.896933
0.746447
0.709862
0.905237
0.102699
0.974512
0.773413
0.065044
0.233831
0.972876
0.959547
0.908195
0.353449
0.838308
0.943491
0.000155
0.85745
0.072994
0.957091
0.46903
0.632027
0.09618
0.133795
0.86771
0.741718
0.207594
0.90186
0.856653
0.412106
0.431873
0.925156
0.936114
0.653464
0.82089
0.104696
0.156712
0.554449
0.134259
0.27417
0.182518
0.541409
0.116336
0.00497
0.657858
0.977587
0.724981
0.49481
0.249856
0.82125
0.014785
0.20318
0.960481
0.087045
0.94348
0.26601
0.989592
0.573793
0.349413
0.093881
0.301693
0.350524
0.448669
0.175222
0.116717
0.820263
0.421472
0.614128
0.024009
0.485924
0.277291
0.482606
0.981612
0.462509
0.547668
0.924465
0.343818
0.445598
0.298359
0.47987
0.019601
0.713
0.355288
0.695529
0.472515
0.567349
0.215452
0.208918
0.688531
0.844561
0.00241
0.298956
0.926493
0.138716
0.414097
0.748901
0.772059
0.468612
0.997406
0.881193
0.726145
0.530531
0.014464
0.824886
0.995582
0.057511
0.542713
0.971162
0.261911
0.979272
0.115961
0.50031
0.181538
0.985084
0.364302
0.981788
0.325056
0.944987
0.307036
0.469089
0.393099
0.35942
0.084583
0.290889
0.005904
0.078513
0.48246
0.582728
0.387902
0.096
0.324873
0.199051
0.500341
0.138126
0.52971
0.692364
0.36713
0.389925
0.202625
0.305182
0.07326
0.841639
0.054726
0.511329
0.367144
0.536295
0.361458
0.867039
0.728975
0.916747
0.08422
0.01102
0.510814
0.379424
0.116265
0.818049
0.647139
0.331525
0.443928
0.096712
0.472416
0.317374
0.442077
0.633369
0.42811
0.424983
0.620445
0.586948
0.911525
0.995714
0.09704
0.067378
0.707995
0.69462
0.763544
0.524799
0.092236
0.162498
0.914652
0.707936
0.050356
0.43979
0.13811
0.013283
0.768866
0.792362
0.791416
0.65885
0.790093
0.695973
0.794899
0.414778
0.242082
0.645616
0.798952
0.353391
0.695637
0.979342
0.79619
0.111095
0.085215
0.219536
0.656825
0.823175
0.78133
0.481042
0.348712
0.914843
0.968808
0.490516
0.40956
0.897872
0.203429
0.189109
0.959725
0.289419
0.015418
0.068693
0.016983
0.769641
0.202361
0.903896
0.584041
0.535045
0.453426
0.216355
0.243586
0.854615
0.986546
0.100488
0.912749
0.642472
0.838416
0.318047
0.67061
0.222038
0.114685
0.740075
0.095139
0.978533
0.755659
0.609737
0.093323
0.501253
0.42531
0.34268
0.405816
0.879934
0.488606
0.468457
0.989504
0.375407
0.781364
0.053519
0.30786
0.605207
0.742023
0.918267
0.107459
0.329306
0.230929
0.063471
0.903768
0.92243
0.985029
0.385684
0.039248
0.851083
0.786706
0.26517
0.557128
0.905221
0.087659
0.135198
0.253317
0.587689
0.578712
0.061007
0.076704
0.91453
0.160512
0.541851
0.24428
0.632553
0.270382
0.958327
0.857936
0.002485
0.512871
0.633471
0.940458
0.398476
0.644934
0.966147
0.73958
0.119816
0.540778
0.556541
0.860331
0.990269
0.520799
0.174236
0.799279
0.024355
0.249111
0.499186
0.634017
0.188132
0.894203
0.120562
0.136192
0.154415
0.756214
0.194184
0.8273
0.489504
0.123051
0.587371
0.930413
0.845119
0.501826
0.144779
0.575494
0.608435
0.145771
0.213196
0.605443
0.935427
0.017663
0.698283
0.481503
0.895545
0.582503
0.402515
0.948442
0.453686
0.598979
0.981811
0.3763
0.721371
0.984217
0.093333
0.445454
0.603998
0.968154
0.760089
0.689624
0.853398
0.715367
0.059758
0.690859
0.958506
0.495087
0.332119
0.71992
0.42664
0.406419
0.709612
0.333939
0.292061
0.629649
0.158859
0.65946
0.969692
0.017224
0.045444
0.211008
0.614869
0.719696
0.844751
0.404564
0.904749
0.77024
0.744757
0.188287
0.395252
0.416735
0.221614
0.928689
0.406006
0.928939
0.621229
0.864945
0.392733
0.980252
0.938282
0.57229
0.534431
0.170631
0.914334
0.276937
0.961495
0.852532
0.921909
0.526571
0.050012
0.552069
0.60118
0.911049
0.574159
0.201392
0.322153
0.179435
0.017636
0.683572
0.204242
0.168232
0.012105
0.338381
0.905986
0.647831
0.526525
0.77839
0.82403
0.596649
0.30235
0.998095
0.368211
0.926109
0.150489
0.665512
0.238394
0.411231
0.884148
0.306292
0.834627
0.998735
0.756377
0.644418
0.320586
0.100203
0.814937
0.97906
0.225054
0.437568
0.059308
0.296664
0.82998
0.169111
0.034055
0.946631
0.798088
0.761416
0.096201
0.066546
0.493092
0.333358
0.008556
0.095527
0.959711
0.722093
0.880758
0.273784
0.772659
0.552181
0.653518
0.028822
0.059081
0.832435
0.864784
0.15198
0.784659
0.863783
0.297317
0.646714
0.471208
0.620397
0.80822
0.967773
0.367534
0.909035
0.162176
0.623862
0.805665
0.867843
0.034682
0.532171
0.519656
0.983808
0.104087
0.585348
0.967843
0.035801
0.422963
0.747616
0.648477
0.100369
0.103195
0.017537
0.592146
0.230519
0.495707
0.529641
0.303233
0.848683
0.146004
0.512144
0.662205
0.344532
0.635513
0.060344
0.156202
0.731754
0.152583
0.43578
0.188165
0.889508
0.774494
0.919654
0.84252
0.96058
0.359731
0.061573
0.374313
0.182703
0.113489
0.476127
0.995478
0.793628
0.813267
0.670351
0.473163
0.436296
0.659723
0.819505
0.631532
0.966943
0.410455
0.534842
0.411954
0.778711
0.004977
0.036208
0.086094
0.03493
0.325555
0.32681
0.647648
0.161951
0.4152
0.155614
0.879348
0.292133
0.849177
0.258305
0.876682
0.782198
0.170438
0.353005
0.662365
0.068223
0.017369
0.675683
0.029245
0.863874
0.786689
0.869842
0.688843
0.287497
0.409593
0.674476
0.990671
0.350761
0.932239
0.590978
0.181535
0.862087
0.692976
0.259078
0.00112
0.432885
0.116117
0.615797
0.358534
0.170827
0.395729
0.963168
0.911038
0.114798
0.877642
0.704168
0.186485
0.867283
0.99604
0.24247
0.302896
0.320141
0.307877
0.831595
0.25002
0.247789
0.042457
0.247432
0.181571
0.882798
0.898077
0.956146
0.464737
0.3756
0.713307
0.227422
0.418612
0.482492
0.118346
0.653379
0.9567
0.436778
0.893709
0.717574
0.718383
0.476456
0.529801
0.359151
0.122377
0.367563
0.905473
0.787228
0.075875
0.155221
0.483349
0.410864
0.551002
0.498381
0.704947
0.585005
0.337729
0.062581
0.762581
0.571086
0.935428
0.601814
0.230928
0.549878
0.797408
0.679086
0.571152
0.203808
0.624192
0.082333
0.223037
0.626743
0.939057
0.943475
0.837565
0.049571
0.933371
0.198695
0.141655
0.438099
0.675273
0.962533
0.707001
0.785884
0.240512
0.378896
0.374274
0.94104
0.733004
0.280206
0.015732
0.653564
0.424867
0.213353
0.537666
0.620276
0.927854
0.809536
0.490567
0.900493
0.58932
0.220147
0.7374
0.456678
0.769519
0.353935
0.380844
0.275049
0.719783
0.418576
0.251195
0.428994
0.817965
0.65106
0.568884
0.085622
0.90502
0.592808
0.491988
0.827326
0.447803
0.751051
0.201828
0.701203
0.935828
0.678596
0.140538
0.016874
0.180068
0.319087
0.339498
0.104765
0.124688
0.058492
0.454104
0.504355
0.56051
0.326347
0.892665
0.749343
0.525915
0.708516
0.282548
0.214374
0.674744
0.199686
0.057455
0.497467
0.490651
0.865158
0.195649
0.848612
0.991662
0.823492
0.358757
0.520271
0.384883
0.878376
0.053284
0.448694
0.835056
0.414184
0.223799
0.683149
0.487928
0.052662
0.01719
0.632655
0.289014
0.373536
0.462709
0.343111
0.113352
0.986319
0.785515
0.130503
0.714724
0.144449
0.940579
0.83138
0.060099
0.374127
0.577948
0.330141
0.762706
0.615358
0.229042
0.531775
0.01783
0.75368
0.180842
0.707777
0.135077
0.217603
0.396173
0.402961
0.413082
0.891402
0.98537
0.809087
0.468853
0.611904
0.939936
0.683289
0.340486
0.057299
0.849367
0.666702
0.34381
0.235396
0.215776
0.561169
0.998925
0.489953
0.299703
0.810777
0.934196
0.629161
0.921795
0.07804
0.339655
0.316858
0.505314
0.956443
0.89173
0.397207
0.570985
0.502742
0.454643
0.841464
0.874218
0.890627
0.857073
0.018942
0.637977
0.559744
0.043216
0.537393
0.963453
0.651048
0.805197
0.577479
0.6335
0.380052
0.387456
0.306223
0.978541
0.491304
0.700125
0.933867
0.610882
0.172386
0.24515
0.977406
0.911908
0.238079
0.661733
0.134569
0.853954
0.916353
0.104227
0.391296
0.533923
0.825639
0.961844
0.769789
0.784147
0.471864
0.76001
0.899914
0.352987
0.687263
0.775988
0.889767
0.513823
0.913813
0.333885
0.68646
0.929155
0.736766
0.506201
0.901229
0.384683
0.40016
0.108523
0.677505
0.001432
0.396075
0.942661
0.846763
0.89306
0.711469
0.844197
0.479972
0.551571
0.914195
0.187015
0.529427
0.690096
0.190119
0.079389
0.615909
0.655103
0.65064
0.379142
0.810291
0.429535
0.581702
0.878096
0.176887
0.894115
0.394521
0.879176
0.097045
0.121734
0.809587
0.726925
0.147938
0.304824
0.907515
0.816359
0.015124
0.006672
0.097796
0.327165
0.736038
0.698358
0.232843
0.986303
0.004764
0.435891
0.289132
0.417308
0.322899
0.967737
0.819618
0.185793
0.91427
0.223578
0.853269
0.053608
0.018655
0.980255
0.299559
0.170919
0.699088
0.46289
0.417991
0.481943
0.420169
0.991209
0.967426
0.219546
0.56002
0.131321
0.500248
0.125008
0.120026
0.586843
0.872906
0.516903
0.864873
0.617121
0.027079
0.418026
0.579523
0.095171
0.066317
0.729381
0.571722
0.348997
0.310808
0.088563
0.065121
0.730274
0.809123
0.653462
0.9888
0.36401
0.679857
0.721283
0.491442
0.183833
0.96374
0.339971
0.782621
0.050509
0.301964
0.981302
0.058076
0.80089
0.394065
0.841117
0.784852
0.862706
0.626087
0.206716
0.138175
0.044868
0.468619
0.396818
0.586549
0.9451
0.470739
0.596943
0.12074
0.865533
0.821243
0.880396
0.550173
0.299544
0.406281
0.669438
0.78529
0.465869
0.410018
0.894744
0.720648
0.881695
0.633194
0.497347
0.603907
0.54594
0.015306
0.463567
0.70706
0.335719
0.32005
0.718355
0.925124
0.9475
0.963216
0.469122
0.258215
0.750688
0.18475
0.007324
0.20424
0.16591
0.013107
0.887143
0.137448
0.855385
0.563679
0.562221
0.557826
0.829401
0.141193
0.227235
0.77866
0.7213
0.964063
0.012122
0.135481
0.912844
0.725424
0.968585
0.826478
0.63278
0.028373
0.47703
0.214617
0.463237
0.700598
0.467062
0.535123
0.645205
0.060784
0.000896
0.333668
0.998679
0.405267
0.814068
0.583721
0.317872
0.687286
0.133756
0.161565
0.998598
0.793035
0.020785
0.372552
0.18218
0.623228
0.720846
0.160486
0.994729
0.522571
0.358639
0.665532
0.800988
0.299354
0.71647
0.538397
0.665351
0.691201
0.899605
0.590936
0.56745
0.748588
0.918358
0.772981
0.272391
0.488558
0.01647
0.797055
0.587509
0.329989
0.811611
0.648937
0.304911
0.962336
0.775543
0.21482
0.310703
0.747131
0.194331
0.936659
0.292975
0.766599
0.889851
0.368566
0.767757
0.947238
0.474662
0.659788
0.315652
0.872768
0.327464
0.481484
0.094913
0.841984
0.459575
0.315096
0.075756
0.497725
0.354206
0.81335
0.596021
0.813675
0.344006
0.885047
0.925461
0.885835
0.166978
0.521065
0.869412
0.765995
0.973871
0.786098
0.204071
0.757232
0.762651
0.254323
0.975851
0.644014
0.13494
0.934297
0.330782
0.640468
0.803781
0.279763
0.194397
0.152951
0.361691
0.274952
0.851079
0.492923
0.729189
0.770084
0.731884
0.730909
0.604125
0.333323
0.181551
0.144558
0.539758
0.831847
0.360608
0.127208
0.454917
0.398002
0.325586
0.503353
0.786958
0.713743
0.329788
0.856087
0.53919
0.96154
0.585567
0.633364
0.665384
0.989453
0.083637
0.46897
0.297571
0.585047
0.194054
0.520502
0.373296
0.854542
0.427352
0.294614
0.836265
0.647841
0.664907
0.628201
0.081914
0.70689
0.89821
0.273693
0.448425
0.33226
0.276438
0.462227
0.878913
0.876208
0.000144
0.577746
0.17748
0.944822
0.395178
0.480794
0.52351
0.228024
0.72515
0.131743
0.610481
0.085509
0.424295
0.209357
0.244371
0.692182
0.101358
0.263561
0.71793
0.812264
0.80153
0.611079
0.642958
0.167927
0.366592
0.773945
0.905589
0.963304
0.918864
0.720704
0.821571
0.611221
0.010605
0.970771
0.694642
0.971033
0.281925
0.020766
0.260538
0.31899
0.002598
0.503748
0.427579
0.198222
0.938538
0.538519
0.846751
0.027848
0.291152
0.160276
0.720148
0.635114
0.240517
0.450945
0.46603
0.851812
0.622776
0.586844
0.076814
0.980795
0.102921
0.02471
0.274585
0.351419
0.059074
0.583121
0.022881
0.910988
0.246935
0.117447
0.131071
0.550495
0.449764
0.33929
0.582568
0.654106
0.710635
0.224925
0.865376
0.149376
0.960813
0.031131
0.853051
0.140405
0.910201
0.338466
0.856187
0.722622
0.994346
0.6511
0.671882
0.170098
0.987772
0.16239
0.19697
0.506182
0.966786
0.869561
0.448302
0.325075
0.018413
0.823532
0.372363
0.947698
0.392312
0.029023
0.366781
0.002717
0.294921
0.010975
0.618941
0.29772
0.455221
0.919245
0.519771
0.311339
0.681445
0.195124
0.296528
0.155063
0.791594
0.346879
0.075512
0.029828
0.623574
0.227023
0.049994
0.307478
0.034942
0.499054
0.125807
0.552932
0.002437
0.681602
0.679313
0.759853
0.019442
0.304689
0.660671
0.007026
0.546766
0.267656
0.537978
0.420429
0.755861
0.62576
0.526599
0.061797
0.714215
0.927944
0.962972
0.050494
0.305799
0.141885
0.786583
0.870171
0.06529
0.83309
0.366651
0.880668
0.568252
0.129097
0.677507
0.479744
0.471467
0.42855
0.178563
0.608937
0.120932
0.770168
0.169568
0.969699
0.502247
0.925763
0.293239
0.128111
0.712003
0.987903
0.829359
0.262231
0.137681
0.211049
0.866508
0.204369
0.916394
0.156373
0.540608
0.460671
0.187815
0.861437
0.220991
0.571854
0.868372
0.037556
0.889145
0.517026
0.109163
0.280768
0.606003
0.469253
0.133081
0.746824
0.392305
0.916257
0.739003
0.99014
0.865147
0.597379
0.105737
0.243505
0.565393
0.471718
0.24214
0.367869
0.388255
0.996126
0.128398
0.382869
0.919818
0.779126
0.398785
0.327121
0.167585
0.733612
0.637656
0.885468
0.00648
0.735276
0.92779
0.880389
0.148439
0.500159
0.800657
0.636034
0.355878
0.008757
0.390655
0.69267
0.892197
0.468885
0.065776
0.843844
0.522715
0.846345
0.532552
0.70912
0.231871
0.993349
0.146695
0.617101
0.61912
0.576546
0.867209
0.215042
0.538524
0.163379
0.595658
0.503948
0.525382
0.985118
0.469627
0.320864
0.608525
0.30862
0.221075
0.465641
0.168472
0.834575
0.4658
0.220712
0.621811
0.229867
0.51736
0.883197
0.543599
0.953949
0.875627
0.53494
0.618437
0.187701
0.339913
0.642152
0.377823
0.490702
0.193445
0.626621
0.213836
0.26073
0.483885
0.952839
0.291065
0.479489
0.510128
0.083713
0.998411
0.017578
0.013499
0.538033
0.54392
0.845462
0.441423
0.274675
0.963818
0.747279
0.406049
0.958942
0.527653
0.159925
0.460543
0.921377
0.060251
0.265627
0.582704
0.379509
0.870306
0.608338
0.509061
0.522625
0.935661
0.184928
0.030291
0.145816
0.754548
0.579398
0.365803
0.473405
0.211189
0.568132
0.264055
0.62613
0.130397
0.536726
0.581497
0.296167
0.346891
0.821285
0.949816
0.6759
0.741062
0.067312
0.32976
0.554438
0.55101
0.029697
0.302414
0.250471
0.756133
0.586441
0.669576
0.479868
0.850791
0.192903
0.639103
0.05747
0.243406
0.255844
0.83896
0.621062
0.969814
0.207682
0.182919
0.714577
0.419256
0.120609
0.641419
0.738988
0.838562
0.253953
0.882866
0.499525
0.795608
0.149647
0.039714
0.434791
0.403877
0.611988
0.973167
0.25442
0.362489
0.157132
0.436724
0.543644
0.469663
0.11478
0.981196
0.736536
0.110223
0.835473
0.21371
0.364152
0.357897
0.216454
0.176243
0.649717
0.246821
0.067566
0.153154
0.327059
0.500106
0.35274
0.947041
0.806818
0.370777
0.940988
0.132924
0.216361
0.577304
0.071512
0.603728
0.366098
0.977193
0.77988
0.78576
0.466459
0.337468
0.22041
0.219018
0.479564
0.881862
0.757471
0.227556
0.009915
0.379412
0.250263
0.73264
0.966457
0.980007
0.848252
0.127226
0.442629
0.797774
0.471738
0.558856
0.73246
0.09007
0.093232
0.336857
0.382514
0.833935
0.489638
0.839358
0.568587
0.30445
0.046344
0.937456
0.098224
0.768104
0.923863
0.923463
0.093262
0.191393
0.910173
0.450664
0.174518
0.209215
0.467824
0.2597
0.65439
0.696553
0.830563
0.122041
0.604526
0.723768
0.139573
0.256316
0.169034
0.151433
0.705124
0.736758
0.142702
0.065343
0.656464
0.424177
0.602365
0.153263
0.875411
0.582945
0.889779
0.970288
0.26117
0.942666
0.403713
0.976128
0.695577
0.364178
0.804901
0.666455
0.115246
0.055134
0.92075
0.64556
0.933748
0.590586
0.126275
0.44223
0.154282
0.283357
0.992463
0.016782
0.459034
0.430972
0.109217
0.271334
0.906595
0.205356
0.141084
0.106281
0.013746
0.950624
0.467106
0.335596
0.904435
0.988158
0.85797
0.849429
0.436785
0.364961
0.063909
0.136666
0.973826
0.296079
0.238404
0.872946
0.053237
0.40703
0.328921
0.143125
0.759977
0.784567
0.132336
0.690545
0.317813
0.183769
0.897322
0.493232
0.766751
0.427188
0.809881
0.331159
0.154897
0.275652
0.032414
0.217035
0.776744
0.204756
0.872764
0.438876
0.778726
0.194431
0.511663
0.469349
0.465804
0.036007
0.361581
0.081871
0.917803
0.560375
0.215529
0.114792
0.91095
0.401842
0.387403
0.918762
0.924111
0.404512
0.31662
0.105212
0.629688
0.015715
0.840733
0.076909
0.911167
0.178186
0.443863
0.697273
0.517214
0.248574
0.246653
0.474539
0.134002
0.078905
0.056742
0.881592
0.794771
0.233511
0.208637
0.056651
0.313511
0.56805
0.884319
0.011952
0.120735
0.068638
0.123485
0.188856
0.200265
0.891682
0.802685
0.094797
0.054903
0.569398
0.542965
0.312896
0.346466
0.978496
0.281376
0.684851
0.433446
0.54069
0.834521
0.278439
0.110726
0.151118
0.387838
0.065877
0.471088
0.223586
0.641016
0.700276
0.538922
0.639789
0.531644
0.052771
0.212339
0.910178
0.103188
0.560382
0.635969
0.770227
0.918483
0.742889
0.125836
0.878306
0.914811
0.255125
0.576796
0.99388
0.442454
0.444182
0.993685
0.947479
0.793082
0.53026
0.006364
0.159237
0.525742
0.675816
0.317769
0.276117
0.010078
0.510842
0.991988
0.33003
0.775306
0.587679
0.736392
0.126504
0.874645
0.605905
0.544379
0.896777
0.03204
0.576422
0.624632
0.248822
0.175069
0.174558
0.669588
0.676059
0.257519
0.739522
0.215967
0.421815
0.662298
0.069538
0.097119
0.897512
0.726877
0.401646
0.335899
0.407889
0.509472