256 4
0
29
84
125
181
1
13
62
200
247
2
52
122
161
170
3
18
85
169
255
4
37
40
216
223
5
44
65
74
144
6
25
38
188
212
7
125
217
224
240
8
40
87
114
153
9
113
114
135
199
10
44
62
146
179
11
14
18
27
111
12
63
88
109
213
13
94
121
177
241
14
51
69
160
200
15
63
153
184
192
16
28
203
222
225
17
75
82
121
182
18
21
121
130
187
17
19
91
189
191
16
20
83
115
126
21
87
162
211
215
22
47
92
98
123
23
137
140
169
228
20
24
83
175
176
25
63
171
203
232
26
28
136
150
204
23
27
141
176
178
28
86
237
243
253
29
45
67
106
205
27
30
120
170
183
1
31
132
153
169
32
90
94
195
248
33
35
96
147
171
11
34
39
70
148
7
35
43
102
177
36
42
68
216
245
11
37
49
111
221
38
63
73
144
148
39
109
164
188
225
6
40
51
80
174
41
81
95
201
252
31
42
47
139
176
30
34
43
87
221
21
44
85
117
146
45
112
159
190
233
42
46
101
156
251
7
17
47
193
220
48
87
164
168
212
49
82
138
209
255
6
12
50
146
153
51
76
101
193
248
29
52
193
216
254
53
104
158
180
252
54
87
175
222
250
55
106
120
154
180
56
101
115
157
217
12
48
57
89
167
43
58
176
231
237
59
81
96
206
238
5
60
73
152
183
45
61
88
154
166
19
28
62
65
124
6
45
63
192
195
53
60
64
107
185
65
79
125
158
169
4
16
66
165
197
35
67
73
144
252
10
12
63
68
168
21
23
69
105
170
51
70
111
145
244
1
71
173
174
247
72
77
147
214
251
8
68
73
151
220
33
74
163
185
195
12
43
65
75
227
76
102
113
167
199
45
59
77
107
217
13
48
60
78
223
21
67
69
79
142
0
46
47
80
245
69
74
81
200
241
7
82
106
133
206
25
66
83
139
224
4
84
100
168
198
19
24
85
91
249
50
86
105
140
212
78
87
157
192
213
1
65
88
164
227
19
89
91
100
240
13
62
90
150
182
91
100
146
152
251
17
92
118
198
203
93
105
131
138
217
94
152
190
235
247
95
113
163
228
245
46
85
96
165
167
63
81
97
127
143
44
69
98
109
187
57
92
99
175
207
3
100
132
152
253
48
67
101
122
254
102
151
217
229
241
20
63
91
103
115
63
71
104
197
222
67
105
121
138
172
77
90
106
155
245
44
107
141
145
237
108
118
155
202
246
12
37
109
159
208
110
114
143
175
249
66
111
151
188
199
51
66
112
114
212
113
204
209
210
238
73
103
114
172
233
79
100
115
169
183
28
84
116
221
247
11
90
117
201
229
84
110
118
136
150
11
33
43
119
241
39
94
120
124
241
15
41
121
218
246
10
37
48
122
235
58
123
128
148
206
6
39
97
114
124
111
125
132
224
238
5
26
122
124
126
85
127
145
166
254
45
105
120
128
183
3
129
136
203
237
28
122
130
159
205
80
89
115
131
175
52
76
132
181
246
64
127
133
185
208
30
31
134
198
217
7
38
98
135
222
103
117
136
226
232
29
87
136
137
142
61
138
143
198
250
33
56
73
139
249
38
114
140
201
248
10
29
86
96
141
39
132
142
175
199
9
33
45
143
254
70
84
143
144
226
3
12
145
243
245
116
146
149
161
174
145
147
152
182
232
114
126
129
148
220
88
111
149
207
220
7
150
151
206
244
110
133
151
183
223
14
23
42
119
152
3
89
153
174
195
57
152
154
178
237
155
194
236
240
246
37
43
156
164
221
24
109
133
145
157
48
87
143
158
212
26
91
159
185
201
3
102
151
160
169
42
78
120
161
164
12
108
162
200
251
7
140
163
190
204
6
107
164
211
234
51
67
165
191
242
94
121
153
166
220
55
120
167
242
250
33
74
168
186
204
48
110
169
176
237
129
170
175
244
252
83
110
116
171
217
156
167
172
202
208
12
57
61
173
204
22
150
165
174
224
6
119
175
181
243
27
101
176
208
233
25
77
84
102
177
18
163
177
178
244
19
53
91
179
197
11
59
144
177
180
55
181
215
222
247
53
83
182
185
253
6
71
183
250
252
90
164
171
182
184
13
155
160
185
223
23
49
186
207
252
26
97
118
149
187
19
35
83
131
188
40
76
94
177
189
8
30
40
82
190
0
41
59
191
213
33
60
63
192
229
123
160
193
239
249
106
153
155
194
212
79
102
195
230
254
97
196
197
220
250
52
77
146
197
207
26
131
198
220
222
54
130
170
199
253
30
127
160
200
227
20
22
42
88
201
13
64
69
114
202
102
133
142
203
255
14
89
148
204
221
38
86
185
205
248
25
68
206
220
251
48
73
81
199
207
108
131
136
169
208
44
73
209
213
254
89
100
127
187
210
43
64
174
181
211
100
141
163
212
244
48
67
157
213
236
7
29
45
189
214
52
198
215
227
248
10
74
181
207
216
5
40
61
142
217
43
56
70
158
218
22
89
122
219
234
198
220
232
244
253
153
187
202
221
248
4
171
172
174
222
49
78
139
166
223
50
121
128
201
224
42
47
179
204
225
106
152
187
226
239
16
65
227
229
255
0
131
167
228
232
49
133
221
229
231
56
66
187
195
230
72
175
231
239
249
28
40
65
121
232
88
114
150
233
235
12
150
167
182
234
34
109
146
186
235
18
54
101
185
236
174
187
188
237
245
36
156
225
231
238
4
55
61
105
239
29
35
98
178
240
43
152
186
193
241
77
81
137
242
255
8
83
134
243
254
14
87
149
150
244
72
77
212
240
245
81
116
175
180
246
75
104
224
247
254
121
124
203
239
248
76
96
108
112
249
5
103
142
143
250
37
71
105
113
251
81
94
131
157
252
104
164
183
230
253
194
198
212
234
254
16
40
111
198
255
0.220798
0.925256
0.642596
0.167619
0.742782
0.818563
0.458693
0.536762
0.495759
0.48599
0.551277
0.121303
0.933481
0.195787
0.890914
0.313957
0.089649
0.165564
0.493388
0.200568
0.659404
0.823634
0.778472
0.37275
0.454436
0.196589
0.712595
0.549719
0.328223
0.866149
0.891536
0.11866
0.45211
0.768617
0.152471
0.72138
0.817488
0.646775
0.123856
0.108548
0.019598
0.285381
0.557005
0.437631
0.591548
0.360714
0.763178
0.386107
0.360897
0.776579
0.395459
0.743496
0.275254
0.671433
0.927995
0.113655
0.403677
0.477935
0.369423
0.065643
0.413149
0.890392
0.811718
0.05913
0.483488
0.867354
0.561653
0.160152
0.796937
0.716484
0.012449
0.090657
0.18491
0.38087
0.278415
0.422719
0.082285
0.036077
0.969719
0.414877
0.618831
0.470546
0.938267
0.102347
0.667282
0.183348
0.592089
0.569043
0.072696
0.845741
0.765233
0.893738
0.691724
0.274307
0.219315
0.806293
0.218339
0.675192
0.500879
0.603734
0.442448
0.551822
0.444903
0.339388
0.433154
0.196635
0.881412
0.540609
0.776072
0.657531
0.537116
0.611465
0.699707
0.081457
0.221181
0.266792
0.660849
0.232506
0.273421
0.87999
0.858451
0.978914
0.533027
0.059165
0.406677
0.042585
0.209503
0.949631
0.388875
0.644137
0.108673
0.181704
0.913705
0.548058
0.282845
0.626497
0.10062
0.785134
0.082579
0.576093
0.428001
0.999456
0.516431
0.842072
0.962212
0.604835
0.133666
0.200413
0.698527
0.518725
0.336269
0.0965
0.577339
0.67296
0.151637
0.761223
0.537731
0.878364
0.192674
0.318862
0.516649
0.59444
0.441927
0.928895
0.233071
0.085848
0.743126
0.096848
0.548821
0.587495
0.710438
0.962784
0.921467
0.645094
0.668394
0.899457
0.329471
0.924999
0.303239
0.90206
0.369575
0.399313
0.13406
0.046448
0.475789
0.760032
0.834177
0.088499
0.001356
0.091392
0.137866
0.75874
0.271366
0.407886
0.186575
0.713365
0.023851
0.61501
0.068636
0.715633
0.941048
0.215344
0.70415
0.422625
0.737197
0.96282
0.333462
0.71613
0.912256
0.397154
0.775975
0.650604
0.948
0.977341
0.102585
0.550785
0.112946
0.025527
0.543403
0.516253
0.975755
0.483846
0.459194
0.556127
0.427315
0.028788
0.336892
0.045769
0.915766
0.578065
0.287505
0.441621
0.090523
0.191396
0.249488
0.192006
0.603638
0.345429
0.648319
0.780247
0.554696
0.644916
0.94643
0.649217
0.818909
0.831179
0.201661
0.60083
0.050948
0.651865
0.646929
0.173305
0.717305
0.137452
0.630732
0.79422
0.764717
0.694567
0.898162
0.622578
0.108101
0.955271
0.794182
0.17047
0.66146
0.99443
0.601598
0.464449
0.030488
0.176203
0.185356
0.941613
0.419401
0.91263
0.06478
0.912821
0.186137
0.575646
0.606233
0.111023
0.372562
0.991338
0.375476
0.832706
0.409649
0.635467
0.044275
0.213976
0.79225
0.180258
0.461339
0.226414
0.363539
0.945684
0.249668
0.443318
0.186193
0.328232
0.318343
0.888429
0.856542
0.379766
0.752099
0.89886
0.182776
0.089798
0.302302
0.096902
0.605292
0.567698
0.111856
0.373948
0.851484
0.924848
0.903991
0.510321
0.410175
0.027197
0.517748
0.513309
0.644677
0.105034
0.751401
0.291356
0.098614
0.882073
0.013431
0.131793
0.107666
0.088371
0.270154
0.304519
0.84886
0.828359
0.563814
0.455819
0.411547
0.290252
0.011887
0.63572
0.19319
0.179453
0.633739
0.115628
0.642275
0.857631
0.111601
0.240236
0.362842
0.691241
0.154327
0.138369
0.823265
0.819067
0.885529
0.78142
0.46912
0.772599
0.855757
0.179307
0.240832
0.592798
0.586582
0.460842
0.644109
0.23065
0.334929
0.960561
0.965268
0.822508
0.699689
0.479393
0.848085
0.661145
0.127409
0.053478
0.31148
0.154521
0.516164
0.31149
0.538282
0.005629
0.087182
0.324256
0.552885
0.406554
0.869258
0.454788
0.130198
0.926774
0.395139
0.333458
0.981831
0.62928
0.645468
0.235761
0.063046
0.236866
0.602659
0.204822
0.358288
0.28559
0.840161
0.570213
0.002318
0.085502
0.983072
0.096542
0.153513
0.913494
0.142313
0.486694
0.028427
0.502764
0.784921
0.331961
0.887308
0.722473
0.250133
0.648105
0.975155
0.199786
0.203357
0.753182
0.749165
0.40804
0.808095
0.169021
0.448892
0.433274
0.022424
0.829403
0.195934
0.360058
0.22344
0.217791
0.21672
0.086746
0.012782
0.506449
0.930061
0.587508
0.781293
0.27094
0.930714
0.456199
0.535389
0.390664
0.480604
0.196741
0.351802
0.939451
0.372241
0.990506
0.767834
0.902912
0.969329
0.353194
0.994513
0.824276
0.632761
0.429101
0.512666
0.846639
0.055514
0.325309
0.36179
0.883746
0.907443
0.19037
0.293801
0.228422
0.032345
0.533074
0.660036
0.163249
0.100778
0.180939
0.136594
0.744608
0.247283
0.901787
0.016058
0.944814
0.549359
0.760679
0.966458
0.507175
0.257851
0.528587
0.583344
0.777801
0.945552
0.769449
0.85894
0.817759
0.726793
0.264055
0.217737
0.473204
0.287957
0.927099
0.581559
0.978729
0.112974
0.663078
0.862443
0.362456
0.304203
0.671278
0.203967
0.838686
0.632461
0.151431
0.655268
0.670705
0.929231
0.977339
0.904595
0.07163
0.462325
0.062928
0.043812
0.105585
0.300219
0.779075
0.360675
0.238222
0.446494
0.040981
0.777848
0.508458
0.290098
0.931655
0.18056
0.544384
0.060614
0.606825
0.720533
0.262327
0.256942
0.292856
0.621691
0.311869
0.921164
0.671409
0.159954
0.149559
0.056799
0.053684
0.106162
0.179758
0.376679
0.281716
0.607053
0.083477
0.882446
0.15939
0.125499
0.131048
0.463287
0.006784
0.088518
0.281188
0.132995
0.58204
0.063149
0.885681
0.165965
0.840617
0.832328
0.4173
0.563533
0.927212
0.47877
0.701314
0.537298
0.299018
0.481031
0.358914
0.046885
0.162339
0.535203
0.980268
0.932246
0.733323
0.801578
0.887938
0.89302
0.719084
0.890783
0.611352
0.794115
0.016228
0.765867
0.360733
0.474402
0.50798
0.14415
0.151772
0.279344
0.299818
0.230223
0.769125
0.501321
0.071117
0.293753
0.533782
0.936043
0.648499
0.50645
0.160035
0.080168
0.338298
0.340539
0.129379
0.076728
0.596854
0.152299
0.290462
0.218835
0.714683
0.993597
0.942809
0.594071
0.256083
0.604215
0.869843
0.653481
0.511286
0.284413
0.869034
0.466554
0.859532
0.5016
0.759748
0.791079
0.284349
0.144222
0.585172
0.954623
0.891373
0.8878
0.375801
0.145647
0.226816
0.027022
0.015244
0.257639
0.529056
0.744196
0.21075
0.193366
0.748752
0.685112
0.001713
0.202142
0.864185
0.244528
0.807044
0.25156
0.174133
0.249349
0.023326
0.024796
0.767142
0.920492
0.717901
0.939583
0.298574
0.095996
0.079916
0.92805
0.65809
0.47961
0.034185
0.715534
0.903985
0.879831
0.630014
0.790054
0.945191
0.310828
0.787914
0.934856
0.399459
0.44447
0.035986
0.886457
0.264518
0.144373
0.026936
0.598336
0.585114
0.41408
0.559493
0.719017
0.460679
0.430841
0.409418
0.407642
0.447091
0.562639
0.448637
0.677284
0.540851
0.304183
0.149549
0.721472
0.592603
0.203066
0.032253
0.953107
0.724592
0.917735
0.288589
0.345915
0.639817
0.179231
0.192689
0.306404
0.381165
0.122598
0.244409
0.354595
0.964882
0.826139
0.802753
0.188794
0.269482
0.624221
0.452503
0.247271
0.909348
0.813758
0.808068
0.723437
0.655351
0.430207
0.681369
0.689811
0.420074
0.541726
0.383583
0.727558
0.041534
0.879687
0.815513
0.828882
0.243837
0.551196
0.280073
0.462555
0.362701
0.410678
0.338834
0.339886
0.823458
0.996297
0.033883
0.958875
0.38596
0.342302
0.449828
0.359594
0.708121
0.351377
0.840231
0.456166
0.855289
0.711865
0.307747
0.595378
0.905439
0.606356
0.534783
0.935658
0.989696
0.232018
0.789862
0.40361
0.190575
0.061204
0.93822
0.212671
0.142917
0.164605
0.989174
0.675837
0.823155
0.452963
0.42962
0.172313
0.979565
0.877532
0.960302
0.542809
0.932424
0.37212
0.88727
0.700545
0.235641
0.475771
0.801322
0.116686
0.88295
0.040079
0.826174
0.899203
0.208286
0.978874
0.257723
0.140658
0.484539
0.220214
0.399298
0.327019
0.027118
0.64711
0.062956
0.463437
0.248907
0.200953
0.650339
0.239493
0.077609
0.319074
0.102767
0.41789
0.846309
0.988936
0.441049
0.927711
0.027038
0.856855
0.977376
0.291556
0.349874
0.494402
0.016796
0.45646
0.83911
0.658226
0.744661
0.131935
0.407566
0.019653
0.328625
0.951101
0.664965
0.022755
0.442377
0.204104
0.210801
0.419848
0.389755
0.360047
0.356209
0.279292
0.198154
0.372772
0.319716
0.288776
0.670454
0.582683
0.257625
0.645378
0.033939
0.758278
0.541589
0.375315
0.099863
0.519433
0.825449
0.917191
0.073281
0.274476
0.784926
0.839777
0.371477
0.44632
0.410594
0.421135
0.608014
0.632791
0.442951
0.759718
0.449611
0.554405
0.37621
0.861264
0.821094
0.542699
0.429056
0.447622
0.657756
0.499982
0.197757
0.033508
0.658766
0.691958
0.582398
0.282387
0.131944
0.895486
0.695324
0.903516
0.63335
0.402441
0.557434
0.206788
0.905377
0.107433
0.314862
0.359038
0.927211
0.896192
0.653811
0.470362
0.812387
0.446499
0.004345
0.740939
0.459968
0.028589
0.091139
0.455733
0.036285
0.195139
0.879908
0.607089
0.185679
0.069548
0.880072
0.932051
0.429068
0.074449
0.591489
0.694138
0.256899
0.638299
0.004949
0.999733
0.119424
0.948252
0.203387
0.090185
0.237661
0.095141
0.475801
0.132272
0.155629
0.456694
0.180321
0.557859
0.960935
0.736943
0.623259
0.126511
0.562283
0.458371
0.434621
0.858527
0.342741
0.434767
0.827866
0.524717
0.641287
0.540667
0.913681
0.500577
0.922916
0.619431
0.074849
0.223253
0.581871
0.419523
0.085729
0.11348
0.368321
0.333088
0.252332
0.611575
0.211209
0.52894
0.5164
0.796838
0.120415
0.886186
0.304662
0.772381
0.405888
0.13597
0.377357
0.864522
0.065931
0.90794
0.758803
0.933338
0.396276
0.551501
0.979485
0.363309
0.716093
0.407203
0.353065
0.366065
0.86533
0.153619
0.214286
0.242705
0.612768
0.038996
0.644692
0.278975
0.476022
0.035609
0.37952
0.847405
0.871879
0.833206
0.213058
0.416922
0.313131
0.060047
0.596319
0.460592
0.448569
0.304598
0.263704
0.675785
0.312088
0.763584
0.145514
0.499235
0.769822
0.574584
0.463096
0.730568
0.105039
0.772648
0.839919
0.81299
0.006019
0.568071
0.81519
0.657424
0.509148
0.493773
0.021471
0.963566
0.76879
0.782022
0.098601
0.580924
0.533838
0.485518
0.574905
0.211415
0.6061
0.410149
0.15593
0.642288
0.643156
0.419375
0.487761
0.78214
0.866149
0.527824
0.088763
0.958199
0.240404
0.667655
0.117947
0.899316
0.954461
0.85568
0.136481
0.013837
0.21322
0.618332
0.331833
0.334655
0.132354
0.131728
0.266989
0.642431
0.625481
0.045959
0.628267
0.231204
0.12838
0.909113
0.980109
0.628687
0.257689
0.3398
0.033159
0.279619
0.311154
0.265197
0.596526
0.797933
0.649847
0.466643
0.486909
0.809616
0.416964
0.153905
0.722164
0.843754
0.542075
0.669691
0.080382
0.911299
0.176604
0.688519
0.398477
0.815317
0.002528
0.008498
0.499328
0.309386
0.960977
0.150149
0.498939
0.816515
0.392143
0.470203
0.25757
0.099605
0.50319
0.96675
0.969422
0.606305
0.458342
0.498273
0.25983
0.248638
0.564515
0.076728
0.63089
0.478466
0.213335
0.388798
0.213141
0.837565
0.615976
0.468989
0.638068
0.819165
0.011921
0.462202
0.384483
0.402725
0.888916
0.823544
0.973979
0.714262
0.075291
0.142601
0.259157
0.69554
0.020565
0.930473
0.733555
0.07423
0.104723
0.27046
0.927161
0.690748
0.711605
0.887516
0.340639
0.388099
0.414768
0.15176
0.356497
0.764
0.070607
0.70089
0.800601
0.98184
0.583146
0.444716
0.274037
0.85916
0.502049
0.763562
0.610093
0.762721
0.072818
0.11902
0.096251
0.133585
0.187243
0.889767
0.297005
0.94834
0.695821
0.856429
0.265739
0.735524
0.1709
0.985735
0.813336
0.646623
0.119778
0.649909
0.463472
0.402927
0.802874
0.883967
0.69275
0.253099
0.362003
0.811974
0.672378
0.907501
0.636987
0.071611
0.718256
0.773209
0.482978
0.005958
0.34422
0.839187
0.463672
0.721966
0.668499
0.074687
0.954478
0.616196
0.474926
0.346968
0.004699
0.931663
0.109601
0.773776
0.737779
0.010406
0.189418
0.017767
0.606997
0.869238
0.815607
0.162211
0.559417
0.207258
0.165944
0.145104
0.050038
0.07267
0.43813
0.68071
0.987843
0.392331
0.484455
0.166571
0.288743
0.931925
0.365597
0.053311
0.982696
0.276364
0.465333
0.271006
0.102603
0.339728
0.168853
0.298332
0.221169
0.656083
0.652422
0.311504
0.384022
0.655439
0.497299
0.394222
0.350319
0.935957
0.120079
0.64438
0.118686
0.123199
0.689025
0.909812
0.651911
0.941006
0.692284
0.326037
0.186555
0.130393
0.613603
0.113556
0.162524
0.448254
0.52633
0.552838
0.977423
0.204006
0.641769
0.829322
0.392426
0.236186
0.535563
0.153728
0.973597
0.309446
0.397268
0.836972
0.505572
0.103038
0.496484
0.485904
0.567351
0.587254
0.961698
0.06164
0.979071
0.517249
0.469145
0.039385
0.307461
0.120224
0.431679
0.229327
0.917674
0.636768
0.06379
0.218446
0.928627
0.495837
0.698272
0.679118
0.68931
0.890575
0.158106
0.699129
0.015794
0.858392
0.266613
0.362369
0.356845
0.53488
0.437757
0.128834
0.931468
0.611424
0.416955
0.107261
0.750514
0.412419
0.895643
0.484508
0.258216
0.357877
0.587074
0.423872
0.848625
0.650941
0.896828
0.720205
0.983173
0.194708
0.9844
0.805794
0.115775
0.126708
0.908213
0.463228
0.533063
0.016708
0.083585
0.750012
0.019076
0.767038
0.228327
0.925656
0.835706
0.389174
0.246933
0.949565
0.001191
0.915214
0.211297
0.817679
0.468276
0.212092
0.404788
0.710503
0.722369
0.430189
0.512471
0.061219
0.962346
0.350226
0.400222
0.881901
0.178538
0.474514
0.618609
0.828546
0.713491
0.847146
0.616269
0.822761
0.373192
0.027242
0.237496
0.918563
0.501052
0.13691
0.691393
0.920505
0.372511
0.282582
0.635655
0.894425
0.784151
0.467861
0.494778
0.780282
0.417489
0.909929
0.902133
0.812008
0.737704
0.472765
0.673458
0.427748
0.823146
0.497436
0.955918
0.908251
0.509055
0.910218
0.970249
0.981841
0.197268
0.517496
0.100286
0.459771
0.920943
0.277356
0.608556
0.688155
0.765754
0.468759
0.889481
0.02958
0.963866
0.118412
0.495571
0.255914
0.450999
0.065867
0.37463
0.68861
0.262782
0.220101
0.418558
0.01783
0.025966
0.817845
0.899922
0.796052
0.59064
0.723423
0.273011
0.624685
0.800678
0.790654
0.354022
0.973359
0.606685
0.036783
0.896312
0.024046
0.229596
0.473525
0.846813
0.707616
0.332691
0.397927
0.286242
0.417952
0.3714
0.052171
0.679994
0.682495
0.986521
0.109198
0.190334
0.813319
0.933611
0.925613
0.570703
0.102982
0.280086
0.967997
0.029343
0.706106
0.881208
0.169804
0.932321
0.824032
0.398708
0.757144
0.619197
0.379064
0.145762
0.64493
0.765027
0.407106
0.520064
0.685387
0.549634
0.849401
0.387186
0.989969
0.115168
0.130695
0.315823
0.164715
0.428873
0.340619
0.769112
0.324145
0.423369
0.03605
0.860842
0.387831
0.489681
0.908711
0.53465
0.10258
0.24342
0.800889
0.437685
0.677882
0.628111
0.2359
0.194497
0.17933
0.878118
0.091539
0.764181
0.323425
0.176962
0.122348
0.878643
0.182488
0.500054
0.144233
0.842942
0.478482
0.358511
0.716695
0.952077
0.915956
0.572242
0.309795
0.788938
0.26954
0.560366
0.991017
0.904754
0.671615
0.534871
0.9973
0.584278
0.19243
0.845506
0.573061
0.631866
0.423541
0.355283
0.569181
0.194691
0.69055
0.598112
0.05092
0.825082
0.2041
0.579399
0.718445
0.129814
0.426981
0.504599
0.177929
0.50732
0.227854
0.970344
0.280348
0.231753
0.313278
0.461549
0.340522
0.604525
0.576307
0.530513
0.978876
0.120692
0.793895
0.980352
0.758848
0.178551
0.459546
0.891892
0.293274
0.717352
0.644385
0.363887
0.053737
0.748069
0.617761
0.162081
0.521245
0.879145
0.324048
0.351408
0.664896
0.822022
0.747327
0.940494
0.360856
0.312888
0.025125
0.287819
0.84514
0.136158
0.13095
0.645311
0.697569
0.753788
0.116489
0.647306
0.511044
0.49897
0.731752
0.776754
0.795272
0.05805
0.097973
0.964905
0.783154
0.695035
0.16654
0.264587
0.332704
0.330313
0.86352
0.786641
0.886889
0.193621
0.682964
0.03172
0.634162
0.793876
0.397068
0.778008
0.800927
0.905739
0.909375
0.283521
0.605894
0.546505
0.907427
0.701902
0.324116
0.384246
0.780747
0.761211
0.314034
0.266552
0.633779
0.666599
0.084945
0.668064
0.304456
0.062807
0.097404
0.605456
0.738078
0.281806
0.145334
0.722247
0.174612
0.338842
0.23042
0.26215
0.462507
0.673677
0.753116
0.969788
0.820013
0.049282
0.879355
0.115271
0.815942
0.124692
0.563065
0.356099
0.554856
0.033686
0.521486
0.608531
0.046994
0.247188
0.242768
0.399741
0.146675
0.287737
0.271807
0.692704
0.784386
0.921505
0.827894
0.911439
0.355486
0.781795
0.762666
0.462611
0.141084
0.720979
0.989716
0.67531
0.884529
0.23921
0.836441
0.925857
0.677031
0.712254
0.065427
0.884465
0.271242
0.988455
0.332573
0.772657
0.290982
0.119544
0.983667
0.443951
0.363358
0.317911
0.059398
0.687433
0.956834
0.602545
0.150571
0.523099
0.160736
0.157371
0.242047
0.432077
0.314681
0.169823
0.251073
0.221219
0.006549
0.457719
0.611578
0.611005
0.954476
0.745025
0.325482
0.602442
0.207898
0.941851
0.515713
0.784612
0.903664
0.398066
0.02845
0.157284
0.4678
0.363912
0.320292
0.539006
0.852572
0.228226
0.775518
0.697143
0.505266
0.616157
0.198521
0.496822
0.279493
0.39642
0.845643
0.280913
0.211197
0.152127
0.256567
0.209557
0.466673
0.172674
0.701831
0.710869
0.225969
0.859491
0.786486
0.570887
0.158994
0.138322
0.749137
0.170027
0.365631
0.698662
0.257719
0.410795
0.290563
0.569965
0.081945
0.424013
0.809026
0.210981
0.865215
0.721735
0.37828
0.457789
0.456985
0.00318
0.603408
0.351196
0.74707
0.78783
0.853303
0.843515
0.171498
0.022295
0.505182
0.723375
0.131391
0.026777
0.40436
0.54283
0.078266
0.300968
0.048154
0.349591
0.985815
0.718133
0.639995
0.173511
0.330362
0.94916
0.308567
0.146554
0.347647
0.554324
0.934675
0.531826
0.361656
0.077272
0.595572
0.296669
0.590814
0.529286
0.282929
0.122662
0.403053
0.883366
0.375645
0.979689
0.866193
0.894168
0.781451
0.310294
0.263829
0.294028
0.304905
0.096727
0.518244
0.229525
0.484363
0.742221
0.585878
0.681104
0.067051
0.094467
0.344291
0.503347
0.61165
0.118274
0.573552
0.864104
0.170412
0.409772
0.744733
0.108005
0.516514
0.205631
0.450329
0.18144
0.083316
0.935566
0.060917
0.077328
0.883352
0.494822
0.482022
0.444547
0.485862
0.323292
0.85453
0.487281
0.54097
0.973603
0.800412
0.885556
0.184061
0.871757
0.706561
0.886997
0.113374
0.767149
0.866556
0.455349
0.700869
0.382026
0.55893
0.761024
0.721712
0.470314
0.254055
0.087845
0.15742
0.786253
0.016269
0.338663
0.20784
0.608725
0.112881
0.711912
0.587589
0.463872
0.609881
0.851914
0.189148
0.004289
0.740094
0.06205
0.447923
0.658901
0.438679
0.714785
0.070538
0.590561
0.9038
0.909914
0.736755
0.235034
0.961146
0.247552
0.957838
0.163648
0.421726
0.094909
0.746055
0.327199
0.510415
0.059602
0.961731
0.847488
0.759409
0.594564
0.434292
0.878399
0.311671
0.067167
0.855091
0.41534
0.277379
0.924641
0.694433
0.584955
0.601379
0.616322
0.916526
0.446712
0.723629
0.073078
0.653179
0.624522
0.89278
0.249656
0.180229
0.475968
0.896482
0.710138
0.49913
0.614021
0.098968
0.770352
0.993341
0.232853
0.693012
0.438733
0.66524
0.762477
0.029074
0.623549
0.66583
0.778011
0.366965
0.296777
0.783009
0.276008
0.801214
0.411081
0.845778
0.462989
0.849939
0.902169
0.997733
0.352409
0.195154
0.184659
0.414379
0.831972
0.866707
0.614624
0.453311
0.878061
0.043732
0.389242
0.866336
0.138333
0.659077
0.510482
0.10221
0.623379
0.706831
0.220238
0.166774
0.954111
0.615926
0.028721
0.093084
0.372473
0.01363
0.91804
0.307253
0.781675
0.399489
0.080299
0.263235
0.034318
0.079638
0.677253
0.023107
0.764021
0.564725
0.803791
0.844101
0.685886
0.285744
0.165961
0.908962
0.51936
0.119124
0.927504
0.295811
0.993868
0.633838
0.763677
0.553137
0.7476
0.759683
0.66103
0.661883
0.835847
0.905468
0.499976
0.97904
0.497991
0.907041
0.750414
0.935736
0.016581
0.137798
0.315906
0.25762
0.960879
0.760604
0.230222
0.433374
0.847081
0.884967
0.720808
0.445597
0.014826
0.079305
0.166718
0.632706
0.666251
0.780196
0.200967
0.157074
0.798117
0.587108
0.754347
0.67013
0.240969
0.228004
0.676394
0.759128
0.424272
0.337225
0.153534
0.037048
0.628535
0.523832
0.285708
0.536534
0.398912
0.410946
0.742656
0.577861
0.232887
0.568581
0.074944
0.267561
0.969384
0.582898
0.548582
0.598928
0.788751
0.773682
0.142462
0.152985
0.740523
0.348707
0.940912
0.739128
0.378927
0.739462
0.789599
0.414557
0.523512
0.810842
0.285137
0.688104
0.996762
0.07212
0.770383
0.26941
0.372526
0.419118
0.552934
0.538545
0.452839
0.249688
0.553679
0.304664
0.710251
0.781911
0.756598
0.556244
0.652286
0.610761
0.610048
0.182216
0.10102
0.676017
0.286319
0.698951
0.771981
0.452591
0.60299
0.357249
0.822764
0.4561
0.513941
0.7535
0.105813
0.077291
0.745678
0.20201
0.927321
0.027745
0.848522
0.612831
0.183522
0.398209
0.713502
0.011376
0.810238
0.536995
0.379432
0.18015
0.728143
0.428606
0.390363
0.838635
0.915222
0.003432
0.144775
0.71308
0.728451
0.915056
0.77582
0.603664
0.869603
0.514919
0.512696
0.6231
0.2567
0.684465
0.847966
0.977096
0.831812
0.997622
0.226381
0.076085
0.8521
0.756163
0.486819
0.945282
0.922677
0.317358
0.619685
0.372912
0.42685
0.543108
0.020861
0.932974
0.218842
0.541753
0.395851
0.674357
0.768067
0.261688
0.431666
0.348137
0.915443
0.223832
0.274723
0.695748
0.567507
0.682959
0.808609
0.612097
0.523131
0.077065
0.766478
0.353343
0.531075
0.991206
0.201276
0.853471
0.977864
0.613451
0.396038
0.02823
0.623252
0.586658
0.287676
0.78197
0.077968
0.352837
0.313803
0.699239
0.453535
0.695156
0.131789
0.631725
0.467111
0.013892
0.271547
0.820942
0.375065
0.681971
0.019051
0.433129
0.252414
0.61616
0.081503
0.134618
0.11116
0.911207
0.029548
0.937531
0.599173
0.273384
0.218066
0.753901
0.447869
0.403414
0.885066
0.756918
0.279378
0.440804
0.665457
0.349272
0.130173
0.714953
0.361893
0.358287
0.34905
0.686559
0.520962
0.57474
0.571904
0.982033
0.460457
0.022823
0.288244
0.885475
0.482223
0.021283
0.441141
0.238947
0.731988
0.032431
0.258043
0.514217
0.809144
0.843363
0.073999
0.90317
0.862949
0.890923
0.057618
0.153112
0.138373
0.424238
0.005876
0.756284
0.490808
0.470255
0.247314
0.002527
0.936343
0.767646
0.183638
0.202633
0.691615
0.254873
0.039594
0.866502
0.975492
0.012023
0.702675
0.302459
0.406911
0.817643
0.119857
0.339745
0.71689
0.198258
0.185675
0.889232
0.510709
0.131469
0.166997
0.874844
0.408502
0.685146
0.913106
0.983607
0.403904
0.614136
0.59948
0.315097
0.471389
0.626011
0.560305
0.494858
0.290184
0.881833
0.364998
0.535877
0.810828
0.033814
0.330302
0.2367
0.119554
0.720716
0.457365
0.081827
0.617443
0.236202
0.341194
0.32271
0.241963
0.339053
0.050291
0.907282
0.964053
0.177749
0.510129
0.20985
0.264063
0.158848
0.522809
0.769405
0.163801
0.113743
0.622485
0.450556
0.461946
0.742694
0.382455
0.240495
0.313944
0.962824
0.325791
0.15698
0.783418
0.317293
0.781112
0.555555
0.348675
0.22838
0.844144
0.313291
0.02922
0.714029
0.74519
0.659292
0.592332
0.809302
0.409538
0.134966
0.128665
0.984472
0.855302
0.292327
0.207914
0.273801
0.818693
0.434212
0.173977
0.013605
0.117088
0.212198
0.669078
0.046219
0.090109
0.654118
0.181468
0.679539
0.117976
0.109892
0.601296
0.250714
0.899566
0.856605
0.695061
0.955393
0.604977
0.977071
0.956296
0.761309
0.875263
0.921929
0.776934
0.8155
0.83739
0.616936
0.001167
0.292445
0.316648
0.083048
0.44589
0.876718
0.027437
0.507077
0.531623
0.312098
0.54159
0.321047
0.706382
0.234438
0.937478
0.072422
0.480937
0.565483
0.633264
0.19438
0.95436
0.619648
0.568282
0.023666
0.429151
0.674701
0.285892
0.156689
0.75549
0.656902
0.716185
0.093704
0.546469
0.015561
0.298219
0.637687
0.348808
0.552446
0.341888
0.528164
0.218724
0.373584
0.889374
0.151133
0.163262
0.162455
0.95732
0.312811
0.970841
0.607318
0.250102
0.968109
0.326589
0.736942
0.742316
0.432911
0.808543
0.687758
0.602194
0.512811
0.372928
0.254477
0.675897
0.736303
0.238463
0.562483
0.126818
0.521117
0.896064
0.743813
0.966657
0.978233
0.349386
0.415169
0.769959
0.946213
0.796408
0.428166
0.611048
0.681128
0.431125
0.501857
0.670872
0.984391
0.424904
0.376537
0.848207
0.850815
0.78414
0.80634
0.043611
0.770091
0.001226
0.011724
0.564699
0.265204
0.161156
0.238769
0.304533
0.853423
0.783424
0.010021
0.857181
0.004514
0.964989
0.358389
0.237994
0.40515
0.495149
0.866169
0.721132
0.527419
0.66537
0.881574
0.345543
0.906451
0.350779
0.981776
0.165647
0.338263
0.464155
0.44774
0.232809
0.026498
0.272582
0.092637
0.542141
0.644609
0.678847
0.777609
0.578646
0.798072
0.114139
0.78528
0.56068
0.702841
0.686986
0.732705
0.345757
0.184052
0.233235
0.177285
0.952047
0.130125
0.939499
0.475619
0.51426
0.049984
0.425498
0.055472
0.36266
0.359576
0.087163
0.49067
0.105158
0.25252
0.066033
0.411975
0.785062
0.353448
0.315984
0.586318
0.978725
0.316718
0.603727
0.178221
0.291198
0.208026
0.600199
0.282135
0.171354
0.529869
0.59372
0.863867
0.91464
0.827357
0.632444
0.893893
0.478064
0.976922
0.154136
0.007488
0.114981
0.426443
0.434299
0.008879
0.929378
0.48395
0.369299
0.924921
0.82952
0.449495
0.91705
0.902069
0.13212
0.455679
0.956217
0.586031
0.711867
0.185302
0.910656
0.755043
0.308765
0.076221
0.802528
0.686676
0.962069
0.959225
0.189659
0.215075
0.771379
0.472548
0.514326
0.578626
0.589795
0.091311
0.769879
0.048061
0.296491
0.730619
0.181158
0.796003
0.342088
0.963822
0.102868
0.473565
0.373805
0.51093
0.774495
0.61154
0.941475
0.594871
0.971601
0.149516
0.96852
0.922991
0.358352
0.062722
0.13338
0.039747
0.590828
0.378427
0.521299
0.686433
0.892204
0.942593
0.489674
0.775437
0.30848
0.254842
0.90027
0.182631
0.719885
0.815135
0.92717
0.77047
0.099896
0.838043
0.932769
0.931401
0.805471
0.958624
0.126407
0.981118
0.351354
0.435284
0.198463
0.658157
0.110413
0.663645
0.630784
0.698389
0.105938
0.387893
0.517564
0.511216
0.473522
0.036372
0.69696
0.747556
0.84385
0.859729
0.790476
0.207599
0.416122
0.035967
0.70177
0.279832
0.824728
0.674529
0.82438
0.828125
0.45208
0.55355
0.751184
0.326579
0.249987
0.729832
0.484818
0.953758
0.144593
0.938762
0.295454
0.186248
0.961896
0.632399
0.164906
0.276369
0.763999
0.009886
0.274432
0.77874
0.841951
0.104269
0.537451
0.523137
0.705929
0.071821
0.493428
0.294106
0.667423
0.922817
0.022988
0.812773
0.332341
0.093411
0.368832
0.435292
0.117671
0.959542
0.403743
0.487127
0.614577
0.189225
0.02643
0.287692
0.158603
0.942892
0.026083
0.711832
0.483484
0.281767
0.804743
0.02422
0.15748
0.638378
0.555091
0.066137
0.48252
0.422237
0.794297
0.485445
0.036916
0.49587
0.823109
0.462127
0.975594
0.894896
0.811052
0.696609
0.759416
0.835106
0.279574
0.498385
0.242569
0.628681
0.245464
0.550261
0.895962
0.543137
0.792613
0.56501
0.93769
0.710009
0.362079
0.690437
0.046676
0.008539
0.715713
0.581749
0.024825
0.359296
0.662354
0.113074
0.102832
0.079047
0.819861
0.71015
0.639716
0.885951
0.122073
0.782111
0.795054
0.471754
0.347088
0.7052
0.877023
0.332001
0.619682
0.32653
0.989145
0.345339
0.319581
0.509481
0.891384
0.454533
0.044342
0.784691
0.529356
0.927825
0.788884
0.129456
0.886924
0.791499
0.88076
0.747513
0.184743
0.776636
0.415125
0.398734
0.414319
0.255676
0.333202
0.414801
0.185063
0.82182
0.19003
0.184516
0.084804
0.982296
0.550728
0.57971
0.15329
0.504721
0.449956
0.675277
0.948025
0.595719
0.782688
0.231237
0.740814
0.867756
0.136494
0.639497
0.543378
0.042539
0.211252
0.578191
0.967692
0.707711
0.113188
0.487986
0.246079
0.702329
0.41963
0.936574
0.135728
0.518834
0.018208
0.637357
0.94728
0.821071
0.264302
0.246067
0.760855
0.541494
0.600028
0.578445
0.973997
0.824685
0.095914
0.469832
0.488046
0.171402
0.869345
0.062254
0.805412
0.628853
0.727649
0.08675
0.940128
0.094716
0.053219
0.601055
0.346416
0.025689
0.105601
0.216662
0.644349
0.388491
0.951659
0.028728
0.687277
0.704451
0.88931
0.716908
0.893946
0.137754
0.57987
0.672963
0.799145
0.104138
0.054328
0.394965
0.548893
0.265418
0.455258
0.867092
0.387373
0.660452
0.338411
0.07038
0.027735
0.188397
0.829888
0.568412
0.080221
0.440352
0.312264
0.726422
0.888036
0.118384
0.515766
0.961366
0.897199
0.802095
0.525122
0.565892
0.855772
0.712202
0.792965
0.980963
0.226253
0.827154
0.972426
0.103558
0.697298
0.405809
0.208187
0.456702
0.043622
0.065237
0.362215
0.509063
0.845758
0.162568
0.992808
0.685661
0.035424
0.244055
0.092525
0.055508
0.021354
0.925813
0.232723
0.0366
0.897328
0.011091
0.731202
0.31026
0.126402
0.463613
0.828162
0.877232
0.047384
0.558214
0.875557
0.50229
0.3306
0.13326
0.011432
0.006437
0.083711
0.32003
0.599398
0.084345
0.725708
0.692036
0.290696
0.383414
0.134661
0.17127
0.014434
0.592224
0.524295
0.534592
0.728344
0.306361
0.918031
0.218673
0.844222
0.595849
0.649408
0.348539
0.41027
0.428693
0.418092
0.685079
0.475714
0.698132
0.646536
0.783498
0.862852
0.782457
0.60364
0.360565
0.878476
0.677856
0.939164
0.93217
0.801096
0.436041
0.636333
0.056514
0.631182
0.084323
0.908084
0.58498
0.055828
0.030194
0.337804
0.038992
0.467323
0.181121
0.880266
0.013464
0.964209
0.306211
0.577869
0.197583
0.182526
0.095899
0.680332
0.228438
0.529692
0.031839
0.850532
0.40925
0.020128
0.496638
0.926043
0.104776
0.262483
0.644543
0.672506
0.506142
0.097397
0.99035
0.518628
0.973443
0.71881
0.674974
0.806884
0.880632
0.181607
0.890008
0.051132
0.013915
0.945616
0.136501
0.263489
0.257274
0.803075
0.040438
0.744744
0.113503
0.64929
0.49065
0.859238
0.185938
0.649347
0.294063
0.906211
0.20201
0.92444
0.319817
0.907909
0.309611
0.319549
0.327288
0.081476
0.304208
0.83184
0.108918
0.183246
0.686154
0.99626
0.593862
0.856626
0.298829
0.469554
0.897845
0.296539
0.034865
0.313976
0.444934
0.509288
0.854991
0.386454
0.706665
0.955159
0.272265
0.233267
0.324941
0.352051
0.530868
0.423121
0.220297
0.434695
0.043876
0.81238
0.803898
0.788257
0.55092
0.424856
0.249519
0.044063
0.860087
0.066775
0.270765
0.161501
0.023
0.283022
0.37539
0.638711
0.428331
0.469274
0.321073
0.987312
0.98378
0.830082
0.317555
0.966139
0.388166
0.978511
0.439704
0.566722
0.94504
0.612481
0.039778
0.701841
0.848556
0.642787
0.460801
0.659104
0.443745
0.194925
0.039205
0.926426
0.59794
0.062263
0.868895
0.332164
0.696872
0.307651
0.507941
0.243759
0.172619
0.684876
0.505484
0.070298
0.853943
0.217428
0.533876
0.694092
0.518513
0.689745
0.74508
0.851847
0.594602
0.392841
0.328162
0.384775
0.98999
0.191297
0.271127
0.322218
0.12352
0.965392
0.366257
0.091018
0.158155
0.271537
0.501371
0.535817
0.040074
0.105601
0.084381
0.673504
0.014765
0.129409
0.857557
0.166107
0.189774
0.444331
0.973562
0.506236
0.878882
0.75749
0.680775
0.890034
0.03233
0.286041
0.337519
0.332625
0.783694
0.80541
0.04917
0.638372
0.082128
0.721676
0.708812
0.079076
0.371502
0.136352
0.554531
0.404389
0.421539
0.090075
0.198761
0.32148
0.175049
0.78832
0.251075
0.672009
0.622308
0.48308
0.1605
0.757216
0.079252
0.590528
0.165013
0.181013
0.924077
0.186329
0.152901
0.545484
0.031723
0.387048
0.937665
0.445534
0.606659
0.634964
0.034207
0.453198
0.4593
0.113594
0.417133
0.181816
0.232298
0.669339
0.798024
0.852268
0.978509
0.583907
0.487819
0.248413
0.526125
0.533943
0.629187
0.385781
0.32726
0.808649
0.278348
0.168761
0.420806
0.000498
0.10019
0.720842
0.632411
0.889814
0.566312
0.713227
0.638866
0.983169
0.683178
0.115159
0.922645
0.1918
0.099681
0.138543
0.318129
0.051573
0.506555
0.129696
0.056115
0.6501
0.29942
0.712028
0.869865
0.1724
0.82503
0.175226
0.141135
0.160698
0.79483
0.406778
0.107611
0.671387
0.283671
0.384145
0.597472
0.583996
0.738013
0.363384
0.980338
0.33734
0.057425
0.711414
0.676078
0.585884
0.481173
0.152868
0.843887
0.533209
0.314168
0.941676
0.413975
0.869767
0.24695
0.682581
0.814918
0.485569
0.429819
0.732286
0.941153
0.59308
0.269849
0.410993
0.521379
0.408547
0.202057
0.420719
0.373302
0.233002
0.884088
0.854855
0.293936
0.073612
0.27798
0.858574
0.784965
0.812232
0.360706
0.016696
0.130635
0.972297
0.499908
0.821306
0.391673
0.119092
0.924593
0.758
0.344104
0.704204
0.040667
0.659901
0.294194
0.819389
0.601838
0.902434
0.928557
0.672255
0.658989
0.12522
0.955383
0.731193
0.470274
0.681248
0.770667
0.408796
0.084414
0.996895
0.806564
0.749427
0.939935
0.051451
0.087459
0.209579
0.639969
0.476134
0.233893
0.40415
0.985494
0.063174
0.884451
0.967632
0.653365
0.364927
0.113368
0.494809
0.367994
0.246101
0.815782
0.691595
0.380715
0.201949
0.869699
0.439446
0.371094
0.404284
0.783554
0.006363
0.924985
0.01514
0.482003
0.02047
0.859249
0.812664
0.564676
0.071457
0.888707
0.491547
0.119338
0.473323
0.800368
0.182213
0.971957
0.736775
0.733797
0.281488
0.369247
0.664456
0.139774
0.531912
0.611169
0.925469
0.576834
0.662929
0.942579
0.688486
0.727836
0.675072
0.436199
0.984995
0.334894
0.425093
0.895412
0.626196
0.747993
0.265273
0.193159
0.987419
0.624082
0.417493
0.836135
0.889956
0.392553
0.612733
0.546675
0.899209
0.331018
0.652075
0.317643
0.429599
0.609656
0.990139
0.107155
0.444679
0.078446
0.685326
0.497356
0.468803
0.611639
0.3559
0.843394
0.940304
0.669262
0.555244
0.609555
0.894496
0.422085
0.595488
0.237273
0.779361
0.984225
0.350736
0.241822
0.60293
0.661404
0.188991
0.605971
0.707535
0.465253
0.788279
0.643183
0.686381
0.683486
0.925746
0.358443
0.378047
0.920431
0.513762
0.663371
0.43918
0.193047
0.143314
0.179993
0.260187
0.862974
0.357944
0.612353
0.988897
0.46526
0.778464
0.529104
0.714728
0.057368
0.884074
0.841799
0.489368
0.628549
0.62213
0.373237
0.576925
0.063859
0.511271
0.10917
0.50219
0.344958
0.390453
0.02782
0.902103
0.085715
0.843174
0.588707
0.808328
0.988918
0.724532
0.79608
0.691327
0.41494
0.836733
0.2
0.937569
0.248253
0.660729
0.510736
0.092666
0.447438
0.30017
0.054891
0.281363
0.78207
0.484823
0.386032
0.427441
0.386964
0.332017
0.975305
0.614979
0.826408
0.237991
0.83718
0.001206
0.93607
0.456985
0.994233
0.078997
0.707284
0.025764
0.933942
0.090866
0.254083
0.058062
0.955953
0.217878
0.880817
0.736456
0.738252
0.506158
0.817051
0.101442
0.055278
0.587893
0.227046
0.302317
0.319217
0.929476
0.262028
0.308557
0.433224
0.675802
0.322476
0.575473
0.420197
0.045997
0.461476
0.523956
0.354704
0.897594
0.389851
0.496915
0.947742
0.009094
0.601685
0.751632
0.221794
0.405553
0.038711
0.928737
0.112565
0.74751
0.442625
0.598691
0.412458
0.662185
0.702074
0.118243
0.95774
0.934321
0.757211
0.513141
0.316819
0.726849
0.504557
0.366311
0.345135
0.362354
0.158604
0.2456
0.565778
0.00056
0.503545
0.626919
0.637501
0.374759
0.3693
0.165296
0.203117
0.145517
0.879658
0.142115
0.323012
0.949967
0.584878
0.868651
0.292568
0.600369
0.438301
0.037308
0.832766
0.32552
0.221372
0.745426
0.715152
0.645867
0.007023
0.137007
0.754193
0.407102
0.552315
0.80381
0.153045
0.148952
0.787253
0.924063
0.635344
0.46205
0.083559
0.974448
0.51299
0.027925
0.830408
0.769337
0.995028
0.650266
0.650151
0.999605
0.026642
0.601505
0.319194
0.423483
0.798176
0.641783
0.393144
0.900173
0.45754
0.146216
0.42477
0.459768
0.06333
0.730687
0.467376
0.544634
0.873684
0.32649
0.365419
0.186919
0.070429
0.314758
0.944502
0.628762
0.836665
0.613611
0.825881
0.239641
0.967028
0.232579
0.786855
0.220021
0.490127
0.45128
0.974805
0.96269
0.556549
0.454659
0.112399
0.448368
0.199608
0.336202
0.482555
0.274948
0.161849
0.181702
0.351327
0.31917
0.544406
0.861808
0.369995
0.392623
0.797934
0.591737
0.011252
0.47164
0.288972
0.262672
0.340651
0.966633
0.337068
0.629988
0.240346
0.194151
0.264994
0.136572
0.646957
0.303689
0.845978
0.845437
0.771935
0.530086
0.513619
0.04748
0.337205
0.696014
0.303121
0.595965
0.142287
0.330108
0.765163
0.100599
0.526535
0.352945
0.10366
0.351269
0.023345
0.245017
0.30153
0.619377
0.699697
0.499003
0.387215
0.132699
0.664032
0.158745
0.280506
0.044048
0.494841
0.280937
0.841354
0.068067
0.798941
0.331369
0.487458
0.797567
0.863954
0.520554
0.703494
0.61171
0.664508
0.763757
0.914733
0.686524
0.149382
0.531079
0.887394
0.967054
0.242053
0.708193
0.881643
0.39252
0.144669
0.618811
0.866832
0.083838
0.569344
0.3289
0.082586
0.116691
0.113188
0.109008
0.351742
0.148131
0.924418
0.674231
0.690438
0.811202
0.714926
0.462769
0.079492
0.620487
0.026958
0.488265
0.150575
0.258353
0.583898
0.829328
0.308653
0.962872
0.644642
0.147114
0.94958
0.088424
0.39892
0.717652
0.561055
0.58242
0.045142
0.924089
0.618004
0.999315
0.205699
0.454663
0.924146
0.052064
0.964257
0.811406
0.863045
0.190724
0.185419
0.76431
0.287521
0.527744
0.945139
0.961363
0.483005
0.335137
0.412308
0.47572
0.896427
0.390981
0.567206
0.122277
0.685012
0.611269
0.202091
0.52898
0.618377
0.953669
0.944838
0.86242
0.933952
0.972926
0.302901
0.437099
0.105688
0.383137
0.818449
0.410983
0.270459
0.864512
0.492388
0.94447
0.328275
0.521098
0.511148
0.586169
0.480777
0.036028
0.863546
0.028838
0.68058
0.476342
0.17039
0.083135
0.570011
0.966484
0.969815
0.165369
0.78447
0.01258
0.285938
0.955044
0.986575
0.477673
0.235132
0.900019
0.31217
0.100484
0.995713
0.547555
0.253264
0.488231
0.27214
0.976876
0.733301
0.867462
0.411905
0.031073
0.397043
0.633033
0.410043
0.91757
0.811346
0.257302
0.471879
0.702882
0.088554
0.110289
0.730388
0.300717
0.119202
0.462641
0.591724
0.802049
0.818639
0.100891
0.018633
0.091158
0.019764
0.728566
0.388374
0.464351
0.768768
0.872937
0.764024
0.920089
0.571659
0.265052
0.613923
0.857354
0.515567
0.041662
0.537893
0.379917
0.56486
0.873267
0.885724
0.026986
0.760675
0.996872
0.87873
0.342377
0.065464
0.729368
0.472987
0.392668
0.726252
0.701264
0.929786
0.478139
0.901685
0.420607
0.180931
0.771036
0.061183
0.120693
0.29395
0.972412
0.158972
0.390148
0.25694
0.180328
0.075885
0.36743
0.060798
0.815604
0.210006
0.362729
0.329432
0.416746
0.622603
0.759741
0.490253
0.781793
0.826238
0.242479
0.26948
0.720884
0.580238
0.972184
0.342961
0.56515
0.222136
0.430701
0.773706
0.4021
0.611526
0.722955
0.483139
0.968183
0.6525
0.414381
0.308235
0.953818
0.143339
0.484406
0.425182
0.058366
0.636435
0.100045
0.713137
0.673113
0.94203
0.680163
0.270425
0.906414
0.120964
0.720816
0.379583
0.744177
0.888868
0.822844
0.948912
0.301255
0.841451
0.113946
0.754381
0.209015
0.112184
0.84961
0.851469
0.016328
0.544992
0.730075
0.019137
0.624261
0.88949
0.500495
0.360997
0.417687
0.940412
0.776121
0.599505
0.429846
0.804935
0.930673
0.385488
0.270904
0.71678
0.944719
0.616591
0.562508
0.967851
0.875623
0.056656
0.538249
0.565752
0.592845
0.107605
0.93988
0.110903
0.724117
0.502128
0.169175
0.545791
0.165309
0.377313
0.164506
0.839926
0.966847
0.780165
0.86917
0.395274
0.346716
0.819884
0.641504
0.332058
0.185709
0.304168
0.513301
0.908872
0.868764
0.150276
0.026108
0.066374
0.472513
0.176418
0.422762
0.167122
0.153963
0.493766
0.463344
0.00558
0.045055
0.5689
0.945038
0.641654
0.776075
0.673212
0.139485
0.201227
0.52843
0.928899
0.447953
0.44853
0.983909
0.377179
0.34313
0.847791
0.382795
0.890969
0.779832
0.500748
0.525465
0.094226
0.044588
0.828137
0.844298
0.961137
0.908253
0.788782
0.730303
0.442404
0.581349
0.738318
0.2835
0.861451
0.076506
0.490828
0.456646
0.317177
0.190076
0.862316
0.920559
0.704555
0.082161
0.159977
0.935055
0.575109
0.339886
0.976237
0.555762
0.309491
0.760285
0.192698
0.666389
0.601375
0.997579
0.33795
0.978012
0.83739
0.544933
0.611967
0.871676
0.949555
0.205027
0.255082
0.385619
0.372906
0.263289
0.5452
0.809377
0.206828
0.703002
0.515085
0.642885
0.032457
0.35134
0.599462
0.613362
0.304514
0.874493
0.081976
0.575556
0.808816
0.459911
0.735743
0.987076
0.358557
0.217172
0.97452
0.043046
0.016227
0.527436
0.488076
0.17791
0.839652
0.258483
0.084028
0.555904
0.986397
0.368994
0.550463
0.486371
0.701321
0.449739
0.192909
0.981585
0.746108
0.964913
0.107702
0.180026
0.479979
0.089261
0.906741
0.69173
0.295542
0.472982
0.168177
0.628641
0.954917
0.886867
0.477092
0.300052
0.838099
0.393491
0.676394
0.383012
0.765282
0.850787
0.679486
0.573024
0.033808
0.189858
0.046082
0.269739
0.424493
0.390979
0.878289
0.662536
0.184945
0.637808
0.353771
0.248346
0.44008
0.70385
0.091781
0.691869
0.821343
0.747842
0.333172
0.717784
0.128149
0.731224
0.926951
0.204207
0.058533
0.350285
0.193372
0.03217
0.484596
0.461349
0.718267
0.099487
0.208327
0.60977
0.500554
0.614036
0.691624
0.968624
0.796517
0.227092
0.340734
0.974632
0.894119
0.904432
0.962107
0.914323
0.510051
0.838527
0.790373
0.381949
0.802055
0.711956
0.992913
0.657139
0.291278
0.810534
0.251943
0.676353
0.937144
0.300852
0.733702
0.916725
0.544711
0.961798
0.646438
0.107236
0.695701
0.017953
0.579772
0.482252
0.258403
0.019461
0.989757
0.145139
0.190275
0.821524
0.104465
0.181536
0.356911
0.713635
0.532082
0.329278
0.661003
0.422371
0.574238
0.212349
0.934618
0.612415
0.456956
0.266889
0.168311
0.960052
0.711829
0.26656
0.373874
0.246648
0.371845
0.943631
0.516736
0.900633
0.649232
0.958946
0.376269
0.938282
0.816156
0.34656
0.692742
0.029692
0.364399
0.256463
0.862324
0.571167
0.474764
0.246414
0.366173
0.81637
0.091533
0.661245
0.594715
0.269716
0.05055
0.972455
0.186551
0.285598
0.618111
0.883713
0.350347
0.780788
0.473617
0.804779
0.118721
0.766286
0.971626
0.007162
0.043615
0.681531
0.877034
0.661342
0.783294
0.696283
0.089397
0.102825
0.948414
0.356169
0.775195
0.580399
0.022309
0.238878
0.789873
0.301385
0.693903
0.335186
0.711196
0.643593
0.566562
0.088652
0.338437
0.816375
0.580553
0.850831
0.737074
0.665669
0.886267
0.023204
0.243394
0.458031
0.222107
0.490522
0.445082
0.321196
0.567861
0.615361
0.914943
0.733044
0.156124
0.114556
0.886852
0.449837
0.021459
0.419742
0.553756
0.902603
0.002434
0.078228
0.458923
0.921422
0.318859
0.504723
0.575098
0.385719
0.26472
0.92422
0.45227
0.934931
0.414613
0.839835
0.635261
0.024705
0.47712
0.363618
0.861582
0.215466
0.142259
0.85788
0.2572
0.901358
0.157071
0.415123
0.513401
0.593851
0.407755
0.773726
0.400306
0.390368
0.081643
0.22282
0.047751
0.928394
0.532939
0.243691
0.676093
0.712903
0.557103
0.533374
0.191117
0.286432
0.842177
0.666644
0.2165
0.272823
0.423059
0.155441
0.724563
0.088514
0.286073
0.216143
0.582077
0.015764
0.216652
0.642031
0.274501
0.481659
0.123073
0.752376
0.547519
0.857077
0.452669
0.457437
0.259642
0.855754
0.772408
0.908015
0.444247
0.728227
0.279385
0.983303
0.848863
0.354406
0.451066
0.836597
0.024117
0.895969
0.831929
0.611186
0.368648
0.226748
0.777349
0.840692
0.901972
0.214484
0.500545
0.914307
0.002842
0.570108
0.237303
0.61805
0.011352
0.600242
0.265336
0.0184
0.074814
0.455834
0.699094
0.881864
0.267044
0.947581
0.902582
0.657312
0.780775
0.483799
0.15019
0.456037
0.040607
0.566044
0.168925
0.146346
0.528295
0.497394
0.014583
0.820839
0.477953
0.679792
0.574518
0.731413
0.93373
0.796049
0.361379
0.879336
0.443498
0.538747
0.946863
0.118738
0.276073
0.672966
0.183627
0.208188
0.985115
0.548818
0.791456
0.901093
0.371241
0.762341
0.346618
0.864083
0.273299
0.590569
0.776609
0.75964
0.953386
0.747731
0.271034
0.216776
0.016492
0.576084
0.720732
0.532264
0.232913
0.728575
0.096247
0.819808
0.262748
0.073422
0.002847
0.859228
0.28894
0.337552
0.349481
0.798556
0.488557
0.150801
0.568267
0.046
0.532312
0.299165
0.234874
0.394791
0.64023
0.857217
0.781094
0.318646
0.294226
0.362727
0.926451
0.227662
0.906197
0.76743
0.969764
0.569535
0.84387
0.943715
0.110272
0.56477
0.685349
0.548056
0.460912
0.806492
0.505698
0.175936
0.294771
0.446098
0.099228
0.620381
0.587396
0.500354
0.995675
0.776192
0.906156
0.608364
0.232235
0.51821
0.091045
0.571246
0.002616
0.075527
0.667502
0.159287
0.195522
0.336373
0.928191
0.562044
0.400075
0.344535
0.197581
0.88093
0.813811
0.180977
0.057304
0.354441
0.7305
0.522616
0.567396
0.548757
0.129096
0.258282
0.962926
0.46663
0.704744
0.380374
0.257764
0.049892
0.458784
0.004047
0.284831
0.722367
0.895988
0.066751
0.496887
0.354747
0.515514
0.347985
0.749891
0.949527
0.853256
0.854885
0.671272
0.079754
0.968196
0.261928
0.533852
0.012683
0.354658
0.809313
0.054863
0.927141
0.781538
0.762542
0.049736
0.619732
0.787879
0.683672
0.509868
0.174198
0.119598
0.302053
0.582273
0.787526
0.71859
0.378774
0.339871
0.045348
0.810776
0.197923
0.246385
0.486135
0.060212
0.256781
0.205686
0.024362
0.727535
0.683782
0.255613
0.202068
0.628206
0.553905
0.832873
0.865347
0.465126
0.670532
0.578951
0.61774
0.739752
0.711324
0.967828
0.479771
0.353404
0.328059
0.989259
0.611451
0.219036
0.139327
0.100682
0.71571
0.098557
0.304986
0.953601
0.121899
0.732145
0.359113
0.76601
0.68305
0.481922
0.421098
0.03805
0.823015
0.399598
0.460914
0.123786
0.572541
0.359887
0.802871
0.845741
0.44887
0.142922
0.077345
0.378874
0.956284
0.995898
0.253711
0.300364
0.874497
0.177332
0.233243
0.99558
0.926092
0.04959
0.728906
0.111238
0.494556
0.594455
0.607215
0.623116
0.984533
0.70234
0.934778
0.941956
0.961797
0.016556
0.139608
0.377015
0.636323
0.364288
0.920733
0.646045
0.21146
0.178218
0.940856
0.012564
0.453378
0.751733
0.307481
0.967229
0.459788
0.432386
0.251019
0.290282
0.665914
0.124448
0.766176
0.519671
0.515092
0.617189
0.540701
0.009663
0.562457
0.21834
0.156305
0.094567
0.553006
0.330094
0.193205
0.941941
0.194478
0.841958
0.844238
0.692314
0.238123
0.307107
0.46347
0.484231
0.502356
0.907876
0.963436
0.291653
0.751138
0.225424
0.264814
0.274534
0.755931
0.618995
0.656236
0.700982
0.682418
0.767502
0.876251
0.737315
0.825824
0.449863
0.753353
0.927006
0.227231
0.822461
0.891514
0.816325
0.020259
0.917169
0.915602
0.239131
0.597301
0.19561
0.170262
0.030951
0.508405
0.604951
0.986205
0.756028
0.858865
0.205535
0.092216
0.860274
0.566584
0.575483
0.608762
0.56926
0.127026
0.304512
0.260317
0.586754
0.289634
0.175483
0.685976
0.75974
0.011378
0.250361
0.826922
0.58287
0.357775
0.163136
0.832262
0.76935
0.386292
0.387817
0.756998
0.910642
0.063292
0.955509
0.980894
0.719654
0.826563
0.658545
0.942939
0.553429
0.877174
0.727369
0.642832
0.290002
0.691598
0.331196
0.343414
0.883605
0.224481
0.73244
0.324774
0.351168
0.565769
0.280524
0.845516
0.903075
0.742646
0.712956
0.17455
0.286458
0.331775
0.487767
0.730881
0.876599
0.047104
0.002042
0.850359
0.861692
0.633818
0.95105
0.340138
0.754035
0.145525
0.930462
0.663535
0.732033
0.393574
0.593282
0.502735
0.214914
0.860928
0.628608
0.749902
0.809195
0.479987
0.279828
0.064215
0.469444
0.83336
0.451825
0.941879
0.139198
0.580942
0.405596
0.888334
0.161464
0.537131
0.334031
0.01694
0.161988
0.001903
0.926318
0.37749
0.322358
0.489821
0.267742
0.227064
0.077792
0.64711
0.592267
0.673845
0.837239
0.163028
0.412367
0.023552
0.480068
0.896534
0.018823
0.403649
0.849746
0.964103
0.382229
0.345042
0.972313
0.008377
0.315576
0.042694
0.6892
0.994743
0.929388
0.062821
0.288417
0.710686
0.318025
0.00644
0.31257
0.737469
0.319208
0.703657
0.230463
0.65552
0.430105
0.999895
0.540891
0.763714
0.987204
0.531357
0.947951
0.541505
0.526946
0.065602
0.581602
0.771344
0.269953
0.171113
0.320047
0.139908
0.35918
0.028067
0.827538
0.667813
0.697052
0.215448
0.860849
0.645247
0.413132
0.951081
0.291996
0.960157
0.215079
0.987454
0.422756
0.73396
0.149233
0.818789
0.300377
0.913828
0.24842
0.596622
0.290282
0.605213
0.993337
0.711138
0.27935
0.424549
0.590825
0.777258
0.38734
0.489011
0.078417
0.779203
0.74975
0.929132
0.786694
0.711976
0.198689
0.66014
0.963788
0.607987
0.000509
0.256428
0.799062
0.865018
0.914719
0.540692
0.206193
0.331065
0.789024
0.717504
0.099835
0.471461
0.472139
0.999312
0.07627
0.383277
0.406336
0.931491
0.33471
0.013915
0.422111
0.806351
0.904625
0.412328
0.702589
0.722496
0.996257
0.320428
0.178784
0.111296
0.51742
0.985629
0.258081
0.472457
0.227854
0.750671
0.195493
0.321787
0.010975
0.840271
0.869167
0.205373
0.650604
0.157607
0.999346
0.725378
0.259303
0.640454
0.421921
0.615255
0.592242
0.643262
0.317869
0.570603
0.757629
0.838168
0.125544
0.262778
0.107828
0.188316
0.199358
0.454457
0.86315
0.299782
0.375675
0.889599
0.098145
0.481664
0.685174
0.454254
0.572591
0.190866
0.319072
0.983189
0.298376
0.517897
0.653401
0.57111
0.813251
0.967663
0.352768
0.817055
0.644342
0.385886
0.102692
0.03305
0.206507
0.000456
0.30998
0.398552
0.289055
0.274916
0.081308
0.532047
0.927778
0.996764
0.916198
0.328496
0.636403
0.659689
0.063962
0.490672
0.513645
0.371034
0.402634
0.300116
0.393994
0.109567
0.716841
0.960101
0.357467
0.114798
0.258147
0.531256
0.273995
0.42841
0.331632
0.576913
0.425994
0.310034
0.389687
0.257815
0.10054
0.739909
0.766581
0.711118
0.706783
0.449559
0.694874
0.945903
0.030338
0.422846
0.921723
0.466458
0.297434
0.186018
0.227396
0.103166
0.779608
0.878307
0.403925
0.260604
0.701603
0.72525
0.703939
0.110419
0.293535
0.890718
0.211504
0.703712
0.505683
0.514026
0.953683
0.796341
0.031151
0.361201
0.894292
0.574195
0.101119
0.139303
0.690016
0.302872
0.398368
0.200252
0.413586
0.477743
0.632463
0.956938
0.886806
0.392854
0.023123
0.374383
0.654992
0.723971
0.806742
0.827535
0.220698
0.386489
0.885962
0.402249
0.550359
0.917575
0.0767
0.435473
0.971305
0.834238
0.96955
0.735642
0.185793
0.547924
0.107464
0.365463
0.997149
0.344343
0.306685
0.359542
0.188709
0.416513
0.154547
0.002922
0.593082
0.773115
0.427453
0.490767
0.329108
0.673601
0.571932
0.479921
0.245075
0.483223
0.395042
0.976744
0.788751
0.378414
0.56378
0.985923
0.705296
0.367326
0.117102
0.567742
0.863109
0.83357
0.669858
0.273795
0.002091
0.369972
0.896853
0.058217
0.889034
0.849542
0.910306
0.232563
0.777617
0.51611
0.986283
0.906525
0.387557
0.680029
0.903895
0.244746
0.374389
0.882834
0.979075
0.666838
0.602725
0.517641
0.619006
0.876147
0.725253
0.353441
0.991888
0.671616
0.601464
0.78529
0.702319
0.904295
0.271744
0.804929
0.127089
0.73585
0.667324
0.230893
0.786718
0.450884
0.233611
0.578252
0.13028
0.270927
0.972747
0.654572
0.671475
0.369045
0.089535
0.889677
0.683545
0.386432
0.662968
0.786762
0.437434
0.399556
0.087876
0.858345
0.893293
0.979308
0.88948
0.198652
0.829936
0.677498
0.019784
0.488432
0.420559
0.584106
0.801312
0.55252
0.728827
0.318959
0.508599
0.876334
0.024799
0.871145
0.172746
0.667324
0.462103
0.673779
0.641216
0.856096
0.25581
0.816427
0.897527
0.055585
0.063202
0.124109
0.066882
0.661413
0.910993
0.95471
0.988652
0.976216
0.562127
0.229622
0.953685
0.08051
0.278612
0.796126
0.74605
0.148851
0.882197
0.973065
0.424448
0.074445
0.098473
0.280649
0.351055
0.598419
0.447475
0.019964
0.345856
0.367841
0.861632
0.44131
0.881896
0.857775
0.125288
0.516828
0.786423
0.96836
0.154717
0.016573
0.74484
0.763291
0.702837
0.976385
0.646284
0.3267
0.841842
0.327978
0.223753
0.786822
0.044557
0.371352
0.95046
0.130685
0.610263
0.895933
0.796361
0.100093
0.294513
0.357306
0.116542
0.396764
0.138479
0.726656
0.871216
0.734549
0.725019
0.862792
0.129021
0.026979
0.504414
0.084054
0.018597
0.414693
0.626295
0.516767
0.925556
0.386178
0.737087
0.447683
0.948746
0.401669
0.960329
0.961446
0.381618
0.102215
0.410528
0.404036
0.165274
0.912768
0.681442
0.612083
0.581754
0.095238
0.050613
0.114347
0.373845
0.742663
0.849858
0.47688
0.150341
0.287226
0.375008
0.420166
0.937521
0.268686
0.566823
0.345177
0.196141
0.128104
0.21637
0.603791
0.543578
0.964971
0.368475
0.295241
0.180896
0.722264
0.822755
0.644306
0.083666
0.906689
0.281291
0.803588
0.155767
0.262741
0.795795
0.716507
0.572103
0.392623
0.56834
0.105209
0.688801
0.765746
0.461128
0.131499
0.377425
0.190457
0.285281
0.840912
0.729279
0.006331
0.798874
0.880945
0.490839
0.97831
0.196667
0.060824
0.697864
0.712933
0.135933
0.280823
0.553748
0.438845
0.095268
0.831481
0.269455
0.053263
0.238209
0.910609
0.184801
0.244866
0.829261
0.57148
0.818736
0.994654
0.528476
0.896267
0.395677
0.12818
0.805819
0.656825
0.487647
0.674061
0.900042
0.319247
0.625294
0.723714
0.802509
0.083742
0.752545
0.801465
0.764779
0.272847
0.11622
0.322929
0.544168
0.644439
0.526028
0.398168
0.834339
0.097337
0.214809
0.607346
0.251072
0.754376
0.303306
0.69862
0.093058
0.224317
0.630619
0.54282
0.549189
0.410566
0.44275
0.971676
0.660291
0.234223
0.050895
0.935412
0.78539
0.072473
0.679992
0.859806
0.85091
0.138423
0.919992
0.188627
0.011381
0.757002
0.03065
0.093327
0.138481
0.893221
0.181113
0.370628
0.190276
0.634465
0.43475
0.571203
0.449574
0.959544
0.29703
0.87302
0.797018
0.9324
0.46199
0.132528
0.872141
0.581861
0.056866
0.668544
0.908407
0.005306
0.188701
0.208615
0.315627
0.199486
0.065895
0.373361
0.780044
0.654811
0.149884
0.31711
0.339586
0.125629
0.165944
0.479581
0.14717
0.988244
0.632885
0.228478
0.686357
0.720233
0.561931
0.495684
0.116742
0.721365
0.651953
0.527844
0.517891
0.834758
0.221863
0.899607
0.184084
0.886526
0.006979
0.425279
0.433676
0.459303
0.342018
0.832389
0.975915
0.985177
0.730076
0.936959
0.766388
0.544059
0.824318
0.628915
0.608023
0.585724
0.66543
0.059264
0.170332
0.460678
0.065446
0.049837
0.455564
0.277884
0.814162
0.994255
0.498828
0.392395
0.820054
0.563989
0.31686
0.817328
0.010775
0.337783
0.144019
0.964853
0.556615
0.207304
0.297683
0.892437
0.32016
0.578805
0.597913
0.525854
0.12791
0.103168
0.012007
0.808081
0.614989
0.837012
0.906755
0.540477
0.123946
0.670803
0.904753
0.23149
0.702973
0.142397
0.438483
0.52158
0.675702
0.292208
0.881649
0.20914
0.888591
0.671114
0.794867
0.420893
0.897757
0.971184
0.940031
0.223619
0.088719
0.444994
0.972005
0.014991
0.30691
0.860816
0.726841
0.834824
0.721901
0.303624
0.309561
0.226501
0.358994
0.435428
0.9172
0.599983
0.937595
0.21986
0.085443
0.995971
0.309184
0.207367
0.204282
0.306589
0.465438
0.960266
0.414226
0.492761
0.069178
0.118477
0.614712
0.104402
0.377995
0.438369
0.933383
0.65445
0.354344
0.206613
0.29015
0.040264
0.936962
0.261277
0.191095
0.903812
0.08539
0.667872
0.175108
0.604756
0.098648
0.862267
0.88869
0.307081
0.575192
0.595246
0.967211
0.007676
0.592908
0.760325
0.815337
0.335996
0.739289
0.6221
0.933041
0.6004
0.251068
0.072986
0.818512
0.039873
0.731122
0.368368
0.616748
0.965565
0.284618
0.508098
0.646301
0.823452
0.789911
0.770774
0.869796
0.477678
0.960634
0.674726
0.863353
0.050882
0.426598
0.017105
0.807903
0.006024
0.373487
0.643985
0.925873
0.935948
0.386675
0.251895
0.140132
0.473632
0.836318
0.999878
0.337344
0.517117
0.284701
0.288127
0.377269
0.035711
0.434268
0.246295
0.925388
0.227016
0.474751
0.181439
0.030203
0.977945
0.260396
0.256165
0.993793
0.435569
0.195637
0.911656
0.281786
0.211059
0.520303
0.548385
0.918588
0.401125
0.551695
0.53659
0.992087
0.681963
0.232244
0.021023
0.955545
0.976858
0.04609
0.119312
0.428265
0.25571
0.770255
0.836617
0.602814
0.558269
0.636509
0.288072
0.599745
0.216563
0.096109
0.265737
0.258815
0.781738
0.055286
0.740256
0.863634
0.284517
0.444872
0.966906
0.048182
0.15457
0.664517
0.373573
0.084868
0.804905
0.710283
0.109861
0.000555
0.071356
0.489789
0.3533
0.769307
0.435473
0.833572
0.772464
0.566129
0.239192
0.721588
0.263234
0.015033
0.587275
0.946292
0.273496
0.430681
0.021225
0.69294
0.425728
0.508042
0.413805
0.309364
0.386222
0.270424
0.815638
0.041164
0.44294
0.231838
0.955126
0.936577
0.781125
0.198543
0.354328
0.716449
0.429753
0.538487
0.90872
0.510685
0.079311
0.306711
0.99051
0.646915
0.085008
0.95652
0.583503
0.218037
0.140284
0.882464
0.767835
0.066181
0.304081
0.563898
0.071165
0.225596
0.693403
0.174425
0.015872
0.403567
0.300823
0.079528
0.499217
0.477825
0.439413
0.868772
0.508965
0.680669
0.698407
0.59646
0.061242
0.891773
0.594834
0.147798
0.966026
0.941267
0.635728
0.036969
0.996106
0.468805
0.864736
0.106481
0.277714
0.195633
0.887859
0.19674
0.787824
0.871674
0.858461
0.367834
0.489907
0.996495
0.192376
0.911128
0.571635
0.9211
0.329982
0.692097
0.030451
0.202129
0.302735
0.737066
0.247841
0.577075
0.846398
0.221433
0.770953
0.031898
0.807776
0.629659
0.227298
0.449327
0.250673
0.735673
0.123939
0.054555
0.116552
0.030416
0.594968
0.874467
0.535604
0.75657
0.793516
0.40942
0.634195
0.785226
0.106778
0.079092
0.381484
0.555092
0.020011
0.6904
0.83244
0.215819
0.285549
0.92058
0.800816
0.875043
0.443493
0.438335
0.976528
0.10149
0.292739
0.129199
0.412188
0.328334
0.895483
0.698309
0.259463
0.37114
0.860313
0.880752
0.768323
0.572829
0.894861
0.321748
0.670747
0.300522
0.310983
0.702025
0.843939
0.46785
0.255614
0.231212
0.953919
0.971569
0.788007
0.205708
0.049948
0.112777
0.876339
0.655672
0.437066
0.013199
0.216232
0.224263
0.061391
0.467711
0.679068
0.074864
0.625226
0.165158
0.384836
0.282371
0.242678
0.372967
0.945076
0.496953
0.443601
0.447529
0.123739
0.303866
0.868344
0.502718
0.521873
0.67746
0.566968
0.472773
0.93554
0.447221
0.027581
0.711978
0.086762
0.092662
0.445282
0.933333
0.991848
0.01926
0.285399
0.763102
0.653979
0.050905
0.245116
0.413088
0.69491
0.206934
0.253323
0.304423
0.196624
0.50116
0.182002
0.56734
0.313475
0.432998
0.425277
0.749215
0.794939
0.564781
0.197945
0.181983
0.70127
0.794024
0.476752
0.877836
0.574863
0.057693
0.93862
0.279935
0.847684
0.367024
0.805375
0.81138
0.941154
0.466267
0.084827
0.566939
0.783887
0.109301
0.623283
0.855246
0.230153
0.169237
0.02468
0.363087
0.273569
0.586961
0.147627
0.188848
0.290479
0.209561
0.766749
0.509496
0.725723
0.376468
0.111041
0.478123
0.05084
0.047962
0.249113
0.63198
0.73402
0.516755
0.058464
0.440376
0.722984
0.69382
0.313043
0.139497
0.437755
0.70143
0.30285
0.580665
0.915418
0.256641
0.240432
0.381483
0.51288
0.897192
0.076212
0.898869
0.076026
0.357825
0.631302
0.557965
0.39843
0.881039
0.87347
0.376718
0.309935
0.602644
0.855085
0.183734
0.667164
0.346561
0.419209
0.47523
0.714901
0.56702
0.371655
0.26794
0.266513
0.74578
0.658444
0.285519
0.552602
0.104499
0.942863
0.472526
0.004287
0.928612
0.49525
0.22656
0.624107
0.146091
0.34198
0.492128
0.886354
0.709415
0.728009
0.114445
0.758923
0.443551
0.700955
0.135696
0.451035
0.106454
0.96242
0.329036
0.168614
0.341459
0.332292
0.828973
0.060631
0.221636
0.002843
0.399624
0.845158
0.76573
0.571945
0.847937
0.428047
0.052043
0.07988
0.369132
0.130359
0.828395
0.720878
0.767917
0.993133
0.85932
0.466187
0.088798
0.987365
0.681193
0.772151
0.911663
0.387283
0.062495
0.824404
0.978608
0.119037
0.158533
0.768485
0.950734
0.904659
0.009721
0.472436
0.841731
0.038749
0.470137
0.282482
0.577322
0.485184
0.26326
0.039766
0.472029
0.568414
0.245035
0.352737
0.653111
0.279895
0.979847
0.655563
0.236386
0.885891
0.066725
0.068193
0.585051
0.626518
0.750153
0.557571
0.601109
0.796422
0.659376
0.055384
0.404854
0.084303
0.685408
0.681551
0.800949
0.672528
0.330557
0.531864
0.884711
0.133799
0.498712
0.315442
0.08517
0.332816
0.482548
0.505781
0.179899
0.604535
0.963012
0.606443
0.607464
0.271452
0.688329
0.140326
0.353319
0.879182
0.426513
0.890901
0.580068
0.368337
0.51346
0.945164
0.67752
0.914121
0.97447
0.488062
0.692991
0.916111
0.629965
0.524614
0.605903
0.22282
0.476702
0.249501
0.199978
0.747786
0.3418
0.554096
0.685462
0.896191
0.810187
0.827683
0.958917
0.759929
0.615006
0.338612
0.849178
0.102607
0.668544
0.747779
0.088234
0.42277
0.697187
0.616372
0.684823
0.5847
0.675465
0.491499
0.097992
0.626611
0.370992
0.87114
0.308283
0.07122
0.244073
0.602852
0.760522
0.201229
0.898801
0.139396
0.884316
0.35276
0.161742
0.871176
0.417387
0.784007
0.751745
0.03372
0.768432
0.319948
0.009914
0.103264
0.615989
0.898184
0.900169
0.585317
0.173147
0.068108
0.982668
0.822785
0.785154
0.440896
0.179084
0.071238
0.492496
0.465299
0.169065
0.158879
0.11651
0.220581
0.23806
0.292266
0.328956
0.57098
0.996123
0.434968
0.129385
0.656264
0.290367
0.571809
0.825751
0.656784
0.467136
0.821239
0.997788
0.353048
0.948378
0.568162
0.151186
0.645241
0.849306
0.883335
0.960765
0.058806
0.584408
0.38581
0.893904
0.292888
0.020029
0.500102
0.809222
0.075459
0.279143
0.874879
0.073684
0.144203
0.037673
0.015116
0.66079
0.996982
0.945032
0.204731
0.098782
0.740003
0.061878
0.093931
0.357921
0.616419
0.17234
0.28209
0.717155
0.999633
0.866698
0.892655
0.561316
0.788265
0.747879
0.004601
0.975821
0.327343
0.045665
0.757286
0.199977
0.493788
0.996432
0.89036
0.146982
0.156124
0.629357
0.156588
0.84965
0.337153
0.38027
0.306602
0.059014
0.328339
0.246532
0.155954
0.572072
0.200356
0.147019
0.129586
0.455268
0.769068
0.518903
0.331735
0.642456
0.381402
0.314695
0.748276
0.539908
0.997882
0.388359
0.816054
0.72741
0.20765
0.701408
0.70459
0.888707
0.018985
0.373972
0.310731
0.557719
0.574135
0.219818
0.094478
0.920802
0.777001
0.156891
0.998317
0.210038
0.8702
0.863541
0.172909
0.790367
0.993835
0.388061
0.655898
0.498898
0.514407
0.431457
0.587692
0.000783
0.831159
0.031389
0.585563
0.608665
0.436797
0.741799
0.12007
0.819863
0.117242
0.524561
0.892008
0.941276
0.529047
0.429688
0.864583
0.40654
0.257409
0.715496
0.017533
0.094906
0.990678
0.819356
0.753859
0.109218
0.289629
0.093515
0.019168
0.149612
0.67441
0.70033
0.189378
0.420465
0.452139
0.523214
0.074085
0.416624
0.755338
0.245371
0.67639
0.390963
0.010998
0.860974
0.115441
0.601961
0.0477
0.035028
0.887061
0.938931
0.614783
0.133065
0.060135
0.365433
0.01568
0.050613
0.108472
0.967803
0.0035
0.137534
0.815365
0.052736
0.036507
0.684611
0.538457
0.917117
0.039558
0.868703
0.300294
0.719906
0.004169
0.493168
0.832118
0.566972
0.111976
0.2391
0.747457
0.096146
0.992479
0.541825
0.695277
0.013865
0.547676
0.307156
0.97103
0.149419
0.461328
0.214276
0.952072
0.504318
0.981063
0.049925
0.678351
0.304969
0.751001
0.034526
0.961743
0.094579
0.915532
0.942823
0.802916
0.262193
0.799503
0.704578
0.744617
0.663455
0.529962
0.325854
0.376344
0.006564
0.738133
0.530679
0.320275
0.880303
0.067949
0.717745
0.084988
0.245613
0.858831
0.156483
0.659172
0.926809
0.381695
0.067736
0.363583
0.132723
0.05118
0.880196
0.731472
0.927741
0.676751
0.330848
0.246243
0.534272
0.205901
0.047798
0.565364
0.938914
0.548708
0.309418
0.176915
0.380244
0.169161
0.236726
0.425031
0.866987
0.922535
0.064055
0.948739
0.624923
0.454376
0.885743
0.708556
0.553913
0.895437
0.550678
0.800477
0.44648
0.404722
0.817324
0.510896
0.868488
0.488865
0.808357
0.154941
0.3167
0.735631
0.753992
0.33989
0.060418
0.100887
0.897356
0.542314
0.714075
0.292773
0.231018
0.92176
0.88741
0.942814
0.240655
0.532645
0.856247
0.377292
0.617456
0.094025
0.285712
0.541674
0.842941
0.677811
0.655819
0.426831
0.258569
0.417923
0.998112
0.052019
0.111891
0.090446
0.7964
0.462558
0.757184
0.359
0.738408
0.216148
0.870578
0.875498
0.415818
0.669831
0.412887
0.965792
0.5529
0.259395
0.932907
0.245287
0.625028
0.293056
0.613969
0.641536
0.716955
0.557401
0.679616
0.470704
0.493379
0.40688
0.605144
0.295657
0.058704
0.628538
0.713802
0.156859
0.772309
0.19846
0.935484
0.966546
0.697783
0.582498
0.569467
0.582733
0.457074
0.702973
0.265118
0.804325
0.372057
0.840671
0.966163
0.792175
0.286907
0.260535
0.185089
0.846917
0.830939
0.795644
0.330856
0.500828
0.564768
0.546057
0.682719
0.733509
0.326805
0.624445
0.041615
0.020073
0.066113
0.710511
0.210815
0.859152
0.435857
0.556241
0.531828
0.84171
0.847523
0.720441
0.924649
0.843254
0.843306
0.060285
0.290118
0.533129
0.346432
0.52634
0.693402
0.713784
0.241325
0.812175
0.910237
0.628781
0.807989
0.094274
0.809741
0.118085
0.300851
0.417566
0.031378
0.702836
0.07132
0.838811
0.76267
0.120754
0.055396
0.564678
0.545976
0.977038
0.605188
0.382948
0.010131
0.105619
0.065058
0.388536
0.681966
0.384748
0.31201
0.6476
0.061855
0.047974
0.401567
0.100518
0.503476
0.664669
0.716574
0.177676
0.950822
0.276844
0.861408
0.095528
0.61747
0.757374
0.505074
0.714752
0.938801
0.851804
0.181157
0.734812
0.28214
0.964317
0.763683
0.068108
0.216672
0.268219
0.53771
0.898739
0.117738
0.757592
0.516564
0.739346
0.936686
0.266435
0.400259
0.334285
0.786845
0.90175
0.273981
0.142808
0.469504
0.383458
0.640084
0.230656
0.608569
0.585136
0.488135
0.771979
0.571579
0.764711
0.307435
0.194882
0.364508
0.557695
0.517184
0.433703
0.516401
0.401718
0.115152
0.71458
0.877315
0.852092
0.026202
0.881229
0.098481
0.840595
0.848301
0.120352
0.370169
0.322462
0.359807
0.423647
0.530213
0.666858
0.373345
0.790168
0.604845
0.725408
0.247092
0.294658
0.587454
0.838968
0.634476
0.282922
0.462747
0.893636
0.438911
0.977597
0.637365
0.842232
0.971197
0.175757
0.5477
0.404828
0.833288
0.632652
0.877073
0.379237
0.855991
0.996746
0.820837
0.939807
0.542722
0.762025
0.722096
0.360132
0.155008
0.073905
0.948199
0.091144
0.178025
0.242696
0.000789
0.908956
0.421013
0.192506
0.695464
0.299634
0.497058
0.848869
0.004946
0.887863
0.153737
0.140964
0.817459
0.541492
0.096261
0.869476
0.970925
0.813389
0.458558
0.19361
0.03072
0.391382
0.443849
0.215056
0.020886
0.076149
0.348232
0.012423
0.783216
0.82063
0.049996
0.374493
0.385072
0.484861
0.178664
0.041665
0.141499
0.448927
0.948436
0.955079
0.790806
0.970198
0.329023
0.25006
0.396384
0.109317
0.070877
0.085178
0.866138
0.319138
0.791193
0.610648
0.332873
0.82676
0.879791
0.46471
0.507285
0.702097
0.004297
0.791016
0.067182
0.613749
0.166087
0.253126
0.367966
0.342129
0.744973
0.351383
0.940489
0.310392
0.001489
0.963098
0.66376
0.214153
0.377641
0.15973
0.402077
0.604798
0.275454
0.892731
0.228979
0.670921
0.614857
0.000744
0.509828
0.157161
0.191025
0.33086
0.8747
0.713565
0.419322
0.498787
0.858868
0.780422
0.317186
0.737293
0.653829
0.342534
0.776903
0.61298
0.556011
0.228493
0.026988
0.627307
0.706409
0.675701
0.328264
0.933781
0.216117
0.966429
0.309323
0.090516
0.723797
0.951888
0.475745
0.369554
0.549416
0.071738
0.798832
0.440889
0.413924
0.598223
0.783851
0.638784
0.403575
0.117854
0.478892
0.101623
0.783147
0.063885
0.871919
0.390874
0.96748
0.509043
0.774063
0.298959
0.585936
0.58426
0.24551
0.79215
0.382877
0.633917
0.838444
0.565658
0.965396
0.774092
0.670821
0.613564
0.355955
0.5323
0.723311
0.135328
0.481556
0.82239
0.233179
0.048035
0.026752
0.843796
0.849118
0.84954
0.939931
0.339355
0.380397
0.204387
0.883345
0.51549
0.395278
0.596038
0.348609
0.576373
0.965417
0.395594
0.304688
0.950552
0.042983
0.026041
0.532562
0.973607
0.9151
0.60328
0.74029
0.266986
0.167663
0.095977
0.80798
0.130759
0.660568
0.389772
0.41524
0.670504
0.29363
0.818015
0.309594
0.691299
0.227849
0.16424
0.974364
0.964222
0.250931
0.777364
0.369473
0.284376
0.264935
0.637219
0.732473
0.857455
0.775844
0.898833
0.922639
0.945155
0.219332
0.218442
0.967979
0.149933
0.183315
0.61197
0.915237
0.591802
0.585932
0.750967
0.500221
0.322436
0.156322
0.320173
0.078886
0.076849
0.369759
0.529201
0.883973
0.829758
0.869704
0.264117
0.163586
0.817318
0.030866
0.278527
0.389183
0.463019
0.505858
0.553228
0.954992
0.806506
0.434008
0.331845
0.968921
0.066091
0.144297
0.484062
0.190997
0.305832
0.256447
0.307605
0.615332
0.825136
0.664478
0.625804
0.41277
0.223079
0.249905
0.280343
0.637368
0.217921
0.423087
0.014263
0.255609
0.04548
0.063967
0.556557
0.478302
0.965855
0.974972
0.754999
0.630576
0.532506
0.018737
0.478625
0.294885
0.201996
0.788287
0.339724
0.940283
0.738481
0.537143
0.428757
0.00558
0.478315
0.093461
0.566007
0.667554
0.327888
0.183185
0.002173
0.875048
0.567128
0.51868
0.40401
0.579059
0.864249
0.193123
0.814031
0.891032
0.716407
0.098707
0.243841
0.033209
0.665182
0.717844
0.04427
0.734813
0.328926
0.71646
0.348999
0.242178
0.538589
0.065738
0.990217
0.37511
0.236927
0.274499
0.425441
0.958912
0.436829
0.173507
0.960461
0.996225
0.414565
0.67976
0.882163
0.105174
0.188769
0.836427
0.828956
0.492199
0.504886
0.805111
0.00673
0.262732
0.215553
0.659446
0.943213
0.834755
0.998936
0.338262
0.796853
0.793705
0.578028
0.463601
0.030991
0.168762
0.937906
0.051319
0.565122
0.337079
0.956261
0.603954
0.54334
0.164249
0.800976
0.493931
0.308864
0.957519
0.773636
0.127947
0.941341
0.460544
0.280346
0.373397
0.036417
0.379524
0.993629
0.883473
0.525298
0.707756
0.867307
0.266125
0.113312
0.110659
0.737605
0.734076
0.026483
0.086426
0.760862
0.272606
0.722888
0.559738
0.220954
0.133328
0.950498
0.927095
0.5553
0.709598
0.059501
0.232408
0.375071
0.672355
0.088956
0.700717
0.49735
0.387157
0.294611
0.35362
0.163939
0.761649
0.745491
0.623638
0.112703
0.32989
0.036601
0.053035
0.24611
0.596957
0.476761
0.852047
0.152686
0.334171
0.740362
0.539864
0.954161
0.488102
0.644737
0.221642
0.967734
0.115177
0.446235
0.095268
0.017904
0.128697
0.256739
0.802649
0.502758
0.357634
0.778841
0.36571
0.999394
0.136604
0.322758
0.072138
0.679039
0.889456
0.09798
0.877006
0.500473
0.516409
0.47643
0.463994
0.549988
0.869238
0.712727
0.070047
0.444327
0.654288
0.283892
0.188654
0.023836
0.436547
0.741701
0.973852
0.988472
0.992747
0.688799
0.941278
0.05887
0.693667
0.510083
0.585539
0.006523
0.922053
0.409356
0.976408
0.604481
0.667782
0.525132
0.425598
0.890471
0.931261
0.272101
0.729096
0.193539
0.976559
0.95266
0.669878
0.522242
0.486011
0.896099
0.793636
0.771527
0.195901
0.508871
0.157594
0.523261
0.873206
0.191105
0.378914
0.635336
0.538013
0.116596
0.024019
0.997018
0.949812
0.547617
0.729111
0.17574
0.603975
0.606829
0.110939
0.846337
0.584969
0.92214
0.857841
0.953973
0.747445
0.423798
0.100388
0.426347
0.567939
0.776248
0.320957
0.707169
0.455348
0.722899
0.164478
0.306493
0.430124
0.507119
0.74021
0.227647
0.604514
0.55456
0.564694
0.326295
0.947931
0.702008
0.080651
0.345687
0.147079
0.956365
0.812136
0.850837
0.857075
0.900104
0.799873
0.324086
0.936275
0.64773
0.23394
0.101163
0.753387
0.268458
0.850665
0.632182
0.138431
0.975838
0.261912
0.781577
0.303674
0.119147
0.451979
0.793973
0.730208
0.777129
0.133885
0.880486
0.236106
0.667736
0.103851
0.468469
0.957656
0.205943
0.937979
0.91427
0.351704
0.194698
0.176862
0.524006
0.661173
0.376167
0.727749
0.649212
0.680929
0.233876
0.847605
0.67653
0.355594
0.185251
0.970617
0.911113
0.556532
0.217164
0.877306
0.953445
0.484989
0.983666
0.94794
0.797417
0.147182
0.603681
0.47418
0.184321
0.930428
0.976687
0.036375
0.030104
0.548171
0.316555
0.324587
0.730483
0.121185
0.223383
0.431782
0.824753
0.074936
0.749547
0.688741
0.009505
0.886014
0.872277
0.440889
0.94327
0.547772
0.395365
0.345206
0.967533
0.231949
0.09848
0.704982
0.980227
0.472545
0.996456
0.110172
0.427034
0.919685
0.950618
0.976728
0.677651
0.673436
0.322945
0.121113
0.815655
0.483485
0.050808
0.235053
0.961213
0.419268
0.396194
0.850602
0.853544
0.571232
0.630434
0.995802
0.704123
0.597226
0.407788
0.348186
0.213816
0.873733
0.501948
0.735134
0.631934
0.33324
0.486551
0.384634
0.723513
0.780665
0.893371
0.056331
0.535157
0.216928
0.725764
0.569677
0.167179
0.804118
0.176145
0.684762
0.474617
0.277239
0.056036
0.803356
0.747019
0.90159
0.803609
0.92213
0.920971
0.866785
0.45263
0.851225
0.229961
0.337765
0.661221
0.836985
0.59145
0.150698
0.205953
0.905023
0.315834
0.903008
0.185575
0.920905
0.347747
0.413321
0.418627
0.618804
0.625373
0.246734
0.565918
0.252756
0.544785
0.940654
0.961588
0.453181
0.967921
0.791862
0.539302
0.077509
0.840169
0.812897
0.002169
0.511033
0.447182
0.763531
0.901664
0.424753
0.370532
0.777952
0.249934
0.305788
0.997022
0.420601
0.161605
0.988384
0.186513
0.093665
0.025429
0.032678
0.314668
0.008366
0.956929
0.034166
0.686101
0.545245
0.466532
0.195787
0.015199
0.553486
0.56959
0.580159
0.023223
0.95919
0.488504
0.219989
0.953465
0.926761
0.525989
0.889577
0.639071
0.653652
0.368715
0.033138
0.045302
0.149757
0.787442
0.756383
0.573604
0.718634
0.670786
0.61692
0.212298
0.354968
0.626133
0.131599
0.238768
0.833288
0.966111
0.458008
0.972455
0.03167
0.341442
0.232446
0.831148
0.188228
0.391245
0.761831
0.198886
0.683647
0.912363
0.043114
0.740692
0.538552
0.734121
0.982797
0.376252
0.238266
0.415
0.707201
0.44609
0.569579
0.169631
0.135913
0.896473
0.833826
0.106001
0.051766
0.816571
0.433888
0.793353
0.407733
0.283868
0.009452
0.903427
0.582505
0.733362
0.102851
0.438388
0.97961
0.521588
0.063882
0.790133
0.433414
0.105308
0.573596
0.665586
0.618941
0.053107
0.510563
0.191328
0.849342
0.865015
0.941945
0.597922
0.427443
0.162913
0.126824
0.533475
0.129401
0.882975
0.659106
0.304975
0.925045
0.808345
0.183181
0.757899
0.753476
0.306752
0.899811
0.363308
0.729054
0.733103
0.486509
0.365155
0.29551
0.510728
0.315025
0.31244
0.188039
0.669921
0.332174
0.918966
0.679982
0.983387
0.128233
0.913993
0.189806
0.333836
0.680644
0.255952
0.610746
0.697427
0.600128
0.754919
0.966642
0.866886
0.656327
0.895047
0.365782
0.336684
0.675252
0.040108
0.932406
0.318439
0.988676
0.743466
0.980285
0.60537
0.434288
0.906196
0.757653
0.524678
0.243699
0.877789
0.209018
0.615961
0.922899
0.284932
0.908566
0.698045
0.671136
0.528523
0.486437
0.392691
0.520418
0.910697
0.850844
0.46316
0.516669
0.262323
0.952626
0.452769
0.797583
0.465483
0.042779
0.2468
0.453914
0.131904
0.993013
0.362067
0.276305
0.604717
0.773163
0.460391
0.261887
0.314528
0.288253
0.553227
0.874213
0.157088
0.044344
0.816321
0.251113
0.808231
0.997995
0.493511
0.631445
0.506039
0.526036
0.576981
0.041492
0.057822
0.398624
0.995472
0.420703
0.11661
0.609634
0.904244
0.565783
0.03451
0.100854
0.491695
0.096187
0.042046
0.133179
0.36057
0.058601
0.321097
0.266002
0.451532
0.228964
0.146203
0.453675
0.906317
0.92176
0.533023
0.411728
0.376863
0.615579
0.421815
0.366637
0.122018
0.584006
0.57743
0.034065
0.245277
0.54842
0.956348
0.830241
0.340539
0.004878
0.589
0.368115
0.424853
0.086572
0.28297
0.863995
0.631588
0.396354
0.847873
0.933046
0.35931
0.10354
0.796902
0.551473
0.179905
0.807981
0.433494
0.607363
0.567636
0.211175
0.790936
0.137788
0.129788
0.028182
0.369739
0.106538
0.303369
0.665372
0.918513
0.508045
0.061471
0.356594
0.509288
0.604696
0.095685
0.797388
0.048695
0.939524
0.857927
0.683687
0.092642
0.734658
0.967135
0.979812
0.113503
0.07341
0.220394
0.032838
0.528869
0.110246
0.717715
0.376986
0.712235
0.911428
0.556474
0.995534
0.411354
0.709044
0.963071
0.676976
0.138173
0.570723
0.159102
0.668938
0.503358
0.326123
0.561289
0.137781
0.803348
0.420607
0.400686
0.582535
0.146238
0.113632
0.094687
0.847709
0.333948
0.863099
0.159093
0.366991
0.439277
0.908253
0.952193
0.40393
0.169766
0.732622
0.611442
0.02165
0.298765
0.690314
0.630842
0.511485
0.491302
0.404103
0.139453
0.955627
0.603525
0.964407
0.482791
0.043233
0.644613
0.906849
0.537733
0.059156
0.887527
0.856565
0.272722
0.820363
0.781273
0.158168
0.260451
0.451262
0.966257
0.311153
0.304401
0.300326
0.145985
0.002189
0.87282
0.449938
0.764222
0.942933
0.756944
0.84713
0.394582
0.44883
0.908435
0.520719
0.456028
0.316002
0.828569
0.123697
0.820878
0.350088
0.3606
0.822149
0.830725
0.300517
0.838252
0.125563
0.432302
0.65385
0.344379
0.042881
0.780495
0.549701
0.486324
0.616652
0.996466
0.494734
0.761555
0.786643
0.053526
0.91167
0.818502
0.234407
0.311267
0.401243
0.560899
0.998578
0.375218
0.037575
0.625946
0.98625
0.808449
0.309753
0.717799
0.616132
0.531883
0.887483
0.165176
0.680499
0.771542
0.122954
0.566802
0.795176
0.391747
0.297547
0.502292
0.221652
0.710501
0.872464
0.719248
0.808637
0.070365
0.257091
0.63987
0.155369
0.653042
0.878577
0.017426
0.850336
0.653102
0.188755
0.318774
0.173589
0.481409
0.478028
0.332992
0.185034
0.455879
0.1652
0.548351
0.946241
0.595054
0.283362
0.807745
0.637331
0.378397
0.554936
0.237424
0.96167
0.720715
0.955174
0.90691
0.075157
0.4229
0.579407
0.206623
0.474436
0.005154
0.668648
0.698409
0.297739
0.961377
0.810097
0.540459
0.299027
0.053047
0.33311
0.738204
0.028737
0.260786
0.320693
0.618835
0.114094
0.996767
0.578539
0.181591
0.492029
0.926656
0.159372
0.576067
0.590427
0.14336