256 4
0
35
73
172
215
1
24
29
84
120
2
6
169
189
206
3
30
126
223
244
4
40
121
145
164
5
58
125
193
245
6
25
138
179
188
7
77
85
116
176
8
9
195
218
254
5
9
56
86
153
10
33
142
154
183
11
68
88
207
210
12
98
167
239
241
13
172
208
210
238
14
85
125
190
192
15
114
194
198
230
16
65
132
148
210
17
55
125
193
231
18
28
51
162
253
19
54
93
112
234
13
20
103
182
228
21
22
90
134
219
22
47
107
151
212
23
99
132
145
189
24
41
117
145
217
25
31
36
135
183
26
31
115
130
199
26
27
36
102
253
28
86
93
118
121
22
29
81
183
197
30
38
69
209
244
15
31
37
148
250
32
37
52
176
232
33
34
69
219
248
34
52
76
213
231
29
35
67
162
165
5
36
60
157
204
37
42
58
80
198
38
43
62
159
201
39
93
128
156
228
39
40
99
117
249
3
17
41
143
250
42
63
115
131
219
43
47
167
179
235
13
34
44
117
203
41
45
109
129
162
46
69
73
104
197
46
47
53
144
232
47
48
107
115
232
49
142
171
224
244
50
108
116
130
173
34
48
51
66
221
7
52
103
149
215
28
53
139
168
255
54
90
91
146
160
55
62
88
135
209
56
156
165
205
214
12
36
57
70
192
34
58
106
168
200
3
59
95
144
156
60
108
145
186
219
12
61
162
209
225
3
60
62
113
248
63
136
151
173
228
29
38
60
64
87
31
50
65
178
198
66
151
168
229
242
18
67
94
105
193
34
50
68
143
215
46
69
106
117
252
70
97
176
203
233
13
71
227
233
242
72
94
125
224
232
52
53
73
87
119
4
74
94
110
208
22
39
75
90
193
76
150
178
197
244
35
77
176
212
226
36
78
156
161
250
79
87
98
185
202
15
80
153
225
245
29
81
216
224
235
22
82
147
187
201
83
124
142
168
192
52
84
98
183
244
85
158
213
244
255
28
77
86
112
237
22
87
122
189
244
88
135
166
193
209
15
40
89
166
179
43
79
90
121
153
1
91
140
164
199
10
13
92
232
252
93
135
147
165
199
26
94
125
152
156
46
47
77
95
209
34
96
123
231
241
54
66
97
119
225
39
64
98
163
177
0
52
97
99
186
39
59
70
100
123
4
61
101
109
214
89
102
175
195
200
71
94
103
220
245
1
77
79
104
212
8
25
105
228
245
13
90
106
113
251
107
151
228
229
243
56
108
185
193
195
54
78
109
145
183
105
110
144
179
213
32
47
111
190
228
112
159
197
219
224
16
107
113
154
166
28
105
113
114
225
46
47
115
156
249
53
113
116
165
227
21
101
111
117
199
25
118
131
166
183
47
52
85
119
242
3
11
120
163
192
21
121
127
175
247
73
100
122
142
220
4
71
123
151
239
53
60
124
172
215
7
35
125
139
242
20
82
106
126
146
47
127
155
162
163
91
128
142
174
221
10
78
97
129
150
55
120
130
207
235
93
108
131
176
226
37
63
132
158
161
125
133
194
205
246
20
40
134
199
210
87
107
135
174
180
59
70
95
136
242
136
137
158
169
205
138
157
181
241
254
1
119
139
148
210
119
140
201
217
244
97
141
147
180
245
24
27
115
142
234
70
94
143
157
185
6
77
144
146
214
38
58
60
145
157
44
50
53
146
232
11
147
203
238
247
1
15
148
201
232
30
149
155
157
238
87
145
150
206
238
52
87
151
157
180
62
152
190
222
254
55
129
131
153
184
10
37
154
202
206
78
155
174
221
225
81
88
156
207
220
40
54
82
134
157
101
142
158
220
246
70
107
142
159
211
33
59
118
160
175
9
38
123
161
176
14
21
24
162
183
0
11
67
158
163
99
123
127
148
164
17
21
165
230
241
88
104
148
166
217
10
93
104
167
244
101
168
170
195
233
74
80
81
142
169
50
99
170
205
231
70
72
171
229
252
81
124
125
133
172
135
139
173
215
247
94
116
174
225
235
5
147
175
214
248
176
186
199
212
240
0
29
41
91
177
30
103
136
172
178
131
179
199
230
241
31
49
111
121
180
181
208
211
223
229
156
182
192
196
225
41
133
150
183
186
2
40
88
108
184
87
111
152
170
185
61
121
169
186
233
36
72
86
182
187
38
92
180
188
214
86
102
130
189
229
19
79
165
190
217
158
166
177
184
191
49
73
93
192
212
33
118
180
193
199
62
67
154
161
194
52
59
158
195
214
15
18
81
94
196
29
95
137
197
203
71
98
117
161
198
74
104
118
173
199
57
102
200
238
245
68
79
90
130
201
25
63
87
202
220
22
41
53
176
203
42
59
99
121
204
80
114
116
163
205
7
31
46
134
206
14
94
115
150
207
88
102
109
208
214
45
58
172
209
219
102
112
119
175
210
93
117
161
211
240
74
81
179
212
247
114
161
173
174
213
76
103
146
152
214
60
124
166
185
215
90
199
214
216
220
14
42
105
194
217
47
113
129
174
218
124
126
138
151
219
41
67
171
195
220
97
221
228
245
253
37
38
193
222
253
2
24
52
59
223
2
181
182
196
224
96
132
149
162
225
0
87
167
209
226
5
112
175
195
227
16
90
171
181
228
19
106
162
167
229
41
56
126
188
230
4
55
133
231
246
33
46
56
94
232
165
185
212
219
233
78
87
97
202
234
72
103
143
164
235
68
69
85
153
236
90
92
167
188
237
45
86
95
209
238
56
77
102
139
239
75
152
180
190
240
69
84
163
201
241
166
226
233
236
242
0
38
121
240
243
22
94
112
123
244
20
112
167
181
245
112
125
148
213
246
22
50
169
173
247
80
104
153
197
248
72
81
87
221
249
14
103
135
187
250
46
108
187
222
251
0
30
198
248
252
15
103
132
252
253
6
44
187
198
254
2
15
145
225
255
0.001633
0.794756
0.562464
0.939498
0.659418
0.597804
0.122212
0.428722
0.478709
0.654995
0.455398
0.669875
0.858208
0.488754
0.844013
0.015395
0.78365
0.090636
0.789194
0.283262
0.419816
0.714386
0.913486
0.509605
0.154224
0.805544
0.845354
0.113626
0.187205
0.039828
0.882149
0.797635
0.507272
0.710579
0.802829
0.350423
0.262733
0.716524
0.980205
0.740343
0.879776
0.746526
0.479889
0.051542
0.542639
0.330736
0.334697
0.053308
0.321518
0.547181
0.3571
0.352236
0.437189
0.892343
0.944206
0.885012
0.322414
0.848082
0.716665
0.943242
0.454075
0.438535
0.739053
0.876891
0.130021
0.73976
0.432322
0.987734
0.378215
0.225021
0.433342
0.603597
0.426025
0.846089
0.401853
0.615291
0.259937
0.507512
0.269793
0.83842
0.729231
0.639634
0.505866
0.976618
0.772742
0.131539
0.477959
0.786104
0.077776
0.180551
0.91405
0.187979
0.732569
0.504925
0.350852
0.037923
0.521898
0.956388
0.857646
0.276083
0.758251
0.620996
0.867509
0.196052
0.970572
0.31201
0.210274
0.660505
0.128158
0.560123
0.632606
0.839001
0.718772
0.438042
0.960096
0.608638
0.455175
0.326005
0.921139
0.010404
0.887488
0.378518
0.205503
0.917476
0.538281
0.276063
0.662503
0.834759
0.848402
0.144097
0.09647
0.292351
0.572618
0.612542
0.857955
0.408968
0.133907
0.25882
0.445448
0.425594
0.837536
0.261412
0.510733
0.265866
0.519819
0.535416
0.175836
0.578706
0.404732
0.088062
0.509613
0.826136
0.474272
0.107306
0.531468
0.924628
0.573303
0.152252
0.287735
0.725959
0.401431
0.578977
0.563771
0.95128
0.782142
0.485816
0.637407
0.181059
0.660319
0.969972
0.716209
0.684682
0.162295
0.975845
0.262249
0.493169
0.193845
0.340308
0.415345
0.383327
0.97159
0.419567
0.113131
0.610469
0.981376
0.427509
0.808534
0.411836
0.161929
0.700247
0.540284
0.670601
0.100256
0.215423
0.975629
0.757384
0.088684
0.511391
0.080959
0.216135
0.95217
0.303784
0.782348
0.766577
0.859947
0.828589
0.225977
0.148058
0.668047
0.33101
0.758793
0.286046
0.620476
0.158538
0.52727
0.815722
0.085124
0.059803
0.096786
0.34775
0.569014
0.456021
0.288222
0.17666
0.550929
0.574544
0.706256
0.047705
0.91588
0.597309
0.686187
0.232484
0.285086
0.267052
0.469889
0.194287
0.054304
0.421069
0.394979
0.21315
0.963432
0.441334
0.982816
0.29915
0.544704
0.063027
0.050008
0.542894
0.577095
0.839155
0.700179
0.873098
0.656013
0.618289
0.195179
0.206203
0.858814
0.495694
0.950205
0.896607
0.391743
0.198424
0.926498
0.86905
0.541069
0.512644
0.596311
0.766861
0.782113
0.244651
0.287908
0.14341
0.831891
0.24582
0.548437
0.835106
0.952108
0.521958
0.778604
0.88162
0.152497
0.312194
0.975311
0.192846
0.09646
0.832835
0.290983
0.64614
0.211799
0.843281
0.539307
0.358344
0.687059
0.829319
0.569178
0.842096
0.716308
0.102325
0.568301
0.118306
0.081614
0.805938
0.619223
0.00432
0.926206
0.045541
0.173675
0.438036
0.622882
0.152414
0.831576
0.567376
0.77317
0.90467
0.96385
0.067761
0.557621
0.710993
0.874673
0.469379
0.027699
0.669998
0.047742
0.276939
0.771539
0.716233
0.461093
0.862535
0.385334
0.702761
0.823098
0.103798
0.778948
0.169297
0.879204
0.684108
0.451225
0.674407
0.258457
0.017348
0.60467
0.344185
0.271863
0.844713
0.621132
0.545242
0.955672
0.922178
0.682071
0.211957
0.556335
0.066383
0.224714
0.879628
0.117827
0.383255
0.693873
0.508468
0.272972
0.201772
0.15578
0.489436
0.359758
0.644919
0.320479
0.526109
0.328125
0.903505
0.621824
0.467852
0.060853
0.949582
0.985511
0.29083
0.057313
0.242184
0.367296
0.734413
0.216601
0.844229
0.131312
0.312214
0.936912
0.251077
0.902443
0.094826
0.417746
0.406289
0.732521
0.647734
0.083201
0.379884
0.160384
0.884707
0.006599
0.523021
0.691013
0.691336
0.757782
0.527324
0.506412
0.674915
0.256137
0.214024
0.291579
0.398737
0.921425
0.452401
0.940381
0.714898
0.223352
0.54212
0.442406
0.583836
0.663878
0.098433
0.167707
0.560692
0.655322
0.724242
0.069346
0.196819
0.094764
0.203201
0.92245
0.32023
0.005359
0.759182
0.592223
0.508813
0.574209
0.939843
0.675802
0.136165
0.78954
0.321619
0.312085
0.876913
0.654808
0.59987
0.586679
0.871336
0.382156
0.771748
0.479452
0.948199
0.373037
0.456567
0.681578
0.787988
0.179244
0.242777
0.287979
0.574326
0.836527
0.967788
0.712384
0.255298
0.264814
0.319477
0.405635
0.785486
0.665312
0.838597
0.464844
0.881755
0.437706
0.223654
0.244346
0.150193
0.891517
0.458106
0.910984
0.663726
0.267625
0.47058
0.69783
0.910575
0.246693
0.635104
0.11346
0.210924
0.673191
0.137203
0.93577
0.56583
0.243077
0.195617
0.126878
0.228519
0.763745
0.429053
0.694163
0.721498
0.676425
0.218094
0.448441
0.144277
0.338318
0.144698
0.561033
0.831892
0.463728
0.163516
0.625011
0.660791
0.486542
0.109265
0.279496
0.498551
0.245908
0.584913
0.525793
0.965132
0.176812
0.27878
0.08289
0.271581
0.784245
0.430724
0.574402
0.715833
0.28302
0.048958
0.051527
0.487197
0.641351
0.257026
0.261766
0.757694
0.169881
0.894162
0.785532
0.437873
0.795907
0.375915
0.841124
0.457788
0.953343
0.672866
0.249802
0.722144
0.144924
0.963096
0.980869
0.751429
0.891244
0.284549
0.768652
0.950785
0.214465
0.942162
0.989584
0.637984
0.874261
0.367928
0.961035
0.066401
0.481978
0.68208
0.680295
0.480334
0.533138
0.389765
0.749093
0.435387
0.525281
0.683384
0.540407
0.884008
0.690508
0.453001
0.875661
0.662496
0.746374
0.24729
0.882313
0.163824
0.691118
0.468407
0.459002
0.421995
0.706643
0.398309
0.324368
0.993174
0.290736
0.135895
0.903537
0.553162
0.543694
0.009529
0.599352
0.419413
0.143433
0.231372
0.69344
0.651095
0.012899
0.898771
0.452331
0.895581
0.545985
0.82058
0.526468
0.177312
0.489638
0.407826
0.64827
0.479368
0.020842
0.342097
0.508013
0.314362
0.501994
0.235557
0.419237
0.763676
0.493679
0.207387
0.729913
0.86286
0.895488
0.553497
0.64941
0.73586
0.963922
0.751851
0.21281
0.760155
0.274413
0.007355
0.977915
0.922794
0.672304
0.846801
0.284672
0.985481
0.611441
0.084482
0.065796
0.512754
0.18767
0.098621
0.245529
0.833488
0.291216
0.194793
0.848447
0.679776
0.242501
0.213939
0.310262
0.369119
0.561101
0.451487
0.447235
0.081907
0.89187
0.960395
0.364097
0.305417
0.849598
0.04762
0.033199
0.58335
0.326737
0.665237
0.812216
0.791099
0.029749
0.404958
0.550372
0.872822
0.161531
0.895504
0.039712
0.08369
0.852991
0.335557
0.970519
0.715205
0.162701
0.404495
0.872859
0.534311
0.241264
0.36941
0.770789
0.965585
0.312022
0.93776
0.010885
0.072033
0.667572
0.140633
0.440732
0.967504
0.905436
0.617059
0.949984
0.97782
0.782081
0.876933
0.065777
0.407284
0.28051
0.32548
0.740576
0.344296
0.907335
0.892492
0.098989
0.041242
0.223494
0.739716
0.476099
0.159176
0.699888
0.312895
0.409899
0.424987
0.057162
0.986672
0.366085
0.85457
0.756214
0.259558
0.27292
0.639343
0.310106
0.592657
0.305816
0.517727
0.929109
0.744807
0.633965
0.246154
0.684115
0.622323
0.823553
0.771177
0.91868
0.984758
0.355122
0.700827
0.684379
0.006428
0.639191
0.939395
0.348682
0.075718
0.521274
0.576845
0.0501
0.831756
0.642483
0.73372
0.55977
0.977674
0.485469
0.683543
0.163069
0.996174
0.832486
0.984814
0.818325
0.909955
0.816519
0.002119
0.357373
0.439383
0.683338
0.291347
0.664432
0.198078
0.126569
0.940057
0.503651
0.415923
0.453316
0.640575
0.888518
0.441801
0.824501
0.637201
0.380329
0.661355
0.087868
0.545909
0.764574
0.360646
0.748049
0.730764
0.153674
0.357598
0.181348
0.062675
0.529995
0.655242
0.291946
0.626253
0.732229
0.319843
0.271273
0.468332
0.552103
0.139407
0.581598
0.70899
0.14213
0.020399
0.896037
0.808285
0.015923
0.207657
0.861446
0.968497
0.129158
0.585368
0.375029
0.095299
0.521845
0.612325
0.545782
0.505067
0.678929
0.28256
0.759351
0.63868
0.041492
0.076034
0.875751
0.372383
0.536785
0.409853
0.815684
0.614354
0.88113
0.110252
0.704395
0.359672
0.484523
0.21649
0.772438
0.34109
0.438499
0.776064
0.556273
0.482697
0.459542
0.865542
0.10906
0.363996
0.103828
0.683747
0.242326
0.463003
0.106551
0.960622
0.421082
0.799347
0.301052
0.582668
0.179452
0.305653
0.238597
0.427351
0.020558
0.098458
0.754627
0.520044
0.963708
0.757849
0.598149
0.565302
0.635732
0.291623
0.424553
0.418614
0.223147
0.055142
0.150505
0.236214
0.424077
0.626493
0.546477
0.813985
0.428814
0.891176
0.420363
0.325303
0.311487
0.638809
0.075873
0.069781
0.04873
0.868892
0.340359
0.711094
0.829721
0.798191
0.016682
0.036942
0.303089
0.030064
0.954855
0.927136
0.570291
0.321246
0.779076
0.892563
0.223231
0.299053
0.146999
0.471463
0.778717
0.144788
0.352246
0.462715
0.829565
0.420635
0.390233
0.245353
0.34911
0.930618
0.481785
0.198432
0.401526
0.137145
0.670852
0.126286
0.307964
0.170714
0.868896
0.861751
0.325738
0.350023
0.066183
0.876567
0.086951
0.270662
0.583887
0.709798
0.807252
0.922645
0.550311
0.384201
0.411605
0.558872
0.902856
0.933674
0.077804
0.66719
0.653162
0.427736
0.826591
0.098923
0.739998
0.008341
0.355615
0.079826
0.888085
0.988684
0.290147
0.498191
0.161914
0.083339
0.924724
0.624868
0.205888
0.442993
0.655655
0.875046
0.504479
0.387993
0.371488
0.478243
0.554708
0.664899
0.006569
0.72001
0.092137
0.699453
0.516994
0.822718
0.035056
0.698535
0.011334
0.010829
0.463557
0.201967
0.651753
0.925355
0.375916
0.929695
0.796809
0.099946
0.810989
0.7219
0.520019
0.476776
0.402205
0.841084
0.191073
0.008178
0.216322
0.571125
0.84919
0.26289
0.56552
0.421824
0.066067
0.726242
0.98712
0.799579
0.619533
0.321076
0.243441
0.330228
0.222197
0.487988
0.02817
0.117735
0.984062
0.051043
0.166912
0.558547
0.019281
0.938284
0.340578
0.312471
0.354632
0.924063
0.2532
0.274795
0.75512
0.518061
0.01936
0.027114
0.241355
0.44503
0.914166
0.066313
0.857553
0.775804
0.876477
0.405553
0.341306
0.032903
0.979725
0.727485
0.396721
0.469832
0.002346
0.163668
0.934733
0.937009
0.193726
0.722719
0.533826
0.39132
0.009037
0.266848
0.859478
0.119417
0.309853
0.713126
0.418173
0.98702
0.72758
0.448336
0.273329
0.915083
0.509237
0.935662
0.199291
0.724569
0.210884
0.178098
0.249535
0.973547
0.510113
0.985704
0.938652
0.032597
0.5976
0.054464
0.783573
0.118391
0.77433
0.398748
0.909377
0.408865
0.963521
0.98685
0.250804
0.634309
0.315276
0.09804
0.780191
0.445006
0.470122
0.599337
0.060032
0.530021
0.963905
0.049107
0.289968
0.737447
0.286781
0.422387
0.733065
0.291636
0.382217
0.850424
0.475237
0.926412
0.416152
0.186047
0.7778
0.285623
0.721949
0.587598
0.335307
0.26797
0.203554
0.346192
0.410673
0.488929
0.958627
0.222612
0.954699
0.779436
0.217804
0.332885
0.270028
0.058071
0.108598
0.203062
0.146899
0.62763
0.397437
0.063817
0.216452
0.04803
0.066377
0.838785
0.487591
0.032405
0.166695
0.621547
0.738624
0.641065
0.438764
0.825709
0.345171
0.717779
0.810968
0.42035
0.751236
0.969237
0.69613
0.965816
0.43368
0.352899
0.115799
0.596352
0.642583
0.433355
0.541715
0.684793
0.693844
0.487225
0.360762
0.288673
0.73786
0.042302
0.916679
0.005241
0.201103
0.052134
0.302729
0.004554
0.621336
0.857339
0.585863
0.290777
0.423382
0.080342
0.02966
0.148308
0.686376
0.69035
0.937655
0.958957
0.95292
0.35919
0.400291
0.792348
0.363876
0.460421
0.219199
0.051308
0.920308
0.224016
0.169052
0.92426
0.548576
0.961897
0.787807
0.569404
0.993296
0.467832
0.746816
0.631853
0.688392
0.920926
0.640323
0.071391
0.433364
0.5334
0.692925
0.634706
0.045034
0.540452
0.448222
0.102114
0.55263
0.723009
0.880947
0.154575
0.290498
0.327372
0.050948
0.50084
0.956588
0.918863
0.763509
0.187249
0.272923
0.327116
0.525286
0.806278
0.255674
0.949626
0.082038
0.879408
0.756465
0.284035
0.465241
0.018746
0.476003
0.777082
0.684398
0.553304
0.302566
0.215016
0.253639
0.362026
0.264333
0.444811
0.25922
0.861195
0.137944
0.236762
0.143316
0.52835
0.121052
0.974713
0.666899
0.367905
0.016209
0.331875
0.167438
0.494339
0.292021
0.199506
0.393866
0.215722
0.033699
0.515216
0.534471
0.949099
0.348114
0.302834
0.172921
0.872768
0.592798
0.731963
0.19241
0.538287
0.460458
0.518626
0.378183
0.468116
0.829366
0.292283
0.688254
0.117236
0.348178
0.255795
0.893019
0.493868
0.165125
0.901469
0.22177
0.322196
0.010318
0.967529
0.898028
0.471014
0.087321
0.502936
0.56325
0.414818
0.966175
0.443852
0.438514
0.660145
0.229391
0.586394
0.335395
0.37907
0.71087
0.438429
0.884074
0.226289
0.453041
0.685346
0.198172
0.639547
0.657075
0.963188
0.470909
0.220151
0.141964
0.046757
0.116017
0.377499
0.325902
0.663825
0.656614
0.885922
0.557436
0.917093
0.516285
0.730202
0.488244
0.281515
0.269211
0.18265
0.604834
0.504213
0.089159
0.104182
0.360909
0.805796
0.537111
0.417174
0.483125
0.123579
0.404222
0.177178
0.977787
0.252971
0.143307
0.968075
0.500925
0.477393
0.264582
0.013983
0.715469
0.477685
0.237013
0.027025
0.99228
0.061583
0.873486
0.924034
0.45336
0.959399
0.407287
0.951159
0.94482
0.345806
0.09388
0.289637
0.202895
0.793559
0.70957
0.560191
0.246906
0.619802
0.992624
0.503327
0.228771
0.900511
0.554468
0.565059
0.878896
0.417929
0.519741
0.210008
0.541084
0.731401
0.297651
0.826581
0.774195
0.672028
0.45543
0.383613
0.217012
0.881637
0.821023
0.097561
0.643622
0.885447
0.402816
0.105164
0.338798
0.739084
0.697908
0.843673
0.090737
0.268653
0.523946
0.88476
0.750494
0.193891
0.222444
0.586611
0.264958
0.056926
0.577873
0.165336
0.395952
0.348178
0.540275
0.164656
0.325158
0.94928
0.477024
0.36895
0.288294
0.994606
0.304119
0.676258
0.278176
0.302441
0.195172
0.339806
0.331822
0.014006
0.347897
0.340679
0.425725
0.402851
0.746381
0.329256
0.942044
0.927725
0.510603
0.935752
0.698472
0.083711
0.824853
0.156309
0.361884
0.955145
0.3778
0.531126
0.866534
0.964828
0.752112
0.112763
0.316646
0.583361
0.453541
0.316773
0.749524
0.422675
0.928109
0.70887
0.442986
0.639374
0.792182
0.304927
0.64591
0.399946
0.956484
0.691799
0.287427
0.617311
0.13058
0.76495
0.158336
0.071992
0.068728
0.67055
0.826498
0.381619
0.346188
0.499466
0.88276
0.299698
0.58902
0.32348
0.729109
0.815435
0.091786
0.275317
0.622042
0.55642
0.566283
0.757882
0.935937
0.767635
0.216164
0.094985
0.705239
0.354686
0.269595
0.323155
0.086485
0.483556
0.869835
0.976136
0.960738
0.185943
0.980932
0.886544
0.810371
0.143316
0.838428
0.082867
0.049587
0.709291
0.687812
0.905156
0.658367
0.919942
0.155187
0.515991
0.098784
0.077475
0.958444
0.083511
0.770703
0.398554
0.783898
0.634386
0.833579
0.165412
0.431416
0.657872
0.616912
0.875404
0.731972
0.710101
0.152309
0.935278
0.076068
0.710796
0.516742
0.88823
0.514606
0.628147
0.65076
0.026954
0.114791
0.396296
0.884736
0.439782
0.569398
0.290892
0.711401
0.892996
0.160094
0.097577
0.573709
0.452782
0.608524
0.503319
0.220263
0.376583
0.660635
0.611437
0.370023
0.118122
0.611634
0.089113
0.916844
0.107971
0.748038
0.572835
0.45256
0.647366
0.587969
0.13241
0.246972
0.63571
0.740739
0.263954
0.120431
0.265143
0.77498
0.409643
0.965779
0.640596
0.947485
0.965695
0.386561
0.220962
0.849899
0.758896
0.690027
0.399898
0.721042
0.629627
0.416683
0.549591
0.054503
0.988245
0.412211
0.663607
0.374948
0.232868
0.551752
0.501778
0.7619
0.691401
0.776374
0.516294
0.42714
0.353729
0.597651
0.570503
0.561143
0.566948
0.311197
0.069594
0.543832
0.026767
0.058348
0.063315
0.996263
0.787501
0.02589
0.143861
0.39202
0.715204
0.669454
0.819074
0.310233
0.610118
0.674922
0.921373
0.701673
0.131664
0.327767
0.019122
0.928709
0.583502
0.7934
0.865643
0.794442
0.827413
0.97215
0.235967
0.127917
0.373684
0.506025
0.832482
0.173503
0.589875
0.663459
0.347221
0.34655
0.353027
0.699892
0.848124
0.820921
0.112608
0.873765
0.931057
0.98528
0.919237
0.030984
0.296523
0.146635
0.281298
0.277613
0.427911
0.08173
0.200989
0.605702
0.457485
0.961447
0.450195
0.983817
0.079465
0.300444
0.692633
0.910156
0.619233
0.612079
0.758986
0.634882
0.117011
0.569738
0.950916
0.390731
0.597701
0.75148
0.755127
0.723374
0.038971
0.981395
0.474544
0.964966
0.346632
0.628411
0.373612
0.459743
0.345106
0.212399
0.739267
0.467263
0.078902
0.559041
0.275726
0.276317
0.697962
0.101729
0.451781
0.109622
0.587545
0.130252
0.305313
0.931829
0.574892
0.450949
0.109254
0.03709
0.489585
0.964042
0.613148
0.38905
0.308333
0.225239
0.844736
0.433441
0.022149
0.278823
0.827689
0.438075
0.105026
0.134607
0.419246
0.588816
0.909476
0.849001
0.042506
0.58508
0.485204
0.335231
0.408973
0.749258
0.187108
0.828524
0.098404
0.257203
0.89657
0.273927
0.12836
0.725619
0.56855
0.776606
0.82424
0.53108
0.12345
0.645592
0.686658
0.590902
0.350572
0.818238
0.467862
0.422015
0.665101
0.94659
0.3103
0.259707
0.868821
0.451514
0.984368
0.3172
0.498712
0.437746
0.331134
0.231609
0.329588
0.522553
0.91581
0.81786
0.546672
0.846081
0.061731
0.875157
0.159802
0.047911
0.540976
0.11561
0.937319
0.002646
0.562971
0.123275
0.94722
0.632843
0.4657
0.920958
0.554752
0.973444
0.80569
0.481749
0.271394
0.878534
0.511672
0.50601
0.823457
0.41596
0.517313
0.574512
0.726955
0.129399
0.08175
0.844726
0.677482
0.711488
0.840822
0.569167
0.706868
0.647964
0.578576
0.021851
0.360888
0.034777
0.870716
0.063028
0.419519
0.237256
0.061728
0.902044
0.207938
0.718605
0.829719
0.241914
0.557396
0.288182
0.796131
0.515067
0.319059
0.853442
0.764804
0.264653
0.698686
0.471637
0.84174
0.344076
0.034442
0.354463
0.205964
0.972351
0.457076
0.730282
0.038714
0.325001
0.285108
0.719954
0.789554
0.244734
0.483435
0.628597
0.333421
0.774812
0.830243
0.196113
0.392445
0.457824
0.470891
0.392135
0.296762
0.258653
0.41792
0.132602
0.505972
0.368395
0.995409
0.1176
0.809988
0.518759
0.762407
0.464243
0.171729
0.042076
0.199707
0.436695
0.094686
0.008507
0.152686
0.284939
0.726775
0.703032
0.502394
0.211544
0.658818
0.95404
0.102607
0.412108
0.653716
0.338701
0.685759
0.903681
0.242697
0.81526
0.234057
0.161902
0.062881
0.498484
0.220632
0.783709
0.355753
0.3125
0.59376
0.583472
0.453274
0.779495
0.585336
0.660813
0.562219
0.450841
0.355163
0.632793
0.534001
0.809563
0.195871
0.523414
0.111383
0.45875
0.306469
0.758845
0.548801
0.625862
0.983646
0.464557
0.686523
0.60141
0.198098
0.571781
0.845569
0.198745
0.440722
0.435076
0.441569
0.636702
0.790435
0.894245
0.739979
0.785663
0.780647
0.345764
0.63946
0.967935
0.859193
0.072099
0.880858
0.03772
0.918062
0.581454
0.235706
0.197936
0.055443
0.408886
0.756722
0.397883
0.347596
0.353635
0.231772
0.563614
0.228056
0.19597
0.178678
0.593814
0.428239
0.951337
0.37507
0.923818
0.300569
0.910064
0.978446
0.214582
0.414942
0.310921
0.45813
0.550308
0.504811
0.960363
0.404894
0.16298
0.262239
0.914305
0.558623
0.268114
0.005397
0.653821
0.478766
0.45684
0.04566
0.567344
0.82143
0.952304
0.653305
0.780285
0.894588
0.174108
0.490475
0.202532
0.310604
0.865549
0.994982
0.927233
0.419485
0.309274
0.716728
0.875052
0.317244
0.068972
0.15828
0.091326
0.320695
0.829889
0.654227
0.146947
0.244269
0.590522
0.266041
0.543675
0.710344
0.856456
0.660916
0.909645
0.005904
0.399447
0.069624
0.194132
0.234356
0.317079
0.675209
0.263989
0.046869
0.441468
0.009767
0.048468
0.75847
0.634006
0.073618
0.030029
0.854627
0.032194
0.568932
0.605261
0.494181
0.063828
0.304019
0.303265
0.412491
0.051825
0.354483
0.164225
0.76269
0.816132
0.600872
0.23484
0.812684
0.443336
0.07793
0.995591
0.61798
0.857707
0.725987
0.84729
0.029049
0.009852
0.380148
0.206024
0.405468
0.296498
0.036396
0.309319
0.778787
0.105792
0.030719
0.167097
0.766142
0.843219
0.349938
0.277576
0.877472
0.057439
0.674706
0.083401
0.023666
0.165709
0.643179
0.165828
0.870746
0.10111
0.109876
0.839909
0.216056
0.671293
0.014518
0.608583
0.548489
0.431698
0.779898
0.517442
0.741262
0.677161
0.601219
0.402859
0.949713
0.802128
0.161651
0.540492
0.359839
0.948664
0.75219
0.434714
0.276598
0.545415
0.885201
0.04498
0.060394
0.058614
0.670395
0.91867
0.785745
0.310501
0.509751
0.228934
0.456607
0.784164
0.179867
0.386945
0.43486
0.171437
0.805297
0.202338
0.361788
0.918718
0.951399
0.562145
0.54941
0.828248
0.228274
0.012159
0.124004
0.971384
0.361746
0.875239
0.475942
0.379721
0.134071
0.562663
0.601292
0.61483
0.99276
0.073594
0.071186
0.741339
0.125432
0.868708
0.282859
0.392102
0.396546
0.239294
0.882877
0.619004
0.79026
0.640486
0.177984
0.314984
0.02263
0.649623
0.13681
0.391128
0.880715
0.52031
0.528194
0.004714
0.185474
0.731934
0.093876
0.316607
0.494721
0.826686
0.041706
0.283369
0.966405
0.530676
0.880142
0.406671
0.707786
0.364074
0.90477
0.798883
0.978217
0.192598
0.99997
0.411955
0.40063
0.490329
0.02575
0.862852
0.46483
0.038997
0.163443
0.521664
0.750675
0.96936
0.617598
0.041473
0.257465
0.106623
0.67108
0.222359
0.002693
0.367883
0.924865
0.210897
0.781979
0.037695
0.125077
0.75895
0.890985
0.646851
0.6376
0.715961
0.416899
0.141407
0.853436
0.480514
0.20157
0.416277
0.883801
0.412856
0.24188
0.747663
0.844427
0.867826
0.660091
0.224812
0.978865
0.968903
0.45234
0.799553
0.315694
0.614265
0.666331
0.136975
0.094142
0.125726
0.161891
0.037023
0.356851
0.016159
0.790452
0.234845
0.797885
0.200729
0.205187
0.186194
0.420752
0.798255
0.431891
0.676227
0.392713
0.123957
0.395379
0.208518
0.602739
0.107681
0.307213
0.689879
0.271609
0.7032
0.232545
0.25027
0.517242
0.233649
0.350245
0.010807
0.181598
0.489542
0.713254
0.599207
0.293219
0.757272
0.90037
0.589776
0.561122
0.199117
0.482002
0.928217
0.97844
0.800959
0.021788
0.329052
0.818421
0.182589
0.863696
0.144324
0.618941
0.110834
0.385702
0.527466
0.346746
0.716653
0.269789
0.199802
0.028388
0.364075
0.244896
0.281312
0.222869
0.549316
0.715173
0.296227
0.229375
0.066417
0.146729
0.922314
0.560397
0.796015
0.910194
0.666929
0.523392
0.015606
0.57923
0.447782
0.677624
0.568957
0.206481
0.236817
0.480803
0.469588
0.81418
0.334461
0.86463
0.86631
0.152624
0.552663
0.302681
0.759007
0.639851
0.678094
0.417085
0.610769
0.722025
0.993528
0.56704
0.160133
0.51813
0.61336
0.864882
0.334832
0.136849
0.547231
0.993662
0.99619
0.194587
0.802276
0.845869
0.742153
0.48428
0.146985
0.308989
0.1056
0.885151
0.522537
0.010207
0.476271
0.386578
0.141205
0.570774
0.938847
0.152864
0.213238
0.269205
0.295614
0.477888
0.141532
0.765054
0.113912
0.934929
0.72155
0.968757
0.807315
0.436131
0.457734
0.863327
0.639937
0.321504
0.292779
0.503556
0.29652
0.871369
0.257646
0.396027
0.083759
0.307248
0.27559
0.073014
0.315858
0.073633
0.591388
0.64335
0.072019
0.328004
0.614003
0.506108
0.839964
0.957147
0.673452
0.311632
0.114798
0.379305
0.709878
0.44292
0.628101
0.494859
0.297363
0.044901
0.166047
0.666683
0.755931
0.121598
0.877156
0.475053
0.434584
0.304871
0.752428
0.588205
0.95124
0.567953
0.568711
0.908123
0.519112
0.412445
0.542048
0.659578
0.219302
0.91614
0.124818
0.065924
0.312849
0.425371
0.252384
0.36349
0.378484
0.850429
0.731699
0.572916
0.506154
0.884681
0.467559
0.670193
0.095007
0.858395
0.199219
0.82199
0.132876
0.629526
0.757681
0.522423
0.292006
0.385531
0.23507
0.517226
0.965052
0.413635
0.787974
0.798533
0.358208
0.923714
0.117389
0.277385
0.334655
0.241067
0.590576
0.762689
0.969996
0.820558
0.736909
0.270415
0.764453
0.556126
0.964592
0.272989
0.752324
0.867222
0.53468
0.988419
0.70215
0.283595
0.950436
0.719281
0.298388
0.187301
0.680963
0.39647
0.898092
0.150575
0.745672
0.340345
0.498601
0.919736
0.034572
0.699083
0.355742
0.40817
0.198961
0.169511
0.641856
0.341882
0.971223
0.165887
0.593002
0.486601
0.994151
0.629186
0.934772
0.923443
0.380422
0.067573
0.320696
0.585167
0.987532
0.861592
0.362093
0.767479
0.71013
0.808092
0.884542
0.640912
0.339799
0.104296
0.366285
0.359842
0.858683
0.609703
0.705005
0.778597
0.789223
0.77129
0.95423
0.215916
0.249503
0.661977
0.956701
0.538485
0.609868
0.712513
0.448497
0.166319
0.554301
0.117307
0.240792
0.526391
0.112073
0.838359
0.624928
0.302294
0.219336
0.65292
0.690247
0.503966
0.186144
0.735101
0.606154
0.189041
0.662572
0.504985
0.87442
0.874626
0.485224
0.307505
0.244751
0.159465
0.961287
0.555831
0.057428
0.074408
0.016267
0.599726
0.179887
0.450863
0.228747
0.25574
0.963022
0.264772
0.663767
0.714304
0.455049
0.134683
0.091399
0.436752
0.138863
0.479309
0.722701
0.617206
0.324408
0.471095
0.95353
0.74566
0.715795
0.812781
0.992482
0.019691
0.499941
0.721191
0.814161
0.83639
0.184786
0.21132
0.325579
0.838639
0.946377
0.425638
0.33761
0.120893
0.594495
0.104322
0.588153
0.748165
0.762971
0.955182
0.708174
0.736965
0.388503
0.252918
0.51041
0.509242
0.828698
0.847523
0.299089
0.022148
0.497651
0.20518
0.041259
0.416744
0.788178
0.434247
0.782631
0.817567
0.531895
0.44013
0.160253
0.146105
0.313863
0.775834
0.8972
0.666108
0.262541
0.998105
0.091404
0.084043
0.675093
0.075951
0.077762
0.955728
0.479818
0.017184
0.797183
0.167907
0.531589
0.435026
0.988204
0.218076
0.951474
0.41395
0.625709
0.511106
0.161453
0.662728
0.593156
0.925172
0.320123
0.667815
0.12908
0.896591
0.936604
0.512566
0.162853
0.594401
0.018223
0.186843
0.556934
0.780259
0.671732
0.461317
0.400923
0.228622
0.850612
0.763471
0.959873
0.845747
0.864733
0.043279
0.355222
0.274058
0.888866
0.699474
0.39854
0.016068
0.115702
0.756045
0.345899
0.428566
0.84991
0.0824
0.514887
0.243285
0.171327
0.831791
0.988835
0.270101
0.215739
0.440376
0.783854
0.342502
0.581887
0.654647
0.699525
0.938817
0.382885
0.216783
0.410191
0.75511
0.506682
0.700816
0.146085
0.942094
0.585213
0.615098
0.202839
0.652525
0.06191
0.953047
0.735486
0.498914
0.616046
0.507276
0.666039
0.248782
0.177502
0.657424
0.045233
0.041335
0.542165
0.754596
0.407484
0.053604
0.941369
0.860391
0.515395
0.872294
0.798626
0.228193
0.588077
0.998026
0.495848
0.201859
0.17936
0.9138
0.697413
0.624996
0.18873
0.611372
0.041572
0.362685
0.928716
0.912167
0.539145
0.840677
0.965112
0.351551
0.708029
0.923474
0.669066
0.918469
0.087925
0.297211
0.341515
0.583952
0.989511
0.194633
0.937484
0.879166
0.792968
0.706831
0.222583
0.264715
0.690356
0.923965
0.443161
0.459632
0.583455
0.12692
0.128322
0.312355
0.309756
0.972016
0.99289
0.466969
0.092784
0.949637
0.405321
0.841412
0.060984
0.235179
0.342947
0.736858
0.082332
0.855361
0.010394
0.454743
0.405148
0.074466
0.90528
0.272961
0.792824
0.523325
0.12756
0.877371
0.161469
0.407806
0.022515
0.163904
0.590635
0.827884
0.76301
0.461042
0.587317
0.595156
0.82385
0.827792
0.255328
0.243372
0.27782
0.497628
0.192488
0.125674
0.476652
0.162442
0.439884
0.222957
0.968831
0.627225
0.11444
0.538997
0.489182
0.771986
0.037362
0.27076
0.003023
0.367571
0.097901
0.361546
0.908628
0.078866
0.673292
0.30901
0.806387
0.192406
0.784751
0.170763
0.523609
0.853227
0.155203
0.855287
0.239305
0.119454
0.789895
0.395042
0.168043
0.843787
0.522888
0.440588
0.128192
0.972041
0.726639
0.326528
0.147302
0.637169
0.557112
0.161955
0.707299
0.969372
0.017445
0.547296
0.124536
0.991264
0.488187
0.002563
0.163735
0.836569
0.212035
0.536251
0.577725
0.902381
0.40262
0.577679
0.158516
0.362313
0.138983
0.670045
0.484546
0.506213
0.139103
0.871922
0.886234
0.839474
0.131856
0.220921
0.686777
0.06174
0.768195
0.174104
0.672912
0.115763
0.018375
0.979834
0.357495
0.80086
0.901986
0.176993
0.454547
0.831106
0.86084
0.810066
0.553361
0.043517
0.598926
0.881751
0.26994
0.740593
0.404992
0.90852
0.16929
0.147617
0.744057
0.632316
0.389581
0.013898
0.660271
0.577909
0.234558
0.267103
0.103088
0.405756
0.32061
0.160327
0.663036
0.295598
0.521441
0.621576
0.858556
0.627214
0.239203
0.427394
0.627061
0.627172
0.36205
0.657191
0.090281
0.178333
0.500807
0.499632
0.735287
0.68131
0.735401
0.442836
0.888132
0.325586
0.679578
0.999594
0.103461
0.370069
0.340143
0.92698
0.877086
0.0725
0.347002
0.770117
0.469407
0.266875
0.765051
0.131379
0.751686
0.31425
0.744599
0.146621
0.525552
0.984792
0.01468
0.813181
0.410643
0.024589
0.774168
0.007014
0.558638
0.972364
0.610921
0.128731
0.827086
0.036699
0.090444
0.7428
0.866249
0.981216
0.362762
0.855549
0.01167
0.160167
0.725327
0.801145
0.148894
0.807045
0.308545
0.87981
0.379568
0.393935
0.601936
0.208977
0.915237
0.144351
0.63586
0.801759
0.324963
0.070298
0.158487
0.414924
0.556663
0.193432
0.278119
0.486464
0.008865
0.71213
0.480729
0.627117
0.635988
0.771966
0.332795
0.015388
0.775165
0.221832
0.206454
0.158175
0.745246
0.711844
0.499856
0.638177
0.59832
0.362195
0.386812
0.015193
0.766986
0.936642
0.453437
0.406221
0.284848
0.486729
0.697071
0.983674
0.055929
0.922429
0.080381
0.791842
0.352595
0.235947
0.152485
0.449838
0.948859
0.713046
0.293686
0.223227
0.696563
0.011188
0.271872
0.593271
0.779637
0.337237
0.042339
0.325071
0.102531
0.117498
0.149207
0.416916
0.98309
0.201785
0.586652
0.364051
0.443177
0.528398
0.570682
0.971363
0.774814
0.124532
0.142592
0.767803
0.72084
0.071093
0.8836
0.731787
0.579326
0.290007
0.149645
0.968713
0.415266
0.777499
0.459878
0.342485
0.597077
0.419651
0.982356
0.702701
0.594721
0.968308
0.964555
0.107773
0.035726
0.415455
0.520335
0.415195
0.300201
0.204524
0.735806
0.666373
0.217693
0.154486
0.106702
0.109381
0.168793
0.036015
0.412888
0.34559
0.108254
0.851242
0.119818
0.98811
0.325278
0.58101
0.100085
0.406149
0.896241
0.097017
0.371242
0.653139
0.282149
0.545689
0.842249
0.134486
0.15021
0.000553
0.179597
0.904341
0.009967
0.133577
0.974145
0.412394
0.467051
0.469965
0.651385
0.881221
0.246062
0.571505
0.520523
0.901682
0.115606
0.526427
0.680771
0.51909
0.076472
0.982553
0.658404
0.606882
0.390803
0.78632
0.856041
0.755668
0.017353
0.499617
0.621
0.08232
0.611485
0.478733
0.038381
0.959435
0.969203
0.463071
0.039092
0.119733
0.669849
0.712603
0.027192
0.498378
0.867277
0.609689
0.403767
0.640626
0.522077
0.9127
0.493894
0.547216
0.454103
0.504367
0.361082
0.781103
0.520886
0.304914
0.655353
0.065672
0.066847
0.5221
0.406809
0.90165
0.909476
0.807414
0.18364
0.361447
0.543532
0.178256
0.865974
0.620514
0.265428
0.545062
0.69335
0.685381
0.676309
0.195834
0.783931
0.832637
0.060499
0.283614
0.83883
0.191106
0.189828
0.373976
0.850225
0.181575
0.184961
0.968219
0.130055
0.246681
0.38148
0.386296
0.670801
0.975559
0.868471
0.572209
0.040788
0.99846
0.159682
0.767684
0.431153
0.011157
0.925479
0.91138
0.742547
0.24099
0.679324
0.574198
0.609196
0.960455
0.007319
0.407489
0.037031
0.315721
0.152881
0.149042
0.834993
0.175493
0.834236
0.96046
0.08572
0.475657
0.970525
0.650031
0.837301
0.739256
0.642092
0.41342
0.323201
0.493107
0.701543
0.95786
0.258873
0.296452
0.864946
0.913964
0.386521
0.082825
0.977843
0.965847
0.813673
0.124756
0.019263
0.284522
0.873257
0.483691
0.564305
0.589423
0.425771
0.464593
0.398294
0.762253
0.437446
0.805764
0.06363
0.900051
0.234986
0.683817
0.463724
0.079259
0.527764
0.827098
0.953623
0.204043
0.610117
0.455358
0.846062
0.381321
0.735901
0.830117
0.322387
0.858623
0.442518
0.521734
0.586357
0.823496
0.485025
0.948846
0.527025
0.533192
0.509438
0.205799
0.043744
0.439522
0.386849
0.46575
0.02063
0.297279
0.819922
0.765154
0.093175
0.214664
0.759234
0.64222
0.235881
0.261411
0.714263
0.974482
0.6171
0.145303
0.898386
0.618684
0.393226
0.545902
0.801615
0.591929
0.498624
0.042002
0.089828
0.091474
0.14982
0.797157
0.941254
0.590186
0.468423
0.107807
0.518964
0.135025
0.074746
0.344545
0.224148
0.105032
0.885977
0.793089
0.549698
0.353753
0.448692
0.702738
0.791019
0.694095
0.359683
0.465913
0.005819
0.082143
0.332349
0.607095
0.030165
0.997396
0.174747
0.52877
0.285501
0.410611
0.322486
0.621953
0.863603
0.066951
0.173616
0.481383
0.559211
0.11664
0.394799
0.956886
0.082488
0.914866
0.830137
0.626724
0.32482
0.236818
0.09184
0.38553
0.360594
0.520949
0.170641
0.15495
0.677116
0.840022
0.342273
0.077373
0.810822
0.010677
0.098804
0.46261
0.217074
0.771551
0.864642
0.909664
0.137411
0.508988
0.482304
0.503303
0.819567
0.155237
0.331801
0.196413
0.76352
0.96649
0.144119
0.260898
0.907394
0.594202
0.298824
0.918798
0.532003
0.914328
0.332669
0.029929
0.178398
0.10451
0.747249
0.969461
0.605046
0.400214
0.610257
0.09725
0.251615
0.539795
0.793654
0.759599
0.971264
0.669237
0.912328
0.111085
0.059246
0.44182
0.704213
0.697212
0.39904
0.466798
0.131854
0.915246
0.1067
0.22494
0.210732
0.015168
0.062709
0.577981
0.97885
0.402572
0.220883
0.204639
0.692111
0.916966
0.783281
0.142575
0.443931
0.58454
0.02362
0.197372
0.136802
0.105074
0.608488
0.430482
0.973215
0.604129
0.509724
0.053367
0.309201
0.563604
0.077714
0.439345
0.393144
0.627584
0.034782
0.572833
0.361947
0.269556
0.926892
0.314284
0.387677
0.079328
0.307581
0.102467
0.927577
0.868608
0.849329
0.039145
0.256407
0.512888
0.161733
0.91084
0.669758
0.251205
0.220201
0.904958
0.718539
0.144796
0.661009
0.538497
0.493022
0.44855
0.099652
0.589724
0.440896
0.225402
0.155165
0.199579
0.529144
0.850428
0.763551
0.980907
0.25931
0.635782
0.862503
0.806689
0.075306
0.020738
0.737283
0.808023
0.669143
0.168419
0.623576
0.750801
0.784068
0.10258
0.201609
0.242279
0.103674
0.378238
0.491777
0.402601
0.741767
0.976194
0.851616
0.901139
0.707206
0.890889
0.658958
0.433207
0.165364
0.063382
0.786649
0.564665
0.051202
0.177834
0.719693
0.158142
0.563114
0.539371
0.183049
0.846364
0.796375
0.513312
0.458446
0.442356
0.760469
0.479604
0.177825
0.091399
0.327134
0.954278
0.448329
0.460788
0.397199
0.030298
0.745065
0.572952
0.018799
0.092115
0.588036
0.196208
0.486559
0.946345
0.834273
0.331139
0.556535
0.820152
0.778472
0.986175
0.394275
0.35816
0.142985
0.126301
0.340892
0.423949
0.378538
0.754832
0.443675
0.13087
0.295376
0.278051
0.226316
0.579698
0.871195
0.237693
0.422839
0.303764
0.188933
0.855102
0.866993
0.123644
0.367521
0.764654
0.055034
0.386595
0.756696
0.545645
0.04649
0.980983
0.374761
0.252672
0.361358
0.860816
0.756827
0.5419
0.794483
0.878207
0.92444
0.991915
0.597022
0.692953
0.434693
0.120019
0.443737
0.287443
0.536365
0.534632
0.909976
0.644448
0.778442
0.309871
0.663827
0.658235
0.098985
0.581654
0.750284
0.179662
0.85034
0.622647
0.196212
0.938741
0.482505
0.416938
0.072866
0.688624
0.773275
0.899211
0.937434
0.527852
0.717779
0.174242
0.729249
0.841109
0.069763
0.784804
0.343363
0.388158
0.429088
0.672542
0.856138
0.86132
0.588032
0.402339
0.645565
0.640775
0.09255
0.741866
0.374533
0.435798
0.124269
0.76789
0.844009
0.002115
0.420095
0.57738
0.164318
0.615696
0.555754
0.68936
0.849344
0.379807
0.434796
0.405733
0.399972
0.175647
0.627408
0.625046
0.14496
0.988677
0.736298
0.294838
0.848734
0.767647
0.081229
0.8373
0.445058
0.799475
0.992034
0.076586
0.252575
0.065553
0.666824
0.738028
0.209253
0.075357
0.440955
0.990881
0.621326
0.984595
0.7593
0.131002
0.424029
0.402289
0.959989
0.445059
0.847859
0.756356
0.958012
0.319129
0.91309
0.48135
0.147673
0.095128
0.649328
0.578861
0.686971
0.624358
0.317344
0.419622
0.188052
0.781432
0.922243
0.422448
0.66009
0.195348
0.035642
0.850227
0.982451
0.438111
0.684033
0.064326
0.291872
0.566735
0.106869
0.805402
0.902179
0.624202
0.979102
0.446936
0.684536
0.77189
0.588496
0.932476
0.265651
0.651989
0.165126
0.051484
0.591909
0.382184
0.388111
0.607356
0.447685
0.079712
0.661495
0.561656
0.898786
0.222674
0.564319
0.483481
0.286038
0.455583
0.543793
0.522635
0.259001
0.436329
0.595817
0.788023
0.805033
0.059279
0.680803
0.832946
0.510684
0.12223
0.525527
0.847814
0.928893
0.795037
0.396143
0.300498
0.55787
0.232828
0.95694
0.836203
0.689532
0.200458
0.775826
0.444859
0.615926
0.413206
0.117081
0.613589
0.167731
0.940021
0.506187
0.328525
0.479548
0.080988
0.71341
0.502088
0.438806
0.699908
0.38441
0.801647
0.405709
0.892973
0.913018
0.109409
0.661254
0.361282
0.220713
0.922097
0.899017
0.991099
0.737969
0.003865
0.014718
0.90133
0.37884
0.219983
0.898221
0.547981
0.512319
0.157065
0.978301
0.180658
0.497853
0.542168
0.64729
0.729639
0.5569
0.234528
0.850158
0.176155
0.257099
0.737752
0.614893
0.020464
0.955935
0.333541
0.064352
0.899099
0.44601
0.335808
0.42407
0.108375
0.540319
0.122858
0.444366
0.067737
0.71596
0.576308
0.504807
0.775201
0.517545
0.984399
0.978827
0.378138
0.666371
0.099766
0.732062
0.628894
0.141017
0.156328
0.884979
0.627729
0.75179
0.503568
0.651938
0.180071
0.51146
0.409133
0.508743
0.3323
0.056578
0.410477
0.592589
0.187033
0.953624
0.142617
0.485114
0.602332
0.540029
0.456101
0.713497
0.666956
0.852967
0.888564
0.068243
0.166798
0.10224
0.668223
0.029192
0.032719
0.175153
0.041691
0.837729
0.603324
0.165383
0.551794
0.023062
0.750588
0.498751
0.837012
0.24732
0.412161
0.536009
0.021344
0.670846
0.859887
0.276994
0.233414
0.837421
0.410637
0.934261
0.381429
0.804154
0.882446
0.191711
0.682344
0.631058
0.218253
0.016713
0.348892
0.305258
0.432752
0.653884
0.716396
0.768827
0.853424
0.283768
0.888457
0.175414
0.191393
0.363996
0.421015
0.374052
0.734312
0.448799
0.314644
0.814519
0.538926
0.571095
0.572776
0.576409
0.652896
0.173531
0.017463
0.647308
0.924452
0.740298
0.362181
0.540547
0.957062
0.859972
0.23484
0.533961
0.354045
0.808214
0.193085
0.298562
0.325625
0.315552
0.197094
0.164521
0.47329
0.77831
0.601909
0.081329
0.737264
0.630461
0.402909
0.304319
0.016609
0.594739
0.002475
0.703851
0.82856
0.448762
0.876768
0.516265
0.025796
0.460691
0.742715
0.868177
0.372001
0.726843
0.588879
0.75969
0.796168
0.818159
0.460081
0.93331
0.049853
0.835814
0.643648
0.959384
0.687364
0.9862
0.163843
0.512123
0.066929
0.039556
0.438409
0.766001
0.453676
0.199453
0.61575
0.276916
0.234897
0.022677
0.673572
0.554379
0.20962
0.939147
0.232657
0.542894
0.523154
0.403131
0.504997
0.901624
0.77837
0.258585
0.2963
0.576998
0.035962
0.5009
0.294454
0.529094
0.104429
0.91785
0.531655
0.601647
0.346429
0.537025
0.174538
0.035793
0.677299
0.527192
0.502564
0.824374
0.134191
0.017526
0.032897
0.636948
0.776101
0.94247
0.006319
0.720962
0.282946
0.49966
0.104989
0.109615
0.176298
0.893222
0.593986
0.819437
0.056853
0.948604
0.026176
0.859265
0.371057
0.888049
0.385001
0.747039
0.837958
0.545422
0.819802
0.907862
0.560224
0.225728
0.536351
0.970309
0.560598
0.686001
0.644583
0.632051
0.863515
0.573298
0.382282
0.123755
0.746623
0.327479
0.112123
0.369768
0.166725
0.195052
0.610416
0.828399
0.824043
0.556359
0.432639
0.100149
0.728484
0.902919
0.60053
0.443042
0.739779
0.283645
0.307266
0.847782
0.37196
0.100382
0.325349
0.552609
0.205953
0.358852
0.281771
0.3658
0.288809
0.611025
0.03729
0.696939
0.723284
0.444471
0.684303
0.787926
0.227983
0.40362
0.726558
0.454319
0.584493
0.923982
0.412735
0.966623
0.105744
0.372338
0.663523
0.220184
0.001907
0.904361
0.403259
0.605528
0.221853
0.121481
0.479814
0.220315
0.161437
0.009227
0.969934
0.690421
0.753177
0.328043
0.509153
0.948719
0.562661
0.42468
0.835976
0.222021
0.116921
0.76024
0.64211
0.403551
0.913658
0.370501
0.198644
0.386813
0.614477
0.320929
0.125035
0.150928
0.103203
0.496281
0.33364
0.532513
0.789384
0.09993
0.322133
0.961259
0.601259
0.829894
0.422577
0.760747
0.840236
0.869437
0.595644
0.280312
0.054099
0.099011
0.816978
0.335489
0.516557
0.561911
0.591337
0.20318
0.662071
0.959424
0.746697
0.875373
0.764164
0.954486
0.046832
0.263271
0.185992
0.716533
0.49992
0.731129
0.531538
0.693203
0.881444
0.638244
0.967026
0.893324
0.791381
0.852164
0.127276
0.531176
0.36074
0.381501
0.716115
0.792041
0.674583
0.608845
0.67367
0.122935
0.341282
0.795206
0.568355
0.596266
0.989423
0.120162
0.855061
0.963703
0.247113
0.938096
0.266832
0.996535
0.278573
0.627598
0.019471
0.665473
0.234223
0.716651
0.203703
0.941594
0.749265
0.274397
0.987856
0.302378
0.580811
0.464414
0.743766
0.075791
0.289385
0.651601
0.745374
0.259699
0.324474
0.302501
0.25139
0.991783
0.178946
0.220481
0.394589
0.479958
0.980791
0.781059
0.472902
0.748111
0.720376
0.202674
0.276138
0.471268
0.285575
0.645621
0.056582
0.830142
0.494602
0.300478
0.982991
0.179104
0.675365
0.104099
0.723577
0.001355
0.186796
0.874286
0.325777
0.845551
0.195227
0.480842
0.016267
0.900885
0.116563
0.222201
0.115447
0.499524
0.638486
0.51778
0.26683
0.881517
0.748028
0.061621
0.215772
0.557018
0.795316
0.919213
0.086047
0.463504
0.60095
0.305621
0.469816
0.970806
0.418124
0.373146
0.551521
0.513637
0.08044
0.760046
0.735654
0.947787
0.607725
0.65984
0.098088
0.473218
0.106375
0.586052
0.684334
0.396241
0.845166
0.099652
0.732799
0.944284
0.030771
0.588587
0.644327
0.180015
0.904924
0.255266
0.134288
0.097976
0.597402
0.77769
0.524748
0.80154
0.500497
0.772843
0.97843
0.96416
0.602586
0.268061
0.00752
0.740099
0.594954
0.705639
0.327709
0.789125
0.680334
0.451132
0.789695
0.623641
0.12386
0.211853
0.930788
0.607266
0.079207
0.275648
0.321857
0.044095
0.65008
0.816796
0.830492
0.373619
0.022574
0.744456
0.68777
0.95999
0.246703
0.430549
0.980908
0.391418
0.427765
0.885227
0.910231
0.342336
0.48297
0.780226
0.887897
0.17178
0.605502
0.555118
0.767724
0.008344
0.82833
0.318404
0.468345
0.886844
0.227299
0.539916
0.763942
0.428499
0.333172
0.770744
0.07417
0.206981
0.73605
0.645924
0.520314
0.789092
0.289728
0.965268
0.68231
0.264839
0.119048
0.781115
0.837306
0.890864
0.26804
0.026543
0.662019
0.591631
0.124479
0.652216
0.547431
0.426823
0.89072
0.753344
0.953943
0.518139
0.933711
0.412968
0.611025
0.236275
0.141312
0.89869
0.786986
0.141603
0.987057
0.956788
0.721579
0.141294
0.554582
0.629767
0.902931
0.025243
0.464633
0.359812
0.876668
0.613556
0.564461
0.580473
0.476697
0.351425
0.215098
0.674515
0.965143
0.284954
0.795859
0.749004
0.394749
0.940293
0.841724
0.88179
0.09806
0.062593
0.422307
0.172829
0.252508
0.072041
0.208262
0.045747
0.766553
0.95016
0.373738
0.426095
0.12663
0.936606
0.456328
0.28196
0.883979
0.747066
0.439874
0.558965
0.755044
0.672011
0.366652
0.744148
0.823674
0.581554
0.861336
0.910748
0.792987
0.020661
0.005506
0.43124
0.794881
0.60693
0.572105
0.006466
0.2063
0.604369
0.724623
0.623543
0.495565
0.668986
0.333413
0.617847
0.077349
0.609711
0.635209
0.434714
0.273601
0.512147
0.238866
0.237169
0.997369
0.284442
0.197081
0.130259
0.83226
0.015926
0.481685
0.983205
0.653117
0.366074
0.766662
0.259894
0.104588
0.765687
0.530186
0.513973
0.592697
0.906998
0.915849
0.950331
0.833348
0.763218
0.282726
0.201307
0.109041
0.043123
0.717857
0.084579
0.685672
0.431132
0.755786
0.617892
0.334743
0.337706
0.709886
0.707483
0.436511
0.740818
0.882135
0.413716
0.738292
0.460073
0.70389
0.23096
0.064455
0.118229
0.657209
0.452005
0.159454
0.648823
0.898157
0.347784
0.670763
0.455315
0.408419
0.407197
0.994742
0.532706
0.179721
0.120922
0.269502
0.268425
0.244225
0.210348
0.158816
0.817679
0.920988
0.44663
0.514736
0.567704
0.698525
0.026872
0.729087
0.104638
0.566197
0.717242
0.395629
0.799402
0.222702
0.70284
0.443344
0.83387
0.913068
0.625216
0.12473
0.509501
0.740579
0.125635
0.277594
0.666753
0.289873
0.137324
0.821662
0.052809
0.667244
0.581939
0.677932
0.292474
0.021402
0.466983
0.151813
0.120978
0.927637
0.458033
0.107086
0.723394
0.584974
0.408024
0.828778
0.630318
0.627879
0.761547
0.900887
0.555896
0.640589
0.772684
0.166822
0.658104
0.438414
0.837826
0.145302
0.620557
0.655574
0.208033
0.172961
0.27508
0.045577
0.820357
0.510283
0.788364
0.625602
0.62778
0.874865
0.096776
0.24813
0.401124
0.823817
0.921857
0.348594
0.315793
0.334672
0.980673
0.89175
0.205436
0.207522
0.330782
0.694701
0.24298
0.227189
0.335725
0.669622
0.055024
0.880596
0.415223
0.278133
0.466185
0.947574
0.105707
0.952185
0.107619
0.87441
0.414807
0.091975
0.794068
0.354992
0.012542
0.421675
0.69129
0.163098
0.384376
0.439952
0.113483
0.611624
0.105977
0.323125
0.835517
0.705517
0.854284
0.043276
0.535435
0.552642
0.690484
0.039108
0.103039
0.153258
0.813301
0.404784
0.521669
0.302702
0.130763
0.489151
0.330784
0.70142
0.790851
0.205966
0.053199
0.762997
0.746195
0.500829
0.871531
0.903813
0.89629
0.563416
0.292374
0.578873
0.275606
0.688267
0.507478
0.952186
0.270062
0.012888
0.824769
0.899682
0.154763
0.89858
0.822719
0.583974
0.310782
0.582363
0.934873
0.10044
0.753385
0.078424
0.958913
0.347677
0.463731
0.738711
0.132454
0.947274
0.290739
0.416451
0.235357
0.291486
0.872922
0.494476
0.050576
0.5538
0.912321
0.049036
0.227239
0.738858
0.904928
0.385326
0.875304
0.811964
0.787242
0.421141
0.735544
0.021758
0.666789
0.479892
0.286382
0.83192
0.350225
0.324198
0.228492
0.825217
0.079817
0.718371
0.177382
0.258657
0.886671
0.176033
0.170258
0.276905
0.859989
0.624449
0.610041
0.562396
0.463514
0.056506
0.657725
0.304791
0.310184
0.696482
0.941144
0.875273
0.119198
0.096611
0.826882
0.930289
0.52868
0.141844
0.271353
0.110326
0.20883
0.457295
0.185147
0.172589
0.829811
0.252405
0.765417
0.586856
0.10811
0.875944
0.595014
0.851577
0.713814
0.030865
0.704063
0.391042
0.085293
0.967306
0.137683
0.192475
0.877055
0.902311
0.132184
0.021181
0.787568
0.792829
0.347458
0.022388
0.904258
0.106531
0.772803
0.83182
0.312883
0.808161
0.149641
0.633827
0.335053
0.982959
0.650001
0.27805
0.168164
0.287219
0.209113
0.32582
0.837347
0.582746
0.132457
0.899581
0.419756
0.228472
0.116521
0.488446
0.981327
0.327594
0.048236
0.716815
0.176253
0.643344
0.094209
0.295605
0.614413
0.255073
0.377916
0.05376
0.699858
0.565263
0.783659
0.309244
0.287571
0.822362
0.414263
0.156672
0.743526
0.12854
0.976233
0.224222
0.182796
0.580088
0.376346
0.934939
0.697905
0.855157
0.301588
0.757845
0.898386
0.866692
0.686701
0.713864
0.291814
0.88189
0.759326
0.782149
0.19694
0.261583
0.82047
0.927054
0.139423
0.607798
0.245278
0.875474
0.189824
0.77327
0.371826
0.744649
0.528232
0.700966
0.644686
0.296518
0.609378
0.943671
0.291219
0.963468
0.219267
0.590864
0.169409
0.701895
0.40027
0.615328
0.212385
0.177886
0.160747
0.000495
0.07131
0.604639
0.733775
0.281398
0.534438
0.574572
0.081498
0.897755
0.506907
0.169333
0.006903
0.274999
0.101021
0.13372
0.075808
0.774121
0.508632
0.712207
0.127867
0.385968
0.969306
0.466972
0.592242
0.298449
0.234572
0.618768
0.250914
0.743904
0.983051
0.047417
0.190513
0.069535
0.623454
0.543266
0.221089
0.639158
0.514666
0.929169
0.033139
0.860119
0.144994
0.742343
0.167532
0.782444
0.484511
0.329452
0.852982
0.897954
0.595903
0.736788
0.441586
0.0993
0.374011
0.861031
0.573955
0.919148
0.489395
0.288279
0.999315
0.647155
0.870762
0.869453
0.073332
0.590945
0.492898
0.668602
0.820151
0.893429
0.221728
0.731862
0.807369
0.203688
0.410351
0.39596
0.17335
0.655646
0.146758
0.639441
0.005168
0.436816
0.732678
0.52807
0.920501
0.102262
0.871731
0.856628
0.70387
0.234905
0.320654
0.725663
0.819878
0.947707
0.132705
0.833967
0.477806
0.40907
0.811446
0.74019
0.260055
0.151056
0.951954
0.746514
0.556578
0.296391
0.733156
0.774146
0.153564
0.976336
0.684302
0.931534
0.643346
0.281589
0.980398
0.081322
0.542663
0.187534
0.035383
0.968466
0.566594
0.641967
0.944401
0.748763
0.201225
0.529922
0.739204
0.536715
0.473613
0.447529
0.038816
0.598548
0.40629
0.781196
0.77385
0.080738
0.657489
0.410079
0.566727
0.356228
0.757944
0.743393
0.211194
0.542127
0.136022
0.005719
0.43778
0.668173
0.688492
0.121068
0.213721
0.082513
0.646677
0.764332
0.07263
0.503516
0.706359
0.162798
0.444359
0.749798
0.826508
0.539687
0.12267
0.309573
0.527679
0.269903
0.21852
0.306318
0.759118
0.93257
0.28014
0.116067
0.095681
0.323385
0.619146
0.423004
0.342799
0.602501
0.087731
0.58631
0.487381
0.359443
0.078308
0.978366
0.270342
0.371684
0.870862
0.156234
0.177965
0.282329
0.567397
0.365882
0.882908
0.392787
0.771943
0.865532
0.507499
0.186763
0.322765
0.38192
0.385697
0.688163
0.809249
0.526312
0.052378
0.615304
0.902398
0.958173
0.532875
0.304359
0.692807
0.290175
0.560444
0.738925
0.351611
0.416027
0.9808
0.891326
0.428909
0.176331
0.56636
0.956493
0.497019
0.445212
0.339964
0.974937
0.45532
0.427891
0.225423
0.1757
0.776243
0.37854
0.9142
0.73565
0.444587
0.342844
0.153527
0.233932
0.036045
0.696946
0.404925
0.200667
0.421446
0.246035
0.857175
0.02479
0.040834
0.707665
0.387406
0.000452
0.740555
0.281455
0.922709
0.393121
0.897176
0.926573
0.531123
0.446485
0.372955
0.573583
0.840666
0.490265
0.190974
0.200695
0.19291
0.8057
0.635551
0.104729
0.533882
0.371743
0.832267
0.760971
0.029474
0.059993
0.714409
0.415408
0.125969
0.575473
0.401469
0.616622
0.190153
0.612904
0.10573
0.320454
0.254059
0.463464
0.888671
0.108225
0.327009
0.213724
0.425336
0.435967
0.493078
0.421147
0.641696
0.381339
0.425218
0.953233
0.783818
0.645295
0.860442
0.258352
0.518316
0.067185
0.077666
0.346047
0.264905
0.957249
0.787568
0.129372
0.500221
0.600766
0.905397
0.07417
0.6983
0.370783
0.794473
0.796695
0.54585
0.694031
0.121372
0.809547
0.538223
0.932699
0.884389
0.849151
0.685039
0.577242
0.113356
0.234865
0.22714
0.102029
0.451778
0.200781
0.220733
0.384735
0.89869
0.628309
0.618873
0.73685
0.836849
0.141076
0.365072
0.069815
0.002076
0.329565
0.180492
0.833561
0.045301
0.225195
0.962336
0.196344
0.79409
0.092153
0.967133
0.374684
0.094331
0.024794
0.689666
0.015298
0.280993
0.236247
0.150388
0.753424
0.116712
0.47835
0.520938
0.736607
0.469183
0.528166
0.345163
0.929187
0.28118
0.392227
0.436875
0.86812
0.65214
0.565321
0.782787
0.606488
0.378463
0.079387
0.120517
0.426501
0.39021
0.040607
0.544537
0.654
0.552502
0.389004
0.172564
0.018376
0.458256
0.296546
0.52545
0.839317
0.392125
0.93229
0.115143
0.515477
0.36521
0.335371
0.771068
0.353985
0.407772
0.562156
0.60415
0.629949
0.574816
0.336453
0.997072
0.106199
0.931917
0.25793
0.913809
0.404541
0.447608
0.567505
0.730942
0.034775
0.41741
0.498137
0.673113
0.661579
0.184984
0.418722
0.769831
0.508065
0.075755
0.138574
0.124895
0.571296
0.891278
0.62998
0.195952
0.779189
0.775207
0.363266
0.713849
0.308087
0.232592
0.794705
0.799923
0.72924
0.616328
0.553699
0.645137
0.794645
0.905274
0.104594
0.195604
0.051603
0.595228
0.404453
0.860003
0.909249
0.412377
0.586598
0.889456
0.4439
0.348374
0.100561
0.970484
0.123294
0.684511
0.236386
0.949946
0.602252
0.108821
0.577458
0.351929
0.008059
0.149829
0.580481
0.302521
0.654958
0.041776
0.06113
0.171463
0.765885
0.317727
0.912137
0.413352
0.372697
0.828175
0.822291
0.648321
0.256365
0.487329
0.025686
0.733876
0.777029
0.932017
0.125594
0.866556
0.03767
0.508238
0.040786
0.890073
0.636231
0.987432
0.820501
0.331234
0.011262
0.680648
0.017044
0.332455
0.59568
0.644038
0.610212
0.987064
0.853968
0.85164
0.618737
0.008798
0.392121
0.273424
0.651976
0.804725
0.976472
0.63068
0.673057
0.43344
0.319152
0.038182
0.18805
0.264442
0.070134
0.771524
0.4113
0.973857
0.245738
0.136409
0.575633
0.383415
0.997025
0.03144
0.40873
0.194515
0.880944
0.754101
0.896443
0.761676
0.348416
0.75708
0.522438
0.211477
0.272963
0.727936
0.814613
0.005
0.859384
0.206113
0.076321
0.571611
0.05078
0.035238
0.812063
0.081376
0.330053
0.103067
0.117896
0.330377
0.836708
0.149172
0.219235
0.029767
0.048648
0.279073
0.682114
0.079927
0.544719
0.985477
0.40182
0.849185
0.303816
0.630442
0.698908
0.789189
0.425737
0.55586
0.694439
0.279973
0.159953
0.106073
0.553116
0.025914
0.000431
0.762443
0.263889
0.627782
0.170086
0.373617
0.86383
0.425686
0.319199
0.746616
0.855303
0.543212
0.08417
0.869125
0.435646
0.291084
0.098966
0.830535
0.819184
0.904043
0.425716
0.070047
0.703
0.954584
0.339495
0.940172
0.580481
0.708899
0.773902
0.206347
0.903547
0.711108
0.971122
0.284301
0.689753
0.369119
0.985962
0.001841
0.531591
0.347684
0.578936
0.062057
0.016181
0.875048
0.515136
0.466341
0.937865
0.554928
0.502553
0.955679
0.686219
0.760334
0.069987
0.539881
0.425799
0.379313
0.969715
0.683825
0.910279
0.357351
0.129428
0.413623
0.376324
0.28757
0.003022
0.699166
0.788394
0.927761
0.389407
0.89827
0.328824
0.612286
0.672402
0.18027
0.929188
0.2449
0.015392
0.114119
0.430033
0.290547
0.461485
0.777856
0.19696
0.635053
0.668025
0.681753
0.472982
0.426738
0.925311
0.616808
0.205537
0.176028
0.153614
0.170006
0.168831
0.421602
0.310574
0.749565
0.059264
0.481722
0.902333
0.737673
0.734964
0.699049
0.154297
0.072891
0.646742
0.700823
0.154371
0.316407
0.074989
0.717952
0.395635
0.216522
0.115297
0.704901
0.387793
0.07822
0.6663
0.842201
0.010901
0.635066
0.414967
0.058806
0.561701
0.809194
0.27912
0.208797
0.338676
0.957173
0.354028
0.274952
0.486053
0.448529
0.327294
0.649091
0.981141
0.511698
0.316908
0.361368
0.022261
0.13686
0.255328
0.856349
0.449618
0.315488
0.084654
0.737352
0.143183
0.88783
0.779657
0.506463
0.335233
0.17322
0.535126
0.655272
0.537146
0.297381
0.457631
0.718627
0.724039
0.584809
0.289688
0.635148
0.493159
0.01162
0.188427
0.055215
0.512604
0.442325
0.767414
0.228083
0.549066
0.020649
0.550726
0.493081
0.807696
0.226071
0.531234
0.581768
0.795058
0.48362
0.212972
0.453885
0.647762
0.682717
0.240941
0.669711
0.062066
0.487281
0.023577
0.688271
0.437163
0.334279
0.746076
0.576637
0.903785
0.015514
0.22271
0.308206
0.182723
0.393034
0.451224
0.382189
0.589161
0.118255
0.566282
0.915804
0.575085
0.668839
0.743685
0.473826
0.811119
0.362477
0.628412
0.290127
0.265623
0.688644
0.259063
0.745144
0.214614
0.066422
0.940983
0.013031
0.078344
0.764888
0.040361
0.429303
0.619175
0.994286
0.856632
0.313909
0.155223
0.256977
0.055961
0.155394
0.606894
0.295419
0.536206
0.200927
0.143248
0.271334
0.053157
0.907243
0.581522
0.410831
0.779659
0.832714
0.226032
0.744965
0.375924
0.495204
0.229733
0.86064
0.787567
0.066511
0.854227
0.816296
0.554333
0.350777
0.285744
0.334478
0.550039
0.804189
0.762273
0.020009
0.393405
0.997809
0.659983
0.313355
0.04356
0.105034
0.158718
0.404331
0.203959
0.181368
0.770279
0.738193
0.466168
0.756657
0.145037
0.045598
0.738473
0.10813
0.970504
0.519973
0.593168
0.163897
0.130993
0.004034
0.567827
0.201129
0.25522
0.362873
0.617703
0.030146
0.056651
0.635149
0.053281
0.375214
0.381409
0.731428
0.30045
0.666071
0.816534
0.897007
0.472204
0.967958
0.671763
0.084031
0.713935
0.252508
0.125202
0.696948
0.966716
0.595274
0.471571
0.092625
0.608221
0.07026
0.084765
0.136115
0.729859
0.028248
0.333414
0.147001
0.261487
0.514269
0.826587
0.305128
0.72457
0.636184
0.68314
0.931529
0.21214
0.630337
0.612764
0.91723
0.501093
0.837124
0.314559
0.533234
0.819122
0.779295
0.148472
0.933218
0.080505
0.185486
0.355389
0.033587
0.750629
0.151183
0.350712
0.012042
0.251423
0.80658
0.767227
0.364007
0.045255
0.150623
0.791327
0.652017
0.150342
0.341711
0.8449
0.245241
0.927654
0.610481
0.52438
0.950704
0.813474
0.506523
0.047068
0.743659
0.781345
0.485033
0.23908
0.668294
0.900891
0.635664
0.981865
0.670758
0.066547
0.31678
0.084774
0.417135
0.512833
0.6687
0.759171
0.733521
0.909128
0.3012
0.400769
0.475285
0.600042
0.93847
0.895799
0.071502
0.559032
0.16505
0.289022
0.352226
0.196442
0.405279
0.695312
0.315349
0.660123
0.204763
0.598297
0.382098
0.995578
0.248223
0.39037
0.865273
0.703652
0.918005
0.103243
0.978924
0.056224
0.105391
0.567429
0.748879
0.492831
0.067618
0.171021
0.817131
0.440579
0.494182
0.319831
0.681993
0.70242
0.567365
0.904531
0.641618
0.522107
0.498701
0.115546
0.769917
0.19912
0.423368
0.343269
0.218981
0.730495
0.513715
0.94092
0.025758
0.753464
0.783732
0.102571
0.766712
0.944976
0.768846
0.296482
0.094721
0.889708
0.123166
0.244954
0.694576
0.496536
0.74007
0.25563
0.914647
0.791828
0.950329
0.959377
0.514358
0.853336
0.790811
0.204672
0.243686
0.226858
0.711769
0.119802
0.198671
0.830979
0.124014
0.614262
0.540147
0.663757
0.511764
0.249007
0.900939
0.887527
0.399782
0.911903
0.444768
0.931549
0.677288
0.074257
0.325274
0.847161
0.322041
0.149535
0.221275
0.642916
0.403202
0.623122
0.678748
0.521628
0.377232
0.370746
0.998972
0.137224
0.383694
0.019687
0.610384
0.518888
0.651575
0.623885
0.041747
0.948717
0.666705
0.137999
0.557701
0.947589
0.246514
0.797119
0.295716
0.371001
0.444763
0.435223
0.913282
0.514745
0.989884
0.501584
0.355649
0.162762
0.429563
0.06722
0.827814
0.649343
0.712951
0.25944
0.154608
0.137956
0.815727
0.405244
0.821937
0.654412
0.149491
0.912232
0.071706
0.014428
0.195913
0.982674
0.87189
0.718386
0.307184
0.940363
0.111813
0.536319
0.636266
0.122936
0.877996
0.990604
0.247472
0.879813
0.299985
0.922253
0.823195
0.47196
0.883658
0.075566
0.021013
0.397297
0.256197
0.281169
0.590697
0.246853
0.806162
0.039833
0.873666
0.280127
0.416486
0.446097
0.994381
0.899608
0.586227
0.070137
0.823532
0.536864
0.915231
0.878412
0.196415
0.568431
0.444575
0.880892
0.469078
0.920535
0.664259
0.1216
0.912242
0.466083
0.452273
0.561095
0.222711
0.802665
0.034804
0.74703
0.267483
0.640209
0.261345
0.588803
0.534075
0.441554
0.414093
0.868846
0.308583
0.416099
0.078377
0.861026
0.240355
0.9819
0.384206
0.883201
0.61025
0.20644
0.679209
0.503072
0.270549
0.194635
0.926247
0.821199
0.111472
0.60186
0.90193
0.792359
0.45647
0.325618
0.409122
0.339832
0.08679
0.414955
0.231216
0.236614
0.748759
0.960853
0.956893
0.993752
0.240012
0.070259
0.769539
0.68261
0.10042
0.510894
0.383516
0.871181
0.29727
0.962342
0.810586
0.050979
0.538302
0.640565
0.348652
0.588604
0.36888
0.888415
0.143568
0.095449
0.422382
0.477475
0.735643
0.16612
0.087443
0.029251
0.24571
0.586134
0.452744
0.970124
0.667259
0.229825
0.135919
0.145588
0.838368
0.512591
0.424499
0.203826
0.292546
0.063616
0.302563
0.568193
0.506269
0.185628
0.321283
0.324624
0.121227
0.473965
0.52472
0.102891
0.399148
0.159901
0.384368
0.157302
0.092481
0.266262
0.28058
0.516201
0.101711
0.832709
0.046107
0.998693
0.213601
0.733647
0.461004
0.386963
0.586052
0.692769
0.307141
0.686752
0.973415
0.538505
0.773768
0.210347
0.072579
0.144187
0.220251
0.562169
0.860508
0.293785
0.654986
0.713994
0.009665
0.211086
0.541767
0.589878
0.599759
0.594189
0.796685
0.505876
0.6321
0.72193
0.039784
0.585434
0.293543
0.850631
0.731082
0.446498
0.848704
0.751552
0.544331
0.502699
0.933103
0.361139
0.918436
0.793652
0.322725
0.342654
0.716139
0.796531
0.349917
0.695975
0.538426
0.239689
0.947701
0.506092
0.294902
0.471211
0.173982
0.296027
0.169596
0.864391
0.878724
0.482601
0.575135
0.512073
0.682463
0.024962
0.622883
0.535344
0.87455
0.389006
0.395887
0.446566
0.447982
0.890516
0.414174
0.390953
0.798888
0.650382
0.874374
0.640705
0.461274
0.095736
0.166846
0.444607
0.397581
0.980434
0.957299
0.541993
0.755494
0.098591
0.843704
0.887884
0.366709
0.930982
0.842301
0.034403
0.671201
0.758407
0.371825
0.337325
0.822138
0.748775
0.981851
0.408542
0.127136
0.183888
0.113277
0.927718
0.880491
0.116227
0.546319
0.36199
0.407033
0.540752
0.685933
0.606167
0.437009
0.19906
0.402996
0.716437
0.872426
0.407774
0.068671
0.066612
0.118883
0.461652
0.347151
0.977976
0.932227
0.220781
0.173635
0.812677
0.932002
0.78225
0.522364
0.500919
0.718294
0.884539
0.681605
0.819067
0.541176
0.970866
0.807458
0.876228
0.532303
0.725357
0.64825
0.456261
0.790078
0.085675
0.744572
0.483537
0.536526
0.581505
0.402973
0.780817
0.220753
0.021498
0.152477
0.456643
0.680549
0.337989
0.603974
0.089753
0.34786
0.558831
0.483946
0.18664
0.599918
0.130978
0.932849
0.760107
0.948922
0.714805
0.950774
0.070229
0.259206
0.371321
0.67681
0.547396
0.490187
0.703471
0.460643
0.664847
0.907374
0.861565
0.589957
0.578851
0.276955
0.031298
0.319084
0.275318
0.112635
0.129068
0.5296
0.318683
0.980512
0.443356
0.3834
0.826234
0.597974
0.000393
0.665242
0.874683
0.693719
0.97979
0.057885
0.594763
0.953443
0.983313
0.32193
0.782395
0.877107
0.507352
0.124787
0.012273
0.108452
0.633014
0.427865
0.298508
0.138427
0.956267
0.566671
0.535142
0.45092
0.897488
0.080828
0.794097
0.346744
0.483106
0.54139
0.781629
0.581726
0.743822
0.253637
0.559597
0.055228
0.723184
0.747476
0.294115
0.119548
0.013486
0.392364
0.56034
0.628416
0.347942
0.053651
0.407625
0.896111
0.983336
0.764361
0.035856
0.907958
0.878737
0.078472
0.128144
0.450454
0.520028
0.712272
0.690109
0.794561
0.613335
0.898994
0.055242
0.265186
0.464498
0.640694
0.607598
0.506868
0.593915
0.666667
0.292033
0.658745
0.304545
0.277688
0.42567
0.192078
0.327331
0.022152
0.920027
0.184027
0.09925
0.663097
0.484789
0.022603
0.531278
0.485887
0.436442
0.287914
0.709947
0.853058
0.786821
0.880382
0.138228
0.519867
0.764742
0.742219
0.972129
0.708054
0.891846
0.473413
0.858225
0.003127
0.436
0.638502
0.505387
0.307862
0.006535
0.245281
0.843165
0.262574
0.093782
0.555177
0.670605
0.447481
0.973352
0.209012
0.326757
0.411189
0.472885
0.068363
0.621639
0.259659
0.53309
0.164731
0.538487
0.202878
0.330371
0.996574
0.966595
0.707615
0.350818
0.800887
0.698176
0.247308
0.174668
0.98921
0.968548
0.713322
0.791177
0.164107
0.623828
0.887089
0.099631
0.641151
0.659623
0.464218
0.414051
0.661616
0.695319
0.702873
0.378943
0.252246
0.049182
0.563388
0.059037
0.304706
0.560701
0.550103
0.083219
0.877192
0.750539
0.451569
0.002819
0.247992
0.02119
0.407363
0.701924
0.345449
0.010437
0.333459
0.691239
0.039735
0.947593
0.402414
0.349171
0.119651
0.61962
0.831721
0.030046
0.052055
0.019975
0.055145
0.038565
0.280822
0.687191
0.004154
0.005927
0.201179
0.867132
0.646144
0.611628
0.223471
0.415304
0.754335
0.974711
0.647639
0.894923
0.89006
0.318866
0.483275
0.435489
0.35879
0.147991
0.846073
0.988138
0.325875
0.001335
0.637841
0.536357
0.772563
0.501346
0.079973
0.30702
0.920985
0.797988
0.868093
0.418697
0.936697
0.601128
0.831142
0.733295
0.113933
0.263768
0.784053
0.244271
0.598902
0.941991
0.534816
0.541301
0.272739
0.260125
0.781951
0.08389
0.533053
0.368809
0.986469
0.452489
0.329975
0.729452
0.983241
0.60226
0.863916
0.646132
0.218004
0.525886
0.913178
0.81253
0.045054
0.988132
0.324942
0.943577
0.487027
0.272172
0.855684
0.511933
0.106317
0.637933
0.824032
0.075926
0.736267
0.947109
0.419873
0.488452
0.029606
0.730638
0.215396
0.35181
0.521595
0.147226
0.965093
0.405147
0.188134
0.979697
0.863602
0.1316
0.48058
0.570221
0.108681
0.110526
0.22209
0.402615
0.35108
0.892614
0.81703
0.331006
0.67149
0.655548
0.507586
0.819948
0.571916
0.454716
0.776073
0.496552
0.747223
0.997661
0.089057
0.35916
0.143575
0.659225
0.201246
0.891444
0.506416
0.014948
0.8772
0.696124
0.844293
0.765872
0.253138
0.48283
0.647343
0.607056
0.028186
0.155333
0.822735
0.770499
0.693656
0.59421
0.456954
0.509392
0.899224
0.621778
0.648735
0.755238
0.43861
0.008014
0.624926
0.539716
0.994406
0.227987
0.88947
0.89333
0.226924
0.62787
0.600815
0.319438
0.678702
0.87979
0.672851
0.610801
0.985456
0.658169
0.754085
0.511189
0.680084
0.99828
0.636006
0.494762
0.530692
0.890157
0.955722
0.379414
0.414333
0.673181
0.954613
0.377221
0.525504
0.053349
0.478008
0.109316
0.332184
0.329266
0.192927
0.289013
0.450372
0.677381
0.24806
0.183433
0.841348
0.979519
0.288992
0.628565
0.468015
0.350808
0.766536
0.931942
0.283027
0.686361
0.402728
0.497316
0.187296
0.126515
0.801369
0.627054
0.816475
0.794425
0.384961
0.813779
0.4222
0.503016
0.444556
0.776634
0.519827
0.173637
0.420683
0.994745
0.109296
0.461096
0.667312
0.826084
0.562057
0.770542
0.92737
0.112383
0.690245
0.725019
0.557207
0.24642
0.371403
0.497053
0.286887
0.431313
0.147503
0.103471
0.4102
0.818096
0.837156
0.973548
0.087584
0.029375
0.050095
0.577994
0.247826
0.858059
0.445462
0.119619
0.936185
0.337129
0.125293
0.440454
0.410268
0.028266
0.114503
0.030398
0.16192
0.026871
0.807586
0.42537
0.999068
0.215188
0.061373
0.669837
0.848471
0.295303
0.903414
0.397917
0.0489
0.407527
0.229797
0.789245
0.806475
0.053372
0.656546
0.213492
0.225946
0.839193
0.476543
0.7464
0.912981
0.669461
0.107543
0.015217
0.404547
0.276495
0.670976
0.897568
0.723585
0.932887
0.426939
0.000593
0.480847
0.573742
0.16472
0.498687
0.703422
0.627146
0.648051
0.807882
0.014057
0.646068
0.841812
0.44206
0.247917
0.233545
0.325448
0.86284
0.619092
0.39206
0.938424
0.844164
0.475611
0.120665
0.994463
0.173432
0.199206
0.8797
0.262337
0.070918
0.15394
0.597936
0.002053
0.93001
0.368559
0.028459
0.760654
0.548439
0.656596
0.035291
0.154341
0.069491
0.485705
0.505014
0.692161
0.978118
0.14553
0.796518
0.180241
0.402564
0.25735
0.891518
0.711952
0.679916
0.366226
0.460607
0.768015
0.74481
0.62107
0.001339
0.353829
0.699277
0.571025
0.040905
0.079927
0.785316
0.265878
0.404628
0.534962
0.147044
0.950672
0.26146
0.883117
0.768771
0.267744
0.472695
0.383685
0.618367
0.205311
0.702093
0.590946
0.650296
0.5656
0.656884
0.511662
0.177457
0.302902
0.876221
0.201391
0.805346
0.643876
0.707502
0.664326
0.96641
0.623902
0.087032
0.790395
0.127558
0.660282
0.229022
0.723244
0.585728
0.407602
0.815614
0.300874
0.776982
0.560472
0.330958
0.22154
0.621326
0.020259
0.038151
0.206192
0.423524
0.017234
0.97523
0.689313
0.96341
0.836599
0.099914
0.580704
0.443235
0.182791
0.570403
0.43345
0.075281
0.445056
0.534381
0.477459
0.765933
0.916408
0.44344
0.654611
0.968429
0.255372
0.426472
0.790714
0.106903
0.769408
0.920948
0.74696
0.12212
0.738101
0.612126
0.229901
0.476488
0.492709
0.366061
0.216089
0.852454
0.570663
0.092852
0.569158
0.98145
0.179798
0.899045
0.561508
0.315915
0.012537
0.820404
0.603734
0.769033
0.064789
0.919209
0.156485
0.891879
0.84941
0.61535
0.98423
0.942457
0.859535
0.980925
0.462239
0.131025
0.06265
0.839725
0.135208
0.344096
0.373887
0.651769
0.059982
0.175667
0.409906
0.396001
0.138625
0.88914
0.861756
0.610455
0.756804
0.24873
0.330559
0.233765
0.939827
0.336676
0.789321
0.71845
0.51891
0.74994
0.29643
0.703971
0.051558
0.530498
0.29562
0.176835
0.21343
0.761129
0.209203
0.843893
0.293444
0.728296
0.595538
0.780656
0.8264
0.535735
0.247854
0.898493
0.57279
0.196677
0.097395
0.520844
0.164606
0.703673
0.614637
0.707486
0.573922
0.486423
0.952805
0.094162
0.684861
0.277572
0.158355
0.02443
0.891956
0.08588
0.236475
0.504669
0.624819
0.524113
0.719469
0.861242
0.479789
0.427365
0.845967
0.100687
0.753087
0.659059
0.072107
0.026905
0.503816
0.319295
0.344966
0.156483
0.672851
0.32397
0.587033
0.211298
0.853991
0.449928
0.579352
0.20402
0.074853
0.047146
0.43734
0.795681
0.469867
0.431023
0.293485
0.037994
0.690676
0.716562
0.004812
0.204657
0.660345
0.804877
0.056513
0.866301
0.241623
0.977358
0.94968
0.637171
0.987475
0.48319
0.632553
0.454237
0.127672
0.605476
0.803229
0.624757
0.009699
0.238033
0.355975
0.844594
0.163073
0.92179
0.201088
0.924548
0.63384
0.319897
0.121975
0.57833
0.137471
0.756671
0.509853
0.166452
0.280844
0.775223
0.614571
0.776592
0.423576
0.691959
0.121764
0.606161
0.763632
0.594918
0.68798
0.431674
0.763952
0.673634
0.043054
0.655057
0.178642
0.516871
0.070132
0.70913
0.991086
0.72139
0.141678
0.129187
0.216948
0.113403
0.522603
0.091687
0.168457
0.064111
0.758775
0.411537
0.539207
0.08073
0.366328
0.697507
0.166935
0.282505
0.685618
0.231361
0.030844
0.007195
0.055608
0.604005
0.277387
0.417515
0.455432
0.426475
0.208869
0.448216
0.500281
0.336844
0.892634
0.727494
0.713242
0.983402
0.52874
0.231382
0.751835
0.576268
0.02252
0.79884
0.591593
0.979959
0.135145
0.968565
0.52355
0.83705
0.593515
0.984781
0.551577
0.200556
0.678393
0.404243
0.302207
0.566856
0.192525
0.890522
0.927262
0.848107
0.257244
0.502357
0.468312
0.226785
0.191331
0.512054
0.331686
0.694489
0.200299
0.519229
0.320956
0.790561
0.454194
0.289682
0.07305
0.918296
0.892769
0.616244
0.077052
0.810638
0.077137
0.771027
0.227873
0.021898
0.401987
0.482553
0.785494
0.934603
0.105341
0.543368
0.611476
0.597008
0.045322
0.379631
0.765461
0.600103
0.437682
0.433656
0.596654
0.383097
0.430867
0.74694
0.918836
0.438848
0.895767
0.290263
0.343002
0.74805
0.751888
0.192554
0.309599
0.075677
0.710379
0.02802
0.819866
0.938664
0.908818
0.032313
0.727292
0.613569
0.730547
0.333461
0.123907
0.80668
0.7316
0.047367
0.665888
0.698942
0.238473
0.125278
0.770388
0.972667
0.237309
0.090118
0.882351
0.071476
0.082537
0.06823
0.635527
0.557583
0.596737
0.982364
0.160501
0.4504
0.884903
0.568107
0.238002
0.004332
0.501554
0.401995
0.408955
0.347424
0.938852
0.315936
0.535331
0.513609
0.354343
0.526967
0.660286
0.170426
0.009245
0.65535
0.664803
0.286661
0.591666
0.900519
0.410039
0.425689
0.902653
0.544331
0.007438
0.192627
0.654315
0.505316
0.720654
0.851022
0.522182
0.584462
0.289874
0.994123
0.945662
0.508491
0.226553
0.994615
0.313754
0.238986
0.883594
0.76078
0.288148
0.631536
0.148658
0.403151
0.781909
0.503913
0.373429
0.488446
0.716298
0.104903
0.929641
0.286428
0.76267
0.196408
0.847207
0.687256
0.671997
0.710481
0.823628
0.657076
0.560802
0.026737
0.35418
0.456708
0.033909
0.822706
0.397539
0.88224
0.583848
0.426078
0.184774
0.529926
0.869525
0.858191
0.945633
0.210048
0.376083
0.692991
0.105554
0.66441
0.87002
0.127904
0.506334
0.727352
0.657834
0.46467
0.482542
0.661827
0.535778
0.201472
0.70156
0.939718
0.038645
0.163321
0.519001
0.929423
0.326316
0.492641
0.819865
0.446432
0.682457
0.607401
0.758604
0.873408
0.928457
0.935961
0.013584
0.964579
0.622768
0.928498
0.809609
0.822611
0.489305
0.821786
0.867729
0.784208
0.522496
0.084138
0.146168
0.353471
0.940621
0.682901
0.710833
0.301007
0.976555
0.728474
0.705796
0.302226
0.106145
0.327204
0.037395
0.226378
0.335409
0.75654
0.21582
0.904205
0.041331
0.510947
0.899464
0.113752
0.520121
0.303849
0.583585
0.127211
0.983069
0.244739
0.173312
0.073574
0.516545
0.270948
0.382461
0.986535
0.225794
0.541439
0.112648
0.788141
0.944008
0.266746
0.677655
0.564101
0.690669
0.216938
0.545675
0.034987
0.89229
0.928898
0.181895
0.138285
0.57634
0.157905
0.742889
0.696239
0.424778
0.920389
0.803369
0.149672
0.480423
0.927793
0.198444
0.993316
0.940091
0.922465
0.937979
0.209766
0.856866
0.666446
0.998652
0.264997
0.920236
0.4296
0.461418
0.253631
0.834082
0.461741
0.890357
0.128492
0.305543
0.175545
0.020166
0.052531
0.073287
0.891611
0.894076
0.298811
0.79384
0.576782
0.065748
0.37548
0.842319
0.663193
0.095428
0.711228
0.135422
0.370413
0.809426
0.470019
0.35124
0.263637
0.906134
0.890611
0.799523
0.342058
0.232772
0.331327
0.078686
0.074639
0.118604
0.263483
0.598989
0.230544
0.379673
0.286165
0.809757
0.15968
0.493131
0.537385
0.906089
0.341169
0.027474
0.027583
0.173288
0.244814
0.329175
0.646563
0.51933
0.659514
0.244932
0.781246
0.429803
0.986412
0.789617
0.139076
0.069335
0.173904
0.977845
0.865565
0.316233
0.981244
0.61551
0.350978
0.457711
0.891701
0.985146
0.025607
0.605385
0.955912
0.356619
0.23622
0.170592
0.905374
0.046562
0.067746
0.354496
0.256318
0.808267
0.062993
0.865035
0.90467
0.886268
0.270215
0.061399
0.684908
0.473823
0.969531
0.903286
0.372253
0.993657
0.318478
0.316195
0.73501
0.828952
0.493907
0.147805
0.144307
0.373551
0.929115
0.469867
0.230794
0.017311
0.665749
0.204106
0.87329
0.648565
0.780794
0.813929
0.541461
0.346396
0.313108
0.236445
0.877902
0.279489
0.049388
0.890092
0.403264
0.650889
0.798628
0.689557
0.71087
0.796983
0.364059
0.891228
0.885161
0.717423
0.913206
0.451149
0.569985
0.895557
0.798971
0.089955
0.171461
0.852221
0.388544
0.551976
0.212989
0.58395
0.898442
0.468526
0.505711
0.437834
0.191816
0.346745
0.962753
0.497043
0.07555
0.623325
0.25496
0.742851
0.573773
0.17441
0.375839
0.560924
0.007909
0.934438
0.141133
0.992821
0.167966
0.364559
0.34022
0.32339
0.477155
0.269518
0.924317
0.191286
0.409454
0.507993
0.831437
0.452895
0.244077
0.416333
0.65716
0.282322
0.013338
0.77212
0.470132
0.160445
0.389493
0.884772
0.195178
0.637195
0.322972
0.032192
0.707863
0.924058
0.293594
0.794355
0.229066
0.215945
0.658088
0.861283
0.073687
0.581216
0.468628
0.550285
0.730439
0.767743
0.355767
0.686902
0.932149
0.41374
0.410547
0.128123
0.639021
0.803482
0.763002
0.184598
0.567897
0.342479
0.240226
0.884944
0.465794
0.56562
0.610808
0.751058
0.70567
0.079874
0.401667
0.346265
0.831794
0.098108
0.613829
0.451383
0.178182
0.932852
0.021966
0.712418
0.566508
0.673213
0.933186
0.965789
0.697032
0.3713
0.409709
0.043624
0.993048
0.298136
0.818301
0.280625
0.838834
0.294502
0.173259
0.613461
0.353972
0.031627
0.459059
0.169243
0.310325
0.125045
0.174147
0.322177
0.799132
0.865954
0.077
0.105134
0.164817
0.543723
0.629923
0.886001
0.537686
0.075075
0.653894
0.293827
0.374458
0.746896
0.444699
0.077393
0.784808
0.262985
0.437704
0.485179
0.841916
0.777104
0.166358
0.308513
0.193895
0.422227
0.088614
0.15543
0.827316
0.825876
0.023664
0.282817
0.815445
0.062544
0.139165
0.611206
0.062541
0.139931
0.865988
0.578342
0.077802
0.661307
0.825676
0.128255
0.407125
0.893891
0.593788
0.004541
0.067862
0.952093
0.313414
0.633522
0.242981
0.48488
0.720831
0.841311
0.830241
0.53953
0.51996
0.654273
0.052242
0.006227
0.878339
0.400403
0.865811
0.561821
0.369271
0.482122
0.743657
0.331483
0.801186
0.748445
0.444627
0.476062
0.04257
0.371712
0.425569
0.038834
0.080883
0.701382
0.70725
0.20771
0.097928
0.631313
0.529854
0.646142
0.396303
0.615951
0.054199
0.950305
0.142593
0.781823
0.648676
0.778245
0.446537
0.706418
0.926427
0.864076
0.647407
0.531396
0.167808
0.4916
0.511289
0.402026
0.438631
0.575945
0.299737
0.706541
0.174281
0.854179
0.488564
0.262182
0.83726
0.554887
0.958356
0.105616
0.239465
0.119193
0.929901
0.501098
0.029456
0.236548
0.095263
0.179917
0.312828
0.382761
0.728448
0.818852
0.52828
0.943748
0.941894
0.558559
0.302353
0.273427
0.682089
0.28942
0.863058
0.456797
0.054933
0.908226
0.346693
0.652128
0.951498
0.647949
0.938659
0.618974
0.010174
0.690511
0.787817
0.530392
0.027158
0.660534
0.587855
0.812349
0.64288
0.301245
0.176404
0.29114
0.322631
0.620683
0.391351
0.403209
0.509339
0.23801
0.223366
0.317588
0.007455
0.94148
0.530112
0.583157
0.20245
0.87431
0.807159
0.85774
0.732265
0.180045
0.169785
0.48033
0.58102
0.448655
0.232318
0.156026
0.019399
0.79491
0.913329
0.399776
0.99634
0.488067
0.125914
0.939141
0.786991
0.323006
0.526444
0.712448
0.169396
0.232153
0.548197
0.805555
0.739459
0.078248
0.631865
0.395006
0.391698
0.715458
0.032605
0.032029
0.269092
0.754165
0.852824
0.615187
0.445193
0.472822
0.088353
0.805331
0.761513
0.689585
0.252535
0.594474
0.436632
0.251055
0.708734
0.585694
0.24512
0.268765
0.565884
0.36164
0.741708
0.147457
0.200122
0.036031
0.360302
0.491863
0.521163
0.583952
0.665593
0.360576
0.462867
0.780576
0.420877
0.948348
0.710423
0.748976
0.313897
0.996871
0.429568
0.255387
0.818432
0.602437
0.009321
0.238377
0.980208
0.83867
0.150139
0.231545
0.34039
0.595752
0.317386
0.417025
0.895541
0.421026
0.233084
0.234921
0.520749
0.667002
0.855749
0.173931
0.489172
0.659748
0.889139
0.056904
0.965205
0.805806
0.495287
0.535131
0.014103
0.239481
0.851296
0.59065
0.579898
0.181177
0.349809
0.384795
0.014759
0.616408
0.29436
0.867297
0.007841
0.400555
0.177283
0.189348
0.279959
0.52712
0.000776
0.099362
0.392719
0.860625
0.987566
0.582579
0.8426
0.559394
0.712229
0.39968
0.321731
0.147577
0.113563
0.792374
0.550258
0.947481
0.063313
0.080535
0.987534
0.680493
0.451915
0.595273
0.054316
0.111474
0.190509
0.045037
0.440094
0.699016
0.836953
0.009075
0.293124
0.101235
0.732429
0.551084
0.704655
0.766616
0.901452
0.254544
0.976139
0.266772
0.79569
0.812558
0.364605
0.041636
0.824671
0.222598
0.242081
0.519709
0.474385